    -29.945        1     0.00000
    -29.795        1     0.00000
    -29.645        1     0.00000
    -29.495        1     0.00000
    -29.345        1     0.00000
    -29.195        1     0.00000
    -29.045        1     0.00000
    -28.895        1     0.00000
    -28.745        1     0.00000
    -28.595        1     0.00000
    -28.445        1     0.00000
    -28.295        1     0.00000
    -28.145        1     0.00000
    -27.995        1     0.00000
    -27.845        1     0.00000
    -27.695        1     0.00000
    -27.545        1     0.00000
    -27.395        1     0.00000
    -27.245        1     0.00000
    -27.095        1     0.00000
    -26.945        1     0.00000
    -26.795        1     0.00000
    -26.645        1     0.00000
    -26.495        1     0.00000
    -26.345        1     0.00000
    -26.195        1     0.00000
    -26.045        1     0.00000
    -25.895        1     0.00000
    -25.745        1     0.00000
    -25.595        1     0.00000
    -25.445        1     0.00000
    -25.295        1     0.00000
    -25.145        1     0.00000
    -24.995        1     0.00000
    -24.845        1     0.00000
    -24.695        1     0.00000
    -24.545        1     0.00000
    -24.395        1     0.00000
    -24.245        1     0.00000
    -24.095        1     0.00000
    -23.945        1     0.00000
    -23.795        1     0.00000
    -23.645        1     0.00000
    -23.495        1     0.00000
    -23.345        1     0.00000
    -23.195        1     0.00000
    -23.045        1     0.00000
    -22.895        1     0.00000
    -22.745        1     0.00000
    -22.595        1     0.00000
    -22.445        1    -0.00017
    -22.295        1    -0.00017
    -22.145        1    -0.00017
    -21.995        1    -0.00032
    -21.845        1    -0.00032
    -21.695        1    -0.00032
    -21.545        1    -0.00062
    -21.395        1    -0.00108
    -21.245        1    -0.00198
    -21.095        1    -0.00415
    -20.945        1    -0.00580
    -20.795        1    -0.01164
    -20.645        1    -0.01865
    -20.495        1    -0.02743
    -20.345        1    -0.04329
    -20.195        1    -0.06755
    -20.045        1    -0.09555
    -19.895        1    -0.12942
    -19.745        1    -0.17614
    -19.595        1    -0.23163
    -19.445        1    -0.29123
    -19.295        1    -0.36183
    -19.145        1    -0.45108
    -18.995        1    -0.54760
    -18.845        1    -0.65069
    -18.695        1    -0.76681
    -18.545        1    -0.88534
    -18.395        1    -1.02218
    -18.245        1    -1.16620
    -18.095        1    -1.32164
    -17.945        1    -1.48385
    -17.795        1    -1.66285
    -17.645        1    -1.84793
    -17.495        1    -2.03174
    -17.345        1    -2.23658
    -17.195        1    -2.44950
    -17.045        1    -2.66531
    -16.895        1    -2.89276
    -16.745        1    -3.12752
    -16.595        1    -3.35794
    -16.445        1    -3.60687
    -16.295        1    -3.85959
    -16.145        1    -4.10667
    -15.995        1    -4.36867
    -15.845        1    -4.64880
    -15.695        1    -4.92110
    -15.545        1    -5.20513
    -15.395        1    -5.50466
    -15.245        1    -5.80583
    -15.095        1    -6.11982
    -14.945        1    -6.42950
    -14.795        1    -6.75393
    -14.645        1    -7.09551
    -14.495        1    -7.43318
    -14.345        1    -7.78572
    -14.195        1    -8.15009
    -14.045        1    -8.52711
    -13.895        1    -8.89899
    -13.745        1    -9.29983
    -13.595        1    -9.71301
    -13.445        1   -10.12727
    -13.295        1   -10.54859
    -13.145        1   -10.96832
    -12.995        1   -11.38753
    -12.845        1   -11.80486
    -12.695        1   -12.21338
    -12.545        1   -12.62171
    -12.395        1   -13.01885
    -12.245        1   -13.41111
    -12.095        1   -13.78807
    -11.945        1   -14.16259
    -11.795        1   -14.51828
    -11.645        1   -14.86610
    -11.495        1   -15.20416
    -11.345        1   -15.52073
    -11.195        1   -15.82405
    -11.045        1   -16.11994
    -10.895        1   -16.40889
    -10.745        1   -16.69929
    -10.595        1   -16.97310
    -10.445        1   -17.23928
    -10.295        1   -17.50186
    -10.145        1   -17.74051
    -9.9950        1   -17.98690
    -9.8450        1   -18.22064
    -9.6950        1   -18.45256
    -9.5450        1   -18.68671
    -9.3950        1   -18.91606
    -9.2450        1   -19.13903
    -9.0950        1   -19.36373
    -8.9450        1   -19.58843
    -8.7950        1   -19.80887
    -8.6450        1   -20.03822
    -8.4950        1   -20.25754
    -8.3450        1   -20.48367
    -8.1950        1   -20.71092
    -8.0450        1   -20.93671
    -7.8950        1   -21.15737
    -7.7450        1   -21.38250
    -7.5950        1   -21.60723
    -7.4450        1   -21.83453
    -7.2950        1   -22.05072
    -7.1450        1   -22.26641
    -6.9950        1   -22.48393
    -6.8450        1   -22.69994
    -6.6950        1   -22.91499
    -6.5450        1   -23.13978
    -6.3950        1   -23.35568
    -6.2450        1   -23.57354
    -6.0950        1   -23.79540
    -5.9450        1   -24.01469
    -5.7950        1   -24.24050
    -5.6450        1   -24.46769
    -5.4950        1   -24.68805
    -5.3450        1   -24.91720
    -5.1950        1   -25.14506
    -5.0450        1   -25.38029
    -4.8950        1   -25.61703
    -4.7450        1   -25.85738
    -4.5950        1   -26.10684
    -4.4450        1   -26.35725
    -4.2950        1   -26.61359
    -4.1450        1   -26.88104
    -3.9950        1   -27.15914
    -3.8450        1   -27.45132
    -3.6950        1   -27.75469
    -3.5450        1   -28.08002
    -3.3950        1   -28.42869
    -3.2450        1   -28.79343
    -3.0950        1   -29.18284
    -2.9450        1   -29.60174
    -2.7950        1   -30.05438
    -2.6450        1   -30.53572
    -2.4950        1   -31.04643
    -2.3450        1   -31.58451
    -2.1950        1   -32.14077
    -2.0450        1   -32.70806
    -1.8950        1   -33.28321
    -1.7450        1   -33.85840
    -1.5950        1   -34.42854
    -1.4450        1   -34.99418
    -1.2950        1   -35.55056
    -1.1450        1   -36.10314
   -0.99500        1   -36.65495
   -0.84500        1   -37.22076
   -0.69500        1   -37.81448
   -0.54500        1   -38.46234
   -0.39500        1   -39.20820
   -0.25300        1   -39.76569
   -0.21500        1   -39.80347
   -0.20900        1   -39.84144
   -0.20300        1   -39.87977
   -0.19700        1   -39.91891
   -0.19100        1   -39.95858
   -0.18500        1   -39.99878
   -0.17900        1   -40.03983
   -0.17300        1   -40.08195
   -0.16700        1   -40.12448
   -0.16100        1   -40.16800
   -0.15500        1   -40.21231
   -0.14900        1   -40.25736
   -0.14300        1   -40.30400
   -0.13700        1   -40.35135
   -0.13100        1   -40.40002
   -0.12500        1   -40.45020
   -0.11900        1   -40.50206
   -0.11300        1   -40.55557
   -0.10700        1   -40.61095
   -0.10100        1   -40.66828
   -0.95000E-01    1   -40.72823
   -0.89000E-01    1   -40.79081
   -0.83000E-01    1   -40.85668
   -0.77000E-01    1   -40.92637
   -0.71000E-01    1   -41.00064
   -0.65000E-01    1   -41.08060
   -0.59000E-01    1   -41.16741
   -0.53000E-01    1   -41.26322
   -0.47000E-01    1   -41.37053
   -0.41000E-01    1   -41.49364
   -0.35000E-01    1   -41.64005
   -0.29000E-01    1   -41.82139
   -0.23000E-01    1   -42.04834
   -0.19700E-01    1   -42.07381
   -0.19100E-01    1   -42.09991
   -0.18500E-01    1   -42.12658
   -0.17900E-01    1   -42.15389
   -0.17300E-01    1   -42.18187
   -0.16700E-01    1   -42.21064
   -0.16100E-01    1   -42.24024
   -0.15500E-01    1   -42.27061
   -0.14900E-01    1   -42.30182
   -0.14300E-01    1   -42.33394
   -0.13700E-01    1   -42.36690
   -0.13100E-01    1   -42.40066
   -0.12500E-01    1   -42.43524
   -0.11900E-01    1   -42.47064
   -0.11300E-01    1   -42.50673
   -0.10700E-01    1   -42.54361
   -0.10100E-01    1   -42.58105
   -0.95000E-02    1   -42.61903
   -0.89000E-02    1   -42.65735
   -0.83000E-02    1   -42.69583
   -0.77000E-02    1   -42.73411
   -0.71000E-02    1   -42.77209
   -0.65000E-02    1   -42.80914
   -0.59000E-02    1   -42.84480
   -0.53000E-02    1   -42.87846
   -0.47000E-02    1   -42.90956
   -0.41000E-02    1   -42.93768
   -0.35000E-02    1   -42.96247
   -0.29000E-02    1   -42.98363
   -0.23000E-02    1   -43.00084
   -0.17000E-02    1   -43.01386
   -0.11000E-02    1   -43.02247
   -0.50000E-03    1   -43.02652
    0.10000E-03    1   -43.02596
    0.70000E-03    1   -43.02081
    0.13000E-02    1   -43.01119
    0.19000E-02    1   -42.99724
    0.25000E-02    1   -42.97914
    0.31000E-02    1   -42.95707
    0.37000E-02    1   -42.93135
    0.43000E-02    1   -42.90227
    0.49000E-02    1   -42.87030
    0.55000E-02    1   -42.83597
    0.61000E-02    1   -42.79979
    0.67000E-02    1   -42.76237
    0.73000E-02    1   -42.72425
    0.79000E-02    1   -42.68584
    0.85000E-02    1   -42.64749
    0.91000E-02    1   -42.60930
    0.97000E-02    1   -42.57145
    0.10300E-01    1   -42.53417
    0.10900E-01    1   -42.49763
    0.11500E-01    1   -42.46188
    0.12100E-01    1   -42.42690
    0.12700E-01    1   -42.39260
    0.13300E-01    1   -42.35912
    0.13900E-01    1   -42.32660
    0.14500E-01    1   -42.29473
    0.15100E-01    1   -42.26386
    0.15700E-01    1   -42.23379
    0.16300E-01    1   -42.20456
    0.16900E-01    1   -42.17615
    0.17500E-01    1   -42.14854
    0.18100E-01    1   -42.12145
    0.18700E-01    1   -42.09518
    0.19300E-01    1   -42.06944
    0.20200E-01    1   -41.97519
    0.25000E-01    1   -41.76646
    0.31000E-01    1   -41.60021
    0.37000E-01    1   -41.46554
    0.43000E-01    1   -41.35194
    0.49000E-01    1   -41.25333
    0.55000E-01    1   -41.16558
    0.61000E-01    1   -41.08664
    0.67000E-01    1   -41.01493
    0.73000E-01    1   -40.94921
    0.79000E-01    1   -40.88864
    0.85000E-01    1   -40.83225
    0.91000E-01    1   -40.77959
    0.97000E-01    1   -40.73046
    0.10300        1   -40.68430
    0.10900        1   -40.64115
    0.11500        1   -40.60073
    0.12100        1   -40.56296
    0.12700        1   -40.52740
    0.13300        1   -40.49374
    0.13900        1   -40.46218
    0.14500        1   -40.43224
    0.15100        1   -40.40417
    0.15700        1   -40.37734
    0.16300        1   -40.35194
    0.16900        1   -40.32800
    0.17500        1   -40.30527
    0.18100        1   -40.28357
    0.18700        1   -40.26298
    0.19300        1   -40.24329
    0.19900        1   -40.22418
    0.20500        1   -40.20610
    0.21100        1   -40.18890
    0.21700        1   -40.17279
    0.29500        1   -39.89279
    0.44500        1   -39.74478
    0.59500        1   -39.63803
    0.74500        1   -39.55074
    0.89500        1   -39.47605
     1.0450        1   -39.41070
     1.1950        1   -39.35065
     1.3450        1   -39.29619
     1.4950        1   -39.24502
     1.6450        1   -39.19665
     1.7950        1   -39.15205
     1.9450        1   -39.11012
     2.0950        1   -39.07097
     2.2450        1   -39.03345
     2.3950        1   -38.99904
     2.5450        1   -38.96558
     2.6950        1   -38.93457
     2.8450        1   -38.90549
     2.9950        1   -38.87892
     3.1450        1   -38.85390
     3.2950        1   -38.83036
     3.4450        1   -38.80685
     3.5950        1   -38.78509
     3.7450        1   -38.76353
     3.8950        1   -38.74474
     4.0450        1   -38.72605
     4.1950        1   -38.70868
     4.3450        1   -38.69278
     4.4950        1   -38.67581
     4.6450        1   -38.65990
     4.7950        1   -38.64476
     4.9450        1   -38.62999
     5.0950        1   -38.61631
     5.2450        1   -38.60250
     5.3950        1   -38.58962
     5.5450        1   -38.57680
     5.6950        1   -38.56507
     5.8450        1   -38.55384
     5.9950        1   -38.54246
     6.1450        1   -38.53143
     6.2950        1   -38.52021
     6.4450        1   -38.50986
     6.5950        1   -38.49915
     6.7450        1   -38.48866
     6.8950        1   -38.47787
     7.0450        1   -38.46732
     7.1950        1   -38.45691
     7.3450        1   -38.44674
     7.4950        1   -38.43710
     7.6450        1   -38.42758
     7.7950        1   -38.41825
     7.9450        1   -38.40936
     8.0950        1   -38.39990
     8.2450        1   -38.39099
     8.3950        1   -38.38223
     8.5450        1   -38.37346
     8.6950        1   -38.36558
     8.8450        1   -38.35721
     8.9950        1   -38.34928
     9.1450        1   -38.34147
     9.2950        1   -38.33369
     9.4450        1   -38.32573
     9.5950        1   -38.31796
     9.7450        1   -38.31069
     9.8950        1   -38.30303
     10.045        1   -38.29589
     10.195        1   -38.28879
     10.345        1   -38.28117
     10.495        1   -38.27409
     10.645        1   -38.26674
     10.795        1   -38.25966
     10.945        1   -38.25277
     11.095        1   -38.24585
     11.245        1   -38.23919
     11.395        1   -38.23283
     11.545        1   -38.22644
     11.695        1   -38.22000
     11.845        1   -38.21366
     11.995        1   -38.20748
     12.145        1   -38.20115
     12.295        1   -38.19458
     12.445        1   -38.18859
     12.595        1   -38.18225
     12.745        1   -38.17636
     12.895        1   -38.17056
     13.045        1   -38.16442
     13.195        1   -38.15855
     13.345        1   -38.15265
     13.495        1   -38.14695
     13.645        1   -38.14109
     13.795        1   -38.13542
     13.945        1   -38.12974
     14.095        1   -38.12417
     14.245        1   -38.11869
     14.395        1   -38.11313
     14.545        1   -38.10748
     14.695        1   -38.10204
     14.845        1   -38.09659
     14.995        1   -38.09131
     15.145        1   -38.08603
     15.295        1   -38.08084
     15.445        1   -38.07571
     15.595        1   -38.07043
     15.745        1   -38.06516
     15.895        1   -38.05990
     16.045        1   -38.05458
     16.195        1   -38.04973
     16.345        1   -38.04508
     16.495        1   -38.04030
     16.645        1   -38.03559
     16.795        1   -38.03086
     16.945        1   -38.02631
     17.095        1   -38.02146
     17.245        1   -38.01690
     17.395        1   -38.01236
     17.545        1   -38.00789
     17.695        1   -38.00331
     17.845        1   -37.99893
     17.995        1   -37.99439
     18.145        1   -37.99002
     18.295        1   -37.98552
     18.445        1   -37.98113
     18.595        1   -37.97669
     18.745        1   -37.97220
     18.895        1   -37.96783
     19.045        1   -37.96334
     19.195        1   -37.95912
     19.345        1   -37.95514
     19.495        1   -37.95105
     19.645        1   -37.94684
     19.795        1   -37.94286
     19.945        1   -37.93892
     20.095        1   -37.93482
     20.245        1   -37.93074
     20.395        1   -37.92679
     20.545        1   -37.92274
     20.695        1   -37.91890
     20.845        1   -37.91470
     20.995        1   -37.91112
     21.145        1   -37.90726
     21.295        1   -37.90337
     21.445        1   -37.89945
     21.595        1   -37.89588
     21.745        1   -37.89218
     21.895        1   -37.88843
     22.045        1   -37.88456
     22.195        1   -37.88084
     22.345        1   -37.87717
     22.495        1   -37.87365
     22.645        1   -37.86997
     22.795        1   -37.86630
     22.945        1   -37.86266
     23.095        1   -37.85913
     23.245        1   -37.85557
     23.395        1   -37.85208
     23.545        1   -37.84846
     23.695        1   -37.84482
     23.845        1   -37.84117
     23.995        1   -37.83746
     24.145        1   -37.83378
     24.295        1   -37.83045
     24.445        1   -37.82696
     24.595        1   -37.82344
     24.745        1   -37.82001
     24.895        1   -37.81678
     25.045        1   -37.81334
     25.195        1   -37.81012
     25.345        1   -37.80682
     25.495        1   -37.80362
     25.645        1   -37.80031
     25.795        1   -37.79680
     25.945        1   -37.79350
     26.095        1   -37.79034
     26.245        1   -37.78710
     26.395        1   -37.78386
     26.545        1   -37.78063
     26.695        1   -37.77758
     26.845        1   -37.77448
     26.995        1   -37.77146
     27.145        1   -37.76863
     27.295        1   -37.76562
     27.445        1   -37.76251
     27.595        1   -37.75943
     27.745        1   -37.75631
     27.895        1   -37.75320
     28.045        1   -37.75029
     28.195        1   -37.74724
     28.345        1   -37.74432
     28.495        1   -37.74138
     28.645        1   -37.73868
     28.795        1   -37.73589
     28.945        1   -37.73298
     29.095        1   -37.73003
     29.245        1   -37.72719
     29.395        1   -37.72437
     29.545        1   -37.72149
     29.695        1   -37.71888
     29.845        1   -37.71614
     29.995        1   -37.71329
     30.145        1   -37.71038
     30.295        1   -37.70762
     30.445        1   -37.70496
     30.595        1   -37.70234
     30.745        1   -37.69954
     30.895        1   -37.69669
     31.045        1   -37.69387
     31.195        1   -37.69115
     31.345        1   -37.68841
     31.495        1   -37.68575
     31.645        1   -37.68304
     31.795        1   -37.68034
     31.945        1   -37.67764
     32.095        1   -37.67497
     32.245        1   -37.67230
     32.395        1   -37.66948
     32.545        1   -37.66683
     32.695        1   -37.66405
     32.845        1   -37.66134
     32.995        1   -37.65874
     33.145        1   -37.65596
     33.295        1   -37.65333
     33.445        1   -37.65074
     33.595        1   -37.64825
     33.745        1   -37.64563
     33.895        1   -37.64301
     34.045        1   -37.64047
     34.195        1   -37.63803
     34.345        1   -37.63551
     34.495        1   -37.63297
     34.645        1   -37.63063
     34.795        1   -37.62811
     34.945        1   -37.62579
     35.095        1   -37.62326
     35.245        1   -37.62092
     35.395        1   -37.61850
     35.545        1   -37.61605
     35.695        1   -37.61368
     35.845        1   -37.61138
     35.995        1   -37.60904
     36.145        1   -37.60672
     36.295        1   -37.60425
     36.445        1   -37.60192
     36.595        1   -37.59964
     36.745        1   -37.59721
     36.895        1   -37.59481
     37.045        1   -37.59248
     37.195        1   -37.58998
     37.345        1   -37.58771
     37.495        1   -37.58561
     37.645        1   -37.58317
     37.795        1   -37.58085
     37.945        1   -37.57874
     38.095        1   -37.57649
     38.245        1   -37.57438
     38.395        1   -37.57211
     38.545        1   -37.56991
     38.695        1   -37.56764
     38.845        1   -37.56540
     38.995        1   -37.56315
     39.145        1   -37.56091
     39.295        1   -37.55877
     39.445        1   -37.55654
     39.595        1   -37.55441
     39.745        1   -37.55220
     39.895        1   -37.55019
     40.045        1   -37.54794
     40.195        1   -37.54568
     40.345        1   -37.54341
     40.495        1   -37.54143
     40.645        1   -37.53935
     40.795        1   -37.53731
     40.945        1   -37.53524
     41.095        1   -37.53311
     41.245        1   -37.53098
     41.395        1   -37.52892
     41.545        1   -37.52677
     41.695        1   -37.52467
     41.845        1   -37.52255
     41.995        1   -37.52026
     42.145        1   -37.51809
     42.295        1   -37.51610
     42.445        1   -37.51402
     42.595        1   -37.51174
     42.745        1   -37.50970
     42.895        1   -37.50782
     43.045        1   -37.50570
     43.195        1   -37.50355
     43.345        1   -37.50156
     43.495        1   -37.49958
     43.645        1   -37.49768
     43.795        1   -37.49568
     43.945        1   -37.49364
     44.095        1   -37.49163
     44.245        1   -37.48947
     44.395        1   -37.48730
     44.545        1   -37.48539
     44.695        1   -37.48348
     44.845        1   -37.48153
     44.995        1   -37.47970
     45.145        1   -37.47774
     45.295        1   -37.47573
     45.445        1   -37.47373
     45.595        1   -37.47185
     45.745        1   -37.46990
     45.895        1   -37.46822
     46.045        1   -37.46623
     46.195        1   -37.46431
     46.345        1   -37.46248
     46.495        1   -37.46068
     46.645        1   -37.45874
     46.795        1   -37.45695
     46.945        1   -37.45513
     47.095        1   -37.45336
     47.245        1   -37.45154
     47.395        1   -37.44976
     47.545        1   -37.44786
     47.695        1   -37.44623
     47.845        1   -37.44431
     47.995        1   -37.44258
     48.145        1   -37.44070
     48.295        1   -37.43886
     48.445        1   -37.43699
     48.595        1   -37.43521
     48.745        1   -37.43349
     48.895        1   -37.43162
     49.045        1   -37.42984
     49.195        1   -37.42799
     49.345        1   -37.42633
     49.495        1   -37.42462
     49.645        1   -37.42286
     49.795        1   -37.42117
     49.945        1   -37.41932
     50.095        1   -37.41752
     50.245        1   -37.41587
     50.395        1   -37.41429
     50.545        1   -37.41253
     50.695        1   -37.41083
     50.845        1   -37.40909
     50.995        1   -37.40726
     51.145        1   -37.40564
     51.295        1   -37.40390
     51.445        1   -37.40227
     51.595        1   -37.40052
     51.745        1   -37.39883
     51.895        1   -37.39710
     52.045        1   -37.39533
     52.195        1   -37.39367
     52.345        1   -37.39191
     52.495        1   -37.39015
     52.645        1   -37.38849
     52.795        1   -37.38689
     52.945        1   -37.38532
     53.095        1   -37.38362
     53.245        1   -37.38210
     53.395        1   -37.38048
     53.545        1   -37.37887
     53.695        1   -37.37741
     53.845        1   -37.37575
     53.995        1   -37.37418
     54.145        1   -37.37262
     54.295        1   -37.37110
     54.445        1   -37.36946
     54.595        1   -37.36791
     54.745        1   -37.36624
     54.895        1   -37.36465
     55.045        1   -37.36301
     55.195        1   -37.36142
     55.345        1   -37.35983
     55.495        1   -37.35816
     55.645        1   -37.35663
     55.795        1   -37.35517
     55.945        1   -37.35363
     56.095        1   -37.35203
     56.245        1   -37.35039
     56.395        1   -37.34872
     56.545        1   -37.34738
     56.695        1   -37.34582
     56.845        1   -37.34425
     56.995        1   -37.34278
     57.145        1   -37.34120
     57.295        1   -37.33963
     57.445        1   -37.33809
     57.595        1   -37.33649
     57.745        1   -37.33481
     57.895        1   -37.33336
     58.045        1   -37.33185
     58.195        1   -37.33031
     58.345        1   -37.32895
     58.495        1   -37.32732
     58.645        1   -37.32574
     58.795        1   -37.32432
     58.945        1   -37.32275
     59.095        1   -37.32131
     59.245        1   -37.31977
     59.395        1   -37.31838
     59.545        1   -37.31702
     59.695        1   -37.31547
     59.845        1   -37.31405
     59.995        1   -37.31243
     60.145        1   -37.31094
     70.939        1   -37.12086
     97.698        1   -36.92963
     134.55        1   -36.73741
     185.30        1   -36.54430
     255.20        1   -36.35295
     351.46        1   -36.16400
     484.04        1   -35.97555
     666.62        1   -35.78965
     918.07        1   -35.60391
     1264.4        1   -35.42095
     1741.3        1   -35.24090
     2398.1        1   -35.06162
     3302.7        1   -34.88496
     4548.5        1   -34.71085
     6264.3        1   -34.53837
     8627.2        1   -34.36896
     11881.        1   -34.20115
     16363.        1   -34.03569
     22535.        1   -33.87192
     31036.        1   -33.71120
     42743.        1   -33.55179
     58866.        1   -33.39464
     81070.        1   -33.24030
    0.11165E+06    1   -33.08758
    0.15377E+06    1   -32.93657
    0.21177E+06    1   -32.78666
    0.29165E+06    1   -32.63859
    0.40166E+06    1   -32.49199
    0.55317E+06    1   -32.34692
    0.76182E+06    1   -32.20290
    0.10492E+07    1   -32.05922
    0.14449E+07    1   -31.91708
    0.19900E+07    1   -31.77467
    0.27406E+07    1   -31.63202
    0.37744E+07    1   -31.48927
    0.51981E+07    1   -31.34548
    0.71589E+07    1   -31.20161
    0.98593E+07    1   -31.05797
    0.13578E+08    1   -30.91333
    0.18700E+08    1   -30.76753
    0.25754E+08    1   -30.62230
    0.35468E+08    1   -30.47771
    0.48847E+08    1   -30.33528
    0.67273E+08    1   -30.19651
    0.92648E+08    1   -30.06122
    0.12760E+09    1   -29.92923
    0.17573E+09    1   -29.80094
    0.24201E+09    1   -29.67671
    0.33330E+09    1   -29.55691
    0.45902E+09    1   -29.44292
    0.63217E+09    1   -29.33546
    0.87062E+09    1   -29.23451
    0.11990E+10    1   -29.14057
    0.16513E+10    1   -29.05272
    0.22742E+10    1   -28.97108
    0.31320E+10    1   -28.89502
    0.43134E+10    1   -28.82381
    0.59405E+10    1   -28.75760
    0.81813E+10    1   -28.69590
    0.11267E+11    1   -28.63860
    0.15517E+11    1   -28.58509
    0.21371E+11    1   -28.53545
    0.29432E+11    1   -28.48925
    0.40534E+11    1   -28.44630
    0.55823E+11    1   -28.40635
    0.10000E+12    1   -27.90819
    -149.95        2     0.00000
    -149.80        2     0.00000
    -149.65        2     0.00000
    -149.49        2     0.00000
    -149.34        2     0.00000
    -149.20        2     0.00000
    -149.05        2     0.00000
    -148.90        2     0.00000
    -148.74        2     0.00000
    -148.59        2     0.00000
    -148.45        2     0.00000
    -148.30        2     0.00000
    -148.15        2     0.00000
    -147.99        2     0.00000
    -147.84        2     0.00000
    -147.70        2     0.00000
    -147.55        2     0.00000
    -147.40        2     0.00000
    -147.24        2     0.00000
    -147.09        2     0.00000
    -146.95        2     0.00000
    -146.80        2     0.00000
    -146.65        2     0.00000
    -146.49        2     0.00000
    -146.34        2     0.00000
    -146.20        2     0.00000
    -146.05        2     0.00000
    -145.90        2     0.00000
    -145.74        2     0.00000
    -145.59        2     0.00000
    -145.45        2     0.00000
    -145.30        2     0.00000
    -145.15        2     0.00000
    -144.99        2     0.00000
    -144.84        2     0.00000
    -144.70        2     0.00000
    -144.55        2     0.00000
    -144.40        2     0.00000
    -144.24        2     0.00000
    -144.09        2     0.00000
    -143.95        2     0.00000
    -143.80        2     0.00000
    -143.65        2     0.00000
    -143.49        2     0.00000
    -143.34        2     0.00000
    -143.20        2     0.00000
    -143.05        2     0.00000
    -142.90        2     0.00000
    -142.74        2     0.00000
    -142.59        2     0.00000
    -142.45        2     0.00000
    -142.30        2     0.00000
    -142.15        2     0.00000
    -141.99        2     0.00000
    -141.84        2     0.00000
    -141.70        2     0.00000
    -141.55        2     0.00000
    -141.40        2     0.00000
    -141.24        2     0.00000
    -141.09        2     0.00000
    -140.95        2     0.00000
    -140.80        2     0.00000
    -140.65        2     0.00000
    -140.49        2     0.00000
    -140.34        2     0.00000
    -140.20        2     0.00000
    -140.05        2     0.00000
    -139.90        2     0.00000
    -139.74        2     0.00000
    -139.59        2     0.00000
    -139.45        2     0.00000
    -139.30        2     0.00000
    -139.15        2     0.00000
    -138.99        2     0.00000
    -138.84        2     0.00000
    -138.70        2     0.00000
    -138.55        2     0.00000
    -138.40        2     0.00000
    -138.24        2     0.00000
    -138.09        2     0.00000
    -137.95        2     0.00000
    -137.80        2     0.00000
    -137.65        2     0.00000
    -137.49        2     0.00000
    -137.34        2     0.00000
    -137.20        2     0.00000
    -137.05        2     0.00000
    -136.90        2     0.00000
    -136.74        2     0.00000
    -136.59        2     0.00000
    -136.45        2     0.00000
    -136.30        2     0.00000
    -136.15        2     0.00000
    -135.99        2     0.00000
    -135.84        2     0.00000
    -135.70        2     0.00000
    -135.55        2     0.00000
    -135.40        2     0.00000
    -135.24        2     0.00000
    -135.09        2     0.00000
    -134.95        2     0.00000
    -134.80        2     0.00000
    -134.65        2     0.00000
    -134.49        2     0.00000
    -134.34        2     0.00000
    -134.20        2     0.00000
    -134.05        2     0.00000
    -133.90        2     0.00000
    -133.74        2     0.00000
    -133.59        2     0.00000
    -133.45        2     0.00000
    -133.30        2     0.00000
    -133.15        2     0.00000
    -132.99        2     0.00000
    -132.84        2     0.00000
    -132.70        2     0.00000
    -132.55        2     0.00000
    -132.40        2     0.00000
    -132.24        2     0.00000
    -132.09        2     0.00000
    -131.95        2     0.00000
    -131.80        2     0.00000
    -131.65        2     0.00000
    -131.49        2     0.00000
    -131.34        2     0.00000
    -131.20        2     0.00000
    -131.05        2     0.00000
    -130.90        2     0.00000
    -130.74        2     0.00000
    -130.59        2     0.00000
    -130.45        2     0.00000
    -130.30        2     0.00000
    -130.15        2     0.00000
    -129.99        2     0.00000
    -129.84        2     0.00000
    -129.70        2     0.00000
    -129.55        2     0.00000
    -129.40        2     0.00000
    -129.24        2     0.00000
    -129.09        2     0.00000
    -128.95        2     0.00000
    -128.80        2     0.00000
    -128.65        2     0.00000
    -128.49        2     0.00000
    -128.34        2     0.00000
    -128.20        2     0.00000
    -128.05        2     0.00000
    -127.89        2     0.00000
    -127.75        2     0.00000
    -127.60        2     0.00000
    -127.44        2     0.00000
    -127.30        2     0.00000
    -127.14        2     0.00000
    -127.00        2     0.00000
    -126.85        2     0.00000
    -126.69        2     0.00000
    -126.55        2     0.00000
    -126.39        2     0.00000
    -126.25        2     0.00000
    -126.10        2     0.00000
    -125.94        2     0.00000
    -125.80        2     0.00000
    -125.64        2     0.00000
    -125.50        2     0.00000
    -125.35        2     0.00000
    -125.19        2     0.00000
    -125.05        2     0.00000
    -124.89        2     0.00000
    -124.75        2     0.00000
    -124.60        2     0.00000
    -124.44        2     0.00000
    -124.30        2     0.00000
    -124.14        2     0.00000
    -124.00        2     0.00000
    -123.85        2     0.00000
    -123.69        2     0.00000
    -123.55        2     0.00000
    -123.39        2     0.00000
    -123.25        2     0.00000
    -123.10        2     0.00000
    -122.94        2     0.00000
    -122.80        2     0.00000
    -122.64        2     0.00000
    -122.50        2     0.00000
    -122.35        2     0.00000
    -122.19        2     0.00000
    -122.05        2     0.00000
    -121.89        2     0.00000
    -121.75        2     0.00000
    -121.60        2     0.00000
    -121.44        2     0.00000
    -121.30        2     0.00000
    -121.14        2     0.00000
    -121.00        2     0.00000
    -120.85        2     0.00000
    -120.69        2     0.00000
    -120.55        2     0.00000
    -120.39        2     0.00000
    -120.25        2     0.00000
    -120.10        2     0.00000
    -119.94        2     0.00000
    -119.80        2     0.00000
    -119.64        2     0.00000
    -119.50        2     0.00000
    -119.35        2     0.00000
    -119.19        2     0.00000
    -119.05        2     0.00000
    -118.89        2     0.00000
    -118.75        2     0.00000
    -118.60        2     0.00000
    -118.44        2     0.00000
    -118.30        2     0.00000
    -118.14        2     0.00000
    -118.00        2     0.00000
    -117.85        2     0.00000
    -117.69        2     0.00000
    -117.55        2     0.00000
    -117.39        2     0.00000
    -117.25        2     0.00000
    -117.10        2     0.00000
    -116.94        2     0.00000
    -116.80        2     0.00000
    -116.64        2     0.00000
    -116.50        2     0.00000
    -116.35        2     0.00000
    -116.19        2     0.00000
    -116.05        2     0.00000
    -115.89        2     0.00000
    -115.75        2     0.00000
    -115.60        2     0.00000
    -115.44        2     0.00000
    -115.30        2     0.00000
    -115.14        2     0.00000
    -115.00        2     0.00000
    -114.85        2     0.00000
    -114.69        2     0.00000
    -114.55        2     0.00000
    -114.39        2     0.00000
    -114.25        2     0.00000
    -114.10        2     0.00000
    -113.94        2     0.00000
    -113.80        2     0.00000
    -113.64        2     0.00000
    -113.50        2     0.00000
    -113.35        2     0.00000
    -113.19        2     0.00000
    -113.05        2     0.00000
    -112.89        2     0.00000
    -112.75        2     0.00000
    -112.60        2     0.00000
    -112.44        2     0.00000
    -112.30        2     0.00000
    -112.14        2     0.00000
    -112.00        2     0.00000
    -111.85        2     0.00000
    -111.69        2     0.00000
    -111.55        2     0.00000
    -111.39        2     0.00000
    -111.25        2     0.00000
    -111.10        2     0.00000
    -110.94        2     0.00000
    -110.80        2     0.00000
    -110.64        2     0.00000
    -110.50        2     0.00000
    -110.35        2     0.00000
    -110.19        2     0.00000
    -110.05        2     0.00000
    -109.89        2     0.00000
    -109.75        2     0.00000
    -109.60        2     0.00000
    -109.44        2     0.00000
    -109.30        2     0.00000
    -109.14        2     0.00000
    -109.00        2     0.00000
    -108.85        2     0.00000
    -108.69        2     0.00000
    -108.55        2     0.00000
    -108.39        2     0.00000
    -108.25        2     0.00000
    -108.10        2     0.00000
    -107.94        2     0.00000
    -107.80        2     0.00000
    -107.64        2     0.00000
    -107.50        2     0.00000
    -107.35        2     0.00000
    -107.19        2     0.00000
    -107.05        2     0.00000
    -106.89        2     0.00000
    -106.75        2     0.00000
    -106.60        2     0.00000
    -106.44        2     0.00000
    -106.30        2     0.00000
    -106.14        2     0.00000
    -106.00        2     0.00000
    -105.85        2     0.00000
    -105.69        2     0.00000
    -105.55        2     0.00000
    -105.39        2     0.00000
    -105.25        2     0.00000
    -105.10        2     0.00000
    -104.94        2     0.00000
    -104.80        2     0.00000
    -104.64        2     0.00000
    -104.50        2     0.00000
    -104.35        2     0.00000
    -104.19        2     0.00000
    -104.05        2     0.00000
    -103.89        2     0.00000
    -103.75        2     0.00000
    -103.60        2     0.00000
    -103.44        2     0.00000
    -103.30        2     0.00000
    -103.14        2     0.00000
    -103.00        2     0.00000
    -102.85        2     0.00000
    -102.69        2     0.00000
    -102.55        2     0.00000
    -102.39        2     0.00000
    -102.25        2     0.00000
    -102.10        2     0.00000
    -101.94        2     0.00000
    -101.80        2     0.00000
    -101.64        2     0.00000
    -101.50        2     0.00000
    -101.35        2     0.00000
    -101.19        2     0.00000
    -101.05        2     0.00000
    -100.89        2     0.00000
    -100.75        2     0.00000
    -100.60        2     0.00000
    -100.44        2     0.00000
    -100.30        2     0.00000
    -100.14        2     0.00000
    -99.995        2     0.00000
    -99.845        2     0.00000
    -99.695        2     0.00000
    -99.545        2     0.00000
    -99.395        2     0.00000
    -99.245        2     0.00000
    -99.095        2     0.00000
    -98.945        2     0.00000
    -98.795        2     0.00000
    -98.645        2     0.00000
    -98.495        2     0.00000
    -98.345        2     0.00000
    -98.195        2     0.00000
    -98.045        2     0.00000
    -97.895        2     0.00000
    -97.745        2     0.00000
    -97.595        2     0.00000
    -97.445        2     0.00000
    -97.295        2     0.00000
    -97.145        2     0.00000
    -96.995        2     0.00000
    -96.845        2     0.00000
    -96.695        2     0.00000
    -96.545        2     0.00000
    -96.395        2     0.00000
    -96.245        2     0.00000
    -96.095        2     0.00000
    -95.945        2     0.00000
    -95.795        2     0.00000
    -95.645        2     0.00000
    -95.495        2     0.00000
    -95.345        2     0.00000
    -95.195        2     0.00000
    -95.045        2     0.00000
    -94.895        2     0.00000
    -94.745        2     0.00000
    -94.595        2     0.00000
    -94.445        2     0.00000
    -94.295        2     0.00000
    -94.145        2     0.00000
    -93.995        2     0.00000
    -93.845        2     0.00000
    -93.695        2     0.00000
    -93.545        2     0.00000
    -93.395        2     0.00000
    -93.245        2     0.00000
    -93.095        2     0.00000
    -92.945        2     0.00000
    -92.795        2     0.00000
    -92.645        2     0.00000
    -92.495        2     0.00000
    -92.345        2     0.00000
    -92.195        2     0.00000
    -92.045        2     0.00000
    -91.895        2     0.00000
    -91.745        2     0.00000
    -91.595        2     0.00000
    -91.445        2     0.00000
    -91.295        2     0.00000
    -91.145        2     0.00000
    -90.995        2     0.00000
    -90.845        2     0.00000
    -90.695        2     0.00000
    -90.545        2     0.00000
    -90.395        2     0.00000
    -90.245        2     0.00000
    -90.095        2     0.00000
    -89.945        2     0.00000
    -89.795        2     0.00000
    -89.645        2     0.00000
    -89.495        2     0.00000
    -89.345        2     0.00000
    -89.195        2     0.00000
    -89.045        2     0.00000
    -88.895        2     0.00000
    -88.745        2     0.00000
    -88.595        2     0.00000
    -88.445        2     0.00000
    -88.295        2     0.00000
    -88.145        2     0.00000
    -87.995        2     0.00000
    -87.845        2     0.00000
    -87.695        2     0.00000
    -87.545        2     0.00000
    -87.395        2     0.00000
    -87.245        2     0.00000
    -87.095        2     0.00000
    -86.945        2     0.00000
    -86.795        2     0.00000
    -86.645        2     0.00000
    -86.495        2     0.00000
    -86.345        2     0.00000
    -86.195        2     0.00000
    -86.045        2     0.00000
    -85.895        2     0.00000
    -85.745        2     0.00000
    -85.595        2     0.00000
    -85.445        2     0.00000
    -85.295        2     0.00000
    -85.145        2     0.00000
    -84.995        2     0.00000
    -84.845        2     0.00000
    -84.695        2     0.00000
    -84.545        2     0.00000
    -84.395        2     0.00000
    -84.245        2     0.00000
    -84.095        2     0.00000
    -83.945        2     0.00000
    -83.795        2     0.00000
    -83.645        2     0.00000
    -83.495        2     0.00000
    -83.345        2     0.00000
    -83.195        2     0.00000
    -83.045        2     0.00000
    -82.895        2     0.00000
    -82.745        2     0.00000
    -82.595        2     0.00000
    -82.445        2     0.00000
    -82.295        2     0.00000
    -82.145        2     0.00000
    -81.995        2     0.00000
    -81.845        2     0.00000
    -81.695        2     0.00000
    -81.545        2     0.00000
    -81.395        2     0.00000
    -81.245        2     0.00000
    -81.095        2     0.00000
    -80.945        2     0.00000
    -80.795        2     0.00000
    -80.645        2     0.00000
    -80.495        2     0.00000
    -80.345        2     0.00000
    -80.195        2     0.00000
    -80.045        2     0.00000
    -79.895        2     0.00000
    -79.745        2     0.00000
    -79.595        2     0.00000
    -79.445        2     0.00000
    -79.295        2     0.00000
    -79.145        2     0.00000
    -78.995        2     0.00000
    -78.845        2     0.00000
    -78.695        2     0.00000
    -78.545        2     0.00000
    -78.395        2     0.00000
    -78.245        2     0.00000
    -78.095        2     0.00000
    -77.945        2     0.00000
    -77.795        2     0.00000
    -77.645        2     0.00000
    -77.495        2     0.00000
    -77.345        2     0.00000
    -77.195        2     0.00000
    -77.045        2     0.00000
    -76.895        2     0.00000
    -76.745        2     0.00000
    -76.595        2     0.00000
    -76.445        2     0.00000
    -76.295        2     0.00000
    -76.145        2     0.00000
    -75.995        2     0.00000
    -75.845        2     0.00000
    -75.695        2     0.00000
    -75.545        2     0.00000
    -75.395        2     0.00000
    -75.245        2     0.00000
    -75.095        2     0.00000
    -74.945        2     0.00000
    -74.795        2     0.00000
    -74.645        2     0.00000
    -74.495        2     0.00000
    -74.345        2     0.00000
    -74.195        2     0.00000
    -74.045        2     0.00000
    -73.895        2     0.00000
    -73.745        2     0.00000
    -73.595        2     0.00000
    -73.445        2     0.00000
    -73.295        2     0.00000
    -73.145        2     0.00000
    -72.995        2     0.00000
    -72.845        2     0.00000
    -72.695        2     0.00000
    -72.545        2     0.00000
    -72.395        2     0.00000
    -72.245        2     0.00000
    -72.095        2     0.00000
    -71.945        2     0.00000
    -71.795        2     0.00000
    -71.645        2     0.00000
    -71.495        2     0.00000
    -71.345        2     0.00000
    -71.195        2     0.00000
    -71.045        2     0.00000
    -70.895        2     0.00000
    -70.745        2     0.00000
    -70.595        2     0.00000
    -70.445        2     0.00000
    -70.295        2     0.00000
    -70.145        2     0.00000
    -69.995        2     0.00000
    -69.845        2     0.00000
    -69.695        2     0.00000
    -69.545        2     0.00000
    -69.395        2     0.00000
    -69.245        2     0.00000
    -69.095        2     0.00000
    -68.945        2     0.00000
    -68.795        2     0.00000
    -68.645        2     0.00000
    -68.495        2     0.00000
    -68.345        2     0.00000
    -68.195        2     0.00000
    -68.045        2     0.00000
    -67.895        2     0.00000
    -67.745        2     0.00000
    -67.595        2     0.00000
    -67.445        2     0.00000
    -67.295        2     0.00000
    -67.145        2     0.00000
    -66.995        2     0.00000
    -66.845        2     0.00000
    -66.695        2     0.00000
    -66.545        2     0.00000
    -66.395        2     0.00000
    -66.245        2     0.00000
    -66.095        2     0.00000
    -65.945        2     0.00000
    -65.795        2     0.00000
    -65.645        2     0.00000
    -65.495        2     0.00000
    -65.345        2     0.00000
    -65.195        2     0.00000
    -65.045        2     0.00000
    -64.895        2     0.00000
    -64.745        2     0.00000
    -64.595        2     0.00000
    -64.445        2     0.00000
    -64.295        2     0.00000
    -64.145        2     0.00000
    -63.995        2     0.00000
    -63.845        2     0.00000
    -63.695        2     0.00000
    -63.545        2     0.00000
    -63.395        2     0.00000
    -63.245        2     0.00000
    -63.095        2     0.00000
    -62.945        2     0.00000
    -62.795        2     0.00000
    -62.645        2     0.00000
    -62.495        2     0.00000
    -62.345        2     0.00000
    -62.195        2     0.00000
    -62.045        2     0.00000
    -61.895        2     0.00000
    -61.745        2     0.00000
    -61.595        2     0.00000
    -61.445        2     0.00000
    -61.295        2     0.00000
    -61.145        2     0.00000
    -60.995        2     0.00000
    -60.845        2     0.00000
    -60.695        2     0.00000
    -60.545        2     0.00000
    -60.395        2     0.00000
    -60.245        2     0.00000
    -60.095        2     0.00000
    -59.945        2     0.00000
    -59.795        2     0.00000
    -59.645        2     0.00000
    -59.495        2     0.00000
    -59.345        2     0.00000
    -59.195        2     0.00000
    -59.045        2     0.00000
    -58.895        2     0.00000
    -58.745        2     0.00000
    -58.595        2     0.00000
    -58.445        2     0.00000
    -58.295        2     0.00000
    -58.145        2     0.00000
    -57.995        2     0.00000
    -57.845        2     0.00000
    -57.695        2     0.00000
    -57.545        2     0.00000
    -57.395        2     0.00000
    -57.245        2     0.00000
    -57.095        2     0.00000
    -56.945        2     0.00000
    -56.795        2     0.00000
    -56.645        2     0.00000
    -56.495        2     0.00000
    -56.345        2     0.00000
    -56.195        2     0.00000
    -56.045        2     0.00000
    -55.895        2     0.00000
    -55.745        2     0.00000
    -55.595        2     0.00000
    -55.445        2     0.00000
    -55.295        2     0.00000
    -55.145        2     0.00000
    -54.995        2     0.00000
    -54.845        2     0.00000
    -54.695        2     0.00000
    -54.545        2     0.00000
    -54.395        2     0.00000
    -54.245        2     0.00000
    -54.095        2     0.00000
    -53.945        2     0.00000
    -53.795        2     0.00000
    -53.645        2     0.00000
    -53.495        2     0.00000
    -53.345        2     0.00000
    -53.195        2     0.00000
    -53.045        2     0.00000
    -52.895        2     0.00000
    -52.745        2     0.00000
    -52.595        2     0.00000
    -52.445        2     0.00000
    -52.295        2     0.00000
    -52.145        2     0.00000
    -51.995        2     0.00000
    -51.845        2     0.00000
    -51.695        2     0.00000
    -51.545        2     0.00000
    -51.395        2     0.00000
    -51.245        2     0.00000
    -51.095        2     0.00000
    -50.945        2     0.00000
    -50.795        2     0.00000
    -50.645        2     0.00000
    -50.495        2     0.00000
    -50.345        2     0.00000
    -50.195        2     0.00000
    -50.045        2     0.00000
    -49.895        2     0.00000
    -49.745        2     0.00000
    -49.595        2     0.00000
    -49.445        2     0.00000
    -49.295        2     0.00000
    -49.145        2     0.00000
    -48.995        2     0.00000
    -48.845        2     0.00000
    -48.695        2     0.00000
    -48.545        2     0.00000
    -48.395        2     0.00000
    -48.245        2     0.00000
    -48.095        2     0.00000
    -47.945        2     0.00000
    -47.795        2     0.00000
    -47.645        2     0.00000
    -47.495        2     0.00000
    -47.345        2     0.00000
    -47.195        2     0.00000
    -47.045        2     0.00000
    -46.895        2     0.00000
    -46.745        2     0.00000
    -46.595        2     0.00000
    -46.445        2     0.00000
    -46.295        2     0.00000
    -46.145        2     0.00000
    -45.995        2     0.00000
    -45.845        2     0.00000
    -45.695        2     0.00000
    -45.545        2     0.00000
    -45.395        2     0.00000
    -45.245        2     0.00000
    -45.095        2     0.00000
    -44.945        2     0.00000
    -44.795        2     0.00000
    -44.645        2     0.00000
    -44.495        2     0.00000
    -44.345        2     0.00000
    -44.195        2     0.00000
    -44.045        2     0.00000
    -43.895        2     0.00000
    -43.745        2     0.00000
    -43.595        2     0.00000
    -43.445        2     0.00000
    -43.295        2     0.00000
    -43.145        2     0.00000
    -42.995        2     0.00000
    -42.845        2     0.00000
    -42.695        2     0.00000
    -42.545        2     0.00000
    -42.395        2     0.00000
    -42.245        2     0.00000
    -42.095        2     0.00000
    -41.945        2     0.00000
    -41.795        2     0.00000
    -41.645        2     0.00000
    -41.495        2     0.00000
    -41.345        2     0.00000
    -41.195        2     0.00000
    -41.045        2     0.00000
    -40.895        2     0.00000
    -40.745        2     0.00000
    -40.595        2     0.00000
    -40.445        2     0.00000
    -40.295        2     0.00000
    -40.145        2     0.00000
    -39.995        2     0.00000
    -39.845        2     0.00000
    -39.695        2     0.00000
    -39.545        2     0.00000
    -39.395        2     0.00000
    -39.245        2     0.00000
    -39.095        2     0.00000
    -38.945        2     0.00000
    -38.795        2     0.00000
    -38.645        2     0.00000
    -38.495        2     0.00000
    -38.345        2     0.00000
    -38.195        2     0.00000
    -38.045        2     0.00000
    -37.895        2     0.00000
    -37.745        2     0.00000
    -37.595        2     0.00000
    -37.445        2     0.00000
    -37.295        2     0.00000
    -37.145        2     0.00000
    -36.995        2     0.00000
    -36.845        2     0.00000
    -36.695        2     0.00000
    -36.545        2     0.00000
    -36.395        2     0.00000
    -36.245        2     0.00000
    -36.095        2     0.00000
    -35.945        2     0.00000
    -35.795        2     0.00000
    -35.645        2     0.00000
    -35.495        2     0.00000
    -35.345        2     0.00000
    -35.195        2     0.00000
    -35.045        2     0.00000
    -34.895        2     0.00000
    -34.745        2     0.00000
    -34.595        2     0.00000
    -34.445        2     0.00000
    -34.295        2     0.00000
    -34.145        2     0.00000
    -33.995        2     0.00000
    -33.845        2     0.00000
    -33.695        2     0.00000
    -33.545        2     0.00000
    -33.395        2     0.00000
    -33.245        2     0.00000
    -33.095        2     0.00000
    -32.945        2     0.00000
    -32.795        2     0.00000
    -32.645        2     0.00000
    -32.495        2     0.00000
    -32.345        2     0.00000
    -32.195        2     0.00000
    -32.045        2     0.00000
    -31.895        2     0.00000
    -31.745        2     0.00000
    -31.595        2     0.00000
    -31.445        2     0.00000
    -31.295        2     0.00000
    -31.145        2     0.00000
    -30.995        2     0.00000
    -30.845        2     0.00000
    -30.695        2     0.00000
    -30.545        2     0.00000
    -30.395        2     0.00000
    -30.245        2     0.00000
    -30.095        2     0.00000
    -29.945        2     0.00000
    -29.795        2     0.00000
    -29.645        2     0.00000
    -29.495        2     0.00000
    -29.345        2     0.00000
    -29.195        2     0.00000
    -29.045        2     0.00000
    -28.895        2     0.00000
    -28.745        2     0.00000
    -28.595        2     0.00000
    -28.445        2     0.00000
    -28.295        2     0.00000
    -28.145        2     0.00000
    -27.995        2     0.00000
    -27.845        2     0.00000
    -27.695        2     0.00000
    -27.545        2     0.00000
    -27.395        2     0.00000
    -27.245        2     0.00000
    -27.095        2     0.00000
    -26.945        2     0.00000
    -26.795        2     0.00000
    -26.645        2     0.00000
    -26.495        2     0.00000
    -26.345        2     0.00000
    -26.195        2     0.00000
    -26.045        2     0.00000
    -25.895        2     0.00000
    -25.745        2     0.00000
    -25.595        2     0.00000
    -25.445        2     0.00000
    -25.295        2     0.00000
    -25.145        2     0.00000
    -24.995        2     0.00000
    -24.845        2     0.00000
    -24.695        2     0.00000
    -24.545        2     0.00000
    -24.395        2     0.00000
    -24.245        2     0.00000
    -24.095        2     0.00000
    -23.945        2     0.00000
    -23.795        2     0.00000
    -23.645        2     0.00000
    -23.495        2     0.00000
    -23.345        2     0.00000
    -23.195        2     0.00000
    -23.045        2     0.00000
    -22.895        2     0.00000
    -22.745        2     0.00000
    -22.595        2     0.00000
    -22.445        2     0.00000
    -22.295        2     0.00000
    -22.145        2     0.00000
    -21.995        2     0.00000
    -21.845        2     0.00000
    -21.695        2     0.00000
    -21.545        2     0.00000
    -21.395        2     0.00000
    -21.245        2     0.00000
    -21.095        2     0.00000
    -20.945        2     0.00000
    -20.795        2     0.00000
    -20.645        2     0.00000
    -20.495        2     0.00000
    -20.345        2     0.00000
    -20.195        2     0.00000
    -20.045        2     0.00000
    -19.895        2     0.00000
    -19.745        2     0.00000
    -19.595        2     0.00000
    -19.445        2     0.00000
    -19.295        2     0.00000
    -19.145        2     0.00000
    -18.995        2     0.00000
    -18.845        2     0.00000
    -18.695        2     0.00000
    -18.545        2     0.00000
    -18.395        2     0.00000
    -18.245        2     0.00000
    -18.095        2     0.00000
    -17.945        2     0.00000
    -17.795        2     0.00000
    -17.645        2     0.00000
    -17.495        2     0.00000
    -17.345        2     0.00000
    -17.195        2     0.00000
    -17.045        2     0.00000
    -16.895        2     0.00000
    -16.745        2     0.00000
    -16.595        2     0.00000
    -16.445        2     0.00000
    -16.295        2     0.00000
    -16.145        2     0.00000
    -15.995        2     0.00000
    -15.845        2     0.00000
    -15.695        2    -0.00022
    -15.545        2    -0.00100
    -15.395        2    -0.00807
    -15.245        2    -0.03824
    -15.095        2    -0.12979
    -14.945        2    -0.32081
    -14.795        2    -0.63575
    -14.645        2    -1.08937
    -14.495        2    -1.68466
    -14.345        2    -2.43062
    -14.195        2    -3.33981
    -14.045        2    -4.44556
    -13.895        2    -5.69490
    -13.745        2    -7.06086
    -13.595        2    -8.53133
    -13.445        2   -10.06440
    -13.295        2   -11.63113
    -13.145        2   -13.20809
    -12.995        2   -14.78565
    -12.845        2   -16.35287
    -12.695        2   -17.90845
    -12.545        2   -19.42587
    -12.395        2   -20.94710
    -12.245        2   -22.42286
    -12.095        2   -23.87942
    -11.945        2   -25.31807
    -11.795        2   -26.70956
    -11.645        2   -28.08300
    -11.495        2   -29.46428
    -11.345        2   -30.81359
    -11.195        2   -32.15326
    -11.045        2   -33.46886
    -10.895        2   -34.75482
    -10.745        2   -36.00781
    -10.595        2   -37.22440
    -10.445        2   -38.40642
    -10.295        2   -39.54513
    -10.145        2   -40.66540
    -9.9950        2   -41.76081
    -9.8450        2   -42.83518
    -9.6950        2   -43.91886
    -9.5450        2   -45.01353
    -9.3950        2   -46.11104
    -9.2450        2   -47.23834
    -9.0950        2   -48.39209
    -8.9450        2   -49.57335
    -8.7950        2   -50.82033
    -8.6450        2   -52.07364
    -8.4950        2   -53.38566
    -8.3450        2   -54.72228
    -8.1950        2   -56.12090
    -8.0450        2   -57.56667
    -7.8950        2   -59.10365
    -7.7450        2   -60.70892
    -7.5950        2   -62.36785
    -7.4450        2   -64.11278
    -7.2950        2   -65.93635
    -7.1450        2   -67.80822
    -6.9950        2   -69.75979
    -6.8450        2   -71.75477
    -6.6950        2   -73.82191
    -6.5450        2   -75.92499
    -6.3950        2   -78.06540
    -6.2450        2   -80.21848
    -6.0950        2   -82.38532
    -5.9450        2   -84.56503
    -5.7950        2   -86.75069
    -5.6450        2   -88.94589
    -5.4950        2   -91.15334
    -5.3450        2   -93.37177
    -5.1950        2   -95.57012
    -5.0450        2   -97.77976
    -4.8950        2   -99.99701
    -4.7450        2  -102.21810
    -4.5950        2  -104.45735
    -4.4450        2  -106.73370
    -4.2950        2  -109.03024
    -4.1450        2  -111.36714
    -3.9950        2  -113.74103
    -3.8450        2  -116.18057
    -3.6950        2  -118.70089
    -3.5450        2  -121.32078
    -3.3950        2  -124.03062
    -3.2450        2  -126.84761
    -3.0950        2  -129.77719
    -2.9450        2  -132.83353
    -2.7950        2  -136.02286
    -2.6450        2  -139.42438
    -2.4950        2  -143.05148
    -2.3450        2  -146.93359
    -2.1950        2  -151.18358
    -2.0450        2  -155.89456
    -1.8950        2  -161.18889
    -1.7450        2  -167.21825
    -1.5950        2  -174.09836
    -1.4450        2  -181.91529
    -1.2950        2  -190.61753
    -1.1450        2  -200.10035
   -0.99500        2  -210.20930
   -0.84500        2  -220.78039
   -0.69500        2  -231.71747
   -0.54500        2  -243.13756
   -0.39500        2  -255.69045
   -0.25300        2  -265.03498
   -0.21500        2  -265.66772
   -0.20900        2  -266.30956
   -0.20300        2  -266.96037
   -0.19700        2  -267.62008
   -0.19100        2  -268.29047
   -0.18500        2  -268.97241
   -0.17900        2  -269.66405
   -0.17300        2  -270.36898
   -0.16700        2  -271.08395
   -0.16100        2  -271.81364
   -0.15500        2  -272.55883
   -0.14900        2  -273.31804
   -0.14300        2  -274.09413
   -0.13700        2  -274.88685
   -0.13100        2  -275.69889
   -0.12500        2  -276.53363
   -0.11900        2  -277.39009
   -0.11300        2  -278.27119
   -0.10700        2  -279.18246
   -0.10100        2  -280.12490
   -0.95000E-01    2  -281.10413
   -0.89000E-01    2  -282.12296
   -0.83000E-01    2  -283.18814
   -0.77000E-01    2  -284.30750
   -0.71000E-01    2  -285.48823
   -0.65000E-01    2  -286.74433
   -0.59000E-01    2  -288.09016
   -0.53000E-01    2  -289.54429
   -0.47000E-01    2  -291.13839
   -0.41000E-01    2  -292.91514
   -0.35000E-01    2  -294.94512
   -0.29000E-01    2  -297.35046
   -0.23000E-01    2  -300.37448
   -0.19700E-01    2  -300.72368
   -0.19100E-01    2  -301.08450
   -0.18500E-01    2  -301.45844
   -0.17900E-01    2  -301.84614
   -0.17300E-01    2  -302.24900
   -0.16700E-01    2  -302.66855
   -0.16100E-01    2  -303.10507
   -0.15500E-01    2  -303.56124
   -0.14900E-01    2  -304.03737
   -0.14300E-01    2  -304.53459
   -0.13700E-01    2  -305.05354
   -0.13100E-01    2  -305.59428
   -0.12500E-01    2  -306.15935
   -0.11900E-01    2  -306.74901
   -0.11300E-01    2  -307.36510
   -0.10700E-01    2  -308.00920
   -0.10100E-01    2  -308.68329
   -0.95000E-02    2  -309.38955
   -0.89000E-02    2  -310.13145
   -0.83000E-02    2  -310.91311
   -0.77000E-02    2  -311.73913
   -0.71000E-02    2  -312.61068
   -0.65000E-02    2  -313.52482
   -0.59000E-02    2  -314.47930
   -0.53000E-02    2  -315.47058
   -0.47000E-02    2  -316.48719
   -0.41000E-02    2  -317.51108
   -0.35000E-02    2  -318.51331
   -0.29000E-02    2  -319.44407
   -0.23000E-02    2  -320.24634
   -0.17000E-02    2  -320.87841
   -0.11000E-02    2  -321.30854
   -0.50000E-03    2  -321.51124
    0.10000E-03    2  -321.47368
    0.70000E-03    2  -321.20052
    0.13000E-02    2  -320.70749
    0.19000E-02    2  -320.01725
    0.25000E-02    2  -319.16639
    0.31000E-02    2  -318.20583
    0.37000E-02    2  -317.19250
    0.43000E-02    2  -316.16945
    0.49000E-02    2  -315.16079
    0.55000E-02    2  -314.18259
    0.61000E-02    2  -313.24329
    0.67000E-02    2  -312.34556
    0.73000E-02    2  -311.49114
    0.79000E-02    2  -310.68209
    0.85000E-02    2  -309.91658
    0.91000E-02    2  -309.18890
    0.97000E-02    2  -308.49556
    0.10300E-01    2  -307.83400
    0.10900E-01    2  -307.20174
    0.11500E-01    2  -306.59722
    0.12100E-01    2  -306.01798
    0.12700E-01    2  -305.46371
    0.13300E-01    2  -304.93307
    0.13900E-01    2  -304.42457
    0.14500E-01    2  -303.93733
    0.15100E-01    2  -303.47104
    0.15700E-01    2  -303.02459
    0.16300E-01    2  -302.59757
    0.16900E-01    2  -302.18758
    0.17500E-01    2  -301.79384
    0.18100E-01    2  -301.41471
    0.18700E-01    2  -301.04924
    0.19300E-01    2  -300.69631
    0.20200E-01    2  -299.42997
    0.25000E-01    2  -296.70720
    0.31000E-01    2  -294.51578
    0.37000E-01    2  -292.66070
    0.43000E-01    2  -291.04583
    0.49000E-01    2  -289.61065
    0.55000E-01    2  -288.31885
    0.61000E-01    2  -287.14284
    0.67000E-01    2  -286.06585
    0.73000E-01    2  -285.07331
    0.79000E-01    2  -284.15454
    0.85000E-01    2  -283.29918
    0.91000E-01    2  -282.50183
    0.97000E-01    2  -281.75302
    0.10300        2  -281.04689
    0.10900        2  -280.37993
    0.11500        2  -279.74606
    0.12100        2  -279.14239
    0.12700        2  -278.56623
    0.13300        2  -278.01442
    0.13900        2  -277.48494
    0.14500        2  -276.97701
    0.15100        2  -276.48772
    0.15700        2  -276.01489
    0.16300        2  -275.55760
    0.16900        2  -275.11760
    0.17500        2  -274.69035
    0.18100        2  -274.27776
    0.18700        2  -273.87799
    0.19300        2  -273.48917
    0.19900        2  -273.11095
    0.20500        2  -272.74463
    0.21100        2  -272.38715
    0.21700        2  -272.04028
    0.29500        2  -265.17915
    0.44500        2  -260.72522
    0.59500        2  -257.35309
    0.74500        2  -254.57902
    0.89500        2  -252.17542
     1.0450        2  -250.04050
     1.1950        2  -248.09650
     1.3450        2  -246.31892
     1.4950        2  -244.67614
     1.6450        2  -243.15632
     1.7950        2  -241.75548
     1.9450        2  -240.47173
     2.0950        2  -239.28611
     2.2450        2  -238.18581
     2.3950        2  -237.17716
     2.5450        2  -236.24973
     2.6950        2  -235.39485
     2.8450        2  -234.59773
     2.9950        2  -233.85497
     3.1450        2  -233.16109
     3.2950        2  -232.51579
     3.4450        2  -231.90516
     3.5950        2  -231.32461
     3.7450        2  -230.77886
     3.8950        2  -230.25697
     4.0450        2  -229.76127
     4.1950        2  -229.28156
     4.3450        2  -228.82573
     4.4950        2  -228.38707
     4.6450        2  -227.95416
     4.7950        2  -227.53862
     4.9450        2  -227.14042
     5.0950        2  -226.75680
     5.2450        2  -226.37910
     5.3950        2  -226.01294
     5.5450        2  -225.65804
     5.6950        2  -225.31273
     5.8450        2  -224.97496
     5.9950        2  -224.64761
     6.1450        2  -224.32876
     6.2950        2  -224.01660
     6.4450        2  -223.71206
     6.5950        2  -223.41400
     6.7450        2  -223.12257
     6.8950        2  -222.83798
     7.0450        2  -222.55774
     7.1950        2  -222.28234
     7.3450        2  -222.01482
     7.4950        2  -221.75404
     7.6450        2  -221.49454
     7.7950        2  -221.23967
     7.9450        2  -220.99402
     8.0950        2  -220.75234
     8.2450        2  -220.51316
     8.3950        2  -220.27800
     8.5450        2  -220.04656
     8.6950        2  -219.81804
     8.8450        2  -219.59540
     8.9950        2  -219.37653
     9.1450        2  -219.15847
     9.2950        2  -218.94625
     9.4450        2  -218.73676
     9.5950        2  -218.52896
     9.7450        2  -218.32409
     9.8950        2  -218.12452
     10.045        2  -217.92644
     10.195        2  -217.72949
     10.345        2  -217.53652
     10.495        2  -217.34719
     10.645        2  -217.16099
     10.795        2  -216.97655
     10.945        2  -216.79489
     11.095        2  -216.61527
     11.245        2  -216.43818
     11.395        2  -216.26537
     11.545        2  -216.09063
     11.695        2  -215.91964
     11.845        2  -215.74980
     11.995        2  -215.58198
     12.145        2  -215.41594
     12.295        2  -215.25546
     12.445        2  -215.09487
     12.595        2  -214.93508
     12.745        2  -214.77636
     12.895        2  -214.61951
     13.045        2  -214.46589
     13.195        2  -214.31389
     13.345        2  -214.16338
     13.495        2  -214.01399
     13.645        2  -213.86632
     13.795        2  -213.72110
     13.945        2  -213.57716
     14.095        2  -213.43306
     14.245        2  -213.29158
     14.395        2  -213.14970
     14.545        2  -213.01117
     14.695        2  -212.87501
     14.845        2  -212.74039
     14.995        2  -212.60672
     15.145        2  -212.47367
     15.295        2  -212.34111
     15.445        2  -212.20970
     15.595        2  -212.08139
     15.745        2  -211.95434
     15.895        2  -211.82817
     16.045        2  -211.70161
     16.195        2  -211.57555
     16.345        2  -211.45169
     16.495        2  -211.32847
     16.645        2  -211.20655
     16.795        2  -211.08627
     16.945        2  -210.96491
     17.095        2  -210.84706
     17.245        2  -210.72894
     17.395        2  -210.61178
     17.545        2  -210.49655
     17.695        2  -210.38268
     17.845        2  -210.26876
     17.995        2  -210.15443
     18.145        2  -210.04409
     18.295        2  -209.93267
     18.445        2  -209.82408
     18.595        2  -209.71499
     18.745        2  -209.60701
     18.895        2  -209.49945
     19.045        2  -209.39389
     19.195        2  -209.28843
     19.345        2  -209.18319
     19.495        2  -209.07908
     19.645        2  -208.97605
     19.795        2  -208.87340
     19.945        2  -208.77236
     20.095        2  -208.67131
     21.836        2  -205.60174
     30.068        2  -201.02551
     42.097        2  -196.45737
     58.937        2  -191.91522
     82.515        2  -187.40823
     115.53        2  -182.95860
     161.74        2  -178.57559
     226.45        2  -174.26383
     317.04        2  -170.03729
     443.87        2  -165.88381
     621.44        2  -161.82541
     870.05        2  -157.85505
     1218.1        2  -153.97977
     1705.4        2  -150.19985
     2387.7        2  -146.51829
     3342.9        2  -142.93098
     4680.2        2  -139.44176
     6552.5        2  -136.04041
     9173.8        2  -132.74045
     12844.        2  -129.54509
     17982.        2  -126.44357
     25176.        2  -123.44031
     35247.        2  -120.53914
     49348.        2  -117.75651
     69090.        2  -115.09061
     96729.        2  -112.53991
    0.13543E+06    2  -110.09776
    0.18960E+06    2  -107.76886
    0.26545E+06    2  -105.55035
    0.37165E+06    2  -103.43821
    0.52033E+06    2  -101.42178
    0.72849E+06    2   -99.50507
    0.10199E+07    2   -97.68237
    0.14279E+07    2   -95.95075
    0.19992E+07    2   -94.30191
    0.27990E+07    2   -92.73150
    0.39187E+07    2   -91.23695
    0.54864E+07    2   -89.82024
    0.76812E+07    2   -88.47194
    0.10754E+08    2   -87.19015
    0.15056E+08    2   -85.97344
    0.21080E+08    2   -84.81541
    0.29513E+08    2   -83.71754
    0.41319E+08    2   -82.68344
    0.57849E+08    2   -81.71553
    0.80991E+08    2   -80.82086
    0.11339E+09    2   -79.98779
    0.15875E+09    2   -79.21356
    0.22226E+09    2   -78.48999
    0.31118E+09    2   -77.81600
    0.43567E+09    2   -77.18568
    0.60996E+09    2   -76.60638
    0.85398E+09    2   -76.08268
    0.11956E+10    2   -75.60407
    0.16739E+10    2   -75.16555
    0.23436E+10    2   -74.76164
    0.32811E+10    2   -74.39065
    0.45937E+10    2   -74.05016
    0.64315E+10    2   -73.73727
    0.90044E+10    2   -73.44858
    0.12607E+11    2   -73.18365
    0.17650E+11    2   -72.94112
    0.24711E+11    2   -72.71666
    0.34596E+11    2   -72.51047
    0.48437E+11    2   -72.32037
    0.67814E+11    2   -72.14564
    0.10000E+12    2   -70.16050
