    -29.945         0.00000
    -29.795         0.00000
    -29.645         0.00000
    -29.495         0.00000
    -29.345         0.00000
    -29.195         0.00000
    -29.045         0.00000
    -28.895         0.00000
    -28.745         0.00000
    -28.595         0.00000
    -28.445         0.00000
    -28.295         0.00000
    -28.145         0.00000
    -27.995         0.00000
    -27.845         0.00000
    -27.695         0.00000
    -27.545         0.00000
    -27.395         0.00000
    -27.245         0.00000
    -27.095         0.00000
    -26.945         0.00000
    -26.795         0.00000
    -26.645         0.00000
    -26.495         0.00000
    -26.345         0.00000
    -26.195         0.00000
    -26.045         0.00000
    -25.895         0.00000
    -25.745         0.00000
    -25.595         0.00000
    -25.445         0.00000
    -25.295         0.00000
    -25.145         0.00000
    -24.995         0.00000
    -24.845         0.00000
    -24.695         0.00000
    -24.545         0.00000
    -24.395         0.00000
    -24.245         0.00000
    -24.095         0.00000
    -23.945         0.00000
    -23.795         0.00000
    -23.645         0.00000
    -23.495         0.00000
    -23.345         0.00000
    -23.195         0.00000
    -23.045         0.00000
    -22.895         0.00000
    -22.745         0.00000
    -22.595         0.00000
    -22.445         0.00000
    -22.295         0.00000
    -22.145         0.00000
    -21.995         0.00000
    -21.845         0.00000
    -21.695         0.00000
    -21.545         0.00000
    -21.395         0.00000
    -21.245         0.00000
    -21.095         0.00000
    -20.945         0.00000
    -20.795         0.00000
    -20.645         0.00000
    -20.495         0.00000
    -20.345         0.00000
    -20.195         0.00000
    -20.045         0.00000
    -19.895         0.00000
    -19.745         0.00000
    -19.595         0.00000
    -19.445         0.00000
    -19.295         0.00000
    -19.145         0.00000
    -18.995         0.00000
    -18.845         0.00000
    -18.695         0.00000
    -18.545         0.00000
    -18.395         0.00000
    -18.245         0.00000
    -18.095         0.00000
    -17.945         0.00000
    -17.795         0.00000
    -17.645         0.00000
    -17.495         0.00000
    -17.345         0.00000
    -17.195         0.00000
    -17.045         0.00000
    -16.895         0.00000
    -16.745         0.00000
    -16.595         0.00000
    -16.445         0.00000
    -16.295         0.00000
    -16.145         0.00000
    -15.995         0.00000
    -15.845         0.00000
    -15.695         0.00000
    -15.545         0.00000
    -15.395         0.00000
    -15.245        -0.00032
    -15.095        -0.00872
    -14.945        -0.02806
    -14.795        -0.07187
    -14.645        -0.13847
    -14.495        -0.23177
    -14.345        -0.36758
    -14.195        -0.54123
    -14.045        -0.77730
    -13.895        -1.09069
    -13.745        -1.46435
    -13.595        -1.94568
    -13.445        -2.51834
    -13.295        -3.18009
    -13.145        -3.93008
    -12.995        -4.74980
    -12.845        -5.60822
    -12.695        -6.52490
    -12.545        -7.49780
    -12.395        -8.49208
    -12.245        -9.50506
    -12.095       -10.53783
    -11.945       -11.59757
    -11.795       -12.69484
    -11.645       -13.80715
    -11.495       -14.95275
    -11.345       -16.11387
    -11.195       -17.29720
    -11.045       -18.47433
    -10.895       -19.67539
    -10.745       -20.88154
    -10.595       -22.12078
    -10.445       -23.35712
    -10.295       -24.65421
    -10.145       -26.01791
    -9.9950       -27.41813
    -9.8450       -28.87887
    -9.6950       -30.42080
    -9.5450       -32.03731
    -9.3950       -33.74554
    -9.2450       -35.53089
    -9.0950       -37.33353
    -8.9450       -39.16827
    -8.7950       -41.01415
    -8.6450       -42.88019
    -8.4950       -44.74813
    -8.3450       -46.62443
    -8.1950       -48.53687
    -8.0450       -50.47033
    -7.8950       -52.42561
    -7.7450       -54.39695
    -7.5950       -56.38812
    -7.4450       -58.42074
    -7.2950       -60.48655
    -7.1450       -62.57838
    -6.9950       -64.70887
    -6.8450       -66.85071
    -6.6950       -69.02104
    -6.5450       -71.22784
    -6.3950       -73.47915
    -6.2450       -75.78279
    -6.0950       -78.13197
    -5.9450       -80.49950
    -5.7950       -82.89935
    -5.6450       -85.33077
    -5.4950       -87.82040
    -5.3450       -90.35352
    -5.1950       -92.91925
    -5.0450       -95.52104
    -4.8950       -98.17487
    -4.7450      -100.85114
    -4.5950      -103.57926
    -4.4450      -106.35100
    -4.2950      -109.18317
    -4.1450      -112.06327
    -3.9950      -115.00004
    -3.8450      -118.02600
    -3.6950      -121.13993
    -3.5450      -124.37641
    -3.3950      -127.73363
    -3.2450      -131.25331
    -3.0950      -134.96268
    -2.9450      -138.86522
    -2.7950      -143.03201
    -2.6450      -147.52208
    -2.4950      -152.40312
    -2.3450      -157.76091
    -2.1950      -163.71801
    -2.0450      -170.42746
    -1.8950      -177.99297
    -1.7450      -186.54927
    -1.5950      -196.20541
    -1.4450      -206.96975
    -1.2950      -218.76653
    -1.1450      -231.46882
   -0.99500      -244.99435
   -0.84500      -259.32904
   -0.69500      -274.58937
   -0.54500      -291.24618
   -0.39500      -310.54868
   -0.25300      -325.55335
   -0.21500      -326.58724
   -0.20900      -327.63668
   -0.20300      -328.70466
   -0.19700      -329.78927
   -0.19100      -330.89139
   -0.18500      -332.01344
   -0.17900      -333.15661
   -0.17300      -334.32042
   -0.16700      -335.50794
   -0.16100      -336.71847
   -0.15500      -337.95577
   -0.14900      -339.21916
   -0.14300      -340.51295
   -0.13700      -341.84070
   -0.13100      -343.20069
   -0.12500      -344.60068
   -0.11900      -346.04425
   -0.11300      -347.53509
   -0.10700      -349.07898
   -0.10100      -350.68030
   -0.95000E-01  -352.34689
   -0.89000E-01  -354.08956
   -0.83000E-01  -355.91534
   -0.77000E-01  -357.83566
   -0.71000E-01  -359.86603
   -0.65000E-01  -362.02079
   -0.59000E-01  -364.32280
   -0.53000E-01  -366.80607
   -0.47000E-01  -369.51438
   -0.41000E-01  -372.51512
   -0.35000E-01  -375.92526
   -0.29000E-01  -379.95254
   -0.23000E-01  -384.85237
   -0.19700E-01  -385.39546
   -0.19100E-01  -385.95112
   -0.18500E-01  -386.51910
   -0.17900E-01  -387.09986
   -0.17300E-01  -387.69390
   -0.16700E-01  -388.30207
   -0.16100E-01  -388.92566
   -0.15500E-01  -389.56422
   -0.14900E-01  -390.21892
   -0.14300E-01  -390.89073
   -0.13700E-01  -391.58013
   -0.13100E-01  -392.28847
   -0.12500E-01  -393.01737
   -0.11900E-01  -393.76801
   -0.11300E-01  -394.54138
   -0.10700E-01  -395.33687
   -0.10100E-01  -396.15525
   -0.95000E-02  -396.99471
   -0.89000E-02  -397.85344
   -0.83000E-02  -398.72882
   -0.77000E-02  -399.61819
   -0.71000E-02  -400.51816
   -0.65000E-02  -401.42317
   -0.59000E-02  -402.32529
   -0.53000E-02  -403.21476
   -0.47000E-02  -404.07950
   -0.41000E-02  -404.90543
   -0.35000E-02  -405.67522
   -0.29000E-02  -406.36532
   -0.23000E-02  -406.94893
   -0.17000E-02  -407.40266
   -0.11000E-02  -407.70754
   -0.50000E-03  -407.84952
    0.10000E-03  -407.82095
    0.70000E-03  -407.62343
    0.13000E-02  -407.26726
    0.19000E-02  -406.76817
    0.25000E-02  -406.14661
    0.31000E-02  -405.42701
    0.37000E-02  -404.63631
    0.43000E-02  -403.79580
    0.49000E-02  -402.92189
    0.55000E-02  -402.02739
    0.61000E-02  -401.12457
    0.67000E-02  -400.22142
    0.73000E-02  -399.32622
    0.79000E-02  -398.44301
    0.85000E-02  -397.57432
    0.91000E-02  -396.72322
    0.97000E-02  -395.89197
    0.10300E-01  -395.08261
    0.10900E-01  -394.29589
    0.11500E-01  -393.53172
    0.12100E-01  -392.79043
    0.12700E-01  -392.07084
    0.13300E-01  -391.37140
    0.13900E-01  -390.69036
    0.14500E-01  -390.02708
    0.15100E-01  -389.38030
    0.15700E-01  -388.74987
    0.16300E-01  -388.13473
    0.16900E-01  -387.53370
    0.17500E-01  -386.94729
    0.18100E-01  -386.37413
    0.18700E-01  -385.81382
    0.19300E-01  -385.26636
    0.20200E-01  -383.24827
    0.25000E-01  -378.72076
    0.31000E-01  -374.98685
    0.37000E-01  -371.80349
    0.43000E-01  -368.99183
    0.49000E-01  -366.45872
    0.55000E-01  -364.14561
    0.61000E-01  -362.01532
    0.67000E-01  -360.03889
    0.73000E-01  -358.19537
    0.79000E-01  -356.46846
    0.85000E-01  -354.84556
    0.91000E-01  -353.31561
    0.97000E-01  -351.86709
    0.10300      -350.49229
    0.10900      -349.18318
    0.11500      -347.93320
    0.12100      -346.73584
    0.12700      -345.58814
    0.13300      -344.48292
    0.13900      -343.42000
    0.14500      -342.39226
    0.15100      -341.40099
    0.15700      -340.44154
    0.16300      -339.51329
    0.16900      -338.61334
    0.17500      -337.73989
    0.18100      -336.89309
    0.18700      -336.06928
    0.19300      -335.26921
    0.19900      -334.49210
    0.20500      -333.73623
    0.21100      -332.99837
    0.21700      -332.28105
    0.29500      -318.09953
    0.44500      -309.36735
    0.59500      -303.31686
    0.74500      -298.69144
    0.89500      -294.94227
     1.0450      -291.75645
     1.1950      -288.95761
     1.3450      -286.44329
     1.4950      -284.16526
     1.6450      -282.09816
     1.7950      -280.20355
     1.9450      -278.46308
     2.0950      -276.87276
     2.2450      -275.42227
     2.3950      -274.07918
     2.5450      -272.85244
     2.6950      -271.74168
     2.8450      -270.71164
     2.9950      -269.76670
     3.1450      -268.89904
     3.2950      -268.08699
     3.4450      -267.33234
     3.5950      -266.62918
     3.7450      -265.95679
     3.8950      -265.32687
     4.0450      -264.72460
     4.1950      -264.15210
     4.3450      -263.60275
     4.4950      -263.07694
     4.6450      -262.57368
     4.7950      -262.08612
     4.9450      -261.61217
     5.0950      -261.15738
     5.2450      -260.72009
     5.3950      -260.29263
     5.5450      -259.87976
     5.6950      -259.47738
     5.8450      -259.08724
     5.9950      -258.70621
     6.1450      -258.33472
     6.2950      -257.97292
     6.4450      -257.62141
     6.5950      -257.27938
     6.7450      -256.94133
     6.8950      -256.60936
     7.0450      -256.28702
     7.1950      -255.96841
     7.3450      -255.65698
     7.4950      -255.35270
     7.6450      -255.05575
     7.7950      -254.76470
     7.9450      -254.47831
     8.0950      -254.19541
     8.2450      -253.91959
     8.3950      -253.64874
     8.5450      -253.38232
     8.6950      -253.12049
     8.8450      -252.86332
     8.9950      -252.60952
     9.1450      -252.35986
     9.2950      -252.11476
     9.4450      -251.87307
     9.5950      -251.63526
     9.7450      -251.40183
     9.8950      -251.17034
     10.045      -250.94449
     10.195      -250.72049
     10.345      -250.50031
     10.495      -250.28244
     10.645      -250.06759
     10.795      -249.85514
     10.945      -249.64550
     11.095      -249.43909
     11.245      -249.23629
     11.395      -249.03789
     11.545      -248.84020
     11.695      -248.64429
     11.845      -248.45074
     11.995      -248.25995
     12.145      -248.06975
     12.295      -247.88268
     12.445      -247.69896
     12.595      -247.51579
     12.745      -247.33418
     12.895      -247.15651
     13.045      -246.98106
     13.195      -246.80635
     13.345      -246.63445
     13.495      -246.46383
     13.645      -246.29647
     13.795      -246.13109
     13.945      -245.96620
     14.095      -245.80379
     14.245      -245.64178
     14.395      -245.48215
     14.545      -245.32475
     14.695      -245.16851
     14.845      -245.01302
     14.995      -244.85984
     15.145      -244.70811
     15.295      -244.55729
     15.445      -244.40821
     15.595      -244.26128
     15.745      -244.11383
     15.895      -243.96879
     16.045      -243.82537
     16.195      -243.68316
     16.345      -243.54207
     16.495      -243.40273
     16.645      -243.26484
     16.795      -243.12660
     16.945      -242.99160
     17.095      -242.85708
     17.245      -242.72462
     17.395      -242.59102
     17.545      -242.45981
     17.695      -242.32951
     17.845      -242.20095
     17.995      -242.07301
     18.145      -241.94495
     18.295      -241.81842
     18.445      -241.69338
     18.595      -241.56922
     18.745      -241.44670
     18.895      -241.32468
     19.045      -241.20412
     19.195      -241.08530
     19.345      -240.96599
     19.495      -240.84726
     19.645      -240.73007
     19.795      -240.61279
     19.945      -240.49690
     20.095      -240.38219
     20.245      -240.26815
     20.395      -240.15474
     20.545      -240.04306
     20.695      -239.93221
     20.845      -239.82179
     20.995      -239.71233
     21.145      -239.60348
     21.295      -239.49500
     21.445      -239.38820
     21.595      -239.28075
     21.745      -239.17390
     21.895      -239.06857
     22.045      -238.96420
     22.195      -238.86010
     22.345      -238.75703
     22.495      -238.65530
     22.645      -238.55461
     22.795      -238.45378
     22.945      -238.35309
     23.095      -238.25327
     23.245      -238.15512
     23.395      -238.05734
     23.545      -237.95899
     23.695      -237.86152
     23.845      -237.76496
     23.995      -237.66985
     24.145      -237.57437
     24.295      -237.47981
     24.445      -237.38571
     24.595      -237.29189
     24.745      -237.19834
     24.895      -237.10460
     25.045      -237.01280
     25.195      -236.92132
     25.345      -236.83024
     25.495      -236.74025
     25.645      -236.65055
     25.795      -236.56178
     25.945      -236.47365
     26.095      -236.38566
     26.245      -236.29785
     26.395      -236.21063
     26.545      -236.12389
     26.695      -236.03832
     26.845      -235.95233
     26.995      -235.86714
     27.145      -235.78240
     27.295      -235.69835
     27.445      -235.61449
     27.595      -235.53136
     27.745      -235.44806
     27.895      -235.36611
     28.045      -235.28418
     28.195      -235.20171
     28.345      -235.12096
     28.495      -235.03992
     28.645      -234.95905
     28.795      -234.87905
     28.945      -234.79989
     29.095      -234.72013
     29.245      -234.64148
     29.395      -234.56288
     29.545      -234.48483
     29.695      -234.40778
     29.845      -234.33062
     29.995      -234.25453
     30.145      -234.17836
     30.295      -234.10260
     30.445      -234.02707
     30.595      -233.95207
     30.745      -233.87750
     30.895      -233.80337
     31.045      -233.72872
     31.195      -233.65386
     31.345      -233.58073
     31.495      -233.50821
     31.645      -233.43535
     31.795      -233.36298
     31.945      -233.29120
     32.095      -233.21980
     32.245      -233.14842
     32.395      -233.07766
     32.545      -233.00650
     32.695      -232.93665
     32.845      -232.86638
     32.995      -232.79754
     33.145      -232.72773
     33.295      -232.65815
     33.445      -232.58909
     33.595      -232.52081
     33.745      -232.45249
     33.895      -232.38504
     34.045      -232.31766
     34.195      -232.25015
     34.345      -232.18313
     34.495      -232.11676
     34.645      -232.05067
     34.795      -231.98467
     34.945      -231.91844
     35.095      -231.85302
     35.245      -231.78758
     35.395      -231.72298
     35.545      -231.65808
     35.695      -231.59352
     35.845      -231.52948
     35.995      -231.46596
     36.145      -231.40277
     36.295      -231.33876
     36.445      -231.27579
     36.595      -231.21345
     36.745      -231.15046
     36.895      -231.08840
     37.045      -231.02645
     37.195      -230.96492
     37.345      -230.90352
     37.495      -230.84278
     37.645      -230.78150
     37.795      -230.72050
     37.945      -230.66064
     38.095      -230.60051
     38.245      -230.54004
     38.395      -230.48010
     38.545      -230.42060
     38.695      -230.36099
     38.845      -230.30204
     38.995      -230.24348
     39.145      -230.18433
     39.295      -230.12563
     39.445      -230.06741
     39.595      -230.00952
     39.745      -229.95215
     39.895      -229.89481
     40.045      -229.83747
     40.195      -229.78068
     40.345      -229.72351
     40.495      -229.66700
     40.645      -229.61069
     40.795      -229.55425
     40.945      -229.49863
     41.095      -229.44286
     41.245      -229.38706
     41.395      -229.33160
     41.545      -229.27629
     41.695      -229.22158
     41.845      -229.16690
     41.995      -229.11259
     42.145      -229.05798
     42.295      -229.00408
     42.445      -228.95043
     42.595      -228.89695
     42.745      -228.84340
     42.895      -228.78946
     43.045      -228.73655
     43.195      -228.68401
     43.345      -228.63090
     43.495      -228.57787
     43.645      -228.52562
     43.795      -228.47325
     43.945      -228.42100
     44.095      -228.36884
     44.245      -228.31740
     44.395      -228.26559
     44.545      -228.21457
     44.695      -228.16344
     44.845      -228.11318
     44.995      -228.06203
     45.145      -228.01118
     45.295      -227.96072
     45.445      -227.91057
     45.595      -227.86067
     45.745      -227.81090
     45.895      -227.76135
     46.045      -227.71218
     46.195      -227.66269
     46.345      -227.61402
     46.495      -227.56520
     46.645      -227.51606
     46.795      -227.46757
     46.945      -227.41917
     47.095      -227.37099
     47.245      -227.32321
     47.395      -227.27481
     47.545      -227.22726
     47.695      -227.18002
     47.845      -227.13302
     47.995      -227.08583
     48.145      -227.03876
     48.295      -226.99190
     48.445      -226.94459
     48.595      -226.89783
     48.745      -226.85069
     48.895      -226.80429
     49.045      -226.75749
     49.195      -226.71123
     49.345      -226.66517
     49.495      -226.61940
     49.645      -226.57381
     49.795      -226.52745
     49.945      -226.48199
     50.095      -226.43695
     50.245      -226.39152
     50.395      -226.34651
     50.545      -226.30114
     50.695      -226.25686
     50.845      -226.21171
     50.995      -226.16664
     51.145      -226.12233
     51.295      -226.07804
     51.445      -226.03362
     51.595      -225.98960
     51.745      -225.94539
     51.895      -225.90121
     52.045      -225.85757
     52.195      -225.81368
     52.345      -225.77025
     52.495      -225.72668
     52.645      -225.68346
     52.795      -225.64034
     52.945      -225.59714
     53.095      -225.55415
     53.245      -225.51133
     53.395      -225.46880
     53.545      -225.42571
     53.695      -225.38327
     53.845      -225.34066
     53.995      -225.29896
     54.145      -225.25711
     54.295      -225.21502
     54.445      -225.17345
     54.595      -225.13246
     54.745      -225.09124
     54.895      -225.04918
     55.045      -225.00819
     55.195      -224.96698
     55.345      -224.92617
     55.495      -224.88470
     55.645      -224.84358
     55.795      -224.80266
     55.945      -224.76162
     56.095      -224.72076
     56.245      -224.68027
     56.395      -224.64053
     56.545      -224.60028
     56.695      -224.56009
     56.845      -224.51990
     56.995      -224.48014
     57.145      -224.44079
     57.295      -224.40121
     57.445      -224.36183
     57.595      -224.32278
     57.745      -224.28331
     57.895      -224.24374
     58.045      -224.20460
     58.195      -224.16589
     58.345      -224.12751
     58.495      -224.08910
     58.645      -224.05091
     58.795      -224.01275
     58.945      -223.97447
     59.095      -223.93638
     59.245      -223.89793
     59.395      -223.85954
     59.545      -223.82163
     59.695      -223.78427
     59.845      -223.74669
     59.995      -223.70886
     60.145      -223.67143
     70.939      -218.87271
     97.698      -214.14641
     134.55      -209.49185
     185.30      -204.91585
     255.20      -200.42711
     351.46      -196.02779
     484.04      -191.71470
     666.62      -187.50140
     918.07      -183.39221
     1264.4      -179.38640
     1741.3      -175.47688
     2398.1      -171.65678
     3302.7      -167.92357
     4548.5      -164.27866
     6264.3      -160.72217
     8627.2      -157.25392
     11881.      -153.87453
     16363.      -150.58108
     22535.      -147.37739
     31036.      -144.27796
     42743.      -141.28896
     58866.      -138.41634
     81070.      -135.66068
    0.11165E+06  -133.01995
    0.15377E+06  -130.49760
    0.21177E+06  -128.08655
    0.29165E+06  -125.78236
    0.40166E+06  -123.58500
    0.55317E+06  -121.48647
    0.76182E+06  -119.48625
    0.10492E+07  -117.57707
    0.14449E+07  -115.75720
    0.19900E+07  -114.02284
    0.27406E+07  -112.36952
    0.37744E+07  -110.79324
    0.51981E+07  -109.29072
    0.71589E+07  -107.85709
    0.98593E+07  -106.49351
    0.13578E+08  -105.19274
    0.18700E+08  -103.95322
    0.25754E+08  -102.77238
    0.35468E+08  -101.65252
    0.48847E+08  -100.59757
    0.67273E+08   -99.61501
    0.92648E+08   -98.70283
    0.12760E+09   -97.85104
    0.17573E+09   -97.05505
    0.24201E+09   -96.30910
    0.33330E+09   -95.60851
    0.45902E+09   -94.95204
    0.63217E+09   -94.35187
    0.87062E+09   -93.80605
    0.11990E+10   -93.30372
    0.16513E+10   -92.84041
    0.22742E+10   -92.41338
    0.31320E+10   -92.01983
    0.43134E+10   -91.65719
    0.59405E+10   -91.32173
    0.81813E+10   -91.01145
    0.11267E+11   -90.72613
    0.15517E+11   -90.46194
    0.21371E+11   -90.21821
    0.29432E+11   -89.99310
    0.40534E+11   -89.78562
    0.55823E+11   -89.59352
    0.10000E+12   -87.28764
