    -29.945        1     0.00000
    -29.795        1     0.00000
    -29.645        1     0.00000
    -29.495        1     0.00000
    -29.345        1     0.00000
    -29.195        1     0.00000
    -29.045        1     0.00000
    -28.895        1     0.00000
    -28.745        1     0.00000
    -28.595        1     0.00000
    -28.445        1     0.00000
    -28.295        1     0.00000
    -28.145        1     0.00000
    -27.995        1     0.00000
    -27.845        1     0.00000
    -27.695        1     0.00000
    -27.545        1     0.00000
    -27.395        1     0.00000
    -27.245        1     0.00000
    -27.095        1     0.00000
    -26.945        1     0.00000
    -26.795        1     0.00000
    -26.645        1     0.00000
    -26.495        1     0.00000
    -26.345        1     0.00000
    -26.195        1     0.00000
    -26.045        1     0.00000
    -25.895        1     0.00000
    -25.745        1     0.00000
    -25.595        1     0.00000
    -25.445        1     0.00000
    -25.295        1     0.00000
    -25.145        1     0.00000
    -24.995        1     0.00000
    -24.845        1     0.00000
    -24.695        1     0.00000
    -24.545        1     0.00000
    -24.395        1     0.00000
    -24.245        1     0.00000
    -24.095        1    -0.00032
    -23.945        1    -0.00096
    -23.795        1    -0.00159
    -23.645        1    -0.00318
    -23.495        1    -0.00539
    -23.345        1    -0.01151
    -23.195        1    -0.01980
    -23.045        1    -0.03088
    -22.895        1    -0.04748
    -22.745        1    -0.06955
    -22.595        1    -0.10277
    -22.445        1    -0.14490
    -22.295        1    -0.19816
    -22.145        1    -0.26212
    -21.995        1    -0.34660
    -21.845        1    -0.44190
    -21.695        1    -0.54847
    -21.545        1    -0.66723
    -21.395        1    -0.79573
    -21.245        1    -0.93165
    -21.095        1    -1.08058
    -20.945        1    -1.24673
    -20.795        1    -1.40837
    -20.645        1    -1.57348
    -20.495        1    -1.75827
    -20.345        1    -1.94021
    -20.195        1    -2.13453
    -20.045        1    -2.31212
    -19.895        1    -2.49863
    -19.745        1    -2.68354
    -19.595        1    -2.88262
    -19.445        1    -3.07985
    -19.295        1    -3.26374
    -19.145        1    -3.44776
    -18.995        1    -3.63899
    -18.845        1    -3.82223
    -18.695        1    -4.00090
    -18.545        1    -4.17794
    -18.395        1    -4.34989
    -18.245        1    -4.51093
    -18.095        1    -4.67953
    -17.945        1    -4.83817
    -17.795        1    -5.00409
    -17.645        1    -5.16508
    -17.495        1    -5.32543
    -17.345        1    -5.47814
    -17.195        1    -5.62810
    -17.045        1    -5.77440
    -16.895        1    -5.91841
    -16.745        1    -6.05871
    -16.595        1    -6.18904
    -16.445        1    -6.32828
    -16.295        1    -6.47325
    -16.145        1    -6.61624
    -15.995        1    -6.74532
    -15.845        1    -6.87776
    -15.695        1    -7.00799
    -15.545        1    -7.14262
    -15.395        1    -7.26855
    -15.245        1    -7.39862
    -15.095        1    -7.53299
    -14.945        1    -7.66881
    -14.795        1    -7.79980
    -14.645        1    -7.93933
    -14.495        1    -8.08013
    -14.345        1    -8.21492
    -14.195        1    -8.35139
    -14.045        1    -8.49632
    -13.895        1    -8.63922
    -13.745        1    -8.78827
    -13.595        1    -8.93474
    -13.445        1    -9.08073
    -13.295        1    -9.23359
    -13.145        1    -9.38642
    -12.995        1    -9.54352
    -12.845        1    -9.69415
    -12.695        1    -9.85609
    -12.545        1   -10.00599
    -12.395        1   -10.16024
    -12.245        1   -10.30367
    -12.095        1   -10.45636
    -11.945        1   -10.60925
    -11.795        1   -10.75955
    -11.645        1   -10.91304
    -11.495        1   -11.06881
    -11.345        1   -11.21890
    -11.195        1   -11.37456
    -11.045        1   -11.53607
    -10.895        1   -11.68956
    -10.745        1   -11.84868
    -10.595        1   -11.99414
    -10.445        1   -12.14431
    -10.295        1   -12.29743
    -10.145        1   -12.45019
    -9.9950        1   -12.60119
    -9.8450        1   -12.75471
    -9.6950        1   -12.90590
    -9.5450        1   -13.04949
    -9.3950        1   -13.19119
    -9.2450        1   -13.33213
    -9.0950        1   -13.48195
    -8.9450        1   -13.62742
    -8.7950        1   -13.77028
    -8.6450        1   -13.90992
    -8.4950        1   -14.05322
    -8.3450        1   -14.19866
    -8.1950        1   -14.33898
    -8.0450        1   -14.48600
    -7.8950        1   -14.63441
    -7.7450        1   -14.78121
    -7.5950        1   -14.93199
    -7.4450        1   -15.08038
    -7.2950        1   -15.23897
    -7.1450        1   -15.39881
    -6.9950        1   -15.56405
    -6.8450        1   -15.72951
    -6.6950        1   -15.89680
    -6.5450        1   -16.07263
    -6.3950        1   -16.25164
    -6.2450        1   -16.43691
    -6.0950        1   -16.63099
    -5.9450        1   -16.82539
    -5.7950        1   -17.02657
    -5.6450        1   -17.23396
    -5.4950        1   -17.45198
    -5.3450        1   -17.66976
    -5.1950        1   -17.90297
    -5.0450        1   -18.13828
    -4.8950        1   -18.38623
    -4.7450        1   -18.64794
    -4.5950        1   -18.91464
    -4.4450        1   -19.20017
    -4.2950        1   -19.49560
    -4.1450        1   -19.80406
    -3.9950        1   -20.12685
    -3.8450        1   -20.46543
    -3.6950        1   -20.82100
    -3.5450        1   -21.19139
    -3.3950        1   -21.57977
    -3.2450        1   -21.98858
    -3.0950        1   -22.41966
    -2.9450        1   -22.86154
    -2.7950        1   -23.32968
    -2.6450        1   -23.81782
    -2.4950        1   -24.33109
    -2.3450        1   -24.86155
    -2.1950        1   -25.40096
    -2.0450        1   -25.94356
    -1.8950        1   -26.49009
    -1.7450        1   -27.03351
    -1.5950        1   -27.57429
    -1.4450        1   -28.10646
    -1.2950        1   -28.63954
    -1.1450        1   -29.17007
   -0.99500        1   -29.71082
   -0.84500        1   -30.27529
   -0.69500        1   -30.87517
   -0.54500        1   -31.53182
   -0.39500        1   -32.28860
   -0.25300        1   -32.85855
   -0.21500        1   -32.89730
   -0.20900        1   -32.93639
   -0.20300        1   -32.97609
   -0.19700        1   -33.01622
   -0.19100        1   -33.05711
   -0.18500        1   -33.09852
   -0.17900        1   -33.14110
   -0.17300        1   -33.18404
   -0.16700        1   -33.22742
   -0.16100        1   -33.27205
   -0.15500        1   -33.31787
   -0.14900        1   -33.36498
   -0.14300        1   -33.41271
   -0.13700        1   -33.46174
   -0.13100        1   -33.51219
   -0.12500        1   -33.56395
   -0.11900        1   -33.61764
   -0.11300        1   -33.67312
   -0.10700        1   -33.73097
   -0.10100        1   -33.79166
   -0.95000E-01    1   -33.85456
   -0.89000E-01    1   -33.92119
   -0.83000E-01    1   -33.99143
   -0.77000E-01    1   -34.06576
   -0.71000E-01    1   -34.14520
   -0.65000E-01    1   -34.23044
   -0.59000E-01    1   -34.32172
   -0.53000E-01    1   -34.42076
   -0.47000E-01    1   -34.52922
   -0.41000E-01    1   -34.64902
   -0.35000E-01    1   -34.78359
   -0.29000E-01    1   -34.93930
   -0.23000E-01    1   -35.12831
   -0.19700E-01    1   -35.14951
   -0.19100E-01    1   -35.17121
   -0.18500E-01    1   -35.19343
   -0.17900E-01    1   -35.21618
   -0.17300E-01    1   -35.23952
   -0.16700E-01    1   -35.26339
   -0.16100E-01    1   -35.28799
   -0.15500E-01    1   -35.31321
   -0.14900E-01    1   -35.33909
   -0.14300E-01    1   -35.36568
   -0.13700E-01    1   -35.39293
   -0.13100E-01    1   -35.42092
   -0.12500E-01    1   -35.44971
   -0.11900E-01    1   -35.47930
   -0.11300E-01    1   -35.50976
   -0.10700E-01    1   -35.54105
   -0.10100E-01    1   -35.57311
   -0.95000E-02    1   -35.60615
   -0.89000E-02    1   -35.64011
   -0.83000E-02    1   -35.67499
   -0.77000E-02    1   -35.71047
   -0.71000E-02    1   -35.74637
   -0.65000E-02    1   -35.78230
   -0.59000E-02    1   -35.81791
   -0.53000E-02    1   -35.85265
   -0.47000E-02    1   -35.88598
   -0.41000E-02    1   -35.91721
   -0.35000E-02    1   -35.94569
   -0.29000E-02    1   -35.97058
   -0.23000E-02    1   -35.99102
   -0.17000E-02    1   -36.00653
   -0.11000E-02    1   -36.01673
   -0.50000E-03    1   -36.02140
    0.10000E-03    1   -36.02046
    0.70000E-03    1   -36.01393
    0.13000E-02    1   -36.00195
    0.19000E-02    1   -35.98478
    0.25000E-02    1   -35.96281
    0.31000E-02    1   -35.93665
    0.37000E-02    1   -35.90724
    0.43000E-02    1   -35.87529
    0.49000E-02    1   -35.84147
    0.55000E-02    1   -35.80639
    0.61000E-02    1   -35.77061
    0.67000E-02    1   -35.73463
    0.73000E-02    1   -35.69886
    0.79000E-02    1   -35.66365
    0.85000E-02    1   -35.62916
    0.91000E-02    1   -35.59562
    0.97000E-02    1   -35.56318
    0.10300E-01    1   -35.53173
    0.10900E-01    1   -35.50130
    0.11500E-01    1   -35.47188
    0.12100E-01    1   -35.44343
    0.12700E-01    1   -35.41570
    0.13300E-01    1   -35.38883
    0.13900E-01    1   -35.36273
    0.14500E-01    1   -35.33727
    0.15100E-01    1   -35.31256
    0.15700E-01    1   -35.28835
    0.16300E-01    1   -35.26488
    0.16900E-01    1   -35.24173
    0.17500E-01    1   -35.21920
    0.18100E-01    1   -35.19713
    0.18700E-01    1   -35.17567
    0.19300E-01    1   -35.15460
    0.20200E-01    1   -35.07724
    0.25000E-01    1   -34.90355
    0.31000E-01    1   -34.75747
    0.37000E-01    1   -34.62993
    0.43000E-01    1   -34.51626
    0.49000E-01    1   -34.41347
    0.55000E-01    1   -34.31962
    0.61000E-01    1   -34.23371
    0.67000E-01    1   -34.15463
    0.73000E-01    1   -34.08146
    0.79000E-01    1   -34.01393
    0.85000E-01    1   -33.95093
    0.91000E-01    1   -33.89266
    0.97000E-01    1   -33.83800
    0.10300        1   -33.78723
    0.10900        1   -33.73940
    0.11500        1   -33.69406
    0.12100        1   -33.65124
    0.12700        1   -33.61096
    0.13300        1   -33.57248
    0.13900        1   -33.53570
    0.14500        1   -33.50097
    0.15100        1   -33.46728
    0.15700        1   -33.43547
    0.16300        1   -33.40482
    0.16900        1   -33.37544
    0.17500        1   -33.34751
    0.18100        1   -33.32065
    0.18700        1   -33.29508
    0.19300        1   -33.27000
    0.19900        1   -33.24607
    0.20500        1   -33.22303
    0.21100        1   -33.20051
    0.21700        1   -33.17901
    0.29500        1   -32.78761
    0.44500        1   -32.58785
    0.59500        1   -32.46818
    0.74500        1   -32.38120
    0.89500        1   -32.30968
     1.0450        1   -32.24825
     1.1950        1   -32.19318
     1.3450        1   -32.14408
     1.4950        1   -32.09911
     1.6450        1   -32.05747
     1.7950        1   -32.01856
     1.9450        1   -31.98307
     2.0950        1   -31.94890
     2.2450        1   -31.91697
     2.3950        1   -31.88781
     2.5450        1   -31.85975
     2.6950        1   -31.83317
     2.8450        1   -31.80793
     2.9950        1   -31.78490
     3.1450        1   -31.76372
     3.2950        1   -31.74157
     3.4450        1   -31.72143
     3.5950        1   -31.70138
     3.7450        1   -31.68355
     3.8950        1   -31.66508
     4.0450        1   -31.64768
     4.1950        1   -31.63083
     4.3450        1   -31.61490
     4.4950        1   -31.60044
     4.6450        1   -31.58516
     4.7950        1   -31.57171
     4.9450        1   -31.55783
     5.0950        1   -31.54450
     5.2450        1   -31.53293
     5.3950        1   -31.52020
     5.5450        1   -31.50733
     5.6950        1   -31.49551
     5.8450        1   -31.48422
     5.9950        1   -31.47375
     6.1450        1   -31.46263
     6.2950        1   -31.45255
     6.4450        1   -31.44246
     6.5950        1   -31.43182
     6.7450        1   -31.42219
     6.8950        1   -31.41193
     7.0450        1   -31.40248
     7.1950        1   -31.39245
     7.3450        1   -31.38223
     7.4950        1   -31.37322
     7.6450        1   -31.36442
     7.7950        1   -31.35579
     7.9450        1   -31.34751
     8.0950        1   -31.33959
     8.2450        1   -31.33112
     8.3950        1   -31.32329
     8.5450        1   -31.31535
     8.6950        1   -31.30763
     8.8450        1   -31.29984
     8.9950        1   -31.29224
     9.1450        1   -31.28483
     9.2950        1   -31.27715
     9.4450        1   -31.26997
     9.5950        1   -31.26181
     9.7450        1   -31.25447
     9.8950        1   -31.24761
     10.045        1   -31.24076
     10.195        1   -31.23350
     10.345        1   -31.22686
     10.495        1   -31.21992
     10.645        1   -31.21332
     10.795        1   -31.20638
     10.945        1   -31.19989
     11.095        1   -31.19249
     11.245        1   -31.18596
     11.395        1   -31.17944
     11.545        1   -31.17265
     11.695        1   -31.16637
     11.845        1   -31.16016
     11.995        1   -31.15440
     12.145        1   -31.14809
     12.295        1   -31.14211
     12.445        1   -31.13621
     12.595        1   -31.13017
     12.745        1   -31.12460
     12.895        1   -31.11900
     13.045        1   -31.11272
     13.195        1   -31.10698
     13.345        1   -31.10164
     13.495        1   -31.09606
     13.645        1   -31.09038
     13.795        1   -31.08488
     13.945        1   -31.07957
     14.095        1   -31.07409
     14.245        1   -31.06847
     14.395        1   -31.06340
     14.545        1   -31.05864
     14.695        1   -31.05365
     14.845        1   -31.04857
     14.995        1   -31.04352
     15.145        1   -31.03845
     15.295        1   -31.03355
     15.445        1   -31.02871
     15.595        1   -31.02381
     15.745        1   -31.01769
     15.895        1   -31.01299
     16.045        1   -31.00770
     16.195        1   -31.00301
     16.345        1   -30.99849
     16.495        1   -30.99396
     16.645        1   -30.98948
     16.795        1   -30.98507
     16.945        1   -30.98038
     17.095        1   -30.97619
     17.245        1   -30.97165
     17.395        1   -30.96713
     17.545        1   -30.96284
     17.695        1   -30.95763
     17.845        1   -30.95327
     17.995        1   -30.94896
     18.145        1   -30.94458
     18.295        1   -30.94030
     18.445        1   -30.93546
     18.595        1   -30.93131
     18.745        1   -30.92751
     18.895        1   -30.92354
     19.045        1   -30.91916
     19.195        1   -30.91504
     19.345        1   -30.91117
     19.495        1   -30.90728
     19.645        1   -30.90325
     19.795        1   -30.89915
     19.945        1   -30.89495
     20.095        1   -30.89048
     20.245        1   -30.88658
     20.395        1   -30.88299
     20.545        1   -30.87924
     20.695        1   -30.87568
     20.845        1   -30.87217
     20.995        1   -30.86873
     21.145        1   -30.86499
     21.295        1   -30.86126
     21.445        1   -30.85771
     21.595        1   -30.85430
     21.745        1   -30.85061
     21.895        1   -30.84686
     22.045        1   -30.84353
     22.195        1   -30.84013
     22.345        1   -30.83659
     22.495        1   -30.83304
     22.645        1   -30.82969
     22.795        1   -30.82625
     22.945        1   -30.82223
     23.095        1   -30.81872
     23.245        1   -30.81561
     23.395        1   -30.81225
     23.545        1   -30.80896
     23.695        1   -30.80583
     23.845        1   -30.80259
     23.995        1   -30.79930
     24.145        1   -30.79586
     24.295        1   -30.79282
     24.445        1   -30.78963
     24.595        1   -30.78620
     24.745        1   -30.78312
     24.895        1   -30.77961
     25.045        1   -30.77632
     25.195        1   -30.77325
     25.345        1   -30.76994
     25.495        1   -30.76703
     25.645        1   -30.76373
     25.795        1   -30.76038
     25.945        1   -30.75746
     26.095        1   -30.75439
     26.245        1   -30.75156
     26.395        1   -30.74875
     26.545        1   -30.74534
     26.695        1   -30.74253
     26.845        1   -30.73965
     26.995        1   -30.73685
     27.145        1   -30.73395
     27.295        1   -30.73069
     27.445        1   -30.72786
     27.595        1   -30.72483
     27.745        1   -30.72201
     27.895        1   -30.71895
     28.045        1   -30.71584
     28.195        1   -30.71282
     28.345        1   -30.71003
     28.495        1   -30.70715
     28.645        1   -30.70439
     28.795        1   -30.70168
     28.945        1   -30.69888
     29.095        1   -30.69628
     29.245        1   -30.69353
     29.395        1   -30.69065
     29.545        1   -30.68766
     29.695        1   -30.68480
     29.845        1   -30.68214
     29.995        1   -30.67951
     30.145        1   -30.67681
     30.295        1   -30.67410
     30.445        1   -30.67148
     30.595        1   -30.66885
     30.745        1   -30.66627
     30.895        1   -30.66374
     31.045        1   -30.66107
     31.195        1   -30.65847
     31.345        1   -30.65584
     31.495        1   -30.65333
     31.645        1   -30.65091
     31.795        1   -30.64837
     31.945        1   -30.64595
     32.095        1   -30.64335
     32.245        1   -30.64069
     32.395        1   -30.63821
     32.545        1   -30.63549
     32.695        1   -30.63308
     32.845        1   -30.63068
     32.995        1   -30.62824
     33.145        1   -30.62577
     33.295        1   -30.62324
     33.445        1   -30.62105
     33.595        1   -30.61869
     33.745        1   -30.61622
     33.895        1   -30.61361
     34.045        1   -30.61120
     34.195        1   -30.60882
     34.345        1   -30.60639
     34.495        1   -30.60403
     34.645        1   -30.60178
     34.795        1   -30.59961
     34.945        1   -30.59718
     35.095        1   -30.59495
     35.245        1   -30.59253
     35.395        1   -30.59028
     35.545        1   -30.58800
     35.695        1   -30.58574
     35.845        1   -30.58334
     35.995        1   -30.58123
     36.145        1   -30.57908
     36.295        1   -30.57640
     36.445        1   -30.57413
     36.595        1   -30.57206
     36.745        1   -30.56970
     36.895        1   -30.56742
     37.045        1   -30.56530
     37.195        1   -30.56283
     37.345        1   -30.56062
     37.495        1   -30.55861
     37.645        1   -30.55659
     37.795        1   -30.55441
     37.945        1   -30.55218
     38.095        1   -30.54956
     38.245        1   -30.54755
     38.395        1   -30.54554
     38.545        1   -30.54338
     38.695        1   -30.54130
     38.845        1   -30.53904
     38.995        1   -30.53686
     39.145        1   -30.53488
     39.295        1   -30.53283
     39.445        1   -30.53072
     39.595        1   -30.52876
     39.745        1   -30.52653
     39.895        1   -30.52450
     40.045        1   -30.52262
     40.195        1   -30.52059
     40.345        1   -30.51861
     40.495        1   -30.51670
     40.645        1   -30.51475
     40.795        1   -30.51277
     40.945        1   -30.51081
     41.095        1   -30.50890
     41.245        1   -30.50697
     41.395        1   -30.50509
     41.545        1   -30.50329
     41.695        1   -30.50114
     41.845        1   -30.49925
     41.995        1   -30.49740
     42.145        1   -30.49555
     42.295        1   -30.49365
     42.445        1   -30.49193
     42.595        1   -30.49013
     42.745        1   -30.48832
     42.895        1   -30.48637
     43.045        1   -30.48448
     43.195        1   -30.48276
     43.345        1   -30.48088
     43.495        1   -30.47884
     43.645        1   -30.47706
     43.795        1   -30.47517
     43.945        1   -30.47318
     44.095        1   -30.47129
     44.245        1   -30.46941
     44.395        1   -30.46725
     44.545        1   -30.46558
     44.695        1   -30.46367
     44.845        1   -30.46180
     44.995        1   -30.46013
     45.145        1   -30.45820
     45.295        1   -30.45626
     45.445        1   -30.45450
     45.595        1   -30.45267
     45.745        1   -30.45082
     45.895        1   -30.44884
     46.045        1   -30.44715
     46.195        1   -30.44555
     46.345        1   -30.44389
     46.495        1   -30.44212
     46.645        1   -30.44051
     46.795        1   -30.43877
     46.945        1   -30.43709
     47.095        1   -30.43527
     47.245        1   -30.43361
     47.395        1   -30.43194
     47.545        1   -30.43031
     47.695        1   -30.42864
     47.845        1   -30.42693
     47.995        1   -30.42541
     48.145        1   -30.42379
     48.295        1   -30.42209
     48.445        1   -30.42045
     48.595        1   -30.41883
     48.745        1   -30.41685
     48.895        1   -30.41529
     49.045        1   -30.41363
     49.195        1   -30.41208
     49.345        1   -30.41036
     49.495        1   -30.40804
     49.645        1   -30.40627
     49.795        1   -30.40473
     49.945        1   -30.40223
     50.095        1   -30.40049
     50.245        1   -30.39891
     50.395        1   -30.39730
     50.545        1   -30.39579
     50.695        1   -30.39422
     50.845        1   -30.39263
     50.995        1   -30.39107
     51.145        1   -30.38907
     51.295        1   -30.38746
     51.445        1   -30.38590
     51.595        1   -30.38435
     51.745        1   -30.38277
     51.895        1   -30.38122
     52.045        1   -30.37969
     52.195        1   -30.37817
     52.345        1   -30.37661
     52.495        1   -30.37519
     52.645        1   -30.37360
     52.795        1   -30.37182
     52.945        1   -30.37028
     53.095        1   -30.36861
     53.245        1   -30.36709
     53.395        1   -30.36567
     53.545        1   -30.36414
     53.695        1   -30.36267
     53.845        1   -30.36110
     53.995        1   -30.35967
     54.145        1   -30.35801
     54.295        1   -30.35652
     54.445        1   -30.35501
     54.595        1   -30.35359
     54.745        1   -30.35208
     54.895        1   -30.35056
     55.045        1   -30.34897
     55.195        1   -30.34753
     55.345        1   -30.34605
     55.495        1   -30.34432
     55.645        1   -30.34273
     55.795        1   -30.34133
     55.945        1   -30.33978
     56.095        1   -30.33833
     56.245        1   -30.33700
     56.395        1   -30.33556
     56.545        1   -30.33415
     56.695        1   -30.33272
     56.845        1   -30.33122
     56.995        1   -30.32971
     57.145        1   -30.32835
     57.295        1   -30.32699
     57.445        1   -30.32541
     57.595        1   -30.32391
     57.745        1   -30.32256
     57.895        1   -30.32107
     58.045        1   -30.31961
     58.195        1   -30.31819
     58.345        1   -30.31689
     58.495        1   -30.31558
     58.645        1   -30.31415
     58.795        1   -30.31269
     58.945        1   -30.31138
     59.095        1   -30.31000
     59.245        1   -30.30861
     59.395        1   -30.30729
     59.545        1   -30.30586
     59.695        1   -30.30449
     59.845        1   -30.30313
     59.995        1   -30.30165
     60.145        1   -30.30010
     70.939        1   -30.11965
     97.698        1   -29.94077
     134.55        1   -29.75659
     185.30        1   -29.57544
     255.20        1   -29.39553
     351.46        1   -29.21786
     484.04        1   -29.04012
     666.62        1   -28.86352
     918.07        1   -28.68480
     1264.4        1   -28.50755
     1741.3        1   -28.33654
     2398.1        1   -28.16598
     3302.7        1   -27.99681
     4548.5        1   -27.83083
     6264.3        1   -27.66668
     8627.2        1   -27.50416
     11881.        1   -27.34371
     16363.        1   -27.18518
     22535.        1   -27.02810
     31036.        1   -26.87272
     42743.        1   -26.71910
     58866.        1   -26.56705
     81070.        1   -26.41509
    0.11165E+06    1   -26.26616
    0.15377E+06    1   -26.11782
    0.21177E+06    1   -25.97126
    0.29165E+06    1   -25.82684
    0.40166E+06    1   -25.68331
    0.55317E+06    1   -25.53959
    0.76182E+06    1   -25.39752
    0.10492E+07    1   -25.25507
    0.14449E+07    1   -25.11204
    0.19900E+07    1   -24.97111
    0.27406E+07    1   -24.83023
    0.37744E+07    1   -24.68768
    0.51981E+07    1   -24.54327
    0.71589E+07    1   -24.40055
    0.98593E+07    1   -24.25668
    0.13578E+08    1   -24.11135
    0.18700E+08    1   -23.96594
    0.25754E+08    1   -23.82057
    0.35468E+08    1   -23.67577
    0.48847E+08    1   -23.53376
    0.67273E+08    1   -23.39492
    0.92648E+08    1   -23.25889
    0.12760E+09    1   -23.12632
    0.17573E+09    1   -22.99842
    0.24201E+09    1   -22.87362
    0.33330E+09    1   -22.75314
    0.45902E+09    1   -22.63881
    0.63217E+09    1   -22.53113
    0.87062E+09    1   -22.43004
    0.11990E+10    1   -22.33547
    0.16513E+10    1   -22.24759
    0.22742E+10    1   -22.16540
    0.31320E+10    1   -22.08907
    0.43134E+10    1   -22.01774
    0.59405E+10    1   -21.95192
    0.81813E+10    1   -21.89017
    0.11267E+11    1   -21.83264
    0.15517E+11    1   -21.77925
    0.21371E+11    1   -21.72960
    0.29432E+11    1   -21.68310
    0.40534E+11    1   -21.64005
    0.55823E+11    1   -21.60033
    0.10000E+12    1   -21.10004
    -149.95        2     0.00000
    -149.80        2     0.00000
    -149.65        2     0.00000
    -149.49        2     0.00000
    -149.34        2     0.00000
    -149.20        2     0.00000
    -149.05        2     0.00000
    -148.90        2     0.00000
    -148.74        2     0.00000
    -148.59        2     0.00000
    -148.45        2     0.00000
    -148.30        2     0.00000
    -148.15        2     0.00000
    -147.99        2     0.00000
    -147.84        2     0.00000
    -147.70        2     0.00000
    -147.55        2     0.00000
    -147.40        2     0.00000
    -147.24        2     0.00000
    -147.09        2     0.00000
    -146.95        2     0.00000
    -146.80        2     0.00000
    -146.65        2     0.00000
    -146.49        2     0.00000
    -146.34        2     0.00000
    -146.20        2     0.00000
    -146.05        2     0.00000
    -145.90        2     0.00000
    -145.74        2     0.00000
    -145.59        2     0.00000
    -145.45        2     0.00000
    -145.30        2     0.00000
    -145.15        2     0.00000
    -144.99        2     0.00000
    -144.84        2     0.00000
    -144.70        2     0.00000
    -144.55        2     0.00000
    -144.40        2     0.00000
    -144.24        2     0.00000
    -144.09        2     0.00000
    -143.95        2     0.00000
    -143.80        2     0.00000
    -143.65        2     0.00000
    -143.49        2     0.00000
    -143.34        2     0.00000
    -143.20        2     0.00000
    -143.05        2     0.00000
    -142.90        2     0.00000
    -142.74        2     0.00000
    -142.59        2     0.00000
    -142.45        2     0.00000
    -142.30        2     0.00000
    -142.15        2     0.00000
    -141.99        2     0.00000
    -141.84        2     0.00000
    -141.70        2     0.00000
    -141.55        2     0.00000
    -141.40        2     0.00000
    -141.24        2     0.00000
    -141.09        2     0.00000
    -140.95        2     0.00000
    -140.80        2     0.00000
    -140.65        2     0.00000
    -140.49        2     0.00000
    -140.34        2     0.00000
    -140.20        2     0.00000
    -140.05        2     0.00000
    -139.90        2     0.00000
    -139.74        2     0.00000
    -139.59        2     0.00000
    -139.45        2     0.00000
    -139.30        2     0.00000
    -139.15        2     0.00000
    -138.99        2     0.00000
    -138.84        2     0.00000
    -138.70        2     0.00000
    -138.55        2     0.00000
    -138.40        2     0.00000
    -138.24        2     0.00000
    -138.09        2     0.00000
    -137.95        2     0.00000
    -137.80        2     0.00000
    -137.65        2     0.00000
    -137.49        2     0.00000
    -137.34        2     0.00000
    -137.20        2     0.00000
    -137.05        2     0.00000
    -136.90        2     0.00000
    -136.74        2     0.00000
    -136.59        2     0.00000
    -136.45        2     0.00000
    -136.30        2     0.00000
    -136.15        2     0.00000
    -135.99        2     0.00000
    -135.84        2     0.00000
    -135.70        2     0.00000
    -135.55        2     0.00000
    -135.40        2     0.00000
    -135.24        2     0.00000
    -135.09        2     0.00000
    -134.95        2     0.00000
    -134.80        2     0.00000
    -134.65        2     0.00000
    -134.49        2     0.00000
    -134.34        2     0.00000
    -134.20        2     0.00000
    -134.05        2     0.00000
    -133.90        2     0.00000
    -133.74        2     0.00000
    -133.59        2     0.00000
    -133.45        2     0.00000
    -133.30        2     0.00000
    -133.15        2     0.00000
    -132.99        2     0.00000
    -132.84        2     0.00000
    -132.70        2     0.00000
    -132.55        2     0.00000
    -132.40        2     0.00000
    -132.24        2     0.00000
    -132.09        2     0.00000
    -131.95        2     0.00000
    -131.80        2     0.00000
    -131.65        2     0.00000
    -131.49        2     0.00000
    -131.34        2     0.00000
    -131.20        2     0.00000
    -131.05        2     0.00000
    -130.90        2     0.00000
    -130.74        2     0.00000
    -130.59        2     0.00000
    -130.45        2     0.00000
    -130.30        2     0.00000
    -130.15        2     0.00000
    -129.99        2     0.00000
    -129.84        2     0.00000
    -129.70        2     0.00000
    -129.55        2     0.00000
    -129.40        2     0.00000
    -129.24        2     0.00000
    -129.09        2     0.00000
    -128.95        2     0.00000
    -128.80        2     0.00000
    -128.65        2     0.00000
    -128.49        2     0.00000
    -128.34        2     0.00000
    -128.20        2     0.00000
    -128.05        2     0.00000
    -127.89        2     0.00000
    -127.75        2     0.00000
    -127.60        2     0.00000
    -127.44        2     0.00000
    -127.30        2     0.00000
    -127.14        2     0.00000
    -127.00        2     0.00000
    -126.85        2     0.00000
    -126.69        2     0.00000
    -126.55        2     0.00000
    -126.39        2     0.00000
    -126.25        2     0.00000
    -126.10        2     0.00000
    -125.94        2     0.00000
    -125.80        2     0.00000
    -125.64        2     0.00000
    -125.50        2     0.00000
    -125.35        2     0.00000
    -125.19        2     0.00000
    -125.05        2     0.00000
    -124.89        2     0.00000
    -124.75        2     0.00000
    -124.60        2     0.00000
    -124.44        2     0.00000
    -124.30        2     0.00000
    -124.14        2     0.00000
    -124.00        2     0.00000
    -123.85        2     0.00000
    -123.69        2     0.00000
    -123.55        2     0.00000
    -123.39        2     0.00000
    -123.25        2     0.00000
    -123.10        2     0.00000
    -122.94        2     0.00000
    -122.80        2     0.00000
    -122.64        2     0.00000
    -122.50        2     0.00000
    -122.35        2     0.00000
    -122.19        2     0.00000
    -122.05        2     0.00000
    -121.89        2     0.00000
    -121.75        2     0.00000
    -121.60        2     0.00000
    -121.44        2     0.00000
    -121.30        2     0.00000
    -121.14        2     0.00000
    -121.00        2     0.00000
    -120.85        2     0.00000
    -120.69        2     0.00000
    -120.55        2     0.00000
    -120.39        2     0.00000
    -120.25        2     0.00000
    -120.10        2     0.00000
    -119.94        2     0.00000
    -119.80        2     0.00000
    -119.64        2     0.00000
    -119.50        2     0.00000
    -119.35        2     0.00000
    -119.19        2     0.00000
    -119.05        2     0.00000
    -118.89        2     0.00000
    -118.75        2     0.00000
    -118.60        2     0.00000
    -118.44        2     0.00000
    -118.30        2     0.00000
    -118.14        2     0.00000
    -118.00        2     0.00000
    -117.85        2     0.00000
    -117.69        2     0.00000
    -117.55        2     0.00000
    -117.39        2     0.00000
    -117.25        2     0.00000
    -117.10        2     0.00000
    -116.94        2     0.00000
    -116.80        2     0.00000
    -116.64        2     0.00000
    -116.50        2     0.00000
    -116.35        2     0.00000
    -116.19        2     0.00000
    -116.05        2     0.00000
    -115.89        2     0.00000
    -115.75        2     0.00000
    -115.60        2     0.00000
    -115.44        2     0.00000
    -115.30        2     0.00000
    -115.14        2     0.00000
    -115.00        2     0.00000
    -114.85        2     0.00000
    -114.69        2     0.00000
    -114.55        2     0.00000
    -114.39        2     0.00000
    -114.25        2     0.00000
    -114.10        2     0.00000
    -113.94        2     0.00000
    -113.80        2     0.00000
    -113.64        2     0.00000
    -113.50        2     0.00000
    -113.35        2     0.00000
    -113.19        2     0.00000
    -113.05        2     0.00000
    -112.89        2     0.00000
    -112.75        2     0.00000
    -112.60        2     0.00000
    -112.44        2     0.00000
    -112.30        2     0.00000
    -112.14        2     0.00000
    -112.00        2     0.00000
    -111.85        2     0.00000
    -111.69        2     0.00000
    -111.55        2     0.00000
    -111.39        2     0.00000
    -111.25        2     0.00000
    -111.10        2     0.00000
    -110.94        2     0.00000
    -110.80        2     0.00000
    -110.64        2     0.00000
    -110.50        2     0.00000
    -110.35        2     0.00000
    -110.19        2     0.00000
    -110.05        2     0.00000
    -109.89        2     0.00000
    -109.75        2     0.00000
    -109.60        2     0.00000
    -109.44        2     0.00000
    -109.30        2     0.00000
    -109.14        2     0.00000
    -109.00        2     0.00000
    -108.85        2     0.00000
    -108.69        2     0.00000
    -108.55        2     0.00000
    -108.39        2     0.00000
    -108.25        2     0.00000
    -108.10        2     0.00000
    -107.94        2     0.00000
    -107.80        2     0.00000
    -107.64        2     0.00000
    -107.50        2     0.00000
    -107.35        2     0.00000
    -107.19        2     0.00000
    -107.05        2     0.00000
    -106.89        2     0.00000
    -106.75        2     0.00000
    -106.60        2     0.00000
    -106.44        2     0.00000
    -106.30        2     0.00000
    -106.14        2     0.00000
    -106.00        2     0.00000
    -105.85        2     0.00000
    -105.69        2     0.00000
    -105.55        2     0.00000
    -105.39        2     0.00000
    -105.25        2     0.00000
    -105.10        2     0.00000
    -104.94        2     0.00000
    -104.80        2     0.00000
    -104.64        2     0.00000
    -104.50        2     0.00000
    -104.35        2     0.00000
    -104.19        2     0.00000
    -104.05        2     0.00000
    -103.89        2     0.00000
    -103.75        2     0.00000
    -103.60        2     0.00000
    -103.44        2     0.00000
    -103.30        2     0.00000
    -103.14        2     0.00000
    -103.00        2     0.00000
    -102.85        2     0.00000
    -102.69        2     0.00000
    -102.55        2     0.00000
    -102.39        2     0.00000
    -102.25        2     0.00000
    -102.10        2     0.00000
    -101.94        2     0.00000
    -101.80        2     0.00000
    -101.64        2     0.00000
    -101.50        2     0.00000
    -101.35        2     0.00000
    -101.19        2     0.00000
    -101.05        2     0.00000
    -100.89        2     0.00000
    -100.75        2     0.00000
    -100.60        2     0.00000
    -100.44        2     0.00000
    -100.30        2     0.00000
    -100.14        2     0.00000
    -99.995        2     0.00000
    -99.845        2     0.00000
    -99.695        2     0.00000
    -99.545        2     0.00000
    -99.395        2     0.00000
    -99.245        2     0.00000
    -99.095        2     0.00000
    -98.945        2     0.00000
    -98.795        2     0.00000
    -98.645        2     0.00000
    -98.495        2     0.00000
    -98.345        2     0.00000
    -98.195        2     0.00000
    -98.045        2     0.00000
    -97.895        2     0.00000
    -97.745        2     0.00000
    -97.595        2     0.00000
    -97.445        2     0.00000
    -97.295        2     0.00000
    -97.145        2     0.00000
    -96.995        2     0.00000
    -96.845        2     0.00000
    -96.695        2     0.00000
    -96.545        2     0.00000
    -96.395        2     0.00000
    -96.245        2     0.00000
    -96.095        2     0.00000
    -95.945        2     0.00000
    -95.795        2     0.00000
    -95.645        2     0.00000
    -95.495        2     0.00000
    -95.345        2     0.00000
    -95.195        2     0.00000
    -95.045        2     0.00000
    -94.895        2     0.00000
    -94.745        2     0.00000
    -94.595        2     0.00000
    -94.445        2     0.00000
    -94.295        2     0.00000
    -94.145        2     0.00000
    -93.995        2     0.00000
    -93.845        2     0.00000
    -93.695        2     0.00000
    -93.545        2     0.00000
    -93.395        2     0.00000
    -93.245        2     0.00000
    -93.095        2     0.00000
    -92.945        2     0.00000
    -92.795        2     0.00000
    -92.645        2     0.00000
    -92.495        2     0.00000
    -92.345        2     0.00000
    -92.195        2     0.00000
    -92.045        2     0.00000
    -91.895        2     0.00000
    -91.745        2     0.00000
    -91.595        2     0.00000
    -91.445        2     0.00000
    -91.295        2     0.00000
    -91.145        2     0.00000
    -90.995        2     0.00000
    -90.845        2     0.00000
    -90.695        2     0.00000
    -90.545        2     0.00000
    -90.395        2     0.00000
    -90.245        2     0.00000
    -90.095        2     0.00000
    -89.945        2     0.00000
    -89.795        2     0.00000
    -89.645        2     0.00000
    -89.495        2     0.00000
    -89.345        2     0.00000
    -89.195        2     0.00000
    -89.045        2     0.00000
    -88.895        2     0.00000
    -88.745        2     0.00000
    -88.595        2     0.00000
    -88.445        2     0.00000
    -88.295        2     0.00000
    -88.145        2     0.00000
    -87.995        2     0.00000
    -87.845        2     0.00000
    -87.695        2     0.00000
    -87.545        2     0.00000
    -87.395        2     0.00000
    -87.245        2     0.00000
    -87.095        2     0.00000
    -86.945        2     0.00000
    -86.795        2     0.00000
    -86.645        2     0.00000
    -86.495        2     0.00000
    -86.345        2     0.00000
    -86.195        2     0.00000
    -86.045        2     0.00000
    -85.895        2     0.00000
    -85.745        2     0.00000
    -85.595        2     0.00000
    -85.445        2     0.00000
    -85.295        2     0.00000
    -85.145        2     0.00000
    -84.995        2     0.00000
    -84.845        2     0.00000
    -84.695        2     0.00000
    -84.545        2     0.00000
    -84.395        2     0.00000
    -84.245        2     0.00000
    -84.095        2     0.00000
    -83.945        2     0.00000
    -83.795        2     0.00000
    -83.645        2     0.00000
    -83.495        2     0.00000
    -83.345        2     0.00000
    -83.195        2     0.00000
    -83.045        2     0.00000
    -82.895        2     0.00000
    -82.745        2     0.00000
    -82.595        2     0.00000
    -82.445        2     0.00000
    -82.295        2     0.00000
    -82.145        2     0.00000
    -81.995        2     0.00000
    -81.845        2     0.00000
    -81.695        2     0.00000
    -81.545        2     0.00000
    -81.395        2     0.00000
    -81.245        2     0.00000
    -81.095        2     0.00000
    -80.945        2     0.00000
    -80.795        2     0.00000
    -80.645        2     0.00000
    -80.495        2     0.00000
    -80.345        2     0.00000
    -80.195        2     0.00000
    -80.045        2     0.00000
    -79.895        2     0.00000
    -79.745        2     0.00000
    -79.595        2     0.00000
    -79.445        2     0.00000
    -79.295        2     0.00000
    -79.145        2     0.00000
    -78.995        2     0.00000
    -78.845        2     0.00000
    -78.695        2     0.00000
    -78.545        2     0.00000
    -78.395        2     0.00000
    -78.245        2     0.00000
    -78.095        2     0.00000
    -77.945        2     0.00000
    -77.795        2     0.00000
    -77.645        2     0.00000
    -77.495        2     0.00000
    -77.345        2     0.00000
    -77.195        2     0.00000
    -77.045        2     0.00000
    -76.895        2     0.00000
    -76.745        2     0.00000
    -76.595        2     0.00000
    -76.445        2     0.00000
    -76.295        2     0.00000
    -76.145        2     0.00000
    -75.995        2     0.00000
    -75.845        2     0.00000
    -75.695        2     0.00000
    -75.545        2     0.00000
    -75.395        2     0.00000
    -75.245        2     0.00000
    -75.095        2     0.00000
    -74.945        2     0.00000
    -74.795        2     0.00000
    -74.645        2     0.00000
    -74.495        2     0.00000
    -74.345        2     0.00000
    -74.195        2     0.00000
    -74.045        2     0.00000
    -73.895        2     0.00000
    -73.745        2     0.00000
    -73.595        2     0.00000
    -73.445        2     0.00000
    -73.295        2     0.00000
    -73.145        2     0.00000
    -72.995        2     0.00000
    -72.845        2     0.00000
    -72.695        2     0.00000
    -72.545        2     0.00000
    -72.395        2     0.00000
    -72.245        2     0.00000
    -72.095        2     0.00000
    -71.945        2     0.00000
    -71.795        2     0.00000
    -71.645        2     0.00000
    -71.495        2     0.00000
    -71.345        2     0.00000
    -71.195        2     0.00000
    -71.045        2     0.00000
    -70.895        2     0.00000
    -70.745        2     0.00000
    -70.595        2     0.00000
    -70.445        2     0.00000
    -70.295        2     0.00000
    -70.145        2     0.00000
    -69.995        2     0.00000
    -69.845        2     0.00000
    -69.695        2     0.00000
    -69.545        2     0.00000
    -69.395        2     0.00000
    -69.245        2     0.00000
    -69.095        2     0.00000
    -68.945        2     0.00000
    -68.795        2     0.00000
    -68.645        2     0.00000
    -68.495        2     0.00000
    -68.345        2     0.00000
    -68.195        2     0.00000
    -68.045        2     0.00000
    -67.895        2     0.00000
    -67.745        2     0.00000
    -67.595        2     0.00000
    -67.445        2     0.00000
    -67.295        2     0.00000
    -67.145        2     0.00000
    -66.995        2     0.00000
    -66.845        2     0.00000
    -66.695        2     0.00000
    -66.545        2     0.00000
    -66.395        2     0.00000
    -66.245        2     0.00000
    -66.095        2     0.00000
    -65.945        2     0.00000
    -65.795        2     0.00000
    -65.645        2     0.00000
    -65.495        2     0.00000
    -65.345        2     0.00000
    -65.195        2     0.00000
    -65.045        2     0.00000
    -64.895        2     0.00000
    -64.745        2     0.00000
    -64.595        2     0.00000
    -64.445        2     0.00000
    -64.295        2     0.00000
    -64.145        2     0.00000
    -63.995        2     0.00000
    -63.845        2     0.00000
    -63.695        2     0.00000
    -63.545        2     0.00000
    -63.395        2     0.00000
    -63.245        2     0.00000
    -63.095        2     0.00000
    -62.945        2     0.00000
    -62.795        2     0.00000
    -62.645        2     0.00000
    -62.495        2     0.00000
    -62.345        2     0.00000
    -62.195        2     0.00000
    -62.045        2     0.00000
    -61.895        2     0.00000
    -61.745        2     0.00000
    -61.595        2     0.00000
    -61.445        2     0.00000
    -61.295        2     0.00000
    -61.145        2     0.00000
    -60.995        2     0.00000
    -60.845        2     0.00000
    -60.695        2     0.00000
    -60.545        2     0.00000
    -60.395        2     0.00000
    -60.245        2     0.00000
    -60.095        2     0.00000
    -59.945        2     0.00000
    -59.795        2     0.00000
    -59.645        2     0.00000
    -59.495        2     0.00000
    -59.345        2     0.00000
    -59.195        2     0.00000
    -59.045        2     0.00000
    -58.895        2     0.00000
    -58.745        2     0.00000
    -58.595        2     0.00000
    -58.445        2     0.00000
    -58.295        2     0.00000
    -58.145        2     0.00000
    -57.995        2     0.00000
    -57.845        2     0.00000
    -57.695        2     0.00000
    -57.545        2     0.00000
    -57.395        2     0.00000
    -57.245        2     0.00000
    -57.095        2     0.00000
    -56.945        2     0.00000
    -56.795        2     0.00000
    -56.645        2     0.00000
    -56.495        2     0.00000
    -56.345        2     0.00000
    -56.195        2     0.00000
    -56.045        2     0.00000
    -55.895        2     0.00000
    -55.745        2     0.00000
    -55.595        2     0.00000
    -55.445        2     0.00000
    -55.295        2     0.00000
    -55.145        2     0.00000
    -54.995        2     0.00000
    -54.845        2     0.00000
    -54.695        2     0.00000
    -54.545        2     0.00000
    -54.395        2     0.00000
    -54.245        2     0.00000
    -54.095        2     0.00000
    -53.945        2     0.00000
    -53.795        2     0.00000
    -53.645        2     0.00000
    -53.495        2     0.00000
    -53.345        2     0.00000
    -53.195        2     0.00000
    -53.045        2     0.00000
    -52.895        2     0.00000
    -52.745        2     0.00000
    -52.595        2     0.00000
    -52.445        2     0.00000
    -52.295        2     0.00000
    -52.145        2     0.00000
    -51.995        2     0.00000
    -51.845        2     0.00000
    -51.695        2     0.00000
    -51.545        2     0.00000
    -51.395        2     0.00000
    -51.245        2     0.00000
    -51.095        2     0.00000
    -50.945        2     0.00000
    -50.795        2     0.00000
    -50.645        2     0.00000
    -50.495        2     0.00000
    -50.345        2     0.00000
    -50.195        2     0.00000
    -50.045        2     0.00000
    -49.895        2     0.00000
    -49.745        2     0.00000
    -49.595        2     0.00000
    -49.445        2     0.00000
    -49.295        2     0.00000
    -49.145        2     0.00000
    -48.995        2     0.00000
    -48.845        2     0.00000
    -48.695        2     0.00000
    -48.545        2     0.00000
    -48.395        2     0.00000
    -48.245        2     0.00000
    -48.095        2     0.00000
    -47.945        2     0.00000
    -47.795        2     0.00000
    -47.645        2     0.00000
    -47.495        2     0.00000
    -47.345        2     0.00000
    -47.195        2     0.00000
    -47.045        2     0.00000
    -46.895        2     0.00000
    -46.745        2     0.00000
    -46.595        2     0.00000
    -46.445        2     0.00000
    -46.295        2     0.00000
    -46.145        2     0.00000
    -45.995        2     0.00000
    -45.845        2     0.00000
    -45.695        2     0.00000
    -45.545        2     0.00000
    -45.395        2     0.00000
    -45.245        2     0.00000
    -45.095        2     0.00000
    -44.945        2     0.00000
    -44.795        2     0.00000
    -44.645        2     0.00000
    -44.495        2     0.00000
    -44.345        2     0.00000
    -44.195        2     0.00000
    -44.045        2     0.00000
    -43.895        2     0.00000
    -43.745        2     0.00000
    -43.595        2     0.00000
    -43.445        2     0.00000
    -43.295        2     0.00000
    -43.145        2     0.00000
    -42.995        2     0.00000
    -42.845        2     0.00000
    -42.695        2     0.00000
    -42.545        2     0.00000
    -42.395        2     0.00000
    -42.245        2     0.00000
    -42.095        2     0.00000
    -41.945        2     0.00000
    -41.795        2     0.00000
    -41.645        2     0.00000
    -41.495        2     0.00000
    -41.345        2     0.00000
    -41.195        2     0.00000
    -41.045        2     0.00000
    -40.895        2     0.00000
    -40.745        2     0.00000
    -40.595        2     0.00000
    -40.445        2     0.00000
    -40.295        2     0.00000
    -40.145        2     0.00000
    -39.995        2     0.00000
    -39.845        2     0.00000
    -39.695        2     0.00000
    -39.545        2     0.00000
    -39.395        2     0.00000
    -39.245        2     0.00000
    -39.095        2     0.00000
    -38.945        2     0.00000
    -38.795        2     0.00000
    -38.645        2     0.00000
    -38.495        2     0.00000
    -38.345        2     0.00000
    -38.195        2     0.00000
    -38.045        2     0.00000
    -37.895        2     0.00000
    -37.745        2     0.00000
    -37.595        2     0.00000
    -37.445        2     0.00000
    -37.295        2     0.00000
    -37.145        2     0.00000
    -36.995        2     0.00000
    -36.845        2     0.00000
    -36.695        2     0.00000
    -36.545        2     0.00000
    -36.395        2     0.00000
    -36.245        2     0.00000
    -36.095        2     0.00000
    -35.945        2     0.00000
    -35.795        2     0.00000
    -35.645        2     0.00000
    -35.495        2     0.00000
    -35.345        2     0.00000
    -35.195        2     0.00000
    -35.045        2     0.00000
    -34.895        2     0.00000
    -34.745        2     0.00000
    -34.595        2     0.00000
    -34.445        2     0.00000
    -34.295        2     0.00000
    -34.145        2     0.00000
    -33.995        2     0.00000
    -33.845        2     0.00000
    -33.695        2     0.00000
    -33.545        2     0.00000
    -33.395        2     0.00000
    -33.245        2     0.00000
    -33.095        2     0.00000
    -32.945        2     0.00000
    -32.795        2     0.00000
    -32.645        2     0.00000
    -32.495        2     0.00000
    -32.345        2     0.00000
    -32.195        2     0.00000
    -32.045        2     0.00000
    -31.895        2     0.00000
    -31.745        2     0.00000
    -31.595        2     0.00000
    -31.445        2     0.00000
    -31.295        2     0.00000
    -31.145        2     0.00000
    -30.995        2     0.00000
    -30.845        2     0.00000
    -30.695        2     0.00000
    -30.545        2     0.00000
    -30.395        2     0.00000
    -30.245        2     0.00000
    -30.095        2     0.00000
    -29.945        2     0.00000
    -29.795        2     0.00000
    -29.645        2     0.00000
    -29.495        2     0.00000
    -29.345        2     0.00000
    -29.195        2     0.00000
    -29.045        2     0.00000
    -28.895        2     0.00000
    -28.745        2     0.00000
    -28.595        2     0.00000
    -28.445        2     0.00000
    -28.295        2     0.00000
    -28.145        2     0.00000
    -27.995        2     0.00000
    -27.845        2     0.00000
    -27.695        2     0.00000
    -27.545        2     0.00000
    -27.395        2     0.00000
    -27.245        2     0.00000
    -27.095        2     0.00000
    -26.945        2     0.00000
    -26.795        2     0.00000
    -26.645        2     0.00000
    -26.495        2     0.00000
    -26.345        2     0.00000
    -26.195        2     0.00000
    -26.045        2     0.00000
    -25.895        2     0.00000
    -25.745        2     0.00000
    -25.595        2     0.00000
    -25.445        2     0.00000
    -25.295        2     0.00000
    -25.145        2     0.00000
    -24.995        2     0.00000
    -24.845        2     0.00000
    -24.695        2     0.00000
    -24.545        2     0.00000
    -24.395        2     0.00000
    -24.245        2     0.00000
    -24.095        2     0.00000
    -23.945        2     0.00000
    -23.795        2     0.00000
    -23.645        2     0.00000
    -23.495        2     0.00000
    -23.345        2     0.00000
    -23.195        2     0.00000
    -23.045        2     0.00000
    -22.895        2     0.00000
    -22.745        2     0.00000
    -22.595        2     0.00000
    -22.445        2     0.00000
    -22.295        2     0.00000
    -22.145        2     0.00000
    -21.995        2     0.00000
    -21.845        2     0.00000
    -21.695        2     0.00000
    -21.545        2     0.00000
    -21.395        2     0.00000
    -21.245        2     0.00000
    -21.095        2     0.00000
    -20.945        2     0.00000
    -20.795        2     0.00000
    -20.645        2     0.00000
    -20.495        2     0.00000
    -20.345        2     0.00000
    -20.195        2     0.00000
    -20.045        2     0.00000
    -19.895        2     0.00000
    -19.745        2     0.00000
    -19.595        2     0.00000
    -19.445        2     0.00000
    -19.295        2     0.00000
    -19.145        2     0.00000
    -18.995        2     0.00000
    -18.845        2     0.00000
    -18.695        2     0.00000
    -18.545        2     0.00000
    -18.395        2     0.00000
    -18.245        2     0.00000
    -18.095        2     0.00000
    -17.945        2     0.00000
    -17.795        2     0.00000
    -17.645        2     0.00000
    -17.495        2     0.00000
    -17.345        2     0.00000
    -17.195        2     0.00000
    -17.045        2     0.00000
    -16.895        2     0.00000
    -16.745        2     0.00000
    -16.595        2     0.00000
    -16.445        2     0.00000
    -16.295        2    -0.00043
    -16.145        2    -0.00183
    -15.995        2    -0.01879
    -15.845        2    -0.06962
    -15.695        2    -0.15671
    -15.545        2    -0.29698
    -15.395        2    -0.47068
    -15.245        2    -0.66705
    -15.095        2    -0.90423
    -14.945        2    -1.16537
    -14.795        2    -1.44869
    -14.645        2    -1.73425
    -14.495        2    -2.04449
    -14.345        2    -2.36589
    -14.195        2    -2.71149
    -14.045        2    -3.11815
    -13.895        2    -3.58783
    -13.745        2    -4.16391
    -13.595        2    -4.83544
    -13.445        2    -5.64252
    -13.295        2    -6.54694
    -13.145        2    -7.55816
    -12.995        2    -8.66386
    -12.845        2    -9.85384
    -12.695        2   -11.10363
    -12.545        2   -12.38707
    -12.395        2   -13.70009
    -12.245        2   -15.06078
    -12.095        2   -16.43846
    -11.945        2   -17.86583
    -11.795        2   -19.30181
    -11.645        2   -20.74326
    -11.495        2   -22.18630
    -11.345        2   -23.61424
    -11.195        2   -25.04399
    -11.045        2   -26.48363
    -10.895        2   -27.93318
    -10.745        2   -29.36172
    -10.595        2   -30.79436
    -10.445        2   -32.19016
    -10.295        2   -33.54646
    -10.145        2   -34.85867
    -9.9950        2   -36.13223
    -9.8450        2   -37.37469
    -9.6950        2   -38.57631
    -9.5450        2   -39.75869
    -9.3950        2   -40.90135
    -9.2450        2   -42.01986
    -9.0950        2   -43.13668
    -8.9450        2   -44.22652
    -8.7950        2   -45.32890
    -8.6450        2   -46.43416
    -8.4950        2   -47.56323
    -8.3450        2   -48.71248
    -8.1950        2   -49.88187
    -8.0450        2   -51.08309
    -7.8950        2   -52.29048
    -7.7450        2   -53.54149
    -7.5950        2   -54.81626
    -7.4450        2   -56.13072
    -7.2950        2   -57.48365
    -7.1450        2   -58.87292
    -6.9950        2   -60.34096
    -6.8450        2   -61.88359
    -6.6950        2   -63.50005
    -6.5450        2   -65.22568
    -6.3950        2   -67.02882
    -6.2450        2   -68.91806
    -6.0950        2   -70.86866
    -5.9450        2   -72.86022
    -5.7950        2   -74.91157
    -5.6450        2   -76.92986
    -5.4950        2   -78.95277
    -5.3450        2   -80.96030
    -5.1950        2   -82.92344
    -5.0450        2   -84.88568
    -4.8950        2   -86.83912
    -4.7450        2   -88.77301
    -4.5950        2   -90.71346
    -4.4450        2   -92.67728
    -4.2950        2   -94.67211
    -4.1450        2   -96.71040
    -3.9950        2   -98.78214
    -3.8450        2  -100.91805
    -3.6950        2  -103.10968
    -3.5450        2  -105.38560
    -3.3950        2  -107.75124
    -3.2450        2  -110.23255
    -3.0950        2  -112.84690
    -2.9450        2  -115.60763
    -2.7950        2  -118.52438
    -2.6450        2  -121.65184
    -2.4950        2  -125.02140
    -2.3450        2  -128.71495
    -2.1950        2  -132.82887
    -2.0450        2  -137.47867
    -1.8950        2  -142.77581
    -1.7450        2  -148.78661
    -1.5950        2  -155.61950
    -1.4450        2  -163.35165
    -1.2950        2  -171.97715
    -1.1450        2  -181.39470
   -0.99500        2  -191.41963
   -0.84500        2  -201.92835
   -0.69500        2  -212.86557
   -0.54500        2  -224.48135
   -0.39500        2  -237.56156
   -0.25300        2  -247.44508
   -0.21500        2  -248.11777
   -0.20900        2  -248.79908
   -0.20300        2  -249.49136
   -0.19700        2  -250.19337
   -0.19100        2  -250.90442
   -0.18500        2  -251.62717
   -0.17900        2  -252.36217
   -0.17300        2  -253.10831
   -0.16700        2  -253.86853
   -0.16100        2  -254.64176
   -0.15500        2  -255.43200
   -0.14900        2  -256.23781
   -0.14300        2  -257.05992
   -0.13700        2  -257.90067
   -0.13100        2  -258.76309
   -0.12500        2  -259.64749
   -0.11900        2  -260.55577
   -0.11300        2  -261.48990
   -0.10700        2  -262.45373
   -0.10100        2  -263.44895
   -0.95000E-01    2  -264.48279
   -0.89000E-01    2  -265.55807
   -0.83000E-01    2  -266.68200
   -0.77000E-01    2  -267.86170
   -0.71000E-01    2  -269.10790
   -0.65000E-01    2  -270.43236
   -0.59000E-01    2  -271.85386
   -0.53000E-01    2  -273.40203
   -0.47000E-01    2  -275.11255
   -0.41000E-01    2  -277.03112
   -0.35000E-01    2  -279.21026
   -0.29000E-01    2  -281.72783
   -0.23000E-01    2  -284.72296
   -0.19700E-01    2  -285.05317
   -0.19100E-01    2  -285.39128
   -0.18500E-01    2  -285.73730
   -0.17900E-01    2  -286.09161
   -0.17300E-01    2  -286.45490
   -0.16700E-01    2  -286.82772
   -0.16100E-01    2  -287.21105
   -0.15500E-01    2  -287.60532
   -0.14900E-01    2  -288.01187
   -0.14300E-01    2  -288.43152
   -0.13700E-01    2  -288.86583
   -0.13100E-01    2  -289.31644
   -0.12500E-01    2  -289.78488
   -0.11900E-01    2  -290.27296
   -0.11300E-01    2  -290.78353
   -0.10700E-01    2  -291.31818
   -0.10100E-01    2  -291.87915
   -0.95000E-02    2  -292.46843
   -0.89000E-02    2  -293.08823
   -0.83000E-02    2  -293.74095
   -0.77000E-02    2  -294.42830
   -0.71000E-02    2  -295.15197
   -0.65000E-02    2  -295.91339
   -0.59000E-02    2  -296.71459
   -0.53000E-02    2  -297.55883
   -0.47000E-02    2  -298.44960
   -0.41000E-02    2  -299.38455
   -0.35000E-02    2  -300.34096
   -0.29000E-02    2  -301.28111
   -0.23000E-02    2  -302.15001
   -0.17000E-02    2  -302.88215
   -0.11000E-02    2  -303.39517
   -0.50000E-03    2  -303.63734
    0.10000E-03    2  -303.58852
    0.70000E-03    2  -303.25243
    0.13000E-02    2  -302.65802
    0.19000E-02    2  -301.87165
    0.25000E-02    2  -300.97168
    0.31000E-02    2  -300.02037
    0.37000E-02    2  -299.06755
    0.43000E-02    2  -298.14679
    0.49000E-02    2  -297.27814
    0.55000E-02    2  -296.46618
    0.61000E-02    2  -295.70974
    0.67000E-02    2  -295.00006
    0.73000E-02    2  -294.32827
    0.79000E-02    2  -293.68891
    0.85000E-02    2  -293.07803
    0.91000E-02    2  -292.49458
    0.97000E-02    2  -291.93594
    0.10300E-01    2  -291.40077
    0.10900E-01    2  -290.88881
    0.11500E-01    2  -290.39805
    0.12100E-01    2  -289.92683
    0.12700E-01    2  -289.47285
    0.13300E-01    2  -289.03462
    0.13900E-01    2  -288.61042
    0.14500E-01    2  -288.19911
    0.15100E-01    2  -287.80005
    0.15700E-01    2  -287.41275
    0.16300E-01    2  -287.03560
    0.16900E-01    2  -286.66812
    0.17500E-01    2  -286.30990
    0.18100E-01    2  -285.96051
    0.18700E-01    2  -285.61914
    0.19300E-01    2  -285.28586
    0.20200E-01    2  -284.05635
    0.25000E-01    2  -281.26613
    0.31000E-01    2  -278.90744
    0.37000E-01    2  -276.87030
    0.43000E-01    2  -275.08828
    0.49000E-01    2  -273.51517
    0.55000E-01    2  -272.10748
    0.61000E-01    2  -270.82874
    0.67000E-01    2  -269.65469
    0.73000E-01    2  -268.56823
    0.79000E-01    2  -267.55461
    0.85000E-01    2  -266.60445
    0.91000E-01    2  -265.70932
    0.97000E-01    2  -264.86168
    0.10300        2  -264.05755
    0.10900        2  -263.29027
    0.11500        2  -262.55929
    0.12100        2  -261.85814
    0.12700        2  -261.18776
    0.13300        2  -260.54246
    0.13900        2  -259.92191
    0.14500        2  -259.32440
    0.15100        2  -258.74944
    0.15700        2  -258.19165
    0.16300        2  -257.65286
    0.16900        2  -257.13164
    0.17500        2  -256.62689
    0.18100        2  -256.13796
    0.18700        2  -255.66412
    0.19300        2  -255.20365
    0.19900        2  -254.75667
    0.20500        2  -254.32217
    0.21100        2  -253.89918
    0.21700        2  -253.48651
    0.29500        2  -245.44293
    0.44500        2  -240.51289
    0.59500        2  -236.95095
    0.74500        2  -234.12884
    0.89500        2  -231.75423
     1.0450        2  -229.68734
     1.1950        2  -227.85034
     1.3450        2  -226.18998
     1.4950        2  -224.68279
     1.6450        2  -223.30807
     1.7950        2  -222.04825
     1.9450        2  -220.89380
     2.0950        2  -219.82495
     2.2450        2  -218.85966
     2.3950        2  -217.97167
     2.5450        2  -217.14499
     2.6950        2  -216.38433
     2.8450        2  -215.67315
     2.9950        2  -215.00813
     3.1450        2  -214.37258
     3.2950        2  -213.78577
     3.4450        2  -213.22165
     3.5950        2  -212.68413
     3.7450        2  -212.17322
     3.8950        2  -211.68842
     4.0450        2  -211.22846
     4.1950        2  -210.77774
     4.3450        2  -210.35110
     4.4950        2  -209.93989
     4.6450        2  -209.54178
     4.7950        2  -209.15550
     4.9450        2  -208.78308
     5.0950        2  -208.42203
     5.2450        2  -208.07141
     5.3950        2  -207.73113
     5.5450        2  -207.39735
     5.6950        2  -207.06746
     5.8450        2  -206.74700
     5.9950        2  -206.43758
     6.1450        2  -206.13633
     6.2950        2  -205.83924
     6.4450        2  -205.55091
     6.5950        2  -205.26810
     6.7450        2  -204.99800
     6.8950        2  -204.73396
     7.0450        2  -204.47410
     7.1950        2  -204.21700
     7.3450        2  -203.96866
     7.4950        2  -203.72273
     7.6450        2  -203.48238
     7.7950        2  -203.23840
     7.9450        2  -203.00366
     8.0950        2  -202.76950
     8.2450        2  -202.54503
     8.3950        2  -202.31366
     8.5450        2  -202.09694
     8.6950        2  -201.88328
     8.8450        2  -201.67250
     8.9950        2  -201.46142
     9.1450        2  -201.25777
     9.2950        2  -201.05460
     9.4450        2  -200.85718
     9.5950        2  -200.66429
     9.7450        2  -200.47560
     9.8950        2  -200.28604
     10.045        2  -200.10081
     10.195        2  -199.91774
     10.345        2  -199.73398
     10.495        2  -199.55466
     10.645        2  -199.37477
     10.795        2  -199.19918
     10.945        2  -199.02935
     11.095        2  -198.85762
     11.245        2  -198.69253
     11.395        2  -198.52652
     11.545        2  -198.36409
     11.695        2  -198.20086
     11.845        2  -198.04046
     11.995        2  -197.88363
     12.145        2  -197.72660
     12.295        2  -197.57130
     12.445        2  -197.42173
     12.595        2  -197.26910
     12.745        2  -197.11999
     12.895        2  -196.97548
     13.045        2  -196.82966
     13.195        2  -196.68467
     13.345        2  -196.54126
     13.495        2  -196.39936
     13.645        2  -196.25746
     13.795        2  -196.11535
     13.945        2  -195.97878
     14.095        2  -195.84305
     14.245        2  -195.70957
     14.395        2  -195.57704
     14.545        2  -195.44883
     14.695        2  -195.31810
     14.845        2  -195.18751
     14.995        2  -195.05875
     15.145        2  -194.93253
     15.295        2  -194.80487
     15.445        2  -194.67919
     15.595        2  -194.55650
     15.745        2  -194.43288
     15.895        2  -194.31191
     16.045        2  -194.19034
     16.195        2  -194.06758
     16.345        2  -193.94849
     16.495        2  -193.83552
     16.645        2  -193.72234
     16.795        2  -193.61254
     16.945        2  -193.49974
     17.095        2  -193.38948
     17.245        2  -193.27878
     17.395        2  -193.16792
     17.545        2  -193.05604
     17.695        2  -192.94237
     17.845        2  -192.83287
     17.995        2  -192.72534
     18.145        2  -192.62167
     18.295        2  -192.51636
     18.445        2  -192.41318
     18.595        2  -192.31004
     18.745        2  -192.21096
     18.895        2  -192.10769
     19.045        2  -192.00549
     19.195        2  -191.90493
     19.345        2  -191.80547
     19.495        2  -191.70931
     19.645        2  -191.61128
     19.795        2  -191.51616
     19.945        2  -191.42069
     20.095        2  -191.32383
     21.836        2  -188.40107
     30.068        2  -184.06318
     42.097        2  -179.72009
     58.937        2  -175.38810
     82.515        2  -171.05731
     115.53        2  -166.75919
     161.74        2  -162.50908
     226.45        2  -158.29227
     317.04        2  -154.11849
     443.87        2  -150.03007
     621.44        2  -146.01725
     870.05        2  -142.07982
     1218.1        2  -138.23166
     1705.4        2  -134.45336
     2387.7        2  -130.76969
     3342.9        2  -127.18507
     4680.2        2  -123.68669
     6552.5        2  -120.28472
     9173.8        2  -116.97358
     12844.        2  -113.74183
     17982.        2  -110.60946
     25176.        2  -107.58477
     35247.        2  -104.66167
     49348.        2  -101.86147
     69090.        2   -99.17560
     96729.        2   -96.60760
    0.13543E+06    2   -94.16420
    0.18960E+06    2   -91.82843
    0.26545E+06    2   -89.60169
    0.37165E+06    2   -87.48145
    0.52033E+06    2   -85.46122
    0.72849E+06    2   -83.53929
    0.10199E+07    2   -81.71313
    0.14279E+07    2   -79.97794
    0.19992E+07    2   -78.32694
    0.27990E+07    2   -76.76079
    0.39187E+07    2   -75.26245
    0.54864E+07    2   -73.84193
    0.76812E+07    2   -72.49647
    0.10754E+08    2   -71.21205
    0.15056E+08    2   -69.98852
    0.21080E+08    2   -68.82820
    0.29513E+08    2   -67.72842
    0.41319E+08    2   -66.69192
    0.57849E+08    2   -65.72711
    0.80991E+08    2   -64.83291
    0.11339E+09    2   -64.00325
    0.15875E+09    2   -63.22966
    0.22226E+09    2   -62.50489
    0.31118E+09    2   -61.83178
    0.43567E+09    2   -61.20333
    0.60996E+09    2   -60.62432
    0.85398E+09    2   -60.10041
    0.11956E+10    2   -59.62113
    0.16739E+10    2   -59.18095
    0.23436E+10    2   -58.77938
    0.32811E+10    2   -58.41165
    0.45937E+10    2   -58.07286
    0.64315E+10    2   -57.76067
    0.90044E+10    2   -57.47271
    0.12607E+11    2   -57.20942
    0.17650E+11    2   -56.96485
    0.24711E+11    2   -56.74184
    0.34596E+11    2   -56.53551
    0.48437E+11    2   -56.34514
    0.67814E+11    2   -56.17022
    0.10000E+12    2   -54.18317
