    -29.945        1     0.00000
    -29.795        1     0.00000
    -29.645        1     0.00000
    -29.495        1     0.00000
    -29.345        1     0.00000
    -29.195        1     0.00000
    -29.045        1     0.00000
    -28.895        1     0.00000
    -28.745        1     0.00000
    -28.595        1     0.00000
    -28.445        1     0.00000
    -28.295        1     0.00000
    -28.145        1     0.00000
    -27.995        1     0.00000
    -27.845        1     0.00000
    -27.695        1     0.00000
    -27.545        1     0.00000
    -27.395        1     0.00000
    -27.245        1     0.00000
    -27.095        1     0.00000
    -26.945        1     0.00000
    -26.795        1     0.00000
    -26.645        1     0.00000
    -26.495        1     0.00000
    -26.345        1     0.00000
    -26.195        1     0.00000
    -26.045        1     0.00000
    -25.895        1     0.00000
    -25.745        1     0.00000
    -25.595        1     0.00000
    -25.445        1     0.00000
    -25.295        1     0.00000
    -25.145        1     0.00000
    -24.995        1     0.00000
    -24.845        1     0.00000
    -24.695        1     0.00000
    -24.545        1     0.00000
    -24.395        1     0.00000
    -24.245        1     0.00000
    -24.095        1     0.00000
    -23.945        1     0.00000
    -23.795        1     0.00000
    -23.645        1     0.00000
    -23.495        1     0.00000
    -23.345        1     0.00000
    -23.195        1     0.00000
    -23.045        1     0.00000
    -22.895        1     0.00000
    -22.745        1     0.00000
    -22.595        1     0.00000
    -22.445        1     0.00000
    -22.295        1     0.00000
    -22.145        1     0.00000
    -21.995        1    -0.00016
    -21.845        1    -0.00016
    -21.695        1    -0.00016
    -21.545        1    -0.00032
    -21.395        1    -0.00047
    -21.245        1    -0.00047
    -21.095        1    -0.00077
    -20.945        1    -0.00214
    -20.795        1    -0.00350
    -20.645        1    -0.00530
    -20.495        1    -0.00871
    -20.345        1    -0.01283
    -20.195        1    -0.01891
    -20.045        1    -0.02716
    -19.895        1    -0.03738
    -19.745        1    -0.05462
    -19.595        1    -0.07639
    -19.445        1    -0.09989
    -19.295        1    -0.12724
    -19.145        1    -0.16407
    -18.995        1    -0.20386
    -18.845        1    -0.24988
    -18.695        1    -0.30662
    -18.545        1    -0.37260
    -18.395        1    -0.45243
    -18.245        1    -0.53471
    -18.095        1    -0.63084
    -17.945        1    -0.73373
    -17.795        1    -0.84887
    -17.645        1    -0.97583
    -17.495        1    -1.12448
    -17.345        1    -1.28875
    -17.195        1    -1.46934
    -17.045        1    -1.66354
    -16.895        1    -1.87503
    -16.745        1    -2.10857
    -16.595        1    -2.35948
    -16.445        1    -2.64115
    -16.295        1    -2.93676
    -16.145        1    -3.24279
    -15.995        1    -3.56075
    -15.845        1    -3.90586
    -15.695        1    -4.28086
    -15.545        1    -4.66986
    -15.395        1    -5.06627
    -15.245        1    -5.47428
    -15.095        1    -5.89286
    -14.945        1    -6.33042
    -14.795        1    -6.78302
    -14.645        1    -7.25179
    -14.495        1    -7.72649
    -14.345        1    -8.22672
    -14.195        1    -8.73727
    -14.045        1    -9.24993
    -13.895        1    -9.79075
    -13.745        1   -10.35317
    -13.595        1   -10.91988
    -13.445        1   -11.52339
    -13.295        1   -12.13107
    -13.145        1   -12.75727
    -12.995        1   -13.39123
    -12.845        1   -14.03424
    -12.695        1   -14.70222
    -12.545        1   -15.38004
    -12.395        1   -16.05799
    -12.245        1   -16.74068
    -12.095        1   -17.40744
    -11.945        1   -18.09156
    -11.795        1   -18.77333
    -11.645        1   -19.44850
    -11.495        1   -20.13431
    -11.345        1   -20.78814
    -11.195        1   -21.43255
    -11.045        1   -22.05877
    -10.895        1   -22.68435
    -10.745        1   -23.29653
    -10.595        1   -23.88569
    -10.445        1   -24.46819
    -10.295        1   -25.03365
    -10.145        1   -25.57954
    -9.9950        1   -26.13918
    -9.8450        1   -26.67557
    -9.6950        1   -27.21145
    -9.5450        1   -27.71931
    -9.3950        1   -28.21635
    -9.2450        1   -28.71056
    -9.0950        1   -29.20241
    -8.9450        1   -29.68230
    -8.7950        1   -30.15529
    -8.6450        1   -30.62962
    -8.4950        1   -31.10585
    -8.3450        1   -31.56448
    -8.1950        1   -32.02353
    -8.0450        1   -32.47880
    -7.8950        1   -32.94454
    -7.7450        1   -33.40424
    -7.5950        1   -33.86867
    -7.4450        1   -34.33559
    -7.2950        1   -34.81009
    -7.1450        1   -35.29337
    -6.9950        1   -35.79092
    -6.8450        1   -36.30272
    -6.6950        1   -36.81899
    -6.5450        1   -37.34632
    -6.3950        1   -37.90269
    -6.2450        1   -38.46749
    -6.0950        1   -39.04689
    -5.9450        1   -39.63671
    -5.7950        1   -40.25272
    -5.6450        1   -40.88488
    -5.4950        1   -41.53498
    -5.3450        1   -42.19734
    -5.1950        1   -42.87333
    -5.0450        1   -43.57425
    -4.8950        1   -44.30091
    -4.7450        1   -45.05341
    -4.5950        1   -45.84064
    -4.4450        1   -46.65022
    -4.2950        1   -47.50470
    -4.1450        1   -48.41096
    -3.9950        1   -49.36372
    -3.8450        1   -50.38031
    -3.6950        1   -51.45983
    -3.5450        1   -52.61041
    -3.3950        1   -53.81625
    -3.2450        1   -55.09734
    -3.0950        1   -56.44382
    -2.9450        1   -57.87339
    -2.7950        1   -59.38003
    -2.6450        1   -60.97286
    -2.4950        1   -62.65016
    -2.3450        1   -64.42028
    -2.1950        1   -66.26283
    -2.0450        1   -68.16523
    -1.8950        1   -70.09217
    -1.7450        1   -72.02676
    -1.5950        1   -73.94596
    -1.4450        1   -75.87512
    -1.2950        1   -77.80533
    -1.1450        1   -79.75476
   -0.99500        1   -81.73871
   -0.84500        1   -83.80801
   -0.69500        1   -86.02023
   -0.54500        1   -88.48073
   -0.39500        1   -91.35991
   -0.25300        1   -93.55018
   -0.21500        1   -93.69873
   -0.20900        1   -93.84819
   -0.20300        1   -93.99985
   -0.19700        1   -94.15371
   -0.19100        1   -94.30944
   -0.18500        1   -94.46742
   -0.17900        1   -94.62769
   -0.17300        1   -94.78989
   -0.16700        1   -94.95467
   -0.16100        1   -95.12215
   -0.15500        1   -95.29214
   -0.14900        1   -95.46588
   -0.14300        1   -95.64339
   -0.13700        1   -95.82365
   -0.13100        1   -96.00793
   -0.12500        1   -96.19591
   -0.11900        1   -96.38817
   -0.11300        1   -96.58577
   -0.10700        1   -96.78848
   -0.10100        1   -96.99660
   -0.95000E-01    1   -97.21202
   -0.89000E-01    1   -97.43397
   -0.83000E-01    1   -97.66477
   -0.77000E-01    1   -97.90513
   -0.71000E-01    1   -98.15728
   -0.65000E-01    1   -98.42368
   -0.59000E-01    1   -98.70646
   -0.53000E-01    1   -99.00937
   -0.47000E-01    1   -99.33836
   -0.41000E-01    1   -99.70181
   -0.35000E-01    1  -100.11151
   -0.29000E-01    1  -100.58365
   -0.23000E-01    1  -101.14837
   -0.19700E-01    1  -101.21129
   -0.19100E-01    1  -101.27592
   -0.18500E-01    1  -101.34212
   -0.17900E-01    1  -101.41018
   -0.17300E-01    1  -101.47999
   -0.16700E-01    1  -101.55176
   -0.16100E-01    1  -101.62570
   -0.15500E-01    1  -101.70198
   -0.14900E-01    1  -101.78075
   -0.14300E-01    1  -101.86211
   -0.13700E-01    1  -101.94627
   -0.13100E-01    1  -102.03344
   -0.12500E-01    1  -102.12367
   -0.11900E-01    1  -102.21728
   -0.11300E-01    1  -102.31454
   -0.10700E-01    1  -102.41544
   -0.10100E-01    1  -102.52034
   -0.95000E-02    1  -102.62952
   -0.89000E-02    1  -102.74268
   -0.83000E-02    1  -102.86000
   -0.77000E-02    1  -102.98116
   -0.71000E-02    1  -103.10609
   -0.65000E-02    1  -103.23437
   -0.59000E-02    1  -103.36556
   -0.53000E-02    1  -103.49869
   -0.47000E-02    1  -103.63232
   -0.41000E-02    1  -103.76386
   -0.35000E-02    1  -103.89018
   -0.29000E-02    1  -104.00687
   -0.23000E-02    1  -104.10856
   -0.17000E-02    1  -104.18964
   -0.11000E-02    1  -104.24486
   -0.50000E-03    1  -104.27068
    0.10000E-03    1  -104.26549
    0.70000E-03    1  -104.22960
    0.13000E-02    1  -104.16527
    0.19000E-02    1  -104.07673
    0.25000E-02    1  -103.96949
    0.31000E-02    1  -103.84916
    0.37000E-02    1  -103.72127
    0.43000E-02    1  -103.59008
    0.49000E-02    1  -103.45832
    0.55000E-02    1  -103.32760
    0.61000E-02    1  -103.19859
    0.67000E-02    1  -103.07221
    0.73000E-02    1  -102.94889
    0.79000E-02    1  -102.82930
    0.85000E-02    1  -102.71371
    0.91000E-02    1  -102.60219
    0.97000E-02    1  -102.49480
    0.10300E-01    1  -102.39142
    0.10900E-01    1  -102.29184
    0.11500E-01    1  -102.19619
    0.12100E-01    1  -102.10380
    0.12700E-01    1  -102.01488
    0.13300E-01    1  -101.92904
    0.13900E-01    1  -101.84620
    0.14500E-01    1  -101.76614
    0.15100E-01    1  -101.68855
    0.15700E-01    1  -101.61338
    0.16300E-01    1  -101.54039
    0.16900E-01    1  -101.46951
    0.17500E-01    1  -101.40075
    0.18100E-01    1  -101.33372
    0.18700E-01    1  -101.26853
    0.19300E-01    1  -101.20480
    0.20200E-01    1  -100.97167
    0.25000E-01    1  -100.44832
    0.31000E-01    1  -100.00491
    0.37000E-01    1   -99.61838
    0.43000E-01    1   -99.27479
    0.49000E-01    1   -98.96453
    0.55000E-01    1   -98.68062
    0.61000E-01    1   -98.41731
    0.67000E-01    1   -98.17173
    0.73000E-01    1   -97.94164
    0.79000E-01    1   -97.72495
    0.85000E-01    1   -97.52158
    0.91000E-01    1   -97.32923
    0.97000E-01    1   -97.14667
    0.10300        1   -96.97342
    0.10900        1   -96.80859
    0.11500        1   -96.65150
    0.12100        1   -96.50173
    0.12700        1   -96.35812
    0.13300        1   -96.22060
    0.13900        1   -96.08942
    0.14500        1   -95.96299
    0.15100        1   -95.84211
    0.15700        1   -95.72613
    0.16300        1   -95.61408
    0.16900        1   -95.50655
    0.17500        1   -95.40299
    0.18100        1   -95.30348
    0.18700        1   -95.20801
    0.19300        1   -95.11609
    0.19900        1   -95.02758
    0.20500        1   -94.94245
    0.21100        1   -94.86026
    0.21700        1   -94.78111
    0.29500        1   -93.34716
    0.44500        1   -92.56553
    0.59500        1   -92.05411
    0.74500        1   -91.67928
    0.89500        1   -91.37599
     1.0450        1   -91.11529
     1.1950        1   -90.88404
     1.3450        1   -90.67724
     1.4950        1   -90.48856
     1.6450        1   -90.31665
     1.7950        1   -90.15638
     1.9450        1   -90.00883
     2.0950        1   -89.87033
     2.2450        1   -89.74168
     2.3950        1   -89.62043
     2.5450        1   -89.50785
     2.6950        1   -89.39991
     2.8450        1   -89.29898
     2.9950        1   -89.20085
     3.1450        1   -89.11060
     3.2950        1   -89.02558
     3.4450        1   -88.94281
     3.5950        1   -88.86806
     3.7450        1   -88.79755
     3.8950        1   -88.72800
     4.0450        1   -88.66401
     4.1950        1   -88.60259
     4.3450        1   -88.54445
     4.4950        1   -88.48649
     4.6450        1   -88.43367
     4.7950        1   -88.38266
     4.9450        1   -88.33229
     5.0950        1   -88.28419
     5.2450        1   -88.23775
     5.3950        1   -88.19176
     5.5450        1   -88.14710
     5.6950        1   -88.10530
     5.8450        1   -88.06401
     5.9950        1   -88.02248
     6.1450        1   -87.98179
     6.2950        1   -87.94309
     6.4450        1   -87.90436
     6.5950        1   -87.86572
     6.7450        1   -87.82889
     6.8950        1   -87.79195
     7.0450        1   -87.75788
     7.1950        1   -87.72237
     7.3450        1   -87.68832
     7.4950        1   -87.65512
     7.6450        1   -87.62150
     7.7950        1   -87.58932
     7.9450        1   -87.55854
     8.0950        1   -87.52798
     8.2450        1   -87.49869
     8.3950        1   -87.46889
     8.5450        1   -87.43886
     8.6950        1   -87.41046
     8.8450        1   -87.38169
     8.9950        1   -87.35423
     9.1450        1   -87.32703
     9.2950        1   -87.29989
     9.4450        1   -87.27328
     9.5950        1   -87.24661
     9.7450        1   -87.22076
     9.8950        1   -87.19459
     10.045        1   -87.16868
     10.195        1   -87.14381
     10.345        1   -87.11918
     10.495        1   -87.09438
     10.645        1   -87.06993
     10.795        1   -87.04534
     10.945        1   -87.02213
     11.095        1   -86.99858
     11.245        1   -86.97623
     11.395        1   -86.95361
     11.545        1   -86.93034
     11.695        1   -86.90725
     11.845        1   -86.88484
     11.995        1   -86.86333
     12.145        1   -86.84230
     12.295        1   -86.82087
     12.445        1   -86.79983
     12.595        1   -86.77858
     12.745        1   -86.75849
     12.895        1   -86.73834
     13.045        1   -86.71797
     13.195        1   -86.69815
     13.345        1   -86.67813
     13.495        1   -86.65835
     13.645        1   -86.63907
     13.795        1   -86.61980
     13.945        1   -86.60096
     14.095        1   -86.58189
     14.245        1   -86.56303
     14.395        1   -86.54511
     14.545        1   -86.52655
     14.695        1   -86.50879
     14.845        1   -86.49082
     14.995        1   -86.47360
     15.145        1   -86.45554
     15.295        1   -86.43851
     15.445        1   -86.42034
     15.595        1   -86.40376
     15.745        1   -86.38675
     15.895        1   -86.36982
     16.045        1   -86.35318
     16.195        1   -86.33652
     16.345        1   -86.32040
     16.495        1   -86.30400
     16.645        1   -86.28741
     16.795        1   -86.27101
     16.945        1   -86.25460
     17.095        1   -86.23872
     17.245        1   -86.22303
     17.395        1   -86.20747
     17.545        1   -86.19149
     17.695        1   -86.17618
     17.845        1   -86.16143
     17.995        1   -86.14613
     18.145        1   -86.13112
     18.295        1   -86.11600
     18.445        1   -86.10175
     18.595        1   -86.08695
     18.745        1   -86.07243
     18.895        1   -86.05853
     19.045        1   -86.04376
     19.195        1   -86.02952
     19.345        1   -86.01512
     19.495        1   -86.00144
     19.645        1   -85.98688
     19.795        1   -85.97270
     19.945        1   -85.95900
     20.095        1   -85.94516
     20.245        1   -85.93157
     20.395        1   -85.91835
     20.545        1   -85.90534
     20.695        1   -85.89168
     20.845        1   -85.87799
     20.995        1   -85.86527
     21.145        1   -85.85185
     21.295        1   -85.83875
     21.445        1   -85.82565
     21.595        1   -85.81301
     21.745        1   -85.80038
     21.895        1   -85.78713
     22.045        1   -85.77434
     22.195        1   -85.76204
     22.345        1   -85.74980
     22.495        1   -85.73705
     22.645        1   -85.72474
     22.795        1   -85.71248
     22.945        1   -85.70039
     23.095        1   -85.68824
     23.245        1   -85.67632
     23.395        1   -85.66468
     23.545        1   -85.65233
     23.695        1   -85.64037
     23.845        1   -85.62863
     23.995        1   -85.61699
     24.145        1   -85.60548
     24.295        1   -85.59419
     24.445        1   -85.58249
     24.595        1   -85.57086
     24.745        1   -85.55941
     24.895        1   -85.54780
     25.045        1   -85.53672
     25.195        1   -85.52516
     25.345        1   -85.51409
     25.495        1   -85.50275
     25.645        1   -85.49200
     25.795        1   -85.48119
     25.945        1   -85.47002
     26.095        1   -85.45915
     26.245        1   -85.44819
     26.395        1   -85.43766
     26.545        1   -85.42677
     26.695        1   -85.41601
     26.845        1   -85.40556
     26.995        1   -85.39517
     27.145        1   -85.38522
     27.295        1   -85.37455
     27.445        1   -85.36415
     27.595        1   -85.35394
     27.745        1   -85.34381
     27.895        1   -85.33345
     28.045        1   -85.32322
     28.195        1   -85.31275
     28.345        1   -85.30283
     28.495        1   -85.29256
     28.645        1   -85.28277
     28.795        1   -85.27304
     28.945        1   -85.26333
     29.095        1   -85.25337
     29.245        1   -85.24318
     29.395        1   -85.23376
     29.545        1   -85.22370
     29.695        1   -85.21423
     29.845        1   -85.20455
     29.995        1   -85.19461
     30.145        1   -85.18558
     30.295        1   -85.17641
     30.445        1   -85.16697
     30.595        1   -85.15790
     30.745        1   -85.14870
     30.895        1   -85.13923
     31.045        1   -85.12985
     31.195        1   -85.12075
     31.345        1   -85.11130
     31.495        1   -85.10195
     31.645        1   -85.09305
     31.795        1   -85.08462
     31.945        1   -85.07576
     32.095        1   -85.06714
     32.245        1   -85.05846
     32.395        1   -85.04962
     32.545        1   -85.04108
     32.695        1   -85.03179
     32.845        1   -85.02335
     32.995        1   -85.01522
     33.145        1   -85.00665
     33.295        1   -84.99837
     33.445        1   -84.99000
     33.595        1   -84.98174
     33.745        1   -84.97331
     33.895        1   -84.96503
     34.045        1   -84.95604
     34.195        1   -84.94759
     34.345        1   -84.93916
     34.495        1   -84.93081
     34.645        1   -84.92238
     34.795        1   -84.91411
     34.945        1   -84.90578
     35.095        1   -84.89756
     35.245        1   -84.88992
     35.395        1   -84.88145
     35.545        1   -84.87294
     35.695        1   -84.86476
     35.845        1   -84.85671
     35.995        1   -84.84862
     36.145        1   -84.84024
     36.295        1   -84.83231
     36.445        1   -84.82443
     36.595        1   -84.81674
     36.745        1   -84.80861
     36.895        1   -84.80106
     37.045        1   -84.79278
     37.195        1   -84.78542
     37.345        1   -84.77777
     37.495        1   -84.77025
     37.645        1   -84.76246
     37.795        1   -84.75500
     37.945        1   -84.74748
     38.095        1   -84.73958
     38.245        1   -84.73204
     38.395        1   -84.72427
     38.545        1   -84.71715
     38.695        1   -84.70976
     38.845        1   -84.70257
     38.995        1   -84.69521
     39.145        1   -84.68806
     39.295        1   -84.68069
     39.445        1   -84.67345
     39.595        1   -84.66622
     39.745        1   -84.65911
     39.895        1   -84.65166
     40.045        1   -84.64442
     40.195        1   -84.63731
     40.345        1   -84.63025
     40.495        1   -84.62300
     40.645        1   -84.61578
     40.795        1   -84.60888
     40.945        1   -84.60184
     41.095        1   -84.59477
     41.245        1   -84.58781
     41.395        1   -84.58034
     41.545        1   -84.57356
     41.695        1   -84.56669
     41.845        1   -84.55977
     41.995        1   -84.55323
     42.145        1   -84.54641
     42.295        1   -84.53951
     42.445        1   -84.53280
     42.595        1   -84.52582
     42.745        1   -84.51880
     42.895        1   -84.51172
     43.045        1   -84.50520
     43.195        1   -84.49841
     43.345        1   -84.49173
     43.495        1   -84.48516
     43.645        1   -84.47835
     43.795        1   -84.47161
     43.945        1   -84.46505
     44.095        1   -84.45852
     44.245        1   -84.45183
     44.395        1   -84.44523
     44.545        1   -84.43890
     44.695        1   -84.43210
     44.845        1   -84.42567
     44.995        1   -84.41947
     45.145        1   -84.41301
     45.295        1   -84.40647
     45.445        1   -84.40008
     45.595        1   -84.39371
     45.745        1   -84.38732
     45.895        1   -84.38075
     46.045        1   -84.37423
     46.195        1   -84.36813
     46.345        1   -84.36181
     46.495        1   -84.35567
     46.645        1   -84.34953
     46.795        1   -84.34334
     46.945        1   -84.33717
     47.095        1   -84.33110
     47.245        1   -84.32503
     47.395        1   -84.31890
     47.545        1   -84.31287
     47.695        1   -84.30690
     47.845        1   -84.30107
     47.995        1   -84.29507
     48.145        1   -84.28883
     48.295        1   -84.28299
     48.445        1   -84.27689
     48.595        1   -84.27135
     48.745        1   -84.26544
     48.895        1   -84.25935
     49.045        1   -84.25344
     49.195        1   -84.24775
     49.345        1   -84.24159
     49.495        1   -84.23555
     49.645        1   -84.22982
     49.795        1   -84.22360
     49.945        1   -84.21762
     50.095        1   -84.21211
     50.245        1   -84.20605
     50.395        1   -84.20027
     50.545        1   -84.19455
     50.695        1   -84.18876
     50.845        1   -84.18329
     50.995        1   -84.17778
     51.145        1   -84.17190
     51.295        1   -84.16618
     51.445        1   -84.16053
     51.595        1   -84.15493
     51.745        1   -84.14922
     51.895        1   -84.14364
     52.045        1   -84.13831
     52.195        1   -84.13264
     52.345        1   -84.12732
     52.495        1   -84.12184
     52.645        1   -84.11631
     52.795        1   -84.11089
     52.945        1   -84.10530
     53.095        1   -84.09991
     53.245        1   -84.09420
     53.395        1   -84.08877
     53.545        1   -84.08350
     53.695        1   -84.07822
     53.845        1   -84.07279
     53.995        1   -84.06715
     54.145        1   -84.06171
     54.295        1   -84.05644
     54.445        1   -84.05129
     54.595        1   -84.04607
     54.745        1   -84.04073
     54.895        1   -84.03552
     55.045        1   -84.03007
     55.195        1   -84.02489
     55.345        1   -84.01959
     55.495        1   -84.01458
     55.645        1   -84.00927
     55.795        1   -84.00429
     55.945        1   -83.99922
     56.095        1   -83.99418
     56.245        1   -83.98889
     56.395        1   -83.98331
     56.545        1   -83.97832
     56.695        1   -83.97315
     56.845        1   -83.96790
     56.995        1   -83.96299
     57.145        1   -83.95785
     57.295        1   -83.95291
     57.445        1   -83.94787
     57.595        1   -83.94296
     57.745        1   -83.93773
     57.895        1   -83.93300
     58.045        1   -83.92793
     58.195        1   -83.92279
     58.345        1   -83.91799
     58.495        1   -83.91308
     58.645        1   -83.90837
     58.795        1   -83.90361
     58.945        1   -83.89853
     59.095        1   -83.89346
     59.245        1   -83.88838
     59.395        1   -83.88348
     59.545        1   -83.87864
     59.695        1   -83.87380
     59.845        1   -83.86918
     59.995        1   -83.86408
     60.145        1   -83.85908
     70.939        1   -83.23634
     97.698        1   -82.61269
     134.55        1   -81.99288
     185.30        1   -81.37830
     255.20        1   -80.77143
     351.46        1   -80.17378
     484.04        1   -79.58002
     666.62        1   -78.99733
     918.07        1   -78.42150
     1264.4        1   -77.85749
     1741.3        1   -77.30325
     2398.1        1   -76.75677
     3302.7        1   -76.22073
     4548.5        1   -75.69043
     6264.3        1   -75.16943
     8627.2        1   -74.65712
     11881.        1   -74.15284
     16363.        1   -73.65589
     22535.        1   -73.16579
     31036.        1   -72.68543
     42743.        1   -72.21016
     58866.        1   -71.74000
     81070.        1   -71.27758
    0.11165E+06    1   -70.81882
    0.15377E+06    1   -70.36798
    0.21177E+06    1   -69.92078
    0.29165E+06    1   -69.47812
    0.40166E+06    1   -69.04071
    0.55317E+06    1   -68.60599
    0.76182E+06    1   -68.17330
    0.10492E+07    1   -67.74291
    0.14449E+07    1   -67.31436
    0.19900E+07    1   -66.88659
    0.27406E+07    1   -66.45788
    0.37744E+07    1   -66.02862
    0.51981E+07    1   -65.59669
    0.71589E+07    1   -65.16264
    0.98593E+07    1   -64.72824
    0.13578E+08    1   -64.29216
    0.18700E+08    1   -63.85331
    0.25754E+08    1   -63.41365
    0.35468E+08    1   -62.97475
    0.48847E+08    1   -62.54345
    0.67273E+08    1   -62.12311
    0.92648E+08    1   -61.71285
    0.12760E+09    1   -61.31339
    0.17573E+09    1   -60.92496
    0.24201E+09    1   -60.54779
    0.33330E+09    1   -60.18469
    0.45902E+09    1   -59.83709
    0.63217E+09    1   -59.51022
    0.87062E+09    1   -59.20388
    0.11990E+10    1   -58.91710
    0.16513E+10    1   -58.65049
    0.22742E+10    1   -58.40228
    0.31320E+10    1   -58.17094
    0.43134E+10    1   -57.95480
    0.59405E+10    1   -57.75322
    0.81813E+10    1   -57.56509
    0.11267E+11    1   -57.39068
    0.15517E+11    1   -57.22784
    0.21371E+11    1   -57.07640
    0.29432E+11    1   -56.93625
    0.40534E+11    1   -56.80557
    0.55823E+11    1   -56.68402
    0.10000E+12    1   -55.16656
    -149.95        2     0.00000
    -149.79        2     0.00000
    -149.65        2     0.00000
    -149.49        2     0.00000
    -149.34        2     0.00000
    -149.20        2     0.00000
    -149.04        2     0.00000
    -148.90        2     0.00000
    -148.74        2     0.00000
    -148.59        2     0.00000
    -148.45        2     0.00000
    -148.29        2     0.00000
    -148.15        2     0.00000
    -147.99        2     0.00000
    -147.84        2     0.00000
    -147.70        2     0.00000
    -147.54        2     0.00000
    -147.40        2     0.00000
    -147.24        2     0.00000
    -147.09        2     0.00000
    -146.95        2     0.00000
    -146.79        2     0.00000
    -146.65        2     0.00000
    -146.49        2     0.00000
    -146.34        2     0.00000
    -146.20        2     0.00000
    -146.04        2     0.00000
    -145.90        2     0.00000
    -145.74        2     0.00000
    -145.59        2     0.00000
    -145.45        2     0.00000
    -145.29        2     0.00000
    -145.15        2     0.00000
    -144.99        2     0.00000
    -144.84        2     0.00000
    -144.70        2     0.00000
    -144.54        2     0.00000
    -144.40        2     0.00000
    -144.24        2     0.00000
    -144.09        2     0.00000
    -143.95        2     0.00000
    -143.79        2     0.00000
    -143.65        2     0.00000
    -143.49        2     0.00000
    -143.34        2     0.00000
    -143.20        2     0.00000
    -143.04        2     0.00000
    -142.90        2     0.00000
    -142.74        2     0.00000
    -142.59        2     0.00000
    -142.45        2     0.00000
    -142.29        2     0.00000
    -142.15        2     0.00000
    -141.99        2     0.00000
    -141.84        2     0.00000
    -141.70        2     0.00000
    -141.54        2     0.00000
    -141.40        2     0.00000
    -141.24        2     0.00000
    -141.09        2     0.00000
    -140.95        2     0.00000
    -140.79        2     0.00000
    -140.65        2     0.00000
    -140.49        2     0.00000
    -140.34        2     0.00000
    -140.20        2     0.00000
    -140.04        2     0.00000
    -139.90        2     0.00000
    -139.74        2     0.00000
    -139.59        2     0.00000
    -139.45        2     0.00000
    -139.29        2     0.00000
    -139.15        2     0.00000
    -138.99        2     0.00000
    -138.84        2     0.00000
    -138.70        2     0.00000
    -138.54        2     0.00000
    -138.40        2     0.00000
    -138.24        2     0.00000
    -138.09        2     0.00000
    -137.95        2     0.00000
    -137.79        2     0.00000
    -137.65        2     0.00000
    -137.49        2     0.00000
    -137.34        2     0.00000
    -137.20        2     0.00000
    -137.04        2     0.00000
    -136.90        2     0.00000
    -136.74        2     0.00000
    -136.59        2     0.00000
    -136.45        2     0.00000
    -136.29        2     0.00000
    -136.15        2     0.00000
    -135.99        2     0.00000
    -135.84        2     0.00000
    -135.70        2     0.00000
    -135.54        2     0.00000
    -135.40        2     0.00000
    -135.24        2     0.00000
    -135.09        2     0.00000
    -134.95        2     0.00000
    -134.79        2     0.00000
    -134.65        2     0.00000
    -134.49        2     0.00000
    -134.34        2     0.00000
    -134.20        2     0.00000
    -134.04        2     0.00000
    -133.90        2     0.00000
    -133.74        2     0.00000
    -133.59        2     0.00000
    -133.45        2     0.00000
    -133.29        2     0.00000
    -133.15        2     0.00000
    -132.99        2     0.00000
    -132.84        2     0.00000
    -132.70        2     0.00000
    -132.54        2     0.00000
    -132.40        2     0.00000
    -132.24        2     0.00000
    -132.09        2     0.00000
    -131.95        2     0.00000
    -131.79        2     0.00000
    -131.65        2     0.00000
    -131.49        2     0.00000
    -131.34        2     0.00000
    -131.20        2     0.00000
    -131.04        2     0.00000
    -130.90        2     0.00000
    -130.74        2     0.00000
    -130.59        2     0.00000
    -130.45        2     0.00000
    -130.29        2     0.00000
    -130.15        2     0.00000
    -129.99        2     0.00000
    -129.84        2     0.00000
    -129.70        2     0.00000
    -129.54        2     0.00000
    -129.40        2     0.00000
    -129.24        2     0.00000
    -129.09        2     0.00000
    -128.95        2     0.00000
    -128.79        2     0.00000
    -128.65        2     0.00000
    -128.49        2     0.00000
    -128.34        2     0.00000
    -128.20        2     0.00000
    -128.04        2     0.00000
    -127.89        2     0.00000
    -127.75        2     0.00000
    -127.60        2     0.00000
    -127.44        2     0.00000
    -127.30        2     0.00000
    -127.14        2     0.00000
    -127.00        2     0.00000
    -126.85        2     0.00000
    -126.69        2     0.00000
    -126.55        2     0.00000
    -126.39        2     0.00000
    -126.25        2     0.00000
    -126.10        2     0.00000
    -125.94        2     0.00000
    -125.80        2     0.00000
    -125.64        2     0.00000
    -125.50        2     0.00000
    -125.35        2     0.00000
    -125.19        2     0.00000
    -125.05        2     0.00000
    -124.89        2     0.00000
    -124.75        2     0.00000
    -124.60        2     0.00000
    -124.44        2     0.00000
    -124.30        2     0.00000
    -124.14        2     0.00000
    -124.00        2     0.00000
    -123.85        2     0.00000
    -123.69        2     0.00000
    -123.55        2     0.00000
    -123.39        2     0.00000
    -123.25        2     0.00000
    -123.10        2     0.00000
    -122.94        2     0.00000
    -122.80        2     0.00000
    -122.64        2     0.00000
    -122.50        2     0.00000
    -122.35        2     0.00000
    -122.19        2     0.00000
    -122.05        2     0.00000
    -121.89        2     0.00000
    -121.75        2     0.00000
    -121.60        2     0.00000
    -121.44        2     0.00000
    -121.30        2     0.00000
    -121.14        2     0.00000
    -121.00        2     0.00000
    -120.85        2     0.00000
    -120.69        2     0.00000
    -120.55        2     0.00000
    -120.39        2     0.00000
    -120.25        2     0.00000
    -120.10        2     0.00000
    -119.94        2     0.00000
    -119.80        2     0.00000
    -119.64        2     0.00000
    -119.50        2     0.00000
    -119.35        2     0.00000
    -119.19        2     0.00000
    -119.05        2     0.00000
    -118.89        2     0.00000
    -118.75        2     0.00000
    -118.60        2     0.00000
    -118.44        2     0.00000
    -118.30        2     0.00000
    -118.14        2     0.00000
    -118.00        2     0.00000
    -117.85        2     0.00000
    -117.69        2     0.00000
    -117.55        2     0.00000
    -117.39        2     0.00000
    -117.25        2     0.00000
    -117.10        2     0.00000
    -116.94        2     0.00000
    -116.80        2     0.00000
    -116.64        2     0.00000
    -116.50        2     0.00000
    -116.35        2     0.00000
    -116.19        2     0.00000
    -116.05        2     0.00000
    -115.89        2     0.00000
    -115.75        2     0.00000
    -115.60        2     0.00000
    -115.44        2     0.00000
    -115.30        2     0.00000
    -115.14        2     0.00000
    -115.00        2     0.00000
    -114.85        2     0.00000
    -114.69        2     0.00000
    -114.55        2     0.00000
    -114.39        2     0.00000
    -114.25        2     0.00000
    -114.10        2     0.00000
    -113.94        2     0.00000
    -113.80        2     0.00000
    -113.64        2     0.00000
    -113.50        2     0.00000
    -113.35        2     0.00000
    -113.19        2     0.00000
    -113.05        2     0.00000
    -112.89        2     0.00000
    -112.75        2     0.00000
    -112.60        2     0.00000
    -112.44        2     0.00000
    -112.30        2     0.00000
    -112.14        2     0.00000
    -112.00        2     0.00000
    -111.85        2     0.00000
    -111.69        2     0.00000
    -111.55        2     0.00000
    -111.39        2     0.00000
    -111.25        2     0.00000
    -111.10        2     0.00000
    -110.94        2     0.00000
    -110.80        2     0.00000
    -110.64        2     0.00000
    -110.50        2     0.00000
    -110.35        2     0.00000
    -110.19        2     0.00000
    -110.05        2     0.00000
    -109.89        2     0.00000
    -109.75        2     0.00000
    -109.60        2     0.00000
    -109.44        2     0.00000
    -109.30        2     0.00000
    -109.14        2     0.00000
    -109.00        2     0.00000
    -108.85        2     0.00000
    -108.69        2     0.00000
    -108.55        2     0.00000
    -108.39        2     0.00000
    -108.25        2     0.00000
    -108.10        2     0.00000
    -107.94        2     0.00000
    -107.80        2     0.00000
    -107.64        2     0.00000
    -107.50        2     0.00000
    -107.35        2     0.00000
    -107.19        2     0.00000
    -107.05        2     0.00000
    -106.89        2     0.00000
    -106.75        2     0.00000
    -106.60        2     0.00000
    -106.44        2     0.00000
    -106.30        2     0.00000
    -106.14        2     0.00000
    -106.00        2     0.00000
    -105.85        2     0.00000
    -105.69        2     0.00000
    -105.55        2     0.00000
    -105.39        2     0.00000
    -105.25        2     0.00000
    -105.10        2     0.00000
    -104.94        2     0.00000
    -104.80        2     0.00000
    -104.64        2     0.00000
    -104.50        2     0.00000
    -104.35        2     0.00000
    -104.19        2     0.00000
    -104.05        2     0.00000
    -103.89        2     0.00000
    -103.75        2     0.00000
    -103.60        2     0.00000
    -103.44        2     0.00000
    -103.30        2     0.00000
    -103.14        2     0.00000
    -103.00        2     0.00000
    -102.85        2     0.00000
    -102.69        2     0.00000
    -102.55        2     0.00000
    -102.39        2     0.00000
    -102.25        2     0.00000
    -102.10        2     0.00000
    -101.94        2     0.00000
    -101.80        2     0.00000
    -101.64        2     0.00000
    -101.50        2     0.00000
    -101.35        2     0.00000
    -101.19        2     0.00000
    -101.05        2     0.00000
    -100.89        2     0.00000
    -100.75        2     0.00000
    -100.60        2     0.00000
    -100.44        2     0.00000
    -100.30        2     0.00000
    -100.14        2     0.00000
    -99.995        2     0.00000
    -99.845        2     0.00000
    -99.695        2     0.00000
    -99.545        2     0.00000
    -99.395        2     0.00000
    -99.245        2     0.00000
    -99.095        2     0.00000
    -98.945        2     0.00000
    -98.795        2     0.00000
    -98.645        2     0.00000
    -98.495        2     0.00000
    -98.345        2     0.00000
    -98.195        2     0.00000
    -98.045        2     0.00000
    -97.895        2     0.00000
    -97.745        2     0.00000
    -97.595        2     0.00000
    -97.445        2     0.00000
    -97.295        2     0.00000
    -97.145        2     0.00000
    -96.995        2     0.00000
    -96.845        2     0.00000
    -96.695        2     0.00000
    -96.545        2     0.00000
    -96.395        2     0.00000
    -96.245        2     0.00000
    -96.095        2     0.00000
    -95.945        2     0.00000
    -95.795        2     0.00000
    -95.645        2     0.00000
    -95.495        2     0.00000
    -95.345        2     0.00000
    -95.195        2     0.00000
    -95.045        2     0.00000
    -94.895        2     0.00000
    -94.745        2     0.00000
    -94.595        2     0.00000
    -94.445        2     0.00000
    -94.295        2     0.00000
    -94.145        2     0.00000
    -93.995        2     0.00000
    -93.845        2     0.00000
    -93.695        2     0.00000
    -93.545        2     0.00000
    -93.395        2     0.00000
    -93.245        2     0.00000
    -93.095        2     0.00000
    -92.945        2     0.00000
    -92.795        2     0.00000
    -92.645        2     0.00000
    -92.495        2     0.00000
    -92.345        2     0.00000
    -92.195        2     0.00000
    -92.045        2     0.00000
    -91.895        2     0.00000
    -91.745        2     0.00000
    -91.595        2     0.00000
    -91.445        2     0.00000
    -91.295        2     0.00000
    -91.145        2     0.00000
    -90.995        2     0.00000
    -90.845        2     0.00000
    -90.695        2     0.00000
    -90.545        2     0.00000
    -90.395        2     0.00000
    -90.245        2     0.00000
    -90.095        2     0.00000
    -89.945        2     0.00000
    -89.795        2     0.00000
    -89.645        2     0.00000
    -89.495        2     0.00000
    -89.345        2     0.00000
    -89.195        2     0.00000
    -89.045        2     0.00000
    -88.895        2     0.00000
    -88.745        2     0.00000
    -88.595        2     0.00000
    -88.445        2     0.00000
    -88.295        2     0.00000
    -88.145        2     0.00000
    -87.995        2     0.00000
    -87.845        2     0.00000
    -87.695        2     0.00000
    -87.545        2     0.00000
    -87.395        2     0.00000
    -87.245        2     0.00000
    -87.095        2     0.00000
    -86.945        2     0.00000
    -86.795        2     0.00000
    -86.645        2     0.00000
    -86.495        2     0.00000
    -86.345        2     0.00000
    -86.195        2     0.00000
    -86.045        2     0.00000
    -85.895        2     0.00000
    -85.745        2     0.00000
    -85.595        2     0.00000
    -85.445        2     0.00000
    -85.295        2     0.00000
    -85.145        2     0.00000
    -84.995        2     0.00000
    -84.845        2     0.00000
    -84.695        2     0.00000
    -84.545        2     0.00000
    -84.395        2     0.00000
    -84.245        2     0.00000
    -84.095        2     0.00000
    -83.945        2     0.00000
    -83.795        2     0.00000
    -83.645        2     0.00000
    -83.495        2     0.00000
    -83.345        2     0.00000
    -83.195        2     0.00000
    -83.045        2     0.00000
    -82.895        2     0.00000
    -82.745        2     0.00000
    -82.595        2     0.00000
    -82.445        2     0.00000
    -82.295        2     0.00000
    -82.145        2     0.00000
    -81.995        2     0.00000
    -81.845        2     0.00000
    -81.695        2     0.00000
    -81.545        2     0.00000
    -81.395        2     0.00000
    -81.245        2     0.00000
    -81.095        2     0.00000
    -80.945        2     0.00000
    -80.795        2     0.00000
    -80.645        2     0.00000
    -80.495        2     0.00000
    -80.345        2     0.00000
    -80.195        2     0.00000
    -80.045        2     0.00000
    -79.895        2     0.00000
    -79.745        2     0.00000
    -79.595        2     0.00000
    -79.445        2     0.00000
    -79.295        2     0.00000
    -79.145        2     0.00000
    -78.995        2     0.00000
    -78.845        2     0.00000
    -78.695        2     0.00000
    -78.545        2     0.00000
    -78.395        2     0.00000
    -78.245        2     0.00000
    -78.095        2     0.00000
    -77.945        2     0.00000
    -77.795        2     0.00000
    -77.645        2     0.00000
    -77.495        2     0.00000
    -77.345        2     0.00000
    -77.195        2     0.00000
    -77.045        2     0.00000
    -76.895        2     0.00000
    -76.745        2     0.00000
    -76.595        2     0.00000
    -76.445        2     0.00000
    -76.295        2     0.00000
    -76.145        2     0.00000
    -75.995        2     0.00000
    -75.845        2     0.00000
    -75.695        2     0.00000
    -75.545        2     0.00000
    -75.395        2     0.00000
    -75.245        2     0.00000
    -75.095        2     0.00000
    -74.945        2     0.00000
    -74.795        2     0.00000
    -74.645        2     0.00000
    -74.495        2     0.00000
    -74.345        2     0.00000
    -74.195        2     0.00000
    -74.045        2     0.00000
    -73.895        2     0.00000
    -73.745        2     0.00000
    -73.595        2     0.00000
    -73.445        2     0.00000
    -73.295        2     0.00000
    -73.145        2     0.00000
    -72.995        2     0.00000
    -72.845        2     0.00000
    -72.695        2     0.00000
    -72.545        2     0.00000
    -72.395        2     0.00000
    -72.245        2     0.00000
    -72.095        2     0.00000
    -71.945        2     0.00000
    -71.795        2     0.00000
    -71.645        2     0.00000
    -71.495        2     0.00000
    -71.345        2     0.00000
    -71.195        2     0.00000
    -71.045        2     0.00000
    -70.895        2     0.00000
    -70.745        2     0.00000
    -70.595        2     0.00000
    -70.445        2     0.00000
    -70.295        2     0.00000
    -70.145        2     0.00000
    -69.995        2     0.00000
    -69.845        2     0.00000
    -69.695        2     0.00000
    -69.545        2     0.00000
    -69.395        2     0.00000
    -69.245        2     0.00000
    -69.095        2     0.00000
    -68.945        2     0.00000
    -68.795        2     0.00000
    -68.645        2     0.00000
    -68.495        2     0.00000
    -68.345        2     0.00000
    -68.195        2     0.00000
    -68.045        2     0.00000
    -67.895        2     0.00000
    -67.745        2     0.00000
    -67.595        2     0.00000
    -67.445        2     0.00000
    -67.295        2     0.00000
    -67.145        2     0.00000
    -66.995        2     0.00000
    -66.845        2     0.00000
    -66.695        2     0.00000
    -66.545        2     0.00000
    -66.395        2     0.00000
    -66.245        2     0.00000
    -66.095        2     0.00000
    -65.945        2     0.00000
    -65.795        2     0.00000
    -65.645        2     0.00000
    -65.495        2     0.00000
    -65.345        2     0.00000
    -65.195        2     0.00000
    -65.045        2     0.00000
    -64.895        2     0.00000
    -64.745        2     0.00000
    -64.595        2     0.00000
    -64.445        2     0.00000
    -64.295        2     0.00000
    -64.145        2     0.00000
    -63.995        2     0.00000
    -63.845        2     0.00000
    -63.695        2     0.00000
    -63.545        2     0.00000
    -63.395        2     0.00000
    -63.245        2     0.00000
    -63.095        2     0.00000
    -62.945        2     0.00000
    -62.795        2     0.00000
    -62.645        2     0.00000
    -62.495        2     0.00000
    -62.345        2     0.00000
    -62.195        2     0.00000
    -62.045        2     0.00000
    -61.895        2     0.00000
    -61.745        2     0.00000
    -61.595        2     0.00000
    -61.445        2     0.00000
    -61.295        2     0.00000
    -61.145        2     0.00000
    -60.995        2     0.00000
    -60.845        2     0.00000
    -60.695        2     0.00000
    -60.545        2     0.00000
    -60.395        2     0.00000
    -60.245        2     0.00000
    -60.095        2     0.00000
    -59.945        2     0.00000
    -59.795        2     0.00000
    -59.645        2     0.00000
    -59.495        2     0.00000
    -59.345        2     0.00000
    -59.195        2     0.00000
    -59.045        2     0.00000
    -58.895        2     0.00000
    -58.745        2     0.00000
    -58.595        2     0.00000
    -58.445        2     0.00000
    -58.295        2     0.00000
    -58.145        2     0.00000
    -57.995        2     0.00000
    -57.845        2     0.00000
    -57.695        2     0.00000
    -57.545        2     0.00000
    -57.395        2     0.00000
    -57.245        2     0.00000
    -57.095        2     0.00000
    -56.945        2     0.00000
    -56.795        2     0.00000
    -56.645        2     0.00000
    -56.495        2     0.00000
    -56.345        2     0.00000
    -56.195        2     0.00000
    -56.045        2     0.00000
    -55.895        2     0.00000
    -55.745        2     0.00000
    -55.595        2     0.00000
    -55.445        2     0.00000
    -55.295        2     0.00000
    -55.145        2     0.00000
    -54.995        2     0.00000
    -54.845        2     0.00000
    -54.695        2     0.00000
    -54.545        2     0.00000
    -54.395        2     0.00000
    -54.245        2     0.00000
    -54.095        2     0.00000
    -53.945        2     0.00000
    -53.795        2     0.00000
    -53.645        2     0.00000
    -53.495        2     0.00000
    -53.345        2     0.00000
    -53.195        2     0.00000
    -53.045        2     0.00000
    -52.895        2     0.00000
    -52.745        2     0.00000
    -52.595        2     0.00000
    -52.445        2     0.00000
    -52.295        2     0.00000
    -52.145        2     0.00000
    -51.995        2     0.00000
    -51.845        2     0.00000
    -51.695        2     0.00000
    -51.545        2     0.00000
    -51.395        2     0.00000
    -51.245        2     0.00000
    -51.095        2     0.00000
    -50.945        2     0.00000
    -50.795        2     0.00000
    -50.645        2     0.00000
    -50.495        2     0.00000
    -50.345        2     0.00000
    -50.195        2     0.00000
    -50.045        2     0.00000
    -49.895        2     0.00000
    -49.745        2     0.00000
    -49.595        2     0.00000
    -49.445        2     0.00000
    -49.295        2     0.00000
    -49.145        2     0.00000
    -48.995        2     0.00000
    -48.845        2     0.00000
    -48.695        2     0.00000
    -48.545        2     0.00000
    -48.395        2     0.00000
    -48.245        2     0.00000
    -48.095        2     0.00000
    -47.945        2     0.00000
    -47.795        2     0.00000
    -47.645        2     0.00000
    -47.495        2     0.00000
    -47.345        2     0.00000
    -47.195        2     0.00000
    -47.045        2     0.00000
    -46.895        2     0.00000
    -46.745        2     0.00000
    -46.595        2     0.00000
    -46.445        2     0.00000
    -46.295        2     0.00000
    -46.145        2     0.00000
    -45.995        2     0.00000
    -45.845        2     0.00000
    -45.695        2     0.00000
    -45.545        2     0.00000
    -45.395        2     0.00000
    -45.245        2     0.00000
    -45.095        2     0.00000
    -44.945        2     0.00000
    -44.795        2     0.00000
    -44.645        2     0.00000
    -44.495        2     0.00000
    -44.345        2     0.00000
    -44.195        2     0.00000
    -44.045        2     0.00000
    -43.895        2     0.00000
    -43.745        2     0.00000
    -43.595        2     0.00000
    -43.445        2     0.00000
    -43.295        2     0.00000
    -43.145        2     0.00000
    -42.995        2     0.00000
    -42.845        2     0.00000
    -42.695        2     0.00000
    -42.545        2     0.00000
    -42.395        2     0.00000
    -42.245        2     0.00000
    -42.095        2     0.00000
    -41.945        2     0.00000
    -41.795        2     0.00000
    -41.645        2     0.00000
    -41.495        2     0.00000
    -41.345        2     0.00000
    -41.195        2     0.00000
    -41.045        2     0.00000
    -40.895        2     0.00000
    -40.745        2     0.00000
    -40.595        2     0.00000
    -40.445        2     0.00000
    -40.295        2     0.00000
    -40.145        2     0.00000
    -39.995        2     0.00000
    -39.845        2     0.00000
    -39.695        2     0.00000
    -39.545        2     0.00000
    -39.395        2     0.00000
    -39.245        2     0.00000
    -39.095        2     0.00000
    -38.945        2     0.00000
    -38.795        2     0.00000
    -38.645        2     0.00000
    -38.495        2     0.00000
    -38.345        2     0.00000
    -38.195        2     0.00000
    -38.045        2     0.00000
    -37.895        2     0.00000
    -37.745        2     0.00000
    -37.595        2     0.00000
    -37.445        2     0.00000
    -37.295        2     0.00000
    -37.145        2     0.00000
    -36.995        2     0.00000
    -36.845        2     0.00000
    -36.695        2     0.00000
    -36.545        2     0.00000
    -36.395        2     0.00000
    -36.245        2     0.00000
    -36.095        2     0.00000
    -35.945        2     0.00000
    -35.795        2     0.00000
    -35.645        2     0.00000
    -35.495        2     0.00000
    -35.345        2     0.00000
    -35.195        2     0.00000
    -35.045        2     0.00000
    -34.895        2     0.00000
    -34.745        2     0.00000
    -34.595        2     0.00000
    -34.445        2     0.00000
    -34.295        2     0.00000
    -34.145        2     0.00000
    -33.995        2     0.00000
    -33.845        2     0.00000
    -33.695        2     0.00000
    -33.545        2     0.00000
    -33.395        2     0.00000
    -33.245        2     0.00000
    -33.095        2     0.00000
    -32.945        2     0.00000
    -32.795        2     0.00000
    -32.645        2     0.00000
    -32.495        2     0.00000
    -32.345        2     0.00000
    -32.195        2     0.00000
    -32.045        2     0.00000
    -31.895        2     0.00000
    -31.745        2     0.00000
    -31.595        2     0.00000
    -31.445        2     0.00000
    -31.295        2     0.00000
    -31.145        2     0.00000
    -30.995        2     0.00000
    -30.845        2     0.00000
    -30.695        2     0.00000
    -30.545        2     0.00000
    -30.395        2     0.00000
    -30.245        2     0.00000
    -30.095        2     0.00000
    -29.945        2     0.00000
    -29.795        2     0.00000
    -29.645        2     0.00000
    -29.495        2     0.00000
    -29.345        2     0.00000
    -29.195        2     0.00000
    -29.045        2     0.00000
    -28.895        2     0.00000
    -28.745        2     0.00000
    -28.595        2     0.00000
    -28.445        2     0.00000
    -28.295        2     0.00000
    -28.145        2     0.00000
    -27.995        2     0.00000
    -27.845        2     0.00000
    -27.695        2     0.00000
    -27.545        2     0.00000
    -27.395        2     0.00000
    -27.245        2     0.00000
    -27.095        2     0.00000
    -26.945        2     0.00000
    -26.795        2     0.00000
    -26.645        2     0.00000
    -26.495        2     0.00000
    -26.345        2     0.00000
    -26.195        2     0.00000
    -26.045        2     0.00000
    -25.895        2     0.00000
    -25.745        2     0.00000
    -25.595        2     0.00000
    -25.445        2     0.00000
    -25.295        2     0.00000
    -25.145        2     0.00000
    -24.995        2     0.00000
    -24.845        2     0.00000
    -24.695        2     0.00000
    -24.545        2     0.00000
    -24.395        2     0.00000
    -24.245        2     0.00000
    -24.095        2     0.00000
    -23.945        2     0.00000
    -23.795        2     0.00000
    -23.645        2     0.00000
    -23.495        2     0.00000
    -23.345        2     0.00000
    -23.195        2     0.00000
    -23.045        2     0.00000
    -22.895        2     0.00000
    -22.745        2     0.00000
    -22.595        2     0.00000
    -22.445        2     0.00000
    -22.295        2     0.00000
    -22.145        2     0.00000
    -21.995        2     0.00000
    -21.845        2     0.00000
    -21.695        2     0.00000
    -21.545        2     0.00000
    -21.395        2     0.00000
    -21.245        2     0.00000
    -21.095        2     0.00000
    -20.945        2     0.00000
    -20.795        2     0.00000
    -20.645        2     0.00000
    -20.495        2     0.00000
    -20.345        2     0.00000
    -20.195        2     0.00000
    -20.045        2     0.00000
    -19.895        2     0.00000
    -19.745        2     0.00000
    -19.595        2     0.00000
    -19.445        2     0.00000
    -19.295        2     0.00000
    -19.145        2     0.00000
    -18.995        2     0.00000
    -18.845        2     0.00000
    -18.695        2     0.00000
    -18.545        2     0.00000
    -18.395        2     0.00000
    -18.245        2     0.00000
    -18.095        2     0.00000
    -17.945        2     0.00000
    -17.795        2     0.00000
    -17.645        2     0.00000
    -17.495        2     0.00000
    -17.345        2     0.00000
    -17.195        2     0.00000
    -17.045        2     0.00000
    -16.895        2     0.00000
    -16.745        2     0.00000
    -16.595        2     0.00000
    -16.445        2     0.00000
    -16.295        2     0.00000
    -16.145        2     0.00000
    -15.995        2     0.00000
    -15.845        2     0.00000
    -15.695        2     0.00000
    -15.545        2    -0.00010
    -15.395        2    -0.00318
    -15.245        2    -0.02149
    -15.095        2    -0.07467
    -14.945        2    -0.15169
    -14.795        2    -0.30227
    -14.645        2    -0.51492
    -14.495        2    -0.79673
    -14.345        2    -1.14199
    -14.195        2    -1.55850
    -14.045        2    -2.02759
    -13.895        2    -2.53755
    -13.745        2    -3.09033
    -13.595        2    -3.68089
    -13.445        2    -4.29232
    -13.295        2    -4.90251
    -13.145        2    -5.56280
    -12.995        2    -6.24616
    -12.845        2    -6.95339
    -12.695        2    -7.72553
    -12.545        2    -8.54175
    -12.395        2    -9.39788
    -12.245        2   -10.23589
    -12.095        2   -11.11653
    -11.945        2   -11.97702
    -11.795        2   -12.81543
    -11.645        2   -13.64587
    -11.495        2   -14.46346
    -11.345        2   -15.24420
    -11.195        2   -16.00047
    -11.045        2   -16.73006
    -10.895        2   -17.43427
    -10.745        2   -18.10841
    -10.595        2   -18.76452
    -10.445        2   -19.40447
    -10.295        2   -20.01649
    -10.145        2   -20.62193
    -9.9950        2   -21.21692
    -9.8450        2   -21.79986
    -9.6950        2   -22.39554
    -9.5450        2   -22.98261
    -9.3950        2   -23.57031
    -9.2450        2   -24.17167
    -9.0950        2   -24.79242
    -8.9450        2   -25.41271
    -8.7950        2   -26.05855
    -8.6450        2   -26.73002
    -8.4950        2   -27.41700
    -8.3450        2   -28.14926
    -8.1950        2   -28.91469
    -8.0450        2   -29.72362
    -7.8950        2   -30.59401
    -7.7450        2   -31.52295
    -7.5950        2   -32.52911
    -7.4450        2   -33.62845
    -7.2950        2   -34.81375
    -7.1450        2   -36.07710
    -6.9950        2   -37.40463
    -6.8450        2   -38.79245
    -6.6950        2   -40.23273
    -6.5450        2   -41.71261
    -6.3950        2   -43.23171
    -6.2450        2   -44.77348
    -6.0950        2   -46.35070
    -5.9450        2   -47.94408
    -5.7950        2   -49.56818
    -5.6450        2   -51.20428
    -5.4950        2   -52.83596
    -5.3450        2   -54.46669
    -5.1950        2   -56.09756
    -5.0450        2   -57.71274
    -4.8950        2   -59.32018
    -4.7450        2   -60.93899
    -4.5950        2   -62.54461
    -4.4450        2   -64.14961
    -4.2950        2   -65.78150
    -4.1450        2   -67.43263
    -3.9950        2   -69.13952
    -3.8450        2   -70.88074
    -3.6950        2   -72.68524
    -3.5450        2   -74.54305
    -3.3950        2   -76.47666
    -3.2450        2   -78.48944
    -3.0950        2   -80.59495
    -2.9450        2   -82.79898
    -2.7950        2   -85.14142
    -2.6450        2   -87.67485
    -2.4950        2   -90.46366
    -2.3450        2   -93.57109
    -2.1950        2   -97.10591
    -2.0450        2  -101.17601
    -1.8950        2  -105.84743
    -1.7450        2  -111.26060
    -1.5950        2  -117.49187
    -1.4450        2  -124.62325
    -1.2950        2  -132.62934
    -1.1450        2  -141.40923
   -0.99500        2  -150.82610
   -0.84500        2  -160.74687
   -0.69500        2  -171.17568
   -0.54500        2  -182.32901
   -0.39500        2  -194.95420
   -0.25300        2  -204.61833
   -0.21500        2  -205.27874
   -0.20900        2  -205.94890
   -0.20300        2  -206.62909
   -0.19700        2  -207.31916
   -0.19100        2  -208.02128
   -0.18500        2  -208.73387
   -0.17900        2  -209.45868
   -0.17300        2  -210.19559
   -0.16700        2  -210.94583
   -0.16100        2  -211.70941
   -0.15500        2  -212.48951
   -0.14900        2  -213.28565
   -0.14300        2  -214.09840
   -0.13700        2  -214.93054
   -0.13100        2  -215.78140
   -0.12500        2  -216.65455
   -0.11900        2  -217.55020
   -0.11300        2  -218.47002
   -0.10700        2  -219.41606
   -0.10100        2  -220.39163
   -0.95000E-01    2  -221.39813
   -0.89000E-01    2  -222.43914
   -0.83000E-01    2  -223.51764
   -0.77000E-01    2  -224.63880
   -0.71000E-01    2  -225.80759
   -0.65000E-01    2  -227.03037
   -0.59000E-01    2  -228.31748
   -0.53000E-01    2  -229.68222
   -0.47000E-01    2  -231.14333
   -0.41000E-01    2  -232.72390
   -0.35000E-01    2  -234.46504
   -0.29000E-01    2  -236.43404
   -0.23000E-01    2  -238.75771
   -0.19700E-01    2  -239.01505
   -0.19100E-01    2  -239.27807
   -0.18500E-01    2  -239.54779
   -0.17900E-01    2  -239.82405
   -0.17300E-01    2  -240.10718
   -0.16700E-01    2  -240.39799
   -0.16100E-01    2  -240.69659
   -0.15500E-01    2  -241.00388
   -0.14900E-01    2  -241.32010
   -0.14300E-01    2  -241.64579
   -0.13700E-01    2  -241.98188
   -0.13100E-01    2  -242.32956
   -0.12500E-01    2  -242.68960
   -0.11900E-01    2  -243.06345
   -0.11300E-01    2  -243.45276
   -0.10700E-01    2  -243.85961
   -0.10100E-01    2  -244.28562
   -0.95000E-02    2  -244.73313
   -0.89000E-02    2  -245.20476
   -0.83000E-02    2  -245.70307
   -0.77000E-02    2  -246.23180
   -0.71000E-02    2  -246.79581
   -0.65000E-02    2  -247.40005
   -0.59000E-02    2  -248.04984
   -0.53000E-02    2  -248.75091
   -0.47000E-02    2  -249.50680
   -0.41000E-02    2  -250.31824
   -0.35000E-02    2  -251.18100
   -0.29000E-02    2  -252.08481
   -0.23000E-02    2  -252.99580
   -0.17000E-02    2  -253.84116
   -0.11000E-02    2  -254.50259
   -0.50000E-03    2  -254.83938
    0.10000E-03    2  -254.77019
    0.70000E-03    2  -254.31164
    0.13000E-02    2  -253.57291
    0.19000E-02    2  -252.69923
    0.25000E-02    2  -251.80187
    0.31000E-02    2  -250.92187
    0.37000E-02    2  -250.07820
    0.43000E-02    2  -249.28546
    0.49000E-02    2  -248.54833
    0.55000E-02    2  -247.86502
    0.61000E-02    2  -247.23148
    0.67000E-02    2  -246.64166
    0.73000E-02    2  -246.09098
    0.79000E-02    2  -245.57408
    0.85000E-02    2  -245.08620
    0.91000E-02    2  -244.62438
    0.97000E-02    2  -244.18562
    0.10300E-01    2  -243.76744
    0.10900E-01    2  -243.36805
    0.11500E-01    2  -242.98564
    0.12100E-01    2  -242.61828
    0.12700E-01    2  -242.26392
    0.13300E-01    2  -241.92159
    0.13900E-01    2  -241.59077
    0.14500E-01    2  -241.26983
    0.15100E-01    2  -240.95846
    0.15700E-01    2  -240.65627
    0.16300E-01    2  -240.36231
    0.16900E-01    2  -240.07604
    0.17500E-01    2  -239.79719
    0.18100E-01    2  -239.52509
    0.18700E-01    2  -239.25989
    0.19300E-01    2  -239.00078
    0.20200E-01    2  -238.04795
    0.25000E-01    2  -235.89239
    0.31000E-01    2  -234.04780
    0.37000E-01    2  -232.41788
    0.43000E-01    2  -230.94777
    0.49000E-01    2  -229.60298
    0.55000E-01    2  -228.36064
    0.61000E-01    2  -227.20567
    0.67000E-01    2  -226.12360
    0.73000E-01    2  -225.10621
    0.79000E-01    2  -224.14499
    0.85000E-01    2  -223.23416
    0.91000E-01    2  -222.36763
    0.97000E-01    2  -221.54310
    0.10300        2  -220.75728
    0.10900        2  -220.00428
    0.11500        2  -219.28377
    0.12100        2  -218.59242
    0.12700        2  -217.92989
    0.13300        2  -217.29141
    0.13900        2  -216.67798
    0.14500        2  -216.08561
    0.15100        2  -215.51357
    0.15700        2  -214.96183
    0.16300        2  -214.42975
    0.16900        2  -213.91323
    0.17500        2  -213.41474
    0.18100        2  -212.93191
    0.18700        2  -212.46345
    0.19300        2  -212.00904
    0.19900        2  -211.56849
    0.20500        2  -211.13943
    0.21100        2  -210.72247
    0.21700        2  -210.31816
    0.29500        2  -202.44720
    0.44500        2  -197.62561
    0.59500        2  -194.15006
    0.74500        2  -191.38948
    0.89500        2  -189.08368
     1.0450        2  -187.07871
     1.1950        2  -185.28675
     1.3450        2  -183.67652
     1.4950        2  -182.21221
     1.6450        2  -180.88094
     1.7950        2  -179.66272
     1.9450        2  -178.55197
     2.0950        2  -177.53389
     2.2450        2  -176.60298
     2.3950        2  -175.74703
     2.5450        2  -174.95545
     2.6950        2  -174.22884
     2.8450        2  -173.55944
     2.9950        2  -172.93857
     3.1450        2  -172.36104
     3.2950        2  -171.81832
     3.4450        2  -171.31377
     3.5950        2  -170.83357
     3.7450        2  -170.37768
     3.8950        2  -169.94785
     4.0450        2  -169.53411
     4.1950        2  -169.14103
     4.3450        2  -168.76559
     4.4950        2  -168.39474
     4.6450        2  -168.04452
     4.7950        2  -167.70359
     4.9450        2  -167.37655
     5.0950        2  -167.05505
     5.2450        2  -166.74556
     5.3950        2  -166.44412
     5.5450        2  -166.15214
     5.6950        2  -165.87085
     5.8450        2  -165.59674
     5.9950        2  -165.32915
     6.1450        2  -165.06823
     6.2950        2  -164.81900
     6.4450        2  -164.57535
     6.5950        2  -164.33601
     6.7450        2  -164.10010
     6.8950        2  -163.87185
     7.0450        2  -163.64570
     7.1950        2  -163.42493
     7.3450        2  -163.20621
     7.4950        2  -162.99326
     7.6450        2  -162.78018
     7.7950        2  -162.57645
     7.9450        2  -162.37414
     8.0950        2  -162.18395
     8.2450        2  -161.99073
     8.3950        2  -161.80051
     8.5450        2  -161.61225
     8.6950        2  -161.42749
     8.8450        2  -161.24780
     8.9950        2  -161.07223
     9.1450        2  -160.89751
     9.2950        2  -160.72753
     9.4450        2  -160.55672
     9.5950        2  -160.38712
     9.7450        2  -160.22651
     9.8950        2  -160.06661
     10.045        2  -159.90369
     10.195        2  -159.74846
     10.345        2  -159.59446
     10.495        2  -159.44156
     10.645        2  -159.29394
     10.795        2  -159.14570
     10.945        2  -158.99855
     11.095        2  -158.85296
     11.245        2  -158.71175
     11.395        2  -158.57191
     11.545        2  -158.43176
     11.695        2  -158.29592
     11.845        2  -158.15905
     11.995        2  -158.02435
     12.145        2  -157.89371
     12.295        2  -157.76428
     12.445        2  -157.63636
     12.595        2  -157.50917
     12.745        2  -157.38407
     12.895        2  -157.26034
     13.045        2  -157.13665
     13.195        2  -157.01595
     13.345        2  -156.89651
     13.495        2  -156.77879
     13.645        2  -156.65858
     13.795        2  -156.54173
     13.945        2  -156.42743
     14.095        2  -156.31581
     14.245        2  -156.20417
     14.395        2  -156.09204
     14.545        2  -155.98438
     14.695        2  -155.87349
     14.845        2  -155.76651
     14.995        2  -155.66009
     15.145        2  -155.55463
     15.295        2  -155.44858
     15.445        2  -155.34626
     15.595        2  -155.24316
     15.745        2  -155.13912
     15.895        2  -155.03987
     16.045        2  -154.93993
     16.195        2  -154.83955
     16.345        2  -154.74098
     16.495        2  -154.64206
     16.645        2  -154.54605
     16.795        2  -154.45218
     16.945        2  -154.35846
     17.095        2  -154.26523
     17.245        2  -154.17367
     17.395        2  -154.08229
     17.545        2  -153.99088
     17.695        2  -153.89917
     17.845        2  -153.81106
     17.995        2  -153.72181
     18.145        2  -153.62940
     18.295        2  -153.54095
     18.445        2  -153.45445
     18.595        2  -153.36934
     18.745        2  -153.28361
     18.895        2  -153.19782
     19.045        2  -153.11331
     19.195        2  -153.03076
     19.345        2  -152.94681
     19.495        2  -152.86495
     19.645        2  -152.78536
     19.795        2  -152.70583
     19.945        2  -152.62488
     20.095        2  -152.54652
     21.836        2  -150.13507
     30.068        2  -146.55927
     42.097        2  -143.01591
     58.937        2  -139.50273
     82.515        2  -136.02650
     115.53        2  -132.61274
     161.74        2  -129.24595
     226.45        2  -125.94919
     317.04        2  -122.72312
     443.87        2  -119.55616
     621.44        2  -116.43879
     870.05        2  -113.37423
     1218.1        2  -110.36740
     1705.4        2  -107.43768
     2387.7        2  -104.58538
     3342.9        2  -101.80871
     4680.2        2   -99.10421
     6552.5        2   -96.46913
     9173.8        2   -93.91327
     12844.        2   -91.42753
     17982.        2   -89.01039
     25176.        2   -86.67997
     35247.        2   -84.42402
     49348.        2   -82.26914
     69090.        2   -80.19975
     96729.        2   -78.22149
    0.13543E+06    2   -76.33750
    0.18960E+06    2   -74.53860
    0.26545E+06    2   -72.82312
    0.37165E+06    2   -71.18917
    0.52033E+06    2   -69.62782
    0.72849E+06    2   -68.14177
    0.10199E+07    2   -66.73152
    0.14279E+07    2   -65.38713
    0.19992E+07    2   -64.10845
    0.27990E+07    2   -62.89424
    0.39187E+07    2   -61.74143
    0.54864E+07    2   -60.64328
    0.76812E+07    2   -59.60076
    0.10754E+08    2   -58.61073
    0.15056E+08    2   -57.66730
    0.21080E+08    2   -56.76995
    0.29513E+08    2   -55.92320
    0.41319E+08    2   -55.11866
    0.57849E+08    2   -54.36838
    0.80991E+08    2   -53.67489
    0.11339E+09    2   -53.03280
    0.15875E+09    2   -52.43166
    0.22226E+09    2   -51.87305
    0.31118E+09    2   -51.35138
    0.43567E+09    2   -50.86327
    0.60996E+09    2   -50.41363
    0.85398E+09    2   -50.00672
    0.11956E+10    2   -49.63574
    0.16739E+10    2   -49.29541
    0.23436E+10    2   -48.98242
    0.32811E+10    2   -48.69541
    0.45937E+10    2   -48.43124
    0.64315E+10    2   -48.18806
    0.90044E+10    2   -47.96448
    0.12607E+11    2   -47.75968
    0.17650E+11    2   -47.57124
    0.24711E+11    2   -47.39753
    0.34596E+11    2   -47.23842
    0.48437E+11    2   -47.09238
    0.67814E+11    2   -46.95748
    0.10000E+12    2   -45.42125
