    -29.945        1     0.00000
    -29.795        1     0.00000
    -29.645        1     0.00000
    -29.495        1     0.00000
    -29.345        1     0.00000
    -29.195        1     0.00000
    -29.045        1     0.00000
    -28.895        1     0.00000
    -28.745        1     0.00000
    -28.595        1     0.00000
    -28.445        1     0.00000
    -28.295        1     0.00000
    -28.145        1     0.00000
    -27.995        1     0.00000
    -27.845        1     0.00000
    -27.695        1     0.00000
    -27.545        1     0.00000
    -27.395        1     0.00000
    -27.245        1     0.00000
    -27.095        1     0.00000
    -26.945        1     0.00000
    -26.795        1     0.00000
    -26.645        1     0.00000
    -26.495        1     0.00000
    -26.345        1     0.00000
    -26.195        1     0.00000
    -26.045        1     0.00000
    -25.895        1     0.00000
    -25.745        1     0.00000
    -25.595        1     0.00000
    -25.445        1     0.00000
    -25.295        1     0.00000
    -25.145        1     0.00000
    -24.995        1     0.00000
    -24.845        1     0.00000
    -24.695        1     0.00000
    -24.545        1     0.00000
    -24.395        1     0.00000
    -24.245        1     0.00000
    -24.095        1     0.00000
    -23.945        1     0.00000
    -23.795        1    -0.00018
    -23.645        1    -0.00053
    -23.495        1    -0.00121
    -23.345        1    -0.00293
    -23.195        1    -0.00580
    -23.045        1    -0.01321
    -22.895        1    -0.02190
    -22.745        1    -0.04051
    -22.595        1    -0.07124
    -22.445        1    -0.12138
    -22.295        1    -0.19682
    -22.145        1    -0.30172
    -21.995        1    -0.43855
    -21.845        1    -0.61580
    -21.695        1    -0.82552
    -21.545        1    -1.06367
    -21.395        1    -1.34666
    -21.245        1    -1.63141
    -21.095        1    -1.94194
    -20.945        1    -2.26828
    -20.795        1    -2.59371
    -20.645        1    -2.93287
    -20.495        1    -3.29085
    -20.345        1    -3.64442
    -20.195        1    -3.99604
    -20.045        1    -4.35402
    -19.895        1    -4.70089
    -19.745        1    -5.07072
    -19.595        1    -5.43901
    -19.445        1    -5.81244
    -19.295        1    -6.19495
    -19.145        1    -6.58312
    -18.995        1    -6.99807
    -18.845        1    -7.41963
    -18.695        1    -7.85699
    -18.545        1    -8.31159
    -18.395        1    -8.78430
    -18.245        1    -9.26738
    -18.095        1    -9.76878
    -17.945        1   -10.28538
    -17.795        1   -10.80201
    -17.645        1   -11.33657
    -17.495        1   -11.89730
    -17.345        1   -12.48225
    -17.195        1   -13.06266
    -17.045        1   -13.62586
    -16.895        1   -14.21771
    -16.745        1   -14.82024
    -16.595        1   -15.42460
    -16.445        1   -16.03244
    -16.295        1   -16.62937
    -16.145        1   -17.23267
    -15.995        1   -17.82332
    -15.845        1   -18.40202
    -15.695        1   -18.96178
    -15.545        1   -19.53695
    -15.395        1   -20.08463
    -15.245        1   -20.61819
    -15.095        1   -21.15235
    -14.945        1   -21.67148
    -14.795        1   -22.18095
    -14.645        1   -22.68946
    -14.495        1   -23.20405
    -14.345        1   -23.73077
    -14.195        1   -24.26653
    -14.045        1   -24.80612
    -13.895        1   -25.31498
    -13.745        1   -25.84603
    -13.595        1   -26.37944
    -13.445        1   -26.92555
    -13.295        1   -27.47182
    -13.145        1   -27.99615
    -12.995        1   -28.50089
    -12.845        1   -29.01166
    -12.695        1   -29.50820
    -12.545        1   -29.99906
    -12.395        1   -30.45544
    -12.245        1   -30.91602
    -12.095        1   -31.35762
    -11.945        1   -31.77963
    -11.795        1   -32.19321
    -11.645        1   -32.59841
    -11.495        1   -32.97708
    -11.345        1   -33.34873
    -11.195        1   -33.70636
    -11.045        1   -34.04946
    -10.895        1   -34.39253
    -10.745        1   -34.73482
    -10.595        1   -35.05903
    -10.445        1   -35.37802
    -10.295        1   -35.69304
    -10.145        1   -35.99059
    -9.9950        1   -36.29163
    -9.8450        1   -36.58676
    -9.6950        1   -36.88662
    -9.5450        1   -37.17856
    -9.3950        1   -37.47032
    -9.2450        1   -37.77839
    -9.0950        1   -38.07533
    -8.9450        1   -38.39281
    -8.7950        1   -38.69635
    -8.6450        1   -39.01179
    -8.4950        1   -39.33052
    -8.3450        1   -39.65361
    -8.1950        1   -39.99374
    -8.0450        1   -40.33635
    -7.8950        1   -40.69360
    -7.7450        1   -41.05145
    -7.5950        1   -41.42006
    -7.4450        1   -41.79924
    -7.2950        1   -42.19315
    -7.1450        1   -42.59940
    -6.9950        1   -43.01566
    -6.8450        1   -43.44830
    -6.6950        1   -43.89458
    -6.5450        1   -44.36552
    -6.3950        1   -44.85314
    -6.2450        1   -45.35520
    -6.0950        1   -45.87920
    -5.9450        1   -46.42243
    -5.7950        1   -46.98898
    -5.6450        1   -47.56743
    -5.4950        1   -48.17481
    -5.3450        1   -48.80157
    -5.1950        1   -49.46375
    -5.0450        1   -50.15324
    -4.8950        1   -50.86151
    -4.7450        1   -51.61296
    -4.5950        1   -52.38478
    -4.4450        1   -53.19406
    -4.2950        1   -54.04176
    -4.1450        1   -54.91810
    -3.9950        1   -55.83112
    -3.8450        1   -56.77573
    -3.6950        1   -57.76272
    -3.5450        1   -58.79792
    -3.3950        1   -59.87696
    -3.2450        1   -61.00676
    -3.0950        1   -62.20164
    -2.9450        1   -63.46367
    -2.7950        1   -64.80178
    -2.6450        1   -66.21726
    -2.4950        1   -67.70431
    -2.3450        1   -69.25700
    -2.1950        1   -70.83159
    -2.0450        1   -72.43454
    -1.8950        1   -74.04108
    -1.7450        1   -75.64093
    -1.5950        1   -77.23788
    -1.4450        1   -78.81963
    -1.2950        1   -80.39749
    -1.1450        1   -81.98962
   -0.99500        1   -83.61346
   -0.84500        1   -85.29754
   -0.69500        1   -87.09022
   -0.54500        1   -89.06466
   -0.39500        1   -91.33354
   -0.25300        1   -93.01777
   -0.21500        1   -93.13041
   -0.20900        1   -93.24433
   -0.20300        1   -93.35963
   -0.19700        1   -93.47675
   -0.19100        1   -93.59495
   -0.18500        1   -93.71543
   -0.17900        1   -93.83661
   -0.17300        1   -93.95964
   -0.16700        1   -94.08449
   -0.16100        1   -94.21096
   -0.15500        1   -94.33931
   -0.14900        1   -94.47040
   -0.14300        1   -94.60330
   -0.13700        1   -94.73876
   -0.13100        1   -94.87706
   -0.12500        1   -95.01871
   -0.11900        1   -95.16300
   -0.11300        1   -95.31088
   -0.10700        1   -95.46364
   -0.10100        1   -95.61972
   -0.95000E-01    1   -95.78074
   -0.89000E-01    1   -95.94750
   -0.83000E-01    1   -96.12074
   -0.77000E-01    1   -96.30139
   -0.71000E-01    1   -96.49069
   -0.65000E-01    1   -96.68985
   -0.59000E-01    1   -96.90065
   -0.53000E-01    1   -97.12580
   -0.47000E-01    1   -97.36908
   -0.41000E-01    1   -97.63547
   -0.35000E-01    1   -97.93224
   -0.29000E-01    1   -98.27056
   -0.23000E-01    1   -98.67013
   -0.19700E-01    1   -98.71421
   -0.19100E-01    1   -98.75925
   -0.18500E-01    1   -98.80527
   -0.17900E-01    1   -98.85250
   -0.17300E-01    1   -98.90083
   -0.16700E-01    1   -98.95045
   -0.16100E-01    1   -99.00143
   -0.15500E-01    1   -99.05387
   -0.14900E-01    1   -99.10787
   -0.14300E-01    1   -99.16366
   -0.13700E-01    1   -99.22124
   -0.13100E-01    1   -99.28082
   -0.12500E-01    1   -99.34287
   -0.11900E-01    1   -99.40730
   -0.11300E-01    1   -99.47450
   -0.10700E-01    1   -99.54449
   -0.10100E-01    1   -99.61759
   -0.95000E-02    1   -99.69408
   -0.89000E-02    1   -99.77412
   -0.83000E-02    1   -99.85790
   -0.77000E-02    1   -99.94578
   -0.71000E-02    1  -100.03798
   -0.65000E-02    1  -100.13458
   -0.59000E-02    1  -100.23587
   -0.53000E-02    1  -100.34209
   -0.47000E-02    1  -100.45347
   -0.41000E-02    1  -100.57014
   -0.35000E-02    1  -100.69177
   -0.29000E-02    1  -100.81753
   -0.23000E-02    1  -100.94329
   -0.17000E-02    1  -101.05934
   -0.11000E-02    1  -101.14749
   -0.50000E-03    1  -101.19122
    0.10000E-03    1  -101.18226
    0.70000E-03    1  -101.12242
    0.13000E-02    1  -101.02279
    0.19000E-02    1  -100.90172
    0.25000E-02    1  -100.77516
    0.31000E-02    1  -100.65097
    0.37000E-02    1  -100.53191
    0.43000E-02    1  -100.41812
    0.49000E-02    1  -100.30927
    0.55000E-02    1  -100.20543
    0.61000E-02    1  -100.10623
    0.67000E-02    1  -100.01160
    0.73000E-02    1   -99.92129
    0.79000E-02    1   -99.83543
    0.85000E-02    1   -99.75343
    0.91000E-02    1   -99.67511
    0.97000E-02    1   -99.60032
    0.10300E-01    1   -99.52872
    0.10900E-01    1   -99.46012
    0.11500E-01    1   -99.39435
    0.12100E-01    1   -99.33131
    0.12700E-01    1   -99.27055
    0.13300E-01    1   -99.21203
    0.13900E-01    1   -99.15539
    0.14500E-01    1   -99.10067
    0.15100E-01    1   -99.04763
    0.15700E-01    1   -98.99607
    0.16300E-01    1   -98.94588
    0.16900E-01    1   -98.89709
    0.17500E-01    1   -98.84967
    0.18100E-01    1   -98.80332
    0.18700E-01    1   -98.75803
    0.19300E-01    1   -98.71383
    0.20200E-01    1   -98.55091
    0.25000E-01    1   -98.17976
    0.31000E-01    1   -97.86344
    0.37000E-01    1   -97.58531
    0.43000E-01    1   -97.33592
    0.49000E-01    1   -97.10995
    0.55000E-01    1   -96.90298
    0.61000E-01    1   -96.71154
    0.67000E-01    1   -96.53311
    0.73000E-01    1   -96.36618
    0.79000E-01    1   -96.20929
    0.85000E-01    1   -96.06172
    0.91000E-01    1   -95.92159
    0.97000E-01    1   -95.78892
    0.10300        1   -95.66231
    0.10900        1   -95.54188
    0.11500        1   -95.42682
    0.12100        1   -95.31699
    0.12700        1   -95.21108
    0.13300        1   -95.10969
    0.13900        1   -95.01328
    0.14500        1   -94.92023
    0.15100        1   -94.83053
    0.15700        1   -94.74340
    0.16300        1   -94.65987
    0.16900        1   -94.57912
    0.17500        1   -94.50118
    0.18100        1   -94.42620
    0.18700        1   -94.35391
    0.19300        1   -94.28360
    0.19900        1   -94.21539
    0.20500        1   -94.14950
    0.21100        1   -94.08564
    0.21700        1   -94.02398
    0.29500        1   -92.88070
    0.44500        1   -92.29479
    0.59500        1   -91.91395
    0.74500        1   -91.62646
    0.89500        1   -91.39290
     1.0450        1   -91.19527
     1.1950        1   -91.02374
     1.3450        1   -90.86885
     1.4950        1   -90.72615
     1.6450        1   -90.59318
     1.7950        1   -90.46969
     1.9450        1   -90.35442
     2.0950        1   -90.24690
     2.2450        1   -90.14584
     2.3950        1   -90.05044
     2.5450        1   -89.95895
     2.6950        1   -89.87206
     2.8450        1   -89.79145
     2.9950        1   -89.71491
     3.1450        1   -89.64382
     3.2950        1   -89.57693
     3.4450        1   -89.51008
     3.5950        1   -89.44857
     3.7450        1   -89.39008
     3.8950        1   -89.33631
     4.0450        1   -89.28198
     4.1950        1   -89.23068
     4.3450        1   -89.18044
     4.4950        1   -89.13201
     4.6450        1   -89.08639
     4.7950        1   -89.04335
     4.9450        1   -89.00335
     5.0950        1   -88.96251
     5.2450        1   -88.92371
     5.3950        1   -88.88525
     5.5450        1   -88.84748
     5.6950        1   -88.81108
     5.8450        1   -88.77643
     5.9950        1   -88.74100
     6.1450        1   -88.70825
     6.2950        1   -88.67580
     6.4450        1   -88.64514
     6.5950        1   -88.61352
     6.7450        1   -88.58196
     6.8950        1   -88.55116
     7.0450        1   -88.52166
     7.1950        1   -88.49301
     7.3450        1   -88.46414
     7.4950        1   -88.43519
     7.6450        1   -88.40854
     7.7950        1   -88.38174
     7.9450        1   -88.35548
     8.0950        1   -88.32933
     8.2450        1   -88.30234
     8.3950        1   -88.27784
     8.5450        1   -88.25281
     8.6950        1   -88.22772
     8.8450        1   -88.20407
     8.9950        1   -88.17948
     9.1450        1   -88.15567
     9.2950        1   -88.13204
     9.4450        1   -88.10835
     9.5950        1   -88.08423
     9.7450        1   -88.06302
     9.8950        1   -88.04099
     10.045        1   -88.01935
     10.195        1   -87.99858
     10.345        1   -87.97842
     10.495        1   -87.95807
     10.645        1   -87.93689
     10.795        1   -87.91639
     10.945        1   -87.89525
     11.095        1   -87.87424
     11.245        1   -87.85366
     11.395        1   -87.83455
     11.545        1   -87.81534
     11.695        1   -87.79624
     11.845        1   -87.77785
     11.995        1   -87.75895
     12.145        1   -87.73901
     12.295        1   -87.72138
     12.445        1   -87.70291
     12.595        1   -87.68511
     12.745        1   -87.66790
     12.895        1   -87.65062
     13.045        1   -87.63385
     13.195        1   -87.61716
     13.345        1   -87.59999
     13.495        1   -87.58334
     13.645        1   -87.56620
     13.795        1   -87.54901
     13.945        1   -87.53252
     14.095        1   -87.51611
     14.245        1   -87.50017
     14.395        1   -87.48384
     14.545        1   -87.46732
     14.695        1   -87.45136
     14.845        1   -87.43604
     14.995        1   -87.42052
     15.145        1   -87.40513
     15.295        1   -87.38896
     15.445        1   -87.37382
     15.595        1   -87.35903
     15.745        1   -87.34469
     15.895        1   -87.32999
     16.045        1   -87.31483
     16.195        1   -87.30039
     16.345        1   -87.28645
     16.495        1   -87.27230
     16.645        1   -87.25857
     16.795        1   -87.24454
     16.945        1   -87.23084
     17.095        1   -87.21698
     17.245        1   -87.20258
     17.395        1   -87.18991
     17.545        1   -87.17616
     17.695        1   -87.16248
     17.845        1   -87.14936
     17.995        1   -87.13583
     18.145        1   -87.12315
     18.295        1   -87.11022
     18.445        1   -87.09666
     18.595        1   -87.08361
     18.745        1   -87.07056
     18.895        1   -87.05750
     19.045        1   -87.04512
     19.195        1   -87.03268
     19.345        1   -87.01996
     19.495        1   -87.00722
     19.645        1   -86.99496
     19.795        1   -86.98276
     19.945        1   -86.97072
     20.095        1   -86.95859
     20.245        1   -86.94653
     20.395        1   -86.93492
     20.545        1   -86.92294
     20.695        1   -86.91108
     20.845        1   -86.89851
     20.995        1   -86.88730
     21.145        1   -86.87608
     21.295        1   -86.86418
     21.445        1   -86.85222
     21.595        1   -86.84054
     21.745        1   -86.82912
     21.895        1   -86.81774
     22.045        1   -86.80569
     22.195        1   -86.79453
     22.345        1   -86.78378
     22.495        1   -86.77305
     22.645        1   -86.76236
     22.795        1   -86.75210
     22.945        1   -86.74066
     23.095        1   -86.73046
     23.245        1   -86.71967
     23.395        1   -86.70975
     23.545        1   -86.69975
     23.695        1   -86.68947
     23.845        1   -86.67921
     23.995        1   -86.66867
     24.145        1   -86.65844
     24.295        1   -86.64843
     24.445        1   -86.63866
     24.595        1   -86.62812
     24.745        1   -86.61846
     24.895        1   -86.60904
     25.045        1   -86.59862
     25.195        1   -86.58931
     25.345        1   -86.57942
     25.495        1   -86.57025
     25.645        1   -86.56090
     25.795        1   -86.55167
     25.945        1   -86.54232
     26.095        1   -86.53328
     26.245        1   -86.52401
     26.395        1   -86.51463
     26.545        1   -86.50516
     26.695        1   -86.49589
     26.845        1   -86.48648
     26.995        1   -86.47769
     27.145        1   -86.46865
     27.295        1   -86.45994
     27.445        1   -86.45154
     27.595        1   -86.44206
     27.745        1   -86.43338
     27.895        1   -86.42472
     28.045        1   -86.41565
     28.195        1   -86.40691
     28.345        1   -86.39814
     28.495        1   -86.38900
     28.645        1   -86.38024
     28.795        1   -86.37176
     28.945        1   -86.36333
     29.095        1   -86.35424
     29.245        1   -86.34563
     29.395        1   -86.33720
     29.545        1   -86.32922
     29.695        1   -86.32110
     29.845        1   -86.31251
     29.995        1   -86.30446
     30.145        1   -86.29540
     30.295        1   -86.28657
     30.445        1   -86.27815
     30.595        1   -86.27029
     30.745        1   -86.26223
     30.895        1   -86.25399
     31.045        1   -86.24582
     31.195        1   -86.23818
     31.345        1   -86.23005
     31.495        1   -86.22224
     31.645        1   -86.21473
     31.795        1   -86.20692
     31.945        1   -86.19929
     32.095        1   -86.19170
     32.245        1   -86.18406
     32.395        1   -86.17634
     32.545        1   -86.16875
     32.695        1   -86.16111
     32.845        1   -86.15363
     32.995        1   -86.14593
     33.145        1   -86.13823
     33.295        1   -86.13076
     33.445        1   -86.12279
     33.595        1   -86.11562
     33.745        1   -86.10823
     33.895        1   -86.10059
     34.045        1   -86.09353
     34.195        1   -86.08642
     34.345        1   -86.07802
     34.495        1   -86.07081
     34.645        1   -86.06351
     34.795        1   -86.05630
     34.945        1   -86.04950
     35.095        1   -86.04259
     35.245        1   -86.03583
     35.395        1   -86.02876
     35.545        1   -86.02172
     35.695        1   -86.01447
     35.845        1   -86.00720
     35.995        1   -86.00009
     36.145        1   -85.99312
     36.295        1   -85.98608
     36.445        1   -85.97948
     36.595        1   -85.97252
     36.745        1   -85.96596
     36.895        1   -85.95876
     37.045        1   -85.95223
     37.195        1   -85.94542
     37.345        1   -85.93862
     37.495        1   -85.93243
     37.645        1   -85.92601
     37.795        1   -85.91948
     37.945        1   -85.91273
     38.095        1   -85.90532
     38.245        1   -85.89886
     38.395        1   -85.89234
     38.545        1   -85.88585
     38.695        1   -85.87924
     38.845        1   -85.87302
     38.995        1   -85.86609
     39.145        1   -85.85972
     39.295        1   -85.85381
     39.445        1   -85.84789
     39.595        1   -85.84159
     39.745        1   -85.83549
     39.895        1   -85.82914
     40.045        1   -85.82254
     40.195        1   -85.81643
     40.345        1   -85.81022
     40.495        1   -85.80431
     40.645        1   -85.79818
     40.795        1   -85.79214
     40.945        1   -85.78591
     41.095        1   -85.77924
     41.245        1   -85.77309
     41.395        1   -85.76639
     41.545        1   -85.75985
     41.695        1   -85.75387
     41.845        1   -85.74780
     41.995        1   -85.74122
     42.145        1   -85.73523
     42.295        1   -85.72950
     42.445        1   -85.72312
     42.595        1   -85.71737
     42.745        1   -85.71174
     42.895        1   -85.70584
     43.045        1   -85.69977
     43.195        1   -85.69405
     43.345        1   -85.68867
     43.495        1   -85.68326
     43.645        1   -85.67759
     43.795        1   -85.67174
     43.945        1   -85.66587
     44.095        1   -85.66009
     44.245        1   -85.65444
     44.395        1   -85.64873
     44.545        1   -85.64314
     44.695        1   -85.63767
     44.845        1   -85.63198
     44.995        1   -85.62620
     45.145        1   -85.62067
     45.295        1   -85.61476
     45.445        1   -85.60948
     45.595        1   -85.60397
     45.745        1   -85.59817
     45.895        1   -85.59258
     46.045        1   -85.58714
     46.195        1   -85.58162
     46.345        1   -85.57560
     46.495        1   -85.56997
     46.645        1   -85.56498
     46.795        1   -85.55973
     46.945        1   -85.55478
     47.095        1   -85.54904
     47.245        1   -85.54351
     47.395        1   -85.53819
     47.545        1   -85.53304
     47.695        1   -85.52783
     47.845        1   -85.52250
     47.995        1   -85.51723
     48.145        1   -85.51187
     48.295        1   -85.50648
     48.445        1   -85.50122
     48.595        1   -85.49599
     48.745        1   -85.49034
     48.895        1   -85.48521
     49.045        1   -85.47963
     49.195        1   -85.47458
     49.345        1   -85.46946
     49.495        1   -85.46438
     49.645        1   -85.45942
     49.795        1   -85.45464
     49.945        1   -85.44939
     50.095        1   -85.44429
     50.245        1   -85.43912
     50.395        1   -85.43400
     50.545        1   -85.42880
     50.695        1   -85.42354
     50.845        1   -85.41871
     50.995        1   -85.41401
     51.145        1   -85.40894
     51.295        1   -85.40385
     51.445        1   -85.39885
     51.595        1   -85.39391
     51.745        1   -85.38891
     51.895        1   -85.38340
     52.045        1   -85.37845
     52.195        1   -85.37334
     52.345        1   -85.36855
     52.495        1   -85.36321
     52.645        1   -85.35859
     52.795        1   -85.35382
     52.945        1   -85.34917
     53.095        1   -85.34444
     53.245        1   -85.33976
     53.395        1   -85.33483
     53.545        1   -85.33022
     53.695        1   -85.32548
     53.845        1   -85.32091
     53.995        1   -85.31635
     54.145        1   -85.31148
     54.295        1   -85.30665
     54.445        1   -85.30190
     54.595        1   -85.29732
     54.745        1   -85.29271
     54.895        1   -85.28809
     55.045        1   -85.28343
     55.195        1   -85.27895
     55.345        1   -85.27447
     55.495        1   -85.27004
     55.645        1   -85.26562
     55.795        1   -85.26093
     55.945        1   -85.25647
     56.095        1   -85.25212
     56.245        1   -85.24758
     56.395        1   -85.24307
     56.545        1   -85.23831
     56.695        1   -85.23341
     56.845        1   -85.22904
     56.995        1   -85.22456
     57.145        1   -85.22007
     57.295        1   -85.21565
     57.445        1   -85.21130
     57.595        1   -85.20655
     57.745        1   -85.20187
     57.895        1   -85.19761
     58.045        1   -85.19331
     58.195        1   -85.18902
     58.345        1   -85.18470
     58.495        1   -85.18056
     58.645        1   -85.17613
     58.795        1   -85.17172
     58.945        1   -85.16739
     59.095        1   -85.16324
     59.245        1   -85.15878
     59.395        1   -85.15440
     59.545        1   -85.15022
     59.695        1   -85.14594
     59.845        1   -85.14104
     59.995        1   -85.13679
     60.145        1   -85.13244
     70.939        1   -84.57785
     97.698        1   -84.02020
     134.55        1   -83.46516
     185.30        1   -82.91227
     255.20        1   -82.35665
     351.46        1   -81.80945
     484.04        1   -81.26516
     666.62        1   -80.72650
     918.07        1   -80.19311
     1264.4        1   -79.66650
     1741.3        1   -79.14590
     2398.1        1   -78.63007
     3302.7        1   -78.12135
     4548.5        1   -77.61814
     6264.3        1   -77.12352
     8627.2        1   -76.63507
     11881.        1   -76.15148
     16363.        1   -75.67149
     22535.        1   -75.19871
     31036.        1   -74.73001
     42743.        1   -74.26554
     58866.        1   -73.80342
     81070.        1   -73.34838
    0.11165E+06    1   -72.89900
    0.15377E+06    1   -72.45190
    0.21177E+06    1   -72.00810
    0.29165E+06    1   -71.56906
    0.40166E+06    1   -71.13239
    0.55317E+06    1   -70.69877
    0.76182E+06    1   -70.26570
    0.10492E+07    1   -69.83495
    0.14449E+07    1   -69.40668
    0.19900E+07    1   -68.97767
    0.27406E+07    1   -68.54845
    0.37744E+07    1   -68.11540
    0.51981E+07    1   -67.68052
    0.71589E+07    1   -67.24537
    0.98593E+07    1   -66.80843
    0.13578E+08    1   -66.36947
    0.18700E+08    1   -65.92577
    0.25754E+08    1   -65.48284
    0.35468E+08    1   -65.04045
    0.48847E+08    1   -64.60690
    0.67273E+08    1   -64.18237
    0.92648E+08    1   -63.76961
    0.12760E+09    1   -63.36683
    0.17573E+09    1   -62.97455
    0.24201E+09    1   -62.59500
    0.33330E+09    1   -62.22893
    0.45902E+09    1   -61.87995
    0.63217E+09    1   -61.55029
    0.87062E+09    1   -61.24092
    0.11990E+10    1   -60.95124
    0.16513E+10    1   -60.68168
    0.22742E+10    1   -60.43152
    0.31320E+10    1   -60.19810
    0.43134E+10    1   -59.98030
    0.59405E+10    1   -59.77806
    0.81813E+10    1   -59.58839
    0.11267E+11    1   -59.41245
    0.15517E+11    1   -59.24812
    0.21371E+11    1   -59.09553
    0.29432E+11    1   -58.95362
    0.40534E+11    1   -58.82087
    0.55823E+11    1   -58.69914
    0.10000E+12    1   -57.17322
    -149.95        2     0.00000
    -149.79        2     0.00000
    -149.65        2     0.00000
    -149.49        2     0.00000
    -149.34        2     0.00000
    -149.20        2     0.00000
    -149.04        2     0.00000
    -148.90        2     0.00000
    -148.74        2     0.00000
    -148.59        2     0.00000
    -148.45        2     0.00000
    -148.29        2     0.00000
    -148.15        2     0.00000
    -147.99        2     0.00000
    -147.84        2     0.00000
    -147.70        2     0.00000
    -147.54        2     0.00000
    -147.40        2     0.00000
    -147.24        2     0.00000
    -147.09        2     0.00000
    -146.95        2     0.00000
    -146.79        2     0.00000
    -146.65        2     0.00000
    -146.49        2     0.00000
    -146.34        2     0.00000
    -146.20        2     0.00000
    -146.04        2     0.00000
    -145.90        2     0.00000
    -145.74        2     0.00000
    -145.59        2     0.00000
    -145.45        2     0.00000
    -145.29        2     0.00000
    -145.15        2     0.00000
    -144.99        2     0.00000
    -144.84        2     0.00000
    -144.70        2     0.00000
    -144.54        2     0.00000
    -144.40        2     0.00000
    -144.24        2     0.00000
    -144.09        2     0.00000
    -143.95        2     0.00000
    -143.79        2     0.00000
    -143.65        2     0.00000
    -143.49        2     0.00000
    -143.34        2     0.00000
    -143.20        2     0.00000
    -143.04        2     0.00000
    -142.90        2     0.00000
    -142.74        2     0.00000
    -142.59        2     0.00000
    -142.45        2     0.00000
    -142.29        2     0.00000
    -142.15        2     0.00000
    -141.99        2     0.00000
    -141.84        2     0.00000
    -141.70        2     0.00000
    -141.54        2     0.00000
    -141.40        2     0.00000
    -141.24        2     0.00000
    -141.09        2     0.00000
    -140.95        2     0.00000
    -140.79        2     0.00000
    -140.65        2     0.00000
    -140.49        2     0.00000
    -140.34        2     0.00000
    -140.20        2     0.00000
    -140.04        2     0.00000
    -139.90        2     0.00000
    -139.74        2     0.00000
    -139.59        2     0.00000
    -139.45        2     0.00000
    -139.29        2     0.00000
    -139.15        2     0.00000
    -138.99        2     0.00000
    -138.84        2     0.00000
    -138.70        2     0.00000
    -138.54        2     0.00000
    -138.40        2     0.00000
    -138.24        2     0.00000
    -138.09        2     0.00000
    -137.95        2     0.00000
    -137.79        2     0.00000
    -137.65        2     0.00000
    -137.49        2     0.00000
    -137.34        2     0.00000
    -137.20        2     0.00000
    -137.04        2     0.00000
    -136.90        2     0.00000
    -136.74        2     0.00000
    -136.59        2     0.00000
    -136.45        2     0.00000
    -136.29        2     0.00000
    -136.15        2     0.00000
    -135.99        2     0.00000
    -135.84        2     0.00000
    -135.70        2     0.00000
    -135.54        2     0.00000
    -135.40        2     0.00000
    -135.24        2     0.00000
    -135.09        2     0.00000
    -134.95        2     0.00000
    -134.79        2     0.00000
    -134.65        2     0.00000
    -134.49        2     0.00000
    -134.34        2     0.00000
    -134.20        2     0.00000
    -134.04        2     0.00000
    -133.90        2     0.00000
    -133.74        2     0.00000
    -133.59        2     0.00000
    -133.45        2     0.00000
    -133.29        2     0.00000
    -133.15        2     0.00000
    -132.99        2     0.00000
    -132.84        2     0.00000
    -132.70        2     0.00000
    -132.54        2     0.00000
    -132.40        2     0.00000
    -132.24        2     0.00000
    -132.09        2     0.00000
    -131.95        2     0.00000
    -131.79        2     0.00000
    -131.65        2     0.00000
    -131.49        2     0.00000
    -131.34        2     0.00000
    -131.20        2     0.00000
    -131.04        2     0.00000
    -130.90        2     0.00000
    -130.74        2     0.00000
    -130.59        2     0.00000
    -130.45        2     0.00000
    -130.29        2     0.00000
    -130.15        2     0.00000
    -129.99        2     0.00000
    -129.84        2     0.00000
    -129.70        2     0.00000
    -129.54        2     0.00000
    -129.40        2     0.00000
    -129.24        2     0.00000
    -129.09        2     0.00000
    -128.95        2     0.00000
    -128.79        2     0.00000
    -128.65        2     0.00000
    -128.49        2     0.00000
    -128.34        2     0.00000
    -128.20        2     0.00000
    -128.04        2     0.00000
    -127.89        2     0.00000
    -127.75        2     0.00000
    -127.60        2     0.00000
    -127.44        2     0.00000
    -127.30        2     0.00000
    -127.14        2     0.00000
    -127.00        2     0.00000
    -126.85        2     0.00000
    -126.69        2     0.00000
    -126.55        2     0.00000
    -126.39        2     0.00000
    -126.25        2     0.00000
    -126.10        2     0.00000
    -125.94        2     0.00000
    -125.80        2     0.00000
    -125.64        2     0.00000
    -125.50        2     0.00000
    -125.35        2     0.00000
    -125.19        2     0.00000
    -125.05        2     0.00000
    -124.89        2     0.00000
    -124.75        2     0.00000
    -124.60        2     0.00000
    -124.44        2     0.00000
    -124.30        2     0.00000
    -124.14        2     0.00000
    -124.00        2     0.00000
    -123.85        2     0.00000
    -123.69        2     0.00000
    -123.55        2     0.00000
    -123.39        2     0.00000
    -123.25        2     0.00000
    -123.10        2     0.00000
    -122.94        2     0.00000
    -122.80        2     0.00000
    -122.64        2     0.00000
    -122.50        2     0.00000
    -122.35        2     0.00000
    -122.19        2     0.00000
    -122.05        2     0.00000
    -121.89        2     0.00000
    -121.75        2     0.00000
    -121.60        2     0.00000
    -121.44        2     0.00000
    -121.30        2     0.00000
    -121.14        2     0.00000
    -121.00        2     0.00000
    -120.85        2     0.00000
    -120.69        2     0.00000
    -120.55        2     0.00000
    -120.39        2     0.00000
    -120.25        2     0.00000
    -120.10        2     0.00000
    -119.94        2     0.00000
    -119.80        2     0.00000
    -119.64        2     0.00000
    -119.50        2     0.00000
    -119.35        2     0.00000
    -119.19        2     0.00000
    -119.05        2     0.00000
    -118.89        2     0.00000
    -118.75        2     0.00000
    -118.60        2     0.00000
    -118.44        2     0.00000
    -118.30        2     0.00000
    -118.14        2     0.00000
    -118.00        2     0.00000
    -117.85        2     0.00000
    -117.69        2     0.00000
    -117.55        2     0.00000
    -117.39        2     0.00000
    -117.25        2     0.00000
    -117.10        2     0.00000
    -116.94        2     0.00000
    -116.80        2     0.00000
    -116.64        2     0.00000
    -116.50        2     0.00000
    -116.35        2     0.00000
    -116.19        2     0.00000
    -116.05        2     0.00000
    -115.89        2     0.00000
    -115.75        2     0.00000
    -115.60        2     0.00000
    -115.44        2     0.00000
    -115.30        2     0.00000
    -115.14        2     0.00000
    -115.00        2     0.00000
    -114.85        2     0.00000
    -114.69        2     0.00000
    -114.55        2     0.00000
    -114.39        2     0.00000
    -114.25        2     0.00000
    -114.10        2     0.00000
    -113.94        2     0.00000
    -113.80        2     0.00000
    -113.64        2     0.00000
    -113.50        2     0.00000
    -113.35        2     0.00000
    -113.19        2     0.00000
    -113.05        2     0.00000
    -112.89        2     0.00000
    -112.75        2     0.00000
    -112.60        2     0.00000
    -112.44        2     0.00000
    -112.30        2     0.00000
    -112.14        2     0.00000
    -112.00        2     0.00000
    -111.85        2     0.00000
    -111.69        2     0.00000
    -111.55        2     0.00000
    -111.39        2     0.00000
    -111.25        2     0.00000
    -111.10        2     0.00000
    -110.94        2     0.00000
    -110.80        2     0.00000
    -110.64        2     0.00000
    -110.50        2     0.00000
    -110.35        2     0.00000
    -110.19        2     0.00000
    -110.05        2     0.00000
    -109.89        2     0.00000
    -109.75        2     0.00000
    -109.60        2     0.00000
    -109.44        2     0.00000
    -109.30        2     0.00000
    -109.14        2     0.00000
    -109.00        2     0.00000
    -108.85        2     0.00000
    -108.69        2     0.00000
    -108.55        2     0.00000
    -108.39        2     0.00000
    -108.25        2     0.00000
    -108.10        2     0.00000
    -107.94        2     0.00000
    -107.80        2     0.00000
    -107.64        2     0.00000
    -107.50        2     0.00000
    -107.35        2     0.00000
    -107.19        2     0.00000
    -107.05        2     0.00000
    -106.89        2     0.00000
    -106.75        2     0.00000
    -106.60        2     0.00000
    -106.44        2     0.00000
    -106.30        2     0.00000
    -106.14        2     0.00000
    -106.00        2     0.00000
    -105.85        2     0.00000
    -105.69        2     0.00000
    -105.55        2     0.00000
    -105.39        2     0.00000
    -105.25        2     0.00000
    -105.10        2     0.00000
    -104.94        2     0.00000
    -104.80        2     0.00000
    -104.64        2     0.00000
    -104.50        2     0.00000
    -104.35        2     0.00000
    -104.19        2     0.00000
    -104.05        2     0.00000
    -103.89        2     0.00000
    -103.75        2     0.00000
    -103.60        2     0.00000
    -103.44        2     0.00000
    -103.30        2     0.00000
    -103.14        2     0.00000
    -103.00        2     0.00000
    -102.85        2     0.00000
    -102.69        2     0.00000
    -102.55        2     0.00000
    -102.39        2     0.00000
    -102.25        2     0.00000
    -102.10        2     0.00000
    -101.94        2     0.00000
    -101.80        2     0.00000
    -101.64        2     0.00000
    -101.50        2     0.00000
    -101.35        2     0.00000
    -101.19        2     0.00000
    -101.05        2     0.00000
    -100.89        2     0.00000
    -100.75        2     0.00000
    -100.60        2     0.00000
    -100.44        2     0.00000
    -100.30        2     0.00000
    -100.14        2     0.00000
    -99.995        2     0.00000
    -99.845        2     0.00000
    -99.695        2     0.00000
    -99.545        2     0.00000
    -99.395        2     0.00000
    -99.245        2     0.00000
    -99.095        2     0.00000
    -98.945        2     0.00000
    -98.795        2     0.00000
    -98.645        2     0.00000
    -98.495        2     0.00000
    -98.345        2     0.00000
    -98.195        2     0.00000
    -98.045        2     0.00000
    -97.895        2     0.00000
    -97.745        2     0.00000
    -97.595        2     0.00000
    -97.445        2     0.00000
    -97.295        2     0.00000
    -97.145        2     0.00000
    -96.995        2     0.00000
    -96.845        2     0.00000
    -96.695        2     0.00000
    -96.545        2     0.00000
    -96.395        2     0.00000
    -96.245        2     0.00000
    -96.095        2     0.00000
    -95.945        2     0.00000
    -95.795        2     0.00000
    -95.645        2     0.00000
    -95.495        2     0.00000
    -95.345        2     0.00000
    -95.195        2     0.00000
    -95.045        2     0.00000
    -94.895        2     0.00000
    -94.745        2     0.00000
    -94.595        2     0.00000
    -94.445        2     0.00000
    -94.295        2     0.00000
    -94.145        2     0.00000
    -93.995        2     0.00000
    -93.845        2     0.00000
    -93.695        2     0.00000
    -93.545        2     0.00000
    -93.395        2     0.00000
    -93.245        2     0.00000
    -93.095        2     0.00000
    -92.945        2     0.00000
    -92.795        2     0.00000
    -92.645        2     0.00000
    -92.495        2     0.00000
    -92.345        2     0.00000
    -92.195        2     0.00000
    -92.045        2     0.00000
    -91.895        2     0.00000
    -91.745        2     0.00000
    -91.595        2     0.00000
    -91.445        2     0.00000
    -91.295        2     0.00000
    -91.145        2     0.00000
    -90.995        2     0.00000
    -90.845        2     0.00000
    -90.695        2     0.00000
    -90.545        2     0.00000
    -90.395        2     0.00000
    -90.245        2     0.00000
    -90.095        2     0.00000
    -89.945        2     0.00000
    -89.795        2     0.00000
    -89.645        2     0.00000
    -89.495        2     0.00000
    -89.345        2     0.00000
    -89.195        2     0.00000
    -89.045        2     0.00000
    -88.895        2     0.00000
    -88.745        2     0.00000
    -88.595        2     0.00000
    -88.445        2     0.00000
    -88.295        2     0.00000
    -88.145        2     0.00000
    -87.995        2     0.00000
    -87.845        2     0.00000
    -87.695        2     0.00000
    -87.545        2     0.00000
    -87.395        2     0.00000
    -87.245        2     0.00000
    -87.095        2     0.00000
    -86.945        2     0.00000
    -86.795        2     0.00000
    -86.645        2     0.00000
    -86.495        2     0.00000
    -86.345        2     0.00000
    -86.195        2     0.00000
    -86.045        2     0.00000
    -85.895        2     0.00000
    -85.745        2     0.00000
    -85.595        2     0.00000
    -85.445        2     0.00000
    -85.295        2     0.00000
    -85.145        2     0.00000
    -84.995        2     0.00000
    -84.845        2     0.00000
    -84.695        2     0.00000
    -84.545        2     0.00000
    -84.395        2     0.00000
    -84.245        2     0.00000
    -84.095        2     0.00000
    -83.945        2     0.00000
    -83.795        2     0.00000
    -83.645        2     0.00000
    -83.495        2     0.00000
    -83.345        2     0.00000
    -83.195        2     0.00000
    -83.045        2     0.00000
    -82.895        2     0.00000
    -82.745        2     0.00000
    -82.595        2     0.00000
    -82.445        2     0.00000
    -82.295        2     0.00000
    -82.145        2     0.00000
    -81.995        2     0.00000
    -81.845        2     0.00000
    -81.695        2     0.00000
    -81.545        2     0.00000
    -81.395        2     0.00000
    -81.245        2     0.00000
    -81.095        2     0.00000
    -80.945        2     0.00000
    -80.795        2     0.00000
    -80.645        2     0.00000
    -80.495        2     0.00000
    -80.345        2     0.00000
    -80.195        2     0.00000
    -80.045        2     0.00000
    -79.895        2     0.00000
    -79.745        2     0.00000
    -79.595        2     0.00000
    -79.445        2     0.00000
    -79.295        2     0.00000
    -79.145        2     0.00000
    -78.995        2     0.00000
    -78.845        2     0.00000
    -78.695        2     0.00000
    -78.545        2     0.00000
    -78.395        2     0.00000
    -78.245        2     0.00000
    -78.095        2     0.00000
    -77.945        2     0.00000
    -77.795        2     0.00000
    -77.645        2     0.00000
    -77.495        2     0.00000
    -77.345        2     0.00000
    -77.195        2     0.00000
    -77.045        2     0.00000
    -76.895        2     0.00000
    -76.745        2     0.00000
    -76.595        2     0.00000
    -76.445        2     0.00000
    -76.295        2     0.00000
    -76.145        2     0.00000
    -75.995        2     0.00000
    -75.845        2     0.00000
    -75.695        2     0.00000
    -75.545        2     0.00000
    -75.395        2     0.00000
    -75.245        2     0.00000
    -75.095        2     0.00000
    -74.945        2     0.00000
    -74.795        2     0.00000
    -74.645        2     0.00000
    -74.495        2     0.00000
    -74.345        2     0.00000
    -74.195        2     0.00000
    -74.045        2     0.00000
    -73.895        2     0.00000
    -73.745        2     0.00000
    -73.595        2     0.00000
    -73.445        2     0.00000
    -73.295        2     0.00000
    -73.145        2     0.00000
    -72.995        2     0.00000
    -72.845        2     0.00000
    -72.695        2     0.00000
    -72.545        2     0.00000
    -72.395        2     0.00000
    -72.245        2     0.00000
    -72.095        2     0.00000
    -71.945        2     0.00000
    -71.795        2     0.00000
    -71.645        2     0.00000
    -71.495        2     0.00000
    -71.345        2     0.00000
    -71.195        2     0.00000
    -71.045        2     0.00000
    -70.895        2     0.00000
    -70.745        2     0.00000
    -70.595        2     0.00000
    -70.445        2     0.00000
    -70.295        2     0.00000
    -70.145        2     0.00000
    -69.995        2     0.00000
    -69.845        2     0.00000
    -69.695        2     0.00000
    -69.545        2     0.00000
    -69.395        2     0.00000
    -69.245        2     0.00000
    -69.095        2     0.00000
    -68.945        2     0.00000
    -68.795        2     0.00000
    -68.645        2     0.00000
    -68.495        2     0.00000
    -68.345        2     0.00000
    -68.195        2     0.00000
    -68.045        2     0.00000
    -67.895        2     0.00000
    -67.745        2     0.00000
    -67.595        2     0.00000
    -67.445        2     0.00000
    -67.295        2     0.00000
    -67.145        2     0.00000
    -66.995        2     0.00000
    -66.845        2     0.00000
    -66.695        2     0.00000
    -66.545        2     0.00000
    -66.395        2     0.00000
    -66.245        2     0.00000
    -66.095        2     0.00000
    -65.945        2     0.00000
    -65.795        2     0.00000
    -65.645        2     0.00000
    -65.495        2     0.00000
    -65.345        2     0.00000
    -65.195        2     0.00000
    -65.045        2     0.00000
    -64.895        2     0.00000
    -64.745        2     0.00000
    -64.595        2     0.00000
    -64.445        2     0.00000
    -64.295        2     0.00000
    -64.145        2     0.00000
    -63.995        2     0.00000
    -63.845        2     0.00000
    -63.695        2     0.00000
    -63.545        2     0.00000
    -63.395        2     0.00000
    -63.245        2     0.00000
    -63.095        2     0.00000
    -62.945        2     0.00000
    -62.795        2     0.00000
    -62.645        2     0.00000
    -62.495        2     0.00000
    -62.345        2     0.00000
    -62.195        2     0.00000
    -62.045        2     0.00000
    -61.895        2     0.00000
    -61.745        2     0.00000
    -61.595        2     0.00000
    -61.445        2     0.00000
    -61.295        2     0.00000
    -61.145        2     0.00000
    -60.995        2     0.00000
    -60.845        2     0.00000
    -60.695        2     0.00000
    -60.545        2     0.00000
    -60.395        2     0.00000
    -60.245        2     0.00000
    -60.095        2     0.00000
    -59.945        2     0.00000
    -59.795        2     0.00000
    -59.645        2     0.00000
    -59.495        2     0.00000
    -59.345        2     0.00000
    -59.195        2     0.00000
    -59.045        2     0.00000
    -58.895        2     0.00000
    -58.745        2     0.00000
    -58.595        2     0.00000
    -58.445        2     0.00000
    -58.295        2     0.00000
    -58.145        2     0.00000
    -57.995        2     0.00000
    -57.845        2     0.00000
    -57.695        2     0.00000
    -57.545        2     0.00000
    -57.395        2     0.00000
    -57.245        2     0.00000
    -57.095        2     0.00000
    -56.945        2     0.00000
    -56.795        2     0.00000
    -56.645        2     0.00000
    -56.495        2     0.00000
    -56.345        2     0.00000
    -56.195        2     0.00000
    -56.045        2     0.00000
    -55.895        2     0.00000
    -55.745        2     0.00000
    -55.595        2     0.00000
    -55.445        2     0.00000
    -55.295        2     0.00000
    -55.145        2     0.00000
    -54.995        2     0.00000
    -54.845        2     0.00000
    -54.695        2     0.00000
    -54.545        2     0.00000
    -54.395        2     0.00000
    -54.245        2     0.00000
    -54.095        2     0.00000
    -53.945        2     0.00000
    -53.795        2     0.00000
    -53.645        2     0.00000
    -53.495        2     0.00000
    -53.345        2     0.00000
    -53.195        2     0.00000
    -53.045        2     0.00000
    -52.895        2     0.00000
    -52.745        2     0.00000
    -52.595        2     0.00000
    -52.445        2     0.00000
    -52.295        2     0.00000
    -52.145        2     0.00000
    -51.995        2     0.00000
    -51.845        2     0.00000
    -51.695        2     0.00000
    -51.545        2     0.00000
    -51.395        2     0.00000
    -51.245        2     0.00000
    -51.095        2     0.00000
    -50.945        2     0.00000
    -50.795        2     0.00000
    -50.645        2     0.00000
    -50.495        2     0.00000
    -50.345        2     0.00000
    -50.195        2     0.00000
    -50.045        2     0.00000
    -49.895        2     0.00000
    -49.745        2     0.00000
    -49.595        2     0.00000
    -49.445        2     0.00000
    -49.295        2     0.00000
    -49.145        2     0.00000
    -48.995        2     0.00000
    -48.845        2     0.00000
    -48.695        2     0.00000
    -48.545        2     0.00000
    -48.395        2     0.00000
    -48.245        2     0.00000
    -48.095        2     0.00000
    -47.945        2     0.00000
    -47.795        2     0.00000
    -47.645        2     0.00000
    -47.495        2     0.00000
    -47.345        2     0.00000
    -47.195        2     0.00000
    -47.045        2     0.00000
    -46.895        2     0.00000
    -46.745        2     0.00000
    -46.595        2     0.00000
    -46.445        2     0.00000
    -46.295        2     0.00000
    -46.145        2     0.00000
    -45.995        2     0.00000
    -45.845        2     0.00000
    -45.695        2     0.00000
    -45.545        2     0.00000
    -45.395        2     0.00000
    -45.245        2     0.00000
    -45.095        2     0.00000
    -44.945        2     0.00000
    -44.795        2     0.00000
    -44.645        2     0.00000
    -44.495        2     0.00000
    -44.345        2     0.00000
    -44.195        2     0.00000
    -44.045        2     0.00000
    -43.895        2     0.00000
    -43.745        2     0.00000
    -43.595        2     0.00000
    -43.445        2     0.00000
    -43.295        2     0.00000
    -43.145        2     0.00000
    -42.995        2     0.00000
    -42.845        2     0.00000
    -42.695        2     0.00000
    -42.545        2     0.00000
    -42.395        2     0.00000
    -42.245        2     0.00000
    -42.095        2     0.00000
    -41.945        2     0.00000
    -41.795        2     0.00000
    -41.645        2     0.00000
    -41.495        2     0.00000
    -41.345        2     0.00000
    -41.195        2     0.00000
    -41.045        2     0.00000
    -40.895        2     0.00000
    -40.745        2     0.00000
    -40.595        2     0.00000
    -40.445        2     0.00000
    -40.295        2     0.00000
    -40.145        2     0.00000
    -39.995        2     0.00000
    -39.845        2     0.00000
    -39.695        2     0.00000
    -39.545        2     0.00000
    -39.395        2     0.00000
    -39.245        2     0.00000
    -39.095        2     0.00000
    -38.945        2     0.00000
    -38.795        2     0.00000
    -38.645        2     0.00000
    -38.495        2     0.00000
    -38.345        2     0.00000
    -38.195        2     0.00000
    -38.045        2     0.00000
    -37.895        2     0.00000
    -37.745        2     0.00000
    -37.595        2     0.00000
    -37.445        2     0.00000
    -37.295        2     0.00000
    -37.145        2     0.00000
    -36.995        2     0.00000
    -36.845        2     0.00000
    -36.695        2     0.00000
    -36.545        2     0.00000
    -36.395        2     0.00000
    -36.245        2     0.00000
    -36.095        2     0.00000
    -35.945        2     0.00000
    -35.795        2     0.00000
    -35.645        2     0.00000
    -35.495        2     0.00000
    -35.345        2     0.00000
    -35.195        2     0.00000
    -35.045        2     0.00000
    -34.895        2     0.00000
    -34.745        2     0.00000
    -34.595        2     0.00000
    -34.445        2     0.00000
    -34.295        2     0.00000
    -34.145        2     0.00000
    -33.995        2     0.00000
    -33.845        2     0.00000
    -33.695        2     0.00000
    -33.545        2     0.00000
    -33.395        2     0.00000
    -33.245        2     0.00000
    -33.095        2     0.00000
    -32.945        2     0.00000
    -32.795        2     0.00000
    -32.645        2     0.00000
    -32.495        2     0.00000
    -32.345        2     0.00000
    -32.195        2     0.00000
    -32.045        2     0.00000
    -31.895        2     0.00000
    -31.745        2     0.00000
    -31.595        2     0.00000
    -31.445        2     0.00000
    -31.295        2     0.00000
    -31.145        2     0.00000
    -30.995        2     0.00000
    -30.845        2     0.00000
    -30.695        2     0.00000
    -30.545        2     0.00000
    -30.395        2     0.00000
    -30.245        2     0.00000
    -30.095        2     0.00000
    -29.945        2     0.00000
    -29.795        2     0.00000
    -29.645        2     0.00000
    -29.495        2     0.00000
    -29.345        2     0.00000
    -29.195        2     0.00000
    -29.045        2     0.00000
    -28.895        2     0.00000
    -28.745        2     0.00000
    -28.595        2     0.00000
    -28.445        2     0.00000
    -28.295        2     0.00000
    -28.145        2     0.00000
    -27.995        2     0.00000
    -27.845        2     0.00000
    -27.695        2     0.00000
    -27.545        2     0.00000
    -27.395        2     0.00000
    -27.245        2     0.00000
    -27.095        2     0.00000
    -26.945        2     0.00000
    -26.795        2     0.00000
    -26.645        2     0.00000
    -26.495        2     0.00000
    -26.345        2     0.00000
    -26.195        2     0.00000
    -26.045        2     0.00000
    -25.895        2     0.00000
    -25.745        2     0.00000
    -25.595        2     0.00000
    -25.445        2     0.00000
    -25.295        2     0.00000
    -25.145        2     0.00000
    -24.995        2     0.00000
    -24.845        2     0.00000
    -24.695        2     0.00000
    -24.545        2     0.00000
    -24.395        2     0.00000
    -24.245        2     0.00000
    -24.095        2     0.00000
    -23.945        2     0.00000
    -23.795        2     0.00000
    -23.645        2     0.00000
    -23.495        2     0.00000
    -23.345        2     0.00000
    -23.195        2     0.00000
    -23.045        2     0.00000
    -22.895        2     0.00000
    -22.745        2     0.00000
    -22.595        2     0.00000
    -22.445        2     0.00000
    -22.295        2     0.00000
    -22.145        2     0.00000
    -21.995        2     0.00000
    -21.845        2     0.00000
    -21.695        2     0.00000
    -21.545        2     0.00000
    -21.395        2     0.00000
    -21.245        2     0.00000
    -21.095        2     0.00000
    -20.945        2     0.00000
    -20.795        2     0.00000
    -20.645        2     0.00000
    -20.495        2     0.00000
    -20.345        2     0.00000
    -20.195        2     0.00000
    -20.045        2     0.00000
    -19.895        2     0.00000
    -19.745        2     0.00000
    -19.595        2     0.00000
    -19.445        2     0.00000
    -19.295        2     0.00000
    -19.145        2     0.00000
    -18.995        2     0.00000
    -18.845        2     0.00000
    -18.695        2     0.00000
    -18.545        2     0.00000
    -18.395        2     0.00000
    -18.245        2     0.00000
    -18.095        2     0.00000
    -17.945        2     0.00000
    -17.795        2     0.00000
    -17.645        2     0.00000
    -17.495        2     0.00000
    -17.345        2     0.00000
    -17.195        2     0.00000
    -17.045        2     0.00000
    -16.895        2     0.00000
    -16.745        2     0.00000
    -16.595        2     0.00000
    -16.445        2     0.00000
    -16.295        2     0.00000
    -16.145        2     0.00000
    -15.995        2     0.00000
    -15.845        2     0.00000
    -15.695        2     0.00000
    -15.545        2     0.00000
    -15.395        2     0.00000
    -15.245        2     0.00000
    -15.095        2     0.00000
    -14.945        2     0.00000
    -14.795        2     0.00000
    -14.645        2    -0.00052
    -14.495        2    -0.00815
    -14.345        2    -0.03737
    -14.195        2    -0.09878
    -14.045        2    -0.20110
    -13.895        2    -0.34994
    -13.745        2    -0.54614
    -13.595        2    -0.79018
    -13.445        2    -1.08423
    -13.295        2    -1.43206
    -13.145        2    -1.84703
    -12.995        2    -2.33536
    -12.845        2    -2.92383
    -12.695        2    -3.63075
    -12.545        2    -4.43696
    -12.395        2    -5.35322
    -12.245        2    -6.36181
    -12.095        2    -7.40900
    -11.945        2    -8.48819
    -11.795        2    -9.59484
    -11.645        2   -10.67680
    -11.495        2   -11.77610
    -11.345        2   -12.83963
    -11.195        2   -13.87975
    -11.045        2   -14.91938
    -10.895        2   -15.96644
    -10.745        2   -17.05262
    -10.595        2   -18.14018
    -10.445        2   -19.23969
    -10.295        2   -20.35320
    -10.145        2   -21.49026
    -9.9950        2   -22.60451
    -9.8450        2   -23.72286
    -9.6950        2   -24.82245
    -9.5450        2   -25.92673
    -9.3950        2   -27.01990
    -9.2450        2   -28.11062
    -9.0950        2   -29.18189
    -8.9450        2   -30.22745
    -8.7950        2   -31.24757
    -8.6450        2   -32.25326
    -8.4950        2   -33.23626
    -8.3450        2   -34.20326
    -8.1950        2   -35.15918
    -8.0450        2   -36.11423
    -7.8950        2   -37.04548
    -7.7450        2   -37.97482
    -7.5950        2   -38.92544
    -7.4450        2   -39.86126
    -7.2950        2   -40.82331
    -7.1450        2   -41.80175
    -6.9950        2   -42.78859
    -6.8450        2   -43.82300
    -6.6950        2   -44.88124
    -6.5450        2   -45.96827
    -6.3950        2   -47.08224
    -6.2450        2   -48.24270
    -6.0950        2   -49.44112
    -5.9450        2   -50.66381
    -5.7950        2   -51.92304
    -5.6450        2   -53.22047
    -5.4950        2   -54.54837
    -5.3450        2   -55.89315
    -5.1950        2   -57.26081
    -5.0450        2   -58.62049
    -4.8950        2   -60.00245
    -4.7450        2   -61.38086
    -4.5950        2   -62.76594
    -4.4450        2   -64.17068
    -4.2950        2   -65.58700
    -4.1450        2   -67.02950
    -3.9950        2   -68.50382
    -3.8450        2   -70.01028
    -3.6950        2   -71.56597
    -3.5450        2   -73.18180
    -3.3950        2   -74.87261
    -3.2450        2   -76.66796
    -3.0950        2   -78.58912
    -2.9450        2   -80.64086
    -2.7950        2   -82.86264
    -2.6450        2   -85.27768
    -2.4950        2   -87.89827
    -2.3450        2   -90.77439
    -2.1950        2   -93.97635
    -2.0450        2   -97.58918
    -1.8950        2  -101.72566
    -1.7450        2  -106.51525
    -1.5950        2  -112.04130
    -1.4450        2  -118.33774
    -1.2950        2  -125.38614
    -1.1450        2  -133.03940
   -0.99500        2  -141.18965
   -0.84500        2  -149.71152
   -0.69500        2  -158.58221
   -0.54500        2  -167.97342
   -0.39500        2  -178.46182
   -0.25300        2  -186.28155
   -0.21500        2  -186.80812
   -0.20900        2  -187.34100
   -0.20300        2  -187.88066
   -0.19700        2  -188.42765
   -0.19100        2  -188.98136
   -0.18500        2  -189.54388
   -0.17900        2  -190.11445
   -0.17300        2  -190.69299
   -0.16700        2  -191.28007
   -0.16100        2  -191.87778
   -0.15500        2  -192.48458
   -0.14900        2  -193.10301
   -0.14300        2  -193.73211
   -0.13700        2  -194.37459
   -0.13100        2  -195.02879
   -0.12500        2  -195.69846
   -0.11900        2  -196.38369
   -0.11300        2  -197.08444
   -0.10700        2  -197.80383
   -0.10100        2  -198.54356
   -0.95000E-01    2  -199.30544
   -0.89000E-01    2  -200.09185
   -0.83000E-01    2  -200.90513
   -0.77000E-01    2  -201.74916
   -0.71000E-01    2  -202.62729
   -0.65000E-01    2  -203.54682
   -0.59000E-01    2  -204.51337
   -0.53000E-01    2  -205.53786
   -0.47000E-01    2  -206.63109
   -0.41000E-01    2  -207.81402
   -0.35000E-01    2  -209.11569
   -0.29000E-01    2  -210.58349
   -0.23000E-01    2  -212.30315
   -0.19700E-01    2  -212.49144
   -0.19100E-01    2  -212.68412
   -0.18500E-01    2  -212.88061
   -0.17900E-01    2  -213.08173
   -0.17300E-01    2  -213.28768
   -0.16700E-01    2  -213.49836
   -0.16100E-01    2  -213.71441
   -0.15500E-01    2  -213.93647
   -0.14900E-01    2  -214.16455
   -0.14300E-01    2  -214.39931
   -0.13700E-01    2  -214.64114
   -0.13100E-01    2  -214.89068
   -0.12500E-01    2  -215.14850
   -0.11900E-01    2  -215.41528
   -0.11300E-01    2  -215.69209
   -0.10700E-01    2  -215.97966
   -0.10100E-01    2  -216.27945
   -0.95000E-02    2  -216.59255
   -0.89000E-02    2  -216.92105
   -0.83000E-02    2  -217.26674
   -0.77000E-02    2  -217.63229
   -0.71000E-02    2  -218.02079
   -0.65000E-02    2  -218.43714
   -0.59000E-02    2  -218.88684
   -0.53000E-02    2  -219.37555
   -0.47000E-02    2  -219.90943
   -0.41000E-02    2  -220.49410
   -0.35000E-02    2  -221.13611
   -0.29000E-02    2  -221.84157
   -0.23000E-02    2  -222.61717
   -0.17000E-02    2  -223.46144
   -0.11000E-02    2  -224.31328
   -0.50000E-03    2  -224.85533
    0.10000E-03    2  -224.73739
    0.70000E-03    2  -224.04063
    0.13000E-02    2  -223.17461
    0.19000E-02    2  -222.36023
    0.25000E-02    2  -221.61648
    0.31000E-02    2  -220.93690
    0.37000E-02    2  -220.31699
    0.43000E-02    2  -219.75205
    0.49000E-02    2  -219.23556
    0.55000E-02    2  -218.76244
    0.61000E-02    2  -218.32642
    0.67000E-02    2  -217.92156
    0.73000E-02    2  -217.54264
    0.79000E-02    2  -217.18570
    0.85000E-02    2  -216.84769
    0.91000E-02    2  -216.52613
    0.97000E-02    2  -216.21924
    0.10300E-01    2  -215.92538
    0.10900E-01    2  -215.64306
    0.11500E-01    2  -215.37122
    0.12100E-01    2  -215.10936
    0.12700E-01    2  -214.85596
    0.13300E-01    2  -214.61092
    0.13900E-01    2  -214.37359
    0.14500E-01    2  -214.14299
    0.15100E-01    2  -213.91902
    0.15700E-01    2  -213.70134
    0.16300E-01    2  -213.48933
    0.16900E-01    2  -213.28241
    0.17500E-01    2  -213.08079
    0.18100E-01    2  -212.88361
    0.18700E-01    2  -212.69090
    0.19300E-01    2  -212.50241
    0.20200E-01    2  -211.80551
    0.25000E-01    2  -210.21799
    0.31000E-01    2  -208.85781
    0.37000E-01    2  -207.65584
    0.43000E-01    2  -206.57403
    0.49000E-01    2  -205.58585
    0.55000E-01    2  -204.67277
    0.61000E-01    2  -203.82192
    0.67000E-01    2  -203.02497
    0.73000E-01    2  -202.27531
    0.79000E-01    2  -201.56572
    0.85000E-01    2  -200.89301
    0.91000E-01    2  -200.25180
    0.97000E-01    2  -199.63901
    0.10300        2  -199.05207
    0.10900        2  -198.48969
    0.11500        2  -197.94808
    0.12100        2  -197.42607
    0.12700        2  -196.92281
    0.13300        2  -196.43711
    0.13900        2  -195.96638
    0.14500        2  -195.51136
    0.15100        2  -195.07108
    0.15700        2  -194.64333
    0.16300        2  -194.22847
    0.16900        2  -193.82540
    0.17500        2  -193.43382
    0.18100        2  -193.05299
    0.18700        2  -192.68110
    0.19300        2  -192.31973
    0.19900        2  -191.96755
    0.20500        2  -191.62540
    0.21100        2  -191.29052
    0.21700        2  -190.96454
    0.29500        2  -184.47947
    0.44500        2  -180.43609
    0.59500        2  -177.57741
    0.74500        2  -175.35453
    0.89500        2  -173.48751
     1.0450        2  -171.85372
     1.1950        2  -170.38672
     1.3450        2  -169.06898
     1.4950        2  -167.87026
     1.6450        2  -166.77716
     1.7950        2  -165.77407
     1.9450        2  -164.85874
     2.0950        2  -164.01103
     2.2450        2  -163.23246
     2.3950        2  -162.50789
     2.5450        2  -161.82968
     2.6950        2  -161.21872
     2.8450        2  -160.64755
     2.9950        2  -160.11066
     3.1450        2  -159.61292
     3.2950        2  -159.14182
     3.4450        2  -158.69879
     3.5950        2  -158.27615
     3.7450        2  -157.87030
     3.8950        2  -157.47941
     4.0450        2  -157.11825
     4.1950        2  -156.76822
     4.3450        2  -156.43333
     4.4950        2  -156.10906
     4.6450        2  -155.78968
     4.7950        2  -155.48988
     4.9450        2  -155.19110
     5.0950        2  -154.90356
     5.2450        2  -154.63118
     5.3950        2  -154.36192
     5.5450        2  -154.09849
     5.6950        2  -153.84237
     5.8450        2  -153.59013
     5.9950        2  -153.34856
     6.1450        2  -153.11181
     6.2950        2  -152.87868
     6.4450        2  -152.65379
     6.5950        2  -152.42766
     6.7450        2  -152.20723
     6.8950        2  -151.99869
     7.0450        2  -151.78968
     7.1950        2  -151.58942
     7.3450        2  -151.38917
     7.4950        2  -151.19839
     7.6450        2  -151.00921
     7.7950        2  -150.81897
     7.9450        2  -150.63670
     8.0950        2  -150.45868
     8.2450        2  -150.28040
     8.3950        2  -150.10529
     8.5450        2  -149.93063
     8.6950        2  -149.76545
     8.8450        2  -149.60180
     8.9950        2  -149.44043
     9.1450        2  -149.28189
     9.2950        2  -149.12061
     9.4450        2  -148.96594
     9.5950        2  -148.81130
     9.7450        2  -148.66117
     9.8950        2  -148.51159
     10.045        2  -148.36402
     10.195        2  -148.22131
     10.345        2  -148.07850
     10.495        2  -147.93951
     10.645        2  -147.79972
     10.795        2  -147.66450
     10.945        2  -147.52997
     11.095        2  -147.39536
     11.245        2  -147.26434
     11.395        2  -147.13402
     11.545        2  -147.00370
     11.695        2  -146.87783
     11.845        2  -146.75407
     11.995        2  -146.63045
     12.145        2  -146.50952
     12.295        2  -146.38874
     12.445        2  -146.26828
     12.595        2  -146.15088
     12.745        2  -146.03705
     12.895        2  -145.92032
     13.045        2  -145.80244
     13.195        2  -145.68914
     13.345        2  -145.57713
     13.495        2  -145.46866
     13.645        2  -145.36048
     13.795        2  -145.25364
     13.945        2  -145.14724
     14.095        2  -145.04139
     14.245        2  -144.93888
     14.395        2  -144.83799
     14.545        2  -144.73873
     14.695        2  -144.63519
     14.845        2  -144.53707
     14.995        2  -144.43998
     15.145        2  -144.33856
     15.295        2  -144.24093
     15.445        2  -144.14210
     15.595        2  -144.04698
     15.745        2  -143.95106
     15.895        2  -143.85784
     16.045        2  -143.76444
     16.195        2  -143.67129
     16.345        2  -143.57862
     16.495        2  -143.48783
     16.645        2  -143.39785
     16.795        2  -143.30929
     16.945        2  -143.22263
     17.095        2  -143.13552
     17.245        2  -143.04894
     17.395        2  -142.96127
     17.545        2  -142.87351
     17.695        2  -142.78748
     17.845        2  -142.70279
     17.995        2  -142.61894
     18.145        2  -142.53313
     18.295        2  -142.45253
     18.445        2  -142.37219
     18.595        2  -142.28882
     18.745        2  -142.20756
     18.895        2  -142.12763
     19.045        2  -142.04845
     19.195        2  -141.96782
     19.345        2  -141.88921
     19.495        2  -141.81251
     19.645        2  -141.73716
     19.795        2  -141.65852
     19.945        2  -141.58214
     20.095        2  -141.50662
     21.836        2  -139.23517
     30.068        2  -135.85387
     42.097        2  -132.47154
     58.937        2  -129.10478
     82.515        2  -125.75661
     115.53        2  -122.45041
     161.74        2  -119.16366
     226.45        2  -115.92465
     317.04        2  -112.72491
     443.87        2  -109.56998
     621.44        2  -106.47962
     870.05        2  -103.42889
     1218.1        2  -100.43967
     1705.4        2   -97.50628
     2387.7        2   -94.63631
     3342.9        2   -91.83076
     4680.2        2   -89.10676
     6552.5        2   -86.45421
     9173.8        2   -83.86985
     12844.        2   -81.36157
     17982.        2   -78.94145
     25176.        2   -76.59485
     35247.        2   -74.33911
     49348.        2   -72.16446
     69090.        2   -70.09005
     96729.        2   -68.09169
    0.13543E+06    2   -66.19052
    0.18960E+06    2   -64.38274
    0.26545E+06    2   -62.65332
    0.37165E+06    2   -61.00351
    0.52033E+06    2   -59.43618
    0.72849E+06    2   -57.94662
    0.10199E+07    2   -56.52182
    0.14279E+07    2   -55.17370
    0.19992E+07    2   -53.89083
    0.27990E+07    2   -52.66510
    0.39187E+07    2   -51.50115
    0.54864E+07    2   -50.40019
    0.76812E+07    2   -49.35043
    0.10754E+08    2   -48.35403
    0.15056E+08    2   -47.41030
    0.21080E+08    2   -46.51265
    0.29513E+08    2   -45.65804
    0.41319E+08    2   -44.85355
    0.57849E+08    2   -44.10423
    0.80991E+08    2   -43.40862
    0.11339E+09    2   -42.76365
    0.15875E+09    2   -42.16022
    0.22226E+09    2   -41.59991
    0.31118E+09    2   -41.07571
    0.43567E+09    2   -40.58464
    0.60996E+09    2   -40.13728
    0.85398E+09    2   -39.72904
    0.11956E+10    2   -39.35602
    0.16739E+10    2   -39.01718
    0.23436E+10    2   -38.70448
    0.32811E+10    2   -38.41636
    0.45937E+10    2   -38.15159
    0.64315E+10    2   -37.90933
    0.90044E+10    2   -37.68744
    0.12607E+11    2   -37.48092
    0.17650E+11    2   -37.29278
    0.24711E+11    2   -37.11935
    0.34596E+11    2   -36.95856
    0.48437E+11    2   -36.81039
    0.67814E+11    2   -36.67642
    0.10000E+12    2   -35.13341
