    -29.945         0.00000
    -29.795         0.00000
    -29.645         0.00000
    -29.495         0.00000
    -29.345         0.00000
    -29.195         0.00000
    -29.045         0.00000
    -28.895         0.00000
    -28.745         0.00000
    -28.595         0.00000
    -28.445         0.00000
    -28.295         0.00000
    -28.145         0.00000
    -27.995         0.00000
    -27.845         0.00000
    -27.695         0.00000
    -27.545         0.00000
    -27.395         0.00000
    -27.245         0.00000
    -27.095         0.00000
    -26.945         0.00000
    -26.795         0.00000
    -26.645         0.00000
    -26.495         0.00000
    -26.345         0.00000
    -26.195         0.00000
    -26.045         0.00000
    -25.895         0.00000
    -25.745         0.00000
    -25.595         0.00000
    -25.445         0.00000
    -25.295         0.00000
    -25.145         0.00000
    -24.995         0.00000
    -24.845         0.00000
    -24.695         0.00000
    -24.545         0.00000
    -24.395         0.00000
    -24.245         0.00000
    -24.095         0.00000
    -23.945         0.00000
    -23.795         0.00000
    -23.645         0.00000
    -23.495         0.00000
    -23.345         0.00000
    -23.195         0.00000
    -23.045         0.00000
    -22.895         0.00000
    -22.745         0.00000
    -22.595         0.00000
    -22.445         0.00000
    -22.295         0.00000
    -22.145         0.00000
    -21.995         0.00000
    -21.845         0.00000
    -21.695         0.00000
    -21.545         0.00000
    -21.395         0.00000
    -21.245         0.00000
    -21.095         0.00000
    -20.945         0.00000
    -20.795         0.00000
    -20.645         0.00000
    -20.495         0.00000
    -20.345         0.00000
    -20.195         0.00000
    -20.045         0.00000
    -19.895         0.00000
    -19.745         0.00000
    -19.595         0.00000
    -19.445         0.00000
    -19.295         0.00000
    -19.145         0.00000
    -18.995         0.00000
    -18.845         0.00000
    -18.695         0.00000
    -18.545         0.00000
    -18.395         0.00000
    -18.245         0.00000
    -18.095         0.00000
    -17.945         0.00000
    -17.795         0.00000
    -17.645         0.00000
    -17.495         0.00000
    -17.345         0.00000
    -17.195         0.00000
    -17.045         0.00000
    -16.895         0.00000
    -16.745         0.00000
    -16.595         0.00000
    -16.445         0.00000
    -16.295         0.00000
    -16.145         0.00000
    -15.995        -0.00117
    -15.845        -0.00789
    -15.695        -0.02119
    -15.545        -0.04866
    -15.395        -0.09104
    -15.245        -0.17587
    -15.095        -0.33078
    -14.945        -0.58629
    -14.795        -0.92862
    -14.645        -1.37296
    -14.495        -1.88052
    -14.345        -2.43615
    -14.195        -3.03205
    -14.045        -3.66082
    -13.895        -4.28778
    -13.745        -4.91110
    -13.595        -5.54400
    -13.445        -6.16360
    -13.295        -6.79218
    -13.145        -7.45985
    -12.995        -8.17632
    -12.845        -8.97408
    -12.695        -9.89029
    -12.545       -10.94190
    -12.395       -12.12635
    -12.245       -13.43262
    -12.095       -14.85495
    -11.945       -16.37747
    -11.795       -17.98521
    -11.645       -19.68344
    -11.495       -21.38995
    -11.345       -23.10824
    -11.195       -24.79241
    -11.045       -26.42436
    -10.895       -27.99504
    -10.745       -29.54402
    -10.595       -31.08119
    -10.445       -32.61786
    -10.295       -34.17490
    -10.145       -35.73316
    -9.9950       -37.30612
    -9.8450       -38.86812
    -9.6950       -40.44911
    -9.5450       -42.05339
    -9.3950       -43.67409
    -9.2450       -45.28722
    -9.0950       -46.90496
    -8.9450       -48.55462
    -8.7950       -50.20950
    -8.6450       -51.86350
    -8.4950       -53.52931
    -8.3450       -55.19306
    -8.1950       -56.86506
    -8.0450       -58.54957
    -7.8950       -60.25268
    -7.7450       -62.00687
    -7.5950       -63.85716
    -7.4450       -65.76057
    -7.2950       -67.72386
    -7.1450       -69.73803
    -6.9950       -71.82624
    -6.8450       -73.96342
    -6.6950       -76.14853
    -6.5450       -78.37108
    -6.3950       -80.62183
    -6.2450       -82.88524
    -6.0950       -85.18948
    -5.9450       -87.47397
    -5.7950       -89.77088
    -5.6450       -92.08386
    -5.4950       -94.40256
    -5.3450       -96.72833
    -5.1950       -99.06735
    -5.0450      -101.41170
    -4.8950      -103.77449
    -4.7450      -106.16118
    -4.5950      -108.58215
    -4.4450      -111.03329
    -4.2950      -113.49745
    -4.1450      -115.98420
    -3.9950      -118.51525
    -3.8450      -121.09578
    -3.6950      -123.72292
    -3.5450      -126.43034
    -3.3950      -129.24776
    -3.2450      -132.19366
    -3.0950      -135.29900
    -2.9450      -138.61020
    -2.7950      -142.14496
    -2.6450      -145.96970
    -2.4950      -150.11763
    -2.3450      -154.65752
    -2.1950      -159.69106
    -2.0450      -165.31824
    -1.8950      -171.64755
    -1.7450      -178.80106
    -1.5950      -186.83073
    -1.4450      -195.78328
    -1.2950      -205.67486
    -1.1450      -216.48633
   -0.99500      -228.06787
   -0.84500      -240.32114
   -0.69500      -253.27814
   -0.54500      -267.23338
   -0.39500      -282.92727
   -0.25300      -294.66172
   -0.21500      -295.45519
   -0.20900      -296.25874
   -0.20300      -297.07457
   -0.19700      -297.89970
   -0.19100      -298.73736
   -0.18500      -299.58763
   -0.17900      -300.45294
   -0.17300      -301.33246
   -0.16700      -302.22813
   -0.16100      -303.13688
   -0.15500      -304.06388
   -0.14900      -305.01078
   -0.14300      -305.97711
   -0.13700      -306.96498
   -0.13100      -307.97621
   -0.12500      -309.01307
   -0.11900      -310.07766
   -0.11300      -311.17287
   -0.10700      -312.29962
   -0.10100      -313.46416
   -0.95000E-01  -314.67031
   -0.89000E-01  -315.92253
   -0.83000E-01  -317.22506
   -0.77000E-01  -318.58797
   -0.71000E-01  -320.01921
   -0.65000E-01  -321.53089
   -0.59000E-01  -323.13996
   -0.53000E-01  -324.86973
   -0.47000E-01  -326.74771
   -0.41000E-01  -328.82442
   -0.35000E-01  -331.17126
   -0.29000E-01  -333.92915
   -0.23000E-01  -337.32737
   -0.19700E-01  -337.70897
   -0.19100E-01  -338.10039
   -0.18500E-01  -338.50241
   -0.17900E-01  -338.91567
   -0.17300E-01  -339.34073
   -0.16700E-01  -339.77817
   -0.16100E-01  -340.22910
   -0.15500E-01  -340.69442
   -0.14900E-01  -341.17536
   -0.14300E-01  -341.67329
   -0.13700E-01  -342.18993
   -0.13100E-01  -342.72689
   -0.12500E-01  -343.28609
   -0.11900E-01  -343.86953
   -0.11300E-01  -344.48069
   -0.10700E-01  -345.12183
   -0.10100E-01  -345.79480
   -0.95000E-02  -346.50231
   -0.89000E-02  -347.24795
   -0.83000E-02  -348.03490
   -0.77000E-02  -348.86141
   -0.71000E-02  -349.72582
   -0.65000E-02  -350.62599
   -0.59000E-02  -351.56137
   -0.53000E-02  -352.52743
   -0.47000E-02  -353.50925
   -0.41000E-02  -354.48873
   -0.35000E-02  -355.44330
   -0.29000E-02  -356.33136
   -0.23000E-02  -357.10003
   -0.17000E-02  -357.70346
   -0.11000E-02  -358.10885
   -0.50000E-03  -358.29987
    0.10000E-03  -358.26741
    0.70000E-03  -358.00947
    0.13000E-02  -357.53665
    0.19000E-02  -356.87390
    0.25000E-02  -356.06049
    0.31000E-02  -355.14492
    0.37000E-02  -354.18030
    0.43000E-02  -353.19893
    0.49000E-02  -352.22198
    0.55000E-02  -351.26647
    0.61000E-02  -350.34499
    0.67000E-02  -349.45918
    0.73000E-02  -348.60992
    0.79000E-02  -347.79939
    0.85000E-02  -347.03009
    0.91000E-02  -346.30109
    0.97000E-02  -345.60884
    0.10300E-01  -344.95021
    0.10900E-01  -344.32330
    0.11500E-01  -343.72513
    0.12100E-01  -343.15381
    0.12700E-01  -342.60636
    0.13300E-01  -342.08053
    0.13900E-01  -341.57426
    0.14500E-01  -341.08612
    0.15100E-01  -340.61396
    0.15700E-01  -340.15720
    0.16300E-01  -339.71462
    0.16900E-01  -339.28538
    0.17500E-01  -338.86825
    0.18100E-01  -338.46306
    0.18700E-01  -338.06846
    0.19300E-01  -337.68440
    0.20200E-01  -336.28009
    0.25000E-01  -333.17694
    0.31000E-01  -330.64362
    0.37000E-01  -328.47844
    0.43000E-01  -326.57400
    0.49000E-01  -324.86477
    0.55000E-01  -323.30740
    0.61000E-01  -321.87418
    0.67000E-01  -320.54283
    0.73000E-01  -319.30046
    0.79000E-01  -318.13086
    0.85000E-01  -317.02925
    0.91000E-01  -315.98586
    0.97000E-01  -314.99619
    0.10300      -314.05451
    0.10900      -313.15678
    0.11500      -312.29976
    0.12100      -311.47776
    0.12700      -310.68927
    0.13300      -309.93125
    0.13900      -309.20131
    0.14500      -308.49779
    0.15100      -307.81821
    0.15700      -307.16072
    0.16300      -306.52548
    0.16900      -305.91034
    0.17500      -305.31312
    0.18100      -304.73528
    0.18700      -304.17414
    0.19300      -303.62754
    0.19900      -303.09754
    0.20500      -302.58248
    0.21100      -302.07836
    0.21700      -301.58965
    0.29500      -291.93609
    0.44500      -285.92179
    0.59500      -281.71854
    0.74500      -278.45981
    0.89500      -275.71197
     1.0450      -273.29959
     1.1950      -271.12511
     1.3450      -269.13958
     1.4950      -267.31773
     1.6450      -265.63528
     1.7950      -264.07796
     1.9450      -262.64424
     2.0950      -261.32051
     2.2450      -260.10708
     2.3950      -258.99658
     2.5450      -257.97451
     2.6950      -257.02715
     2.8450      -256.17160
     2.9950      -255.37475
     3.1450      -254.62652
     3.2950      -253.93250
     3.4450      -253.27842
     3.5950      -252.66170
     3.7450      -252.07886
     3.8950      -251.52473
     4.0450      -250.99479
     4.1950      -250.48930
     4.3450      -250.00493
     4.4950      -249.53606
     4.6450      -249.08683
     4.7950      -248.65063
     4.9450      -248.23034
     5.0950      -247.82380
     5.2450      -247.42892
     5.3950      -247.04528
     5.5450      -246.67225
     5.6950      -246.30768
     5.8450      -245.95216
     5.9950      -245.60458
     6.1450      -245.26716
     6.2950      -244.93703
     6.4450      -244.61419
     6.5950      -244.29689
     6.7450      -243.98794
     6.8950      -243.68775
     7.0450      -243.39251
     7.1950      -243.10336
     7.3450      -242.81974
     7.4950      -242.54191
     7.6450      -242.26781
     7.7950      -242.00007
     7.9450      -241.73632
     8.0950      -241.47816
     8.2450      -241.22385
     8.3950      -240.97436
     8.5450      -240.72758
     8.6950      -240.48746
     8.8450      -240.24992
     8.9950      -240.01598
     9.1450      -239.78645
     9.2950      -239.56139
     9.4450      -239.33836
     9.5950      -239.11957
     9.7450      -238.90417
     9.8950      -238.69018
     10.045      -238.48132
     10.195      -238.27377
     10.345      -238.06908
     10.495      -237.86828
     10.645      -237.66938
     10.795      -237.47294
     10.945      -237.28147
     11.095      -237.09153
     11.245      -236.90229
     11.395      -236.71664
     11.545      -236.53154
     11.695      -236.34950
     11.845      -236.17028
     11.995      -235.99248
     12.145      -235.81831
     12.295      -235.64575
     12.445      -235.47472
     12.595      -235.30530
     12.745      -235.13760
     12.895      -234.97288
     13.045      -234.81053
     13.195      -234.64941
     13.345      -234.49030
     13.495      -234.33202
     13.645      -234.17593
     13.795      -234.02104
     13.945      -233.86741
     14.095      -233.71539
     14.245      -233.56598
     14.395      -233.41688
     14.545      -233.26969
     14.695      -233.12403
     14.845      -232.97896
     14.995      -232.83621
     15.145      -232.69519
     15.295      -232.55406
     15.445      -232.41604
     15.595      -232.27885
     15.745      -232.14353
     15.895      -232.00819
     16.045      -231.87375
     16.195      -231.74178
     16.345      -231.61017
     16.495      -231.47898
     16.645      -231.35051
     16.795      -231.22206
     16.945      -231.09567
     17.095      -230.96938
     17.245      -230.84486
     17.395      -230.72134
     17.545      -230.59947
     17.695      -230.47862
     17.845      -230.35794
     17.995      -230.23854
     18.145      -230.11926
     18.295      -230.00130
     18.445      -229.88440
     18.595      -229.76848
     18.745      -229.65378
     18.895      -229.54058
     19.045      -229.42751
     19.195      -229.31451
     19.345      -229.20285
     19.495      -229.09270
     19.645      -228.98311
     19.795      -228.87370
     19.945      -228.76555
     20.095      -228.65794
     20.245      -228.55205
     20.395      -228.44715
     20.545      -228.34172
     20.695      -228.23748
     20.845      -228.13406
     20.995      -228.03159
     21.145      -227.92916
     21.295      -227.82743
     21.445      -227.72719
     21.595      -227.62627
     21.745      -227.52800
     21.895      -227.42938
     22.045      -227.33185
     22.195      -227.23489
     22.345      -227.13815
     22.495      -227.04135
     22.645      -226.94632
     22.795      -226.85230
     22.945      -226.75777
     23.095      -226.66360
     23.245      -226.57048
     23.395      -226.47874
     23.545      -226.38698
     23.695      -226.29562
     23.845      -226.20450
     23.995      -226.11464
     24.145      -226.02483
     24.295      -225.93535
     24.445      -225.84709
     24.595      -225.75924
     24.745      -225.67070
     24.895      -225.58391
     25.045      -225.49674
     25.195      -225.41130
     25.345      -225.32545
     25.495      -225.24045
     25.645      -225.15592
     25.795      -225.07222
     25.945      -224.98859
     26.095      -224.90513
     26.245      -224.82219
     26.395      -224.74068
     26.545      -224.65978
     26.695      -224.57892
     26.845      -224.49844
     26.995      -224.41775
     27.145      -224.33805
     27.295      -224.25928
     27.445      -224.18064
     27.595      -224.10240
     27.745      -224.02423
     27.895      -223.94623
     28.045      -223.86910
     28.195      -223.79160
     28.345      -223.71524
     28.495      -223.63888
     28.645      -223.56334
     28.795      -223.48788
     28.945      -223.41302
     29.095      -223.33862
     29.245      -223.26450
     29.395      -223.19131
     29.545      -223.11767
     29.695      -223.04468
     29.845      -222.97178
     29.995      -222.89932
     30.145      -222.82734
     30.295      -222.75590
     30.445      -222.68494
     30.595      -222.61442
     30.745      -222.54356
     30.895      -222.47288
     31.045      -222.40318
     31.195      -222.33299
     31.345      -222.26426
     31.495      -222.19583
     31.645      -222.12707
     31.795      -222.05823
     31.945      -221.99027
     32.095      -221.92237
     32.245      -221.85469
     32.395      -221.78766
     32.545      -221.72127
     32.695      -221.65482
     32.845      -221.58804
     32.995      -221.52258
     33.145      -221.45782
     33.295      -221.39273
     33.445      -221.32864
     33.595      -221.26456
     33.745      -221.20050
     33.895      -221.13609
     34.045      -221.07249
     34.195      -221.00895
     34.345      -220.94585
     34.495      -220.88226
     34.645      -220.81979
     34.795      -220.75773
     34.945      -220.69561
     35.095      -220.63369
     35.245      -220.57264
     35.395      -220.51119
     35.545      -220.44995
     35.695      -220.38915
     35.845      -220.32787
     35.995      -220.26718
     36.145      -220.20693
     36.295      -220.14741
     36.445      -220.08855
     36.595      -220.02945
     36.745      -219.97022
     36.895      -219.91153
     37.045      -219.85312
     37.195      -219.79481
     37.345      -219.73631
     37.495      -219.67883
     37.645      -219.62089
     37.795      -219.56376
     37.945      -219.50617
     38.095      -219.44924
     38.245      -219.39338
     38.395      -219.33730
     38.545      -219.28066
     38.695      -219.22496
     38.845      -219.17010
     38.995      -219.11425
     39.145      -219.05872
     39.295      -219.00357
     39.445      -218.94936
     39.595      -218.89432
     39.745      -218.83966
     39.895      -218.78497
     40.045      -218.73067
     40.195      -218.67700
     40.345      -218.62325
     40.495      -218.56946
     40.645      -218.51607
     40.795      -218.46265
     40.945      -218.40926
     41.095      -218.35716
     41.245      -218.30482
     41.395      -218.25249
     41.545      -218.20045
     41.695      -218.14847
     41.845      -218.09634
     41.995      -218.04460
     42.145      -217.99316
     42.295      -217.94227
     42.445      -217.89074
     42.595      -217.83971
     42.745      -217.78848
     42.895      -217.73808
     43.045      -217.68787
     43.195      -217.63754
     43.345      -217.58680
     43.495      -217.53695
     43.645      -217.48761
     43.795      -217.43834
     43.945      -217.38911
     44.095      -217.34003
     44.245      -217.29088
     44.395      -217.24191
     44.545      -217.19354
     44.695      -217.14581
     44.845      -217.09713
     44.995      -217.04881
     45.145      -217.00062
     45.295      -216.95362
     45.445      -216.90577
     45.595      -216.85820
     45.745      -216.81054
     45.895      -216.76356
     46.045      -216.71679
     46.195      -216.66991
     46.345      -216.62312
     46.495      -216.57654
     46.645      -216.53059
     46.795      -216.48384
     46.945      -216.43766
     47.095      -216.39114
     47.245      -216.34523
     47.395      -216.29970
     47.545      -216.25425
     47.695      -216.20864
     47.845      -216.16370
     47.995      -216.11909
     48.145      -216.07376
     48.295      -216.02893
     48.445      -215.98445
     48.595      -215.93988
     48.745      -215.89564
     48.895      -215.85172
     49.045      -215.80745
     49.195      -215.76372
     49.345      -215.71971
     49.495      -215.67631
     49.645      -215.63279
     49.795      -215.58903
     49.945      -215.54559
     50.095      -215.50236
     50.245      -215.45940
     50.395      -215.41650
     50.545      -215.37353
     50.695      -215.33087
     50.845      -215.28880
     50.995      -215.24652
     51.145      -215.20398
     51.295      -215.16190
     51.445      -215.11955
     51.595      -215.07800
     51.745      -215.03577
     51.895      -214.99458
     52.045      -214.95278
     52.195      -214.91156
     52.345      -214.87015
     52.495      -214.82945
     52.645      -214.78826
     52.795      -214.74740
     52.945      -214.70639
     53.095      -214.66577
     53.245      -214.62519
     53.395      -214.58467
     53.545      -214.54438
     53.695      -214.50417
     53.845      -214.46380
     53.995      -214.42382
     54.145      -214.38362
     54.295      -214.34359
     54.445      -214.30353
     54.595      -214.26390
     54.745      -214.22467
     54.895      -214.18552
     55.045      -214.14618
     55.195      -214.10733
     55.345      -214.06790
     55.495      -214.02865
     55.645      -213.99004
     55.795      -213.95117
     55.945      -213.91222
     56.095      -213.87356
     56.245      -213.83518
     56.395      -213.79739
     56.545      -213.75902
     56.695      -213.72124
     56.845      -213.68324
     56.995      -213.64542
     57.145      -213.60746
     57.295      -213.56957
     57.445      -213.53231
     57.595      -213.49490
     57.745      -213.45760
     57.895      -213.42071
     58.045      -213.38420
     58.195      -213.34726
     58.345      -213.31008
     58.495      -213.27318
     58.645      -213.23593
     58.795      -213.19869
     58.945      -213.16189
     59.095      -213.12549
     59.245      -213.08875
     59.395      -213.05281
     59.545      -213.01648
     59.695      -212.97992
     59.845      -212.94405
     59.995      -212.90861
     60.145      -212.87314
     70.939      -208.29564
     97.698      -203.75857
     134.55      -199.27413
     185.30      -194.84369
     255.20      -190.47952
     351.46      -186.16851
     484.04      -181.94004
     666.62      -177.78873
     918.07      -173.71213
     1264.4      -169.71081
     1741.3      -165.78893
     2398.1      -161.93925
     3302.7      -158.17353
     4548.5      -154.49061
     6264.3      -150.89008
     8627.2      -147.37618
     11881.      -143.94927
     16363.      -140.62606
     22535.      -137.40196
     31036.      -134.28758
     42743.      -131.28712
     58866.      -128.39854
     81070.      -125.62378
    0.11165E+06  -122.97061
    0.15377E+06  -120.43469
    0.21177E+06  -118.01374
    0.29165E+06  -115.70135
    0.40166E+06  -113.49271
    0.55317E+06  -111.38465
    0.76182E+06  -109.37532
    0.10492E+07  -107.45781
    0.14449E+07  -105.63085
    0.19900E+07  -103.88814
    0.27406E+07  -102.22564
    0.37744E+07  -100.64225
    0.51981E+07   -99.13476
    0.71589E+07   -97.69834
    0.98593E+07   -96.32883
    0.13578E+08   -95.02333
    0.18700E+08   -93.78070
    0.25754E+08   -92.59533
    0.35468E+08   -91.47259
    0.48847E+08   -90.41615
    0.67273E+08   -89.43143
    0.92648E+08   -88.51603
    0.12760E+09   -87.66193
    0.17573E+09   -86.86326
    0.24201E+09   -86.11550
    0.33330E+09   -85.41343
    0.45902E+09   -84.75532
    0.63217E+09   -84.15311
    0.87062E+09   -83.60512
    0.11990E+10   -83.10184
    0.16513E+10   -82.63781
    0.22742E+10   -82.21086
    0.31320E+10   -81.81651
    0.43134E+10   -81.45161
    0.59405E+10   -81.11571
    0.81813E+10   -80.80550
    0.11267E+11   -80.51917
    0.15517E+11   -80.25417
    0.21371E+11   -80.00911
    0.29432E+11   -79.78390
    0.40534E+11   -79.57548
    0.55823E+11   -79.38332
    0.10000E+12   -77.07448
