    -29.945         0.00000
    -29.795         0.00000
    -29.645         0.00000
    -29.495         0.00000
    -29.345         0.00000
    -29.195         0.00000
    -29.045         0.00000
    -28.895         0.00000
    -28.745         0.00000
    -28.595         0.00000
    -28.445         0.00000
    -28.295         0.00000
    -28.145         0.00000
    -27.995         0.00000
    -27.845         0.00000
    -27.695         0.00000
    -27.545         0.00000
    -27.395         0.00000
    -27.245         0.00000
    -27.095         0.00000
    -26.945         0.00000
    -26.795         0.00000
    -26.645         0.00000
    -26.495         0.00000
    -26.345         0.00000
    -26.195         0.00000
    -26.045         0.00000
    -25.895         0.00000
    -25.745         0.00000
    -25.595         0.00000
    -25.445         0.00000
    -25.295         0.00000
    -25.145         0.00000
    -24.995         0.00000
    -24.845         0.00000
    -24.695         0.00000
    -24.545         0.00000
    -24.395         0.00000
    -24.245         0.00000
    -24.095         0.00000
    -23.945         0.00000
    -23.795         0.00000
    -23.645         0.00000
    -23.495         0.00000
    -23.345         0.00000
    -23.195         0.00000
    -23.045         0.00000
    -22.895         0.00000
    -22.745         0.00000
    -22.595         0.00000
    -22.445         0.00000
    -22.295         0.00000
    -22.145         0.00000
    -21.995         0.00000
    -21.845         0.00000
    -21.695         0.00000
    -21.545         0.00000
    -21.395         0.00000
    -21.245         0.00000
    -21.095         0.00000
    -20.945         0.00000
    -20.795         0.00000
    -20.645         0.00000
    -20.495         0.00000
    -20.345         0.00000
    -20.195         0.00000
    -20.045         0.00000
    -19.895         0.00000
    -19.745         0.00000
    -19.595         0.00000
    -19.445         0.00000
    -19.295         0.00000
    -19.145         0.00000
    -18.995         0.00000
    -18.845         0.00000
    -18.695         0.00000
    -18.545         0.00000
    -18.395         0.00000
    -18.245         0.00000
    -18.095         0.00000
    -17.945         0.00000
    -17.795         0.00000
    -17.645         0.00000
    -17.495         0.00000
    -17.345         0.00000
    -17.195        -0.00013
    -17.045        -0.00277
    -16.895        -0.01565
    -16.745        -0.04726
    -16.595        -0.11166
    -16.445        -0.21115
    -16.295        -0.34833
    -16.145        -0.51641
    -15.995        -0.70585
    -15.845        -0.92493
    -15.695        -1.16125
    -15.545        -1.40526
    -15.395        -1.65348
    -15.245        -1.90364
    -15.095        -2.15943
    -14.945        -2.41611
    -14.795        -2.67864
    -14.645        -2.95544
    -14.495        -3.25943
    -14.345        -3.59577
    -14.195        -3.96007
    -14.045        -4.38579
    -13.895        -4.85213
    -13.745        -5.35730
    -13.595        -5.90527
    -13.445        -6.47292
    -13.295        -7.06595
    -13.145        -7.66769
    -12.995        -8.26566
    -12.845        -8.85870
    -12.695        -9.46122
    -12.545       -10.04212
    -12.395       -10.60874
    -12.245       -11.14869
    -12.095       -11.67688
    -11.945       -12.21318
    -11.795       -12.75844
    -11.645       -13.31859
    -11.495       -13.87833
    -11.345       -14.44904
    -11.195       -15.01343
    -11.045       -15.57281
    -10.895       -16.14212
    -10.745       -16.72234
    -10.595       -17.34173
    -10.445       -17.98565
    -10.295       -18.66481
    -10.145       -19.41095
    -9.9950       -20.20818
    -9.8450       -21.09245
    -9.6950       -22.06181
    -9.5450       -23.12756
    -9.3950       -24.29391
    -9.2450       -25.51107
    -9.0950       -26.84670
    -8.9450       -28.25087
    -8.7950       -29.71732
    -8.6450       -31.26154
    -8.4950       -32.88112
    -8.3450       -34.59058
    -8.1950       -36.40368
    -8.0450       -38.31617
    -7.8950       -40.34284
    -7.7450       -42.49738
    -7.5950       -44.76005
    -7.4450       -47.13923
    -7.2950       -49.63484
    -7.1450       -52.23498
    -6.9950       -54.94800
    -6.8450       -57.73023
    -6.6950       -60.62509
    -6.5450       -63.57217
    -6.3950       -66.58332
    -6.2450       -69.62574
    -6.0950       -72.71905
    -5.9450       -75.81147
    -5.7950       -78.93198
    -5.6450       -82.04159
    -5.4950       -85.13383
    -5.3450       -88.17790
    -5.1950       -91.19891
    -5.0450       -94.19243
    -4.8950       -97.17017
    -4.7450      -100.12510
    -4.5950      -103.07600
    -4.4450      -106.02675
    -4.2950      -109.00725
    -4.1450      -112.04675
    -3.9950      -115.15048
    -3.8450      -118.34699
    -3.6950      -121.61984
    -3.5450      -124.99851
    -3.3950      -128.46490
    -3.2450      -132.08520
    -3.0950      -135.84698
    -2.9450      -139.79162
    -2.7950      -143.94920
    -2.6450      -148.40262
    -2.4950      -153.17700
    -2.3450      -158.38668
    -2.1950      -164.15242
    -2.0450      -170.59827
    -1.8950      -177.83113
    -1.7450      -186.03903
    -1.5950      -195.28385
    -1.4450      -205.61372
    -1.2950      -216.91456
    -1.1450      -229.03823
   -0.99500      -241.78874
   -0.84500      -255.02135
   -0.69500      -268.80168
   -0.54500      -283.45187
   -0.39500      -299.98545
   -0.25300      -312.43773
   -0.21500      -313.27948
   -0.20900      -314.12922
   -0.20300      -314.99216
   -0.19700      -315.86475
   -0.19100      -316.74875
   -0.18500      -317.64607
   -0.17900      -318.55624
   -0.17300      -319.48019
   -0.16700      -320.41797
   -0.16100      -321.37324
   -0.15500      -322.34562
   -0.14900      -323.33504
   -0.14300      -324.34197
   -0.13700      -325.37061
   -0.13100      -326.41909
   -0.12500      -327.49163
   -0.11900      -328.59010
   -0.11300      -329.71547
   -0.10700      -330.87207
   -0.10100      -332.06272
   -0.95000E-01  -333.28915
   -0.89000E-01  -334.55902
   -0.83000E-01  -335.87673
   -0.77000E-01  -337.24857
   -0.71000E-01  -338.68564
   -0.65000E-01  -340.19981
   -0.59000E-01  -341.80726
   -0.53000E-01  -343.53496
   -0.47000E-01  -345.41690
   -0.41000E-01  -347.48989
   -0.35000E-01  -349.80748
   -0.29000E-01  -352.46361
   -0.23000E-01  -355.63032
   -0.19700E-01  -355.98135
   -0.19100E-01  -356.34088
   -0.18500E-01  -356.70904
   -0.17900E-01  -357.08692
   -0.17300E-01  -357.47498
   -0.16700E-01  -357.87415
   -0.16100E-01  -358.28580
   -0.15500E-01  -358.71081
   -0.14900E-01  -359.15112
   -0.14300E-01  -359.60828
   -0.13700E-01  -360.08469
   -0.13100E-01  -360.58244
   -0.12500E-01  -361.10424
   -0.11900E-01  -361.65357
   -0.11300E-01  -362.23359
   -0.10700E-01  -362.84747
   -0.10100E-01  -363.49769
   -0.95000E-02  -364.18647
   -0.89000E-02  -364.91512
   -0.83000E-02  -365.68374
   -0.77000E-02  -366.49031
   -0.71000E-02  -367.33101
   -0.65000E-02  -368.20065
   -0.59000E-02  -369.09573
   -0.53000E-02  -370.01218
   -0.47000E-02  -370.94365
   -0.41000E-02  -371.87736
   -0.35000E-02  -372.79318
   -0.29000E-02  -373.66896
   -0.23000E-02  -374.45938
   -0.17000E-02  -375.10651
   -0.11000E-02  -375.55658
   -0.50000E-03  -375.76995
    0.10000E-03  -375.72683
    0.70000E-03  -375.43154
    0.13000E-02  -374.91098
    0.19000E-02  -374.21018
    0.25000E-02  -373.38647
    0.31000E-02  -372.49460
    0.37000E-02  -371.57361
    0.43000E-02  -370.65289
    0.49000E-02  -369.76306
    0.55000E-02  -368.91598
    0.61000E-02  -368.11058
    0.67000E-02  -367.35039
    0.73000E-02  -366.63096
    0.79000E-02  -365.94397
    0.85000E-02  -365.28612
    0.91000E-02  -364.65336
    0.97000E-02  -364.04637
    0.10300E-01  -363.46572
    0.10900E-01  -362.91115
    0.11500E-01  -362.38196
    0.12100E-01  -361.87460
    0.12700E-01  -361.38559
    0.13300E-01  -360.91406
    0.13900E-01  -360.45866
    0.14500E-01  -360.01856
    0.15100E-01  -359.59269
    0.15700E-01  -359.18019
    0.16300E-01  -358.77976
    0.16900E-01  -358.39019
    0.17500E-01  -358.01089
    0.18100E-01  -357.64069
    0.18700E-01  -357.27967
    0.19300E-01  -356.92708
    0.20200E-01  -355.62873
    0.25000E-01  -352.69561
    0.31000E-01  -350.21693
    0.37000E-01  -348.05587
    0.43000E-01  -346.13427
    0.49000E-01  -344.40405
    0.55000E-01  -342.83213
    0.61000E-01  -341.38162
    0.67000E-01  -340.03161
    0.73000E-01  -338.76746
    0.79000E-01  -337.57634
    0.85000E-01  -336.44772
    0.91000E-01  -335.37587
    0.97000E-01  -334.35405
    0.10300      -333.37627
    0.10900      -332.43834
    0.11500      -331.53504
    0.12100      -330.66476
    0.12700      -329.82774
    0.13300      -329.01655
    0.13900      -328.23256
    0.14500      -327.47247
    0.15100      -326.73605
    0.15700      -326.02012
    0.16300      -325.32517
    0.16900      -324.64964
    0.17500      -323.99213
    0.18100      -323.35299
    0.18700      -322.73024
    0.19300      -322.12485
    0.19900      -321.53421
    0.20500      -320.95870
    0.21100      -320.39744
    0.21700      -319.84971
    0.29500      -308.93992
    0.44500      -301.93008
    0.59500      -296.69803
    0.74500      -292.48154
    0.89500      -288.92498
     1.0450      -285.81005
     1.1950      -283.02863
     1.3450      -280.50999
     1.4950      -278.20163
     1.6450      -276.08961
     1.7950      -274.15448
     1.9450      -272.38092
     2.0950      -270.75599
     2.2450      -269.27285
     2.3950      -267.90018
     2.5450      -266.64900
     2.6950      -265.49909
     2.8450      -264.45371
     2.9950      -263.49145
     3.1450      -262.61059
     3.2950      -261.78959
     3.4450      -261.03739
     3.5950      -260.33477
     3.7450      -259.67673
     3.8950      -259.05843
     4.0450      -258.47724
     4.1950      -257.92230
     4.3450      -257.39202
     4.4950      -256.88632
     4.6450      -256.39879
     4.7950      -255.93408
     4.9450      -255.48491
     5.0950      -255.05182
     5.2450      -254.63606
     5.3950      -254.23142
     5.5450      -253.83712
     5.6950      -253.45495
     5.8450      -253.08508
     5.9950      -252.72365
     6.1450      -252.37025
     6.2950      -252.02577
     6.4450      -251.68888
     6.5950      -251.35881
     6.7450      -251.04106
     6.8950      -250.72628
     7.0450      -250.42119
     7.1950      -250.12111
     7.3450      -249.82905
     7.4950      -249.54008
     7.6450      -249.25735
     7.7950      -248.98036
     7.9450      -248.70922
     8.0950      -248.44222
     8.2450      -248.17854
     8.3950      -247.92028
     8.5450      -247.66517
     8.6950      -247.41594
     8.8450      -247.17086
     8.9950      -246.92908
     9.1450      -246.69193
     9.2950      -246.45881
     9.4450      -246.22856
     9.5950      -246.00170
     9.7450      -245.77743
     9.8950      -245.55627
     10.045      -245.33726
     10.195      -245.12384
     10.345      -244.91232
     10.495      -244.70447
     10.645      -244.49899
     10.795      -244.29580
     10.945      -244.09591
     11.095      -243.89892
     11.245      -243.70453
     11.395      -243.51272
     11.545      -243.32236
     11.695      -243.13491
     11.845      -242.94974
     11.995      -242.76693
     12.145      -242.58504
     12.295      -242.40705
     12.445      -242.22989
     12.595      -242.05657
     12.745      -241.88499
     12.895      -241.71461
     13.045      -241.54643
     13.195      -241.37962
     13.345      -241.21448
     13.495      -241.05091
     13.645      -240.88887
     13.795      -240.72909
     13.945      -240.57154
     14.095      -240.41573
     14.245      -240.26190
     14.395      -240.10936
     14.545      -239.95856
     14.695      -239.80894
     14.845      -239.66077
     14.995      -239.51344
     15.145      -239.36858
     15.295      -239.22465
     15.445      -239.08186
     15.595      -238.94040
     15.745      -238.80071
     15.895      -238.66155
     16.045      -238.52340
     16.195      -238.38778
     16.345      -238.25264
     16.495      -238.11848
     16.645      -237.98607
     16.795      -237.85496
     16.945      -237.72502
     17.095      -237.59681
     17.245      -237.46906
     17.395      -237.34212
     17.545      -237.21611
     17.695      -237.09134
     17.845      -236.96721
     17.995      -236.84420
     18.145      -236.72227
     18.295      -236.60169
     18.445      -236.48204
     18.595      -236.36340
     18.745      -236.24579
     18.895      -236.12784
     19.045      -236.01106
     19.195      -235.89591
     19.345      -235.78176
     19.495      -235.66711
     19.645      -235.55432
     19.795      -235.44230
     19.945      -235.33240
     20.095      -235.22235
     20.245      -235.11201
     20.395      -235.00284
     20.545      -234.89443
     20.695      -234.78800
     20.845      -234.68186
     20.995      -234.57616
     21.145      -234.47118
     21.295      -234.36671
     21.445      -234.26183
     21.595      -234.15881
     21.745      -234.05730
     21.895      -233.95566
     22.045      -233.85501
     22.195      -233.75520
     22.345      -233.65646
     22.495      -233.55851
     22.645      -233.46037
     22.795      -233.36309
     22.945      -233.26675
     23.095      -233.17066
     23.245      -233.07529
     23.395      -232.97985
     23.545      -232.88574
     23.695      -232.79234
     23.845      -232.69886
     23.995      -232.60567
     24.145      -232.51423
     24.295      -232.42354
     24.445      -232.33266
     24.595      -232.24257
     24.745      -232.15238
     24.895      -232.06296
     25.045      -231.97406
     25.195      -231.88501
     25.345      -231.79723
     25.495      -231.71013
     25.645      -231.62332
     25.795      -231.53745
     25.945      -231.45105
     26.095      -231.36612
     26.245      -231.28166
     26.395      -231.19677
     26.545      -231.11273
     26.695      -231.02968
     26.845      -230.94613
     26.995      -230.86378
     27.145      -230.78225
     27.295      -230.70070
     27.445      -230.61905
     27.595      -230.53828
     27.745      -230.45866
     27.895      -230.37857
     28.045      -230.29946
     28.195      -230.22033
     28.345      -230.14211
     28.495      -230.06354
     28.645      -229.98594
     28.795      -229.90864
     28.945      -229.83179
     29.095      -229.75524
     29.245      -229.67935
     29.395      -229.60380
     29.545      -229.52851
     29.695      -229.45370
     29.845      -229.37915
     29.995      -229.30526
     30.145      -229.23155
     30.295      -229.15805
     30.445      -229.08432
     30.595      -229.01185
     30.745      -228.93926
     30.895      -228.86687
     31.045      -228.79542
     31.195      -228.72430
     31.345      -228.65338
     31.495      -228.58273
     31.645      -228.51273
     31.795      -228.44250
     31.945      -228.37224
     32.095      -228.30259
     32.245      -228.23376
     32.395      -228.16554
     32.545      -228.09728
     32.695      -228.02923
     32.845      -227.96164
     32.995      -227.89417
     33.145      -227.82756
     33.295      -227.76042
     33.445      -227.69395
     33.595      -227.62781
     33.745      -227.56201
     33.895      -227.49669
     34.045      -227.43125
     34.195      -227.36637
     34.345      -227.30195
     34.495      -227.23772
     34.645      -227.17328
     34.795      -227.10906
     34.945      -227.04544
     35.095      -226.98223
     35.245      -226.91985
     35.395      -226.85754
     35.545      -226.79543
     35.695      -226.73321
     35.845      -226.67136
     35.995      -226.60920
     36.145      -226.54722
     36.295      -226.48626
     36.445      -226.42570
     36.595      -226.36406
     36.745      -226.30322
     36.895      -226.24295
     37.045      -226.18285
     37.195      -226.12324
     37.345      -226.06364
     37.495      -226.00452
     37.645      -225.94556
     37.795      -225.88682
     37.945      -225.82847
     38.095      -225.77018
     38.245      -225.71273
     38.395      -225.65444
     38.545      -225.59678
     38.695      -225.53927
     38.845      -225.48255
     38.995      -225.42525
     39.145      -225.36859
     39.295      -225.31155
     39.445      -225.25551
     39.595      -225.19921
     39.745      -225.14355
     39.895      -225.08817
     40.045      -225.03260
     40.195      -224.97691
     40.345      -224.92220
     40.495      -224.86724
     40.645      -224.81273
     40.795      -224.75752
     40.945      -224.70379
     41.095      -224.65062
     41.245      -224.59710
     41.395      -224.54284
     41.545      -224.48905
     41.695      -224.43600
     41.845      -224.38311
     41.995      -224.33001
     42.145      -224.27697
     42.295      -224.22428
     42.445      -224.17216
     42.595      -224.12029
     42.745      -224.06821
     42.895      -224.01677
     43.045      -223.96502
     43.195      -223.91417
     43.345      -223.86255
     43.495      -223.81135
     43.645      -223.76043
     43.795      -223.71000
     43.945      -223.65998
     44.095      -223.60973
     44.245      -223.55941
     44.395      -223.50948
     44.545      -223.45966
     44.695      -223.40986
     44.845      -223.36036
     44.995      -223.31125
     45.145      -223.26191
     45.295      -223.21336
     45.445      -223.16456
     45.595      -223.11578
     45.745      -223.06734
     45.895      -223.01927
     46.045      -222.97121
     46.195      -222.92289
     46.345      -222.87472
     46.495      -222.82703
     46.645      -222.77940
     46.795      -222.73255
     46.945      -222.68524
     47.095      -222.63792
     47.245      -222.59078
     47.395      -222.54358
     47.545      -222.49658
     47.695      -222.45070
     47.845      -222.40461
     47.995      -222.35854
     48.145      -222.31198
     48.295      -222.26609
     48.445      -222.22033
     48.595      -222.17484
     48.745      -222.12909
     48.895      -222.08365
     49.045      -222.03861
     49.195      -221.99358
     49.345      -221.94839
     49.495      -221.90387
     49.645      -221.85930
     49.795      -221.81495
     49.945      -221.77006
     50.095      -221.72577
     50.245      -221.68203
     50.395      -221.63768
     50.545      -221.59432
     50.695      -221.55038
     50.845      -221.50660
     50.995      -221.46315
     51.145      -221.41998
     51.295      -221.37635
     51.445      -221.33277
     51.595      -221.28983
     51.745      -221.24712
     51.895      -221.20440
     52.045      -221.16220
     52.195      -221.11952
     52.345      -221.07696
     52.495      -221.03470
     52.645      -220.99243
     52.795      -220.95035
     52.945      -220.90858
     53.095      -220.86682
     53.245      -220.82544
     53.395      -220.78417
     53.545      -220.74273
     53.695      -220.70159
     53.845      -220.65999
     53.995      -220.61933
     54.145      -220.57832
     54.295      -220.53764
     54.445      -220.49720
     54.595      -220.45672
     54.745      -220.41656
     54.895      -220.37649
     55.045      -220.33585
     55.195      -220.29570
     55.345      -220.25581
     55.495      -220.21530
     55.645      -220.17608
     55.795      -220.13617
     55.945      -220.09660
     56.095      -220.05722
     56.245      -220.01847
     56.395      -219.97965
     56.545      -219.94080
     56.695      -219.90175
     56.845      -219.86293
     56.995      -219.82421
     57.145      -219.78517
     57.295      -219.74640
     57.445      -219.70775
     57.595      -219.66927
     57.745      -219.63073
     57.895      -219.59268
     58.045      -219.55454
     58.195      -219.51671
     58.345      -219.47896
     58.495      -219.44150
     58.645      -219.40435
     58.795      -219.36675
     58.945      -219.32910
     59.095      -219.29188
     59.245      -219.25478
     59.395      -219.21774
     59.545      -219.18072
     59.695      -219.14397
     59.845      -219.10705
     59.995      -219.07058
     60.145      -219.03365
     70.939      -214.34132
     97.698      -209.69263
     134.55      -205.10308
     185.30      -200.57692
     255.20      -196.11562
     351.46      -191.73522
     484.04      -187.44085
     666.62      -183.23317
     918.07      -179.12472
     1264.4      -175.10699
     1741.3      -171.17298
     2398.1      -167.31548
     3302.7      -163.53926
     4548.5      -159.84384
     6264.3      -156.23540
     8627.2      -152.71703
     11881.      -149.29047
     16363.      -145.95762
     22535.      -142.72538
     31036.      -139.60072
     42743.      -136.59119
     58866.      -133.70113
     81070.      -130.92932
    0.11165E+06  -128.27786
    0.15377E+06  -125.74129
    0.21177E+06  -123.31815
    0.29165E+06  -121.00573
    0.40166E+06  -118.79830
    0.55317E+06  -116.69108
    0.76182E+06  -114.68110
    0.10492E+07  -112.76510
    0.14449E+07  -110.93879
    0.19900E+07  -109.19748
    0.27406E+07  -107.53633
    0.37744E+07  -105.95428
    0.51981E+07  -104.44447
    0.71589E+07  -103.00834
    0.98593E+07  -101.63767
    0.13578E+08  -100.33318
    0.18700E+08   -99.09057
    0.25754E+08   -97.90867
    0.35468E+08   -96.78806
    0.48847E+08   -95.73083
    0.67273E+08   -94.74931
    0.92648E+08   -93.83792
    0.12760E+09   -92.98859
    0.17573E+09   -92.19206
    0.24201E+09   -91.44613
    0.33330E+09   -90.74601
    0.45902E+09   -90.08928
    0.63217E+09   -89.48862
    0.87062E+09   -88.94174
    0.11990E+10   -88.43894
    0.16513E+10   -87.97552
    0.22742E+10   -87.54841
    0.31320E+10   -87.15488
    0.43134E+10   -86.79152
    0.59405E+10   -86.45571
    0.81813E+10   -86.14672
    0.11267E+11   -85.86045
    0.15517E+11   -85.59735
    0.21371E+11   -85.35425
    0.29432E+11   -85.12956
    0.40534E+11   -84.92157
    0.55823E+11   -84.72942
    0.10000E+12   -82.42681
