    -29.945        1     0.00000
    -29.795        1     0.00000
    -29.645        1     0.00000
    -29.495        1     0.00000
    -29.345        1     0.00000
    -29.195        1     0.00000
    -29.045        1     0.00000
    -28.895        1     0.00000
    -28.745        1     0.00000
    -28.595        1     0.00000
    -28.445        1     0.00000
    -28.295        1     0.00000
    -28.145        1     0.00000
    -27.995        1     0.00000
    -27.845        1     0.00000
    -27.695        1     0.00000
    -27.545        1     0.00000
    -27.395        1     0.00000
    -27.245        1     0.00000
    -27.095        1     0.00000
    -26.945        1     0.00000
    -26.795        1     0.00000
    -26.645        1     0.00000
    -26.495        1     0.00000
    -26.345        1     0.00000
    -26.195        1     0.00000
    -26.045        1     0.00000
    -25.895        1     0.00000
    -25.745        1     0.00000
    -25.595        1     0.00000
    -25.445        1     0.00000
    -25.295        1     0.00000
    -25.145        1     0.00000
    -24.995        1     0.00000
    -24.845        1     0.00000
    -24.695        1     0.00000
    -24.545        1     0.00000
    -24.395        1     0.00000
    -24.245        1     0.00000
    -24.095        1     0.00000
    -23.945        1     0.00000
    -23.795        1     0.00000
    -23.645        1     0.00000
    -23.495        1     0.00000
    -23.345        1     0.00000
    -23.195        1     0.00000
    -23.045        1     0.00000
    -22.895        1     0.00000
    -22.745        1     0.00000
    -22.595        1    -0.00015
    -22.445        1    -0.00061
    -22.295        1    -0.00092
    -22.145        1    -0.00107
    -21.995        1    -0.00123
    -21.845        1    -0.00244
    -21.695        1    -0.00428
    -21.545        1    -0.00593
    -21.395        1    -0.00989
    -21.245        1    -0.01425
    -21.095        1    -0.02174
    -20.945        1    -0.03157
    -20.795        1    -0.04249
    -20.645        1    -0.05925
    -20.495        1    -0.08245
    -20.345        1    -0.11092
    -20.195        1    -0.14749
    -20.045        1    -0.18867
    -19.895        1    -0.24088
    -19.745        1    -0.29340
    -19.595        1    -0.36006
    -19.445        1    -0.44227
    -19.295        1    -0.54436
    -19.145        1    -0.66452
    -18.995        1    -0.81150
    -18.845        1    -0.99918
    -18.695        1    -1.21468
    -18.545        1    -1.48201
    -18.395        1    -1.78347
    -18.245        1    -2.15131
    -18.095        1    -2.53820
    -17.945        1    -2.96966
    -17.795        1    -3.44310
    -17.645        1    -3.95047
    -17.495        1    -4.47422
    -17.345        1    -5.03996
    -17.195        1    -5.60534
    -17.045        1    -6.18005
    -16.895        1    -6.76749
    -16.745        1    -7.36143
    -16.595        1    -7.95688
    -16.445        1    -8.55645
    -16.295        1    -9.16608
    -16.145        1    -9.76263
    -15.995        1   -10.35054
    -15.845        1   -10.92054
    -15.695        1   -11.50421
    -15.545        1   -12.07547
    -15.395        1   -12.64607
    -15.245        1   -13.20263
    -15.095        1   -13.75656
    -14.945        1   -14.30720
    -14.795        1   -14.86513
    -14.645        1   -15.42600
    -14.495        1   -16.01428
    -14.345        1   -16.60803
    -14.195        1   -17.23241
    -14.045        1   -17.88540
    -13.895        1   -18.56419
    -13.745        1   -19.29019
    -13.595        1   -20.04430
    -13.445        1   -20.85936
    -13.295        1   -21.69854
    -13.145        1   -22.58236
    -12.995        1   -23.51833
    -12.845        1   -24.46872
    -12.695        1   -25.44426
    -12.545        1   -26.42842
    -12.395        1   -27.41198
    -12.245        1   -28.40396
    -12.095        1   -29.40930
    -11.945        1   -30.37936
    -11.795        1   -31.34062
    -11.645        1   -32.28750
    -11.495        1   -33.20330
    -11.345        1   -34.09416
    -11.195        1   -34.97749
    -11.045        1   -35.85426
    -10.895        1   -36.71913
    -10.745        1   -37.54428
    -10.595        1   -38.36891
    -10.445        1   -39.17202
    -10.295        1   -39.97664
    -10.145        1   -40.74623
    -9.9950        1   -41.50841
    -9.8450        1   -42.24543
    -9.6950        1   -42.97435
    -9.5450        1   -43.67651
    -9.3950        1   -44.36731
    -9.2450        1   -45.04670
    -9.0950        1   -45.69973
    -8.9450        1   -46.34038
    -8.7950        1   -46.96894
    -8.6450        1   -47.58291
    -8.4950        1   -48.19016
    -8.3450        1   -48.78147
    -8.1950        1   -49.36632
    -8.0450        1   -49.95661
    -7.8950        1   -50.54133
    -7.7450        1   -51.12501
    -7.5950        1   -51.70969
    -7.4450        1   -52.28386
    -7.2950        1   -52.85553
    -7.1450        1   -53.43519
    -6.9950        1   -54.01368
    -6.8450        1   -54.61208
    -6.6950        1   -55.21750
    -6.5450        1   -55.83453
    -6.3950        1   -56.45998
    -6.2450        1   -57.08882
    -6.0950        1   -57.71774
    -5.9450        1   -58.35422
    -5.7950        1   -59.00716
    -5.6450        1   -59.67292
    -5.4950        1   -60.34600
    -5.3450        1   -61.02164
    -5.1950        1   -61.70835
    -5.0450        1   -62.41252
    -4.8950        1   -63.12816
    -4.7450        1   -63.85651
    -4.5950        1   -64.61783
    -4.4450        1   -65.39773
    -4.2950        1   -66.20561
    -4.1450        1   -67.03788
    -3.9950        1   -67.91813
    -3.8450        1   -68.83166
    -3.6950        1   -69.79748
    -3.5450        1   -70.82319
    -3.3950        1   -71.91881
    -3.2450        1   -73.07915
    -3.0950        1   -74.31322
    -2.9450        1   -75.62642
    -2.7950        1   -77.01482
    -2.6450        1   -78.47829
    -2.4950        1   -80.02362
    -2.3450        1   -81.62601
    -2.1950        1   -83.27869
    -2.0450        1   -84.96728
    -1.8950        1   -86.67158
    -1.7450        1   -88.38648
    -1.5950        1   -90.10581
    -1.4450        1   -91.82490
    -1.2950        1   -93.54382
    -1.1450        1   -95.28760
   -0.99500        1   -97.05812
   -0.84500        1   -98.90619
   -0.69500        1  -100.88490
   -0.54500        1  -103.07754
   -0.39500        1  -105.61374
   -0.25300        1  -107.52921
   -0.21500        1  -107.65898
   -0.20900        1  -107.78998
   -0.20300        1  -107.92330
   -0.19700        1  -108.05895
   -0.19100        1  -108.19629
   -0.18500        1  -108.33622
   -0.17900        1  -108.47838
   -0.17300        1  -108.62341
   -0.16700        1  -108.77081
   -0.16100        1  -108.92134
   -0.15500        1  -109.07488
   -0.14900        1  -109.23090
   -0.14300        1  -109.39104
   -0.13700        1  -109.55529
   -0.13100        1  -109.72357
   -0.12500        1  -109.89665
   -0.11900        1  -110.07481
   -0.11300        1  -110.25925
   -0.10700        1  -110.45084
   -0.10100        1  -110.64969
   -0.95000E-01    1  -110.85727
   -0.89000E-01    1  -111.07503
   -0.83000E-01    1  -111.30336
   -0.77000E-01    1  -111.54447
   -0.71000E-01    1  -111.80122
   -0.65000E-01    1  -112.07750
   -0.59000E-01    1  -112.37650
   -0.53000E-01    1  -112.70474
   -0.47000E-01    1  -113.06968
   -0.41000E-01    1  -113.48331
   -0.35000E-01    1  -113.96498
   -0.29000E-01    1  -114.54693
   -0.23000E-01    1  -115.28698
   -0.19700E-01    1  -115.37137
   -0.19100E-01    1  -115.45809
   -0.18500E-01    1  -115.54724
   -0.17900E-01    1  -115.63885
   -0.17300E-01    1  -115.73307
   -0.16700E-01    1  -115.82972
   -0.16100E-01    1  -115.92899
   -0.15500E-01    1  -116.03104
   -0.14900E-01    1  -116.13615
   -0.14300E-01    1  -116.24433
   -0.13700E-01    1  -116.35574
   -0.13100E-01    1  -116.47046
   -0.12500E-01    1  -116.58886
   -0.11900E-01    1  -116.71094
   -0.11300E-01    1  -116.83688
   -0.10700E-01    1  -116.96655
   -0.10100E-01    1  -117.10008
   -0.95000E-02    1  -117.23680
   -0.89000E-02    1  -117.37593
   -0.83000E-02    1  -117.51706
   -0.77000E-02    1  -117.65934
   -0.71000E-02    1  -117.80240
   -0.65000E-02    1  -117.94512
   -0.59000E-02    1  -118.08680
   -0.53000E-02    1  -118.22642
   -0.47000E-02    1  -118.36151
   -0.41000E-02    1  -118.48783
   -0.35000E-02    1  -118.60205
   -0.29000E-02    1  -118.70139
   -0.23000E-02    1  -118.78348
   -0.17000E-02    1  -118.84669
   -0.11000E-02    1  -118.88971
   -0.50000E-03    1  -118.91139
    0.10000E-03    1  -118.91119
    0.70000E-03    1  -118.88849
    0.13000E-02    1  -118.84355
    0.19000E-02    1  -118.77715
    0.25000E-02    1  -118.69082
    0.31000E-02    1  -118.58688
    0.37000E-02    1  -118.46833
    0.43000E-02    1  -118.33858
    0.49000E-02    1  -118.20153
    0.55000E-02    1  -118.06114
    0.61000E-02    1  -117.91923
    0.67000E-02    1  -117.77665
    0.73000E-02    1  -117.63399
    0.79000E-02    1  -117.49204
    0.85000E-02    1  -117.35158
    0.91000E-02    1  -117.21331
    0.97000E-02    1  -117.07772
    0.10300E-01    1  -116.94566
    0.10900E-01    1  -116.81720
    0.11500E-01    1  -116.69275
    0.12100E-01    1  -116.57218
    0.12700E-01    1  -116.45530
    0.13300E-01    1  -116.34189
    0.13900E-01    1  -116.23192
    0.14500E-01    1  -116.12536
    0.15100E-01    1  -116.02177
    0.15700E-01    1  -115.92103
    0.16300E-01    1  -115.82290
    0.16900E-01    1  -115.72749
    0.17500E-01    1  -115.63458
    0.18100E-01    1  -115.54413
    0.18700E-01    1  -115.45618
    0.19300E-01    1  -115.37057
    0.20200E-01    1  -115.05857
    0.25000E-01    1  -114.38439
    0.31000E-01    1  -113.84540
    0.37000E-01    1  -113.39447
    0.43000E-01    1  -113.00551
    0.49000E-01    1  -112.66200
    0.55000E-01    1  -112.35392
    0.61000E-01    1  -112.07591
    0.67000E-01    1  -111.82134
    0.73000E-01    1  -111.58653
    0.79000E-01    1  -111.36896
    0.85000E-01    1  -111.16498
    0.91000E-01    1  -110.97443
    0.97000E-01    1  -110.79508
    0.10300        1  -110.62557
    0.10900        1  -110.46574
    0.11500        1  -110.31335
    0.12100        1  -110.16824
    0.12700        1  -110.03072
    0.13300        1  -109.89885
    0.13900        1  -109.77328
    0.14500        1  -109.65330
    0.15100        1  -109.53868
    0.15700        1  -109.42931
    0.16300        1  -109.32444
    0.16900        1  -109.22439
    0.17500        1  -109.12842
    0.18100        1  -109.03649
    0.18700        1  -108.94802
    0.19300        1  -108.86318
    0.19900        1  -108.78218
    0.20500        1  -108.70449
    0.21100        1  -108.62987
    0.21700        1  -108.55859
    0.29500        1  -107.27175
    0.44500        1  -106.59398
    0.59500        1  -106.13383
    0.74500        1  -105.77900
    0.89500        1  -105.48641
     1.0450        1  -105.23375
     1.1950        1  -105.01180
     1.3450        1  -104.81131
     1.4950        1  -104.62635
     1.6450        1  -104.45512
     1.7950        1  -104.29549
     1.9450        1  -104.14564
     2.0950        1  -104.00545
     2.2450        1  -103.87138
     2.3950        1  -103.74570
     2.5450        1  -103.62726
     2.6950        1  -103.51578
     2.8450        1  -103.41507
     2.9950        1  -103.31462
     3.1450        1  -103.22106
     3.2950        1  -103.13237
     3.4450        1  -103.04848
     3.5950        1  -102.97037
     3.7450        1  -102.89675
     3.8950        1  -102.82575
     4.0450        1  -102.75805
     4.1950        1  -102.69555
     4.3450        1  -102.63619
     4.4950        1  -102.58077
     4.6450        1  -102.52649
     4.7950        1  -102.47467
     4.9450        1  -102.42424
     5.0950        1  -102.37676
     5.2450        1  -102.33177
     5.3950        1  -102.28750
     5.5450        1  -102.24487
     5.6950        1  -102.20319
     5.8450        1  -102.16248
     5.9950        1  -102.12240
     6.1450        1  -102.08294
     6.2950        1  -102.04685
     6.4450        1  -102.01007
     6.5950        1  -101.97408
     6.7450        1  -101.93933
     6.8950        1  -101.90654
     7.0450        1  -101.87295
     7.1950        1  -101.84039
     7.3450        1  -101.80754
     7.4950        1  -101.77523
     7.6450        1  -101.74506
     7.7950        1  -101.71565
     7.9450        1  -101.68623
     8.0950        1  -101.65691
     8.2450        1  -101.62760
     8.3950        1  -101.60000
     8.5450        1  -101.57245
     8.6950        1  -101.54534
     8.8450        1  -101.51922
     8.9950        1  -101.49270
     9.1450        1  -101.46659
     9.2950        1  -101.44044
     9.4450        1  -101.41472
     9.5950        1  -101.39021
     9.7450        1  -101.36520
     9.8950        1  -101.34139
     10.045        1  -101.31766
     10.195        1  -101.29416
     10.345        1  -101.27055
     10.495        1  -101.24789
     10.645        1  -101.22537
     10.795        1  -101.20285
     10.945        1  -101.17961
     11.095        1  -101.15644
     11.245        1  -101.13469
     11.395        1  -101.11347
     11.545        1  -101.09253
     11.695        1  -101.07176
     11.845        1  -101.05088
     11.995        1  -101.02973
     12.145        1  -101.00916
     12.295        1  -100.98902
     12.445        1  -100.96897
     12.595        1  -100.95000
     12.745        1  -100.93078
     12.895        1  -100.91159
     13.045        1  -100.89194
     13.195        1  -100.87312
     13.345        1  -100.85341
     13.495        1  -100.83500
     13.645        1  -100.81688
     13.795        1  -100.79902
     13.945        1  -100.78078
     14.095        1  -100.76313
     14.245        1  -100.74518
     14.395        1  -100.72723
     14.545        1  -100.70986
     14.695        1  -100.69301
     14.845        1  -100.67525
     14.995        1  -100.65823
     15.145        1  -100.64188
     15.295        1  -100.62570
     15.445        1  -100.60942
     15.595        1  -100.59274
     15.745        1  -100.57641
     15.895        1  -100.56076
     16.045        1  -100.54466
     16.195        1  -100.52883
     16.345        1  -100.51309
     16.495        1  -100.49750
     16.645        1  -100.48228
     16.795        1  -100.46639
     16.945        1  -100.45074
     17.095        1  -100.43534
     17.245        1  -100.42060
     17.395        1  -100.40483
     17.545        1  -100.38975
     17.695        1  -100.37538
     17.845        1  -100.36092
     17.995        1  -100.34633
     18.145        1  -100.33191
     18.295        1  -100.31728
     18.445        1  -100.30347
     18.595        1  -100.28980
     18.745        1  -100.27559
     18.895        1  -100.26142
     19.045        1  -100.24772
     19.195        1  -100.23390
     19.345        1  -100.22059
     19.495        1  -100.20630
     19.645        1  -100.19267
     19.795        1  -100.17917
     19.945        1  -100.16586
     20.095        1  -100.15303
     20.245        1  -100.14029
     20.395        1  -100.12746
     20.545        1  -100.11477
     20.695        1  -100.10222
     20.845        1  -100.08961
     20.995        1  -100.07712
     21.145        1  -100.06479
     21.295        1  -100.05225
     21.445        1  -100.03985
     21.595        1  -100.02732
     21.745        1  -100.01514
     21.895        1  -100.00323
     22.045        1   -99.99098
     22.195        1   -99.97862
     22.345        1   -99.96672
     22.495        1   -99.95503
     22.645        1   -99.94404
     22.795        1   -99.93226
     22.945        1   -99.92046
     23.095        1   -99.90906
     23.245        1   -99.89766
     23.395        1   -99.88702
     23.545        1   -99.87612
     23.695        1   -99.86500
     23.845        1   -99.85406
     23.995        1   -99.84267
     24.145        1   -99.83199
     24.295        1   -99.82105
     24.445        1   -99.80964
     24.595        1   -99.79876
     24.745        1   -99.78801
     24.895        1   -99.77702
     25.045        1   -99.76610
     25.195        1   -99.75539
     25.345        1   -99.74492
     25.495        1   -99.73421
     25.645        1   -99.72426
     25.795        1   -99.71392
     25.945        1   -99.70431
     26.095        1   -99.69425
     26.245        1   -99.68355
     26.395        1   -99.67305
     26.545        1   -99.66298
     26.695        1   -99.65259
     26.845        1   -99.64287
     26.995        1   -99.63247
     27.145        1   -99.62312
     27.295        1   -99.61301
     27.445        1   -99.60290
     27.595        1   -99.59354
     27.745        1   -99.58356
     27.895        1   -99.57391
     28.045        1   -99.56439
     28.195        1   -99.55454
     28.345        1   -99.54522
     28.495        1   -99.53597
     28.645        1   -99.52687
     28.795        1   -99.51682
     28.945        1   -99.50761
     29.095        1   -99.49817
     29.245        1   -99.48875
     29.395        1   -99.47968
     29.545        1   -99.47040
     29.695        1   -99.46125
     29.845        1   -99.45222
     29.995        1   -99.44314
     30.145        1   -99.43438
     30.295        1   -99.42545
     30.445        1   -99.41643
     30.595        1   -99.40762
     30.745        1   -99.39866
     30.895        1   -99.38976
     31.045        1   -99.38102
     31.195        1   -99.37230
     31.345        1   -99.36365
     31.495        1   -99.35520
     31.645        1   -99.34667
     31.795        1   -99.33798
     31.945        1   -99.32941
     32.095        1   -99.32059
     32.245        1   -99.31237
     32.395        1   -99.30429
     32.545        1   -99.29581
     32.695        1   -99.28736
     32.845        1   -99.27898
     32.995        1   -99.27115
     33.145        1   -99.26330
     33.295        1   -99.25554
     33.445        1   -99.24719
     33.595        1   -99.23913
     33.745        1   -99.23127
     33.895        1   -99.22284
     34.045        1   -99.21510
     34.195        1   -99.20674
     34.345        1   -99.19873
     34.495        1   -99.19093
     34.645        1   -99.18326
     34.795        1   -99.17518
     34.945        1   -99.16760
     35.095        1   -99.15967
     35.245        1   -99.15185
     35.395        1   -99.14441
     35.545        1   -99.13676
     35.695        1   -99.12848
     35.845        1   -99.12063
     35.995        1   -99.11327
     36.145        1   -99.10595
     36.295        1   -99.09824
     36.445        1   -99.09077
     36.595        1   -99.08326
     36.745        1   -99.07579
     36.895        1   -99.06853
     37.045        1   -99.06095
     37.195        1   -99.05342
     37.345        1   -99.04581
     37.495        1   -99.03854
     37.645        1   -99.03125
     37.795        1   -99.02408
     37.945        1   -99.01701
     38.095        1   -99.00981
     38.245        1   -99.00272
     38.395        1   -98.99563
     38.545        1   -98.98860
     38.695        1   -98.98153
     38.845        1   -98.97479
     38.995        1   -98.96808
     39.145        1   -98.96091
     39.295        1   -98.95410
     39.445        1   -98.94715
     39.595        1   -98.94017
     39.745        1   -98.93331
     39.895        1   -98.92663
     40.045        1   -98.91978
     40.195        1   -98.91277
     40.345        1   -98.90581
     40.495        1   -98.89899
     40.645        1   -98.89225
     40.795        1   -98.88567
     40.945        1   -98.87911
     41.095        1   -98.87259
     41.245        1   -98.86563
     41.395        1   -98.85914
     41.545        1   -98.85254
     41.695        1   -98.84578
     41.845        1   -98.83930
     41.995        1   -98.83214
     42.145        1   -98.82559
     42.295        1   -98.81904
     42.445        1   -98.81272
     42.595        1   -98.80624
     42.745        1   -98.79920
     42.895        1   -98.79275
     43.045        1   -98.78650
     43.195        1   -98.78016
     43.345        1   -98.77409
     43.495        1   -98.76755
     43.645        1   -98.76112
     43.795        1   -98.75493
     43.945        1   -98.74896
     44.095        1   -98.74288
     44.245        1   -98.73690
     44.395        1   -98.73094
     44.545        1   -98.72442
     44.695        1   -98.71812
     44.845        1   -98.71212
     44.995        1   -98.70605
     45.145        1   -98.70004
     45.295        1   -98.69392
     45.445        1   -98.68798
     45.595        1   -98.68207
     45.745        1   -98.67602
     45.895        1   -98.67025
     46.045        1   -98.66457
     46.195        1   -98.65852
     46.345        1   -98.65265
     46.495        1   -98.64651
     46.645        1   -98.64068
     46.795        1   -98.63515
     46.945        1   -98.62951
     47.095        1   -98.62369
     47.245        1   -98.61775
     47.395        1   -98.61171
     47.545        1   -98.60598
     47.695        1   -98.59968
     47.845        1   -98.59349
     47.995        1   -98.58777
     48.145        1   -98.58218
     48.295        1   -98.57688
     48.445        1   -98.57157
     48.595        1   -98.56588
     48.745        1   -98.56032
     48.895        1   -98.55438
     49.045        1   -98.54897
     49.195        1   -98.54298
     49.345        1   -98.53715
     49.495        1   -98.53119
     49.645        1   -98.52572
     49.795        1   -98.52020
     49.945        1   -98.51470
     50.095        1   -98.50928
     50.245        1   -98.50384
     50.395        1   -98.49831
     50.545        1   -98.49255
     50.695        1   -98.48718
     50.845        1   -98.48142
     50.995        1   -98.47610
     51.145        1   -98.47067
     51.295        1   -98.46539
     51.445        1   -98.46000
     51.595        1   -98.45462
     51.745        1   -98.44921
     51.895        1   -98.44365
     52.045        1   -98.43849
     52.195        1   -98.43315
     52.345        1   -98.42758
     52.495        1   -98.42204
     52.645        1   -98.41671
     52.795        1   -98.41125
     52.945        1   -98.40605
     53.095        1   -98.40071
     53.245        1   -98.39543
     53.395        1   -98.39001
     53.545        1   -98.38483
     53.695        1   -98.37931
     53.845        1   -98.37424
     53.995        1   -98.36913
     54.145        1   -98.36403
     54.295        1   -98.35901
     54.445        1   -98.35417
     54.595        1   -98.34932
     54.745        1   -98.34406
     54.895        1   -98.33893
     55.045        1   -98.33405
     55.195        1   -98.32921
     55.345        1   -98.32418
     55.495        1   -98.31916
     55.645        1   -98.31416
     55.795        1   -98.30953
     55.945        1   -98.30463
     56.095        1   -98.29986
     56.245        1   -98.29508
     56.395        1   -98.29036
     56.545        1   -98.28561
     56.695        1   -98.28075
     56.845        1   -98.27561
     56.995        1   -98.27069
     57.145        1   -98.26602
     57.295        1   -98.26099
     57.445        1   -98.25612
     57.595        1   -98.25123
     57.745        1   -98.24632
     57.895        1   -98.24150
     58.045        1   -98.23653
     58.195        1   -98.23186
     58.345        1   -98.22686
     58.495        1   -98.22223
     58.645        1   -98.21752
     58.795        1   -98.21272
     58.945        1   -98.20826
     59.095        1   -98.20357
     59.245        1   -98.19875
     59.395        1   -98.19388
     59.545        1   -98.18933
     59.695        1   -98.18491
     59.845        1   -98.18045
     59.995        1   -98.17591
     60.145        1   -98.17125
     70.939        1   -97.57384
     97.698        1   -96.97258
     134.55        1   -96.37628
     185.30        1   -95.78454
     255.20        1   -95.19657
     351.46        1   -94.61631
     484.04        1   -94.04190
     666.62        1   -93.47555
     918.07        1   -92.91851
     1264.4        1   -92.36946
     1741.3        1   -91.82998
     2398.1        1   -91.29807
     3302.7        1   -90.77486
     4548.5        1   -90.25962
     6264.3        1   -89.75145
     8627.2        1   -89.24797
     11881.        1   -88.75277
     16363.        1   -88.26504
     22535.        1   -87.78329
     31036.        1   -87.31029
     42743.        1   -86.84161
     58866.        1   -86.37790
     81070.        1   -85.91971
    0.11165E+06    1   -85.46870
    0.15377E+06    1   -85.02143
    0.21177E+06    1   -84.57790
    0.29165E+06    1   -84.13927
    0.40166E+06    1   -83.70361
    0.55317E+06    1   -83.27056
    0.76182E+06    1   -82.83878
    0.10492E+07    1   -82.41056
    0.14449E+07    1   -81.98342
    0.19900E+07    1   -81.55736
    0.27406E+07    1   -81.13021
    0.37744E+07    1   -80.70177
    0.51981E+07    1   -80.27043
    0.71589E+07    1   -79.83779
    0.98593E+07    1   -79.40334
    0.13578E+08    1   -78.96746
    0.18700E+08    1   -78.52921
    0.25754E+08    1   -78.08879
    0.35468E+08    1   -77.65025
    0.48847E+08    1   -77.21968
    0.67273E+08    1   -76.79832
    0.92648E+08    1   -76.38820
    0.12760E+09    1   -75.98772
    0.17573E+09    1   -75.59904
    0.24201E+09    1   -75.22113
    0.33330E+09    1   -74.85657
    0.45902E+09    1   -74.50881
    0.63217E+09    1   -74.18128
    0.87062E+09    1   -73.87398
    0.11990E+10    1   -73.58727
    0.16513E+10    1   -73.31915
    0.22742E+10    1   -73.06918
    0.31320E+10    1   -72.83708
    0.43134E+10    1   -72.62080
    0.59405E+10    1   -72.41869
    0.81813E+10    1   -72.23070
    0.11267E+11    1   -72.05559
    0.15517E+11    1   -71.89311
    0.21371E+11    1   -71.74154
    0.29432E+11    1   -71.60071
    0.40534E+11    1   -71.46986
    0.55823E+11    1   -71.34813
    0.10000E+12    1   -69.82953
    -149.95        2     0.00000
    -149.80        2     0.00000
    -149.65        2     0.00000
    -149.49        2     0.00000
    -149.34        2     0.00000
    -149.20        2     0.00000
    -149.05        2     0.00000
    -148.90        2     0.00000
    -148.74        2     0.00000
    -148.59        2     0.00000
    -148.45        2     0.00000
    -148.30        2     0.00000
    -148.15        2     0.00000
    -147.99        2     0.00000
    -147.84        2     0.00000
    -147.70        2     0.00000
    -147.55        2     0.00000
    -147.40        2     0.00000
    -147.24        2     0.00000
    -147.09        2     0.00000
    -146.95        2     0.00000
    -146.80        2     0.00000
    -146.65        2     0.00000
    -146.49        2     0.00000
    -146.34        2     0.00000
    -146.20        2     0.00000
    -146.05        2     0.00000
    -145.90        2     0.00000
    -145.74        2     0.00000
    -145.59        2     0.00000
    -145.45        2     0.00000
    -145.30        2     0.00000
    -145.15        2     0.00000
    -144.99        2     0.00000
    -144.84        2     0.00000
    -144.70        2     0.00000
    -144.55        2     0.00000
    -144.40        2     0.00000
    -144.24        2     0.00000
    -144.09        2     0.00000
    -143.95        2     0.00000
    -143.80        2     0.00000
    -143.65        2     0.00000
    -143.49        2     0.00000
    -143.34        2     0.00000
    -143.20        2     0.00000
    -143.05        2     0.00000
    -142.90        2     0.00000
    -142.74        2     0.00000
    -142.59        2     0.00000
    -142.45        2     0.00000
    -142.30        2     0.00000
    -142.15        2     0.00000
    -141.99        2     0.00000
    -141.84        2     0.00000
    -141.70        2     0.00000
    -141.55        2     0.00000
    -141.40        2     0.00000
    -141.24        2     0.00000
    -141.09        2     0.00000
    -140.95        2     0.00000
    -140.80        2     0.00000
    -140.65        2     0.00000
    -140.49        2     0.00000
    -140.34        2     0.00000
    -140.20        2     0.00000
    -140.05        2     0.00000
    -139.90        2     0.00000
    -139.74        2     0.00000
    -139.59        2     0.00000
    -139.45        2     0.00000
    -139.30        2     0.00000
    -139.15        2     0.00000
    -138.99        2     0.00000
    -138.84        2     0.00000
    -138.70        2     0.00000
    -138.55        2     0.00000
    -138.40        2     0.00000
    -138.24        2     0.00000
    -138.09        2     0.00000
    -137.95        2     0.00000
    -137.80        2     0.00000
    -137.65        2     0.00000
    -137.49        2     0.00000
    -137.34        2     0.00000
    -137.20        2     0.00000
    -137.05        2     0.00000
    -136.90        2     0.00000
    -136.74        2     0.00000
    -136.59        2     0.00000
    -136.45        2     0.00000
    -136.30        2     0.00000
    -136.15        2     0.00000
    -135.99        2     0.00000
    -135.84        2     0.00000
    -135.70        2     0.00000
    -135.55        2     0.00000
    -135.40        2     0.00000
    -135.24        2     0.00000
    -135.09        2     0.00000
    -134.95        2     0.00000
    -134.80        2     0.00000
    -134.65        2     0.00000
    -134.49        2     0.00000
    -134.34        2     0.00000
    -134.20        2     0.00000
    -134.05        2     0.00000
    -133.90        2     0.00000
    -133.74        2     0.00000
    -133.59        2     0.00000
    -133.45        2     0.00000
    -133.30        2     0.00000
    -133.15        2     0.00000
    -132.99        2     0.00000
    -132.84        2     0.00000
    -132.70        2     0.00000
    -132.55        2     0.00000
    -132.40        2     0.00000
    -132.24        2     0.00000
    -132.09        2     0.00000
    -131.95        2     0.00000
    -131.80        2     0.00000
    -131.65        2     0.00000
    -131.49        2     0.00000
    -131.34        2     0.00000
    -131.20        2     0.00000
    -131.05        2     0.00000
    -130.90        2     0.00000
    -130.74        2     0.00000
    -130.59        2     0.00000
    -130.45        2     0.00000
    -130.30        2     0.00000
    -130.15        2     0.00000
    -129.99        2     0.00000
    -129.84        2     0.00000
    -129.70        2     0.00000
    -129.55        2     0.00000
    -129.40        2     0.00000
    -129.24        2     0.00000
    -129.09        2     0.00000
    -128.95        2     0.00000
    -128.80        2     0.00000
    -128.65        2     0.00000
    -128.49        2     0.00000
    -128.34        2     0.00000
    -128.20        2     0.00000
    -128.05        2     0.00000
    -127.89        2     0.00000
    -127.75        2     0.00000
    -127.60        2     0.00000
    -127.44        2     0.00000
    -127.30        2     0.00000
    -127.14        2     0.00000
    -127.00        2     0.00000
    -126.85        2     0.00000
    -126.69        2     0.00000
    -126.55        2     0.00000
    -126.39        2     0.00000
    -126.25        2     0.00000
    -126.10        2     0.00000
    -125.94        2     0.00000
    -125.80        2     0.00000
    -125.64        2     0.00000
    -125.50        2     0.00000
    -125.35        2     0.00000
    -125.19        2     0.00000
    -125.05        2     0.00000
    -124.89        2     0.00000
    -124.75        2     0.00000
    -124.60        2     0.00000
    -124.44        2     0.00000
    -124.30        2     0.00000
    -124.14        2     0.00000
    -124.00        2     0.00000
    -123.85        2     0.00000
    -123.69        2     0.00000
    -123.55        2     0.00000
    -123.39        2     0.00000
    -123.25        2     0.00000
    -123.10        2     0.00000
    -122.94        2     0.00000
    -122.80        2     0.00000
    -122.64        2     0.00000
    -122.50        2     0.00000
    -122.35        2     0.00000
    -122.19        2     0.00000
    -122.05        2     0.00000
    -121.89        2     0.00000
    -121.75        2     0.00000
    -121.60        2     0.00000
    -121.44        2     0.00000
    -121.30        2     0.00000
    -121.14        2     0.00000
    -121.00        2     0.00000
    -120.85        2     0.00000
    -120.69        2     0.00000
    -120.55        2     0.00000
    -120.39        2     0.00000
    -120.25        2     0.00000
    -120.10        2     0.00000
    -119.94        2     0.00000
    -119.80        2     0.00000
    -119.64        2     0.00000
    -119.50        2     0.00000
    -119.35        2     0.00000
    -119.19        2     0.00000
    -119.05        2     0.00000
    -118.89        2     0.00000
    -118.75        2     0.00000
    -118.60        2     0.00000
    -118.44        2     0.00000
    -118.30        2     0.00000
    -118.14        2     0.00000
    -118.00        2     0.00000
    -117.85        2     0.00000
    -117.69        2     0.00000
    -117.55        2     0.00000
    -117.39        2     0.00000
    -117.25        2     0.00000
    -117.10        2     0.00000
    -116.94        2     0.00000
    -116.80        2     0.00000
    -116.64        2     0.00000
    -116.50        2     0.00000
    -116.35        2     0.00000
    -116.19        2     0.00000
    -116.05        2     0.00000
    -115.89        2     0.00000
    -115.75        2     0.00000
    -115.60        2     0.00000
    -115.44        2     0.00000
    -115.30        2     0.00000
    -115.14        2     0.00000
    -115.00        2     0.00000
    -114.85        2     0.00000
    -114.69        2     0.00000
    -114.55        2     0.00000
    -114.39        2     0.00000
    -114.25        2     0.00000
    -114.10        2     0.00000
    -113.94        2     0.00000
    -113.80        2     0.00000
    -113.64        2     0.00000
    -113.50        2     0.00000
    -113.35        2     0.00000
    -113.19        2     0.00000
    -113.05        2     0.00000
    -112.89        2     0.00000
    -112.75        2     0.00000
    -112.60        2     0.00000
    -112.44        2     0.00000
    -112.30        2     0.00000
    -112.14        2     0.00000
    -112.00        2     0.00000
    -111.85        2     0.00000
    -111.69        2     0.00000
    -111.55        2     0.00000
    -111.39        2     0.00000
    -111.25        2     0.00000
    -111.10        2     0.00000
    -110.94        2     0.00000
    -110.80        2     0.00000
    -110.64        2     0.00000
    -110.50        2     0.00000
    -110.35        2     0.00000
    -110.19        2     0.00000
    -110.05        2     0.00000
    -109.89        2     0.00000
    -109.75        2     0.00000
    -109.60        2     0.00000
    -109.44        2     0.00000
    -109.30        2     0.00000
    -109.14        2     0.00000
    -109.00        2     0.00000
    -108.85        2     0.00000
    -108.69        2     0.00000
    -108.55        2     0.00000
    -108.39        2     0.00000
    -108.25        2     0.00000
    -108.10        2     0.00000
    -107.94        2     0.00000
    -107.80        2     0.00000
    -107.64        2     0.00000
    -107.50        2     0.00000
    -107.35        2     0.00000
    -107.19        2     0.00000
    -107.05        2     0.00000
    -106.89        2     0.00000
    -106.75        2     0.00000
    -106.60        2     0.00000
    -106.44        2     0.00000
    -106.30        2     0.00000
    -106.14        2     0.00000
    -106.00        2     0.00000
    -105.85        2     0.00000
    -105.69        2     0.00000
    -105.55        2     0.00000
    -105.39        2     0.00000
    -105.25        2     0.00000
    -105.10        2     0.00000
    -104.94        2     0.00000
    -104.80        2     0.00000
    -104.64        2     0.00000
    -104.50        2     0.00000
    -104.35        2     0.00000
    -104.19        2     0.00000
    -104.05        2     0.00000
    -103.89        2     0.00000
    -103.75        2     0.00000
    -103.60        2     0.00000
    -103.44        2     0.00000
    -103.30        2     0.00000
    -103.14        2     0.00000
    -103.00        2     0.00000
    -102.85        2     0.00000
    -102.69        2     0.00000
    -102.55        2     0.00000
    -102.39        2     0.00000
    -102.25        2     0.00000
    -102.10        2     0.00000
    -101.94        2     0.00000
    -101.80        2     0.00000
    -101.64        2     0.00000
    -101.50        2     0.00000
    -101.35        2     0.00000
    -101.19        2     0.00000
    -101.05        2     0.00000
    -100.89        2     0.00000
    -100.75        2     0.00000
    -100.60        2     0.00000
    -100.44        2     0.00000
    -100.30        2     0.00000
    -100.14        2     0.00000
    -99.995        2     0.00000
    -99.845        2     0.00000
    -99.695        2     0.00000
    -99.545        2     0.00000
    -99.395        2     0.00000
    -99.245        2     0.00000
    -99.095        2     0.00000
    -98.945        2     0.00000
    -98.795        2     0.00000
    -98.645        2     0.00000
    -98.495        2     0.00000
    -98.345        2     0.00000
    -98.195        2     0.00000
    -98.045        2     0.00000
    -97.895        2     0.00000
    -97.745        2     0.00000
    -97.595        2     0.00000
    -97.445        2     0.00000
    -97.295        2     0.00000
    -97.145        2     0.00000
    -96.995        2     0.00000
    -96.845        2     0.00000
    -96.695        2     0.00000
    -96.545        2     0.00000
    -96.395        2     0.00000
    -96.245        2     0.00000
    -96.095        2     0.00000
    -95.945        2     0.00000
    -95.795        2     0.00000
    -95.645        2     0.00000
    -95.495        2     0.00000
    -95.345        2     0.00000
    -95.195        2     0.00000
    -95.045        2     0.00000
    -94.895        2     0.00000
    -94.745        2     0.00000
    -94.595        2     0.00000
    -94.445        2     0.00000
    -94.295        2     0.00000
    -94.145        2     0.00000
    -93.995        2     0.00000
    -93.845        2     0.00000
    -93.695        2     0.00000
    -93.545        2     0.00000
    -93.395        2     0.00000
    -93.245        2     0.00000
    -93.095        2     0.00000
    -92.945        2     0.00000
    -92.795        2     0.00000
    -92.645        2     0.00000
    -92.495        2     0.00000
    -92.345        2     0.00000
    -92.195        2     0.00000
    -92.045        2     0.00000
    -91.895        2     0.00000
    -91.745        2     0.00000
    -91.595        2     0.00000
    -91.445        2     0.00000
    -91.295        2     0.00000
    -91.145        2     0.00000
    -90.995        2     0.00000
    -90.845        2     0.00000
    -90.695        2     0.00000
    -90.545        2     0.00000
    -90.395        2     0.00000
    -90.245        2     0.00000
    -90.095        2     0.00000
    -89.945        2     0.00000
    -89.795        2     0.00000
    -89.645        2     0.00000
    -89.495        2     0.00000
    -89.345        2     0.00000
    -89.195        2     0.00000
    -89.045        2     0.00000
    -88.895        2     0.00000
    -88.745        2     0.00000
    -88.595        2     0.00000
    -88.445        2     0.00000
    -88.295        2     0.00000
    -88.145        2     0.00000
    -87.995        2     0.00000
    -87.845        2     0.00000
    -87.695        2     0.00000
    -87.545        2     0.00000
    -87.395        2     0.00000
    -87.245        2     0.00000
    -87.095        2     0.00000
    -86.945        2     0.00000
    -86.795        2     0.00000
    -86.645        2     0.00000
    -86.495        2     0.00000
    -86.345        2     0.00000
    -86.195        2     0.00000
    -86.045        2     0.00000
    -85.895        2     0.00000
    -85.745        2     0.00000
    -85.595        2     0.00000
    -85.445        2     0.00000
    -85.295        2     0.00000
    -85.145        2     0.00000
    -84.995        2     0.00000
    -84.845        2     0.00000
    -84.695        2     0.00000
    -84.545        2     0.00000
    -84.395        2     0.00000
    -84.245        2     0.00000
    -84.095        2     0.00000
    -83.945        2     0.00000
    -83.795        2     0.00000
    -83.645        2     0.00000
    -83.495        2     0.00000
    -83.345        2     0.00000
    -83.195        2     0.00000
    -83.045        2     0.00000
    -82.895        2     0.00000
    -82.745        2     0.00000
    -82.595        2     0.00000
    -82.445        2     0.00000
    -82.295        2     0.00000
    -82.145        2     0.00000
    -81.995        2     0.00000
    -81.845        2     0.00000
    -81.695        2     0.00000
    -81.545        2     0.00000
    -81.395        2     0.00000
    -81.245        2     0.00000
    -81.095        2     0.00000
    -80.945        2     0.00000
    -80.795        2     0.00000
    -80.645        2     0.00000
    -80.495        2     0.00000
    -80.345        2     0.00000
    -80.195        2     0.00000
    -80.045        2     0.00000
    -79.895        2     0.00000
    -79.745        2     0.00000
    -79.595        2     0.00000
    -79.445        2     0.00000
    -79.295        2     0.00000
    -79.145        2     0.00000
    -78.995        2     0.00000
    -78.845        2     0.00000
    -78.695        2     0.00000
    -78.545        2     0.00000
    -78.395        2     0.00000
    -78.245        2     0.00000
    -78.095        2     0.00000
    -77.945        2     0.00000
    -77.795        2     0.00000
    -77.645        2     0.00000
    -77.495        2     0.00000
    -77.345        2     0.00000
    -77.195        2     0.00000
    -77.045        2     0.00000
    -76.895        2     0.00000
    -76.745        2     0.00000
    -76.595        2     0.00000
    -76.445        2     0.00000
    -76.295        2     0.00000
    -76.145        2     0.00000
    -75.995        2     0.00000
    -75.845        2     0.00000
    -75.695        2     0.00000
    -75.545        2     0.00000
    -75.395        2     0.00000
    -75.245        2     0.00000
    -75.095        2     0.00000
    -74.945        2     0.00000
    -74.795        2     0.00000
    -74.645        2     0.00000
    -74.495        2     0.00000
    -74.345        2     0.00000
    -74.195        2     0.00000
    -74.045        2     0.00000
    -73.895        2     0.00000
    -73.745        2     0.00000
    -73.595        2     0.00000
    -73.445        2     0.00000
    -73.295        2     0.00000
    -73.145        2     0.00000
    -72.995        2     0.00000
    -72.845        2     0.00000
    -72.695        2     0.00000
    -72.545        2     0.00000
    -72.395        2     0.00000
    -72.245        2     0.00000
    -72.095        2     0.00000
    -71.945        2     0.00000
    -71.795        2     0.00000
    -71.645        2     0.00000
    -71.495        2     0.00000
    -71.345        2     0.00000
    -71.195        2     0.00000
    -71.045        2     0.00000
    -70.895        2     0.00000
    -70.745        2     0.00000
    -70.595        2     0.00000
    -70.445        2     0.00000
    -70.295        2     0.00000
    -70.145        2     0.00000
    -69.995        2     0.00000
    -69.845        2     0.00000
    -69.695        2     0.00000
    -69.545        2     0.00000
    -69.395        2     0.00000
    -69.245        2     0.00000
    -69.095        2     0.00000
    -68.945        2     0.00000
    -68.795        2     0.00000
    -68.645        2     0.00000
    -68.495        2     0.00000
    -68.345        2     0.00000
    -68.195        2     0.00000
    -68.045        2     0.00000
    -67.895        2     0.00000
    -67.745        2     0.00000
    -67.595        2     0.00000
    -67.445        2     0.00000
    -67.295        2     0.00000
    -67.145        2     0.00000
    -66.995        2     0.00000
    -66.845        2     0.00000
    -66.695        2     0.00000
    -66.545        2     0.00000
    -66.395        2     0.00000
    -66.245        2     0.00000
    -66.095        2     0.00000
    -65.945        2     0.00000
    -65.795        2     0.00000
    -65.645        2     0.00000
    -65.495        2     0.00000
    -65.345        2     0.00000
    -65.195        2     0.00000
    -65.045        2     0.00000
    -64.895        2     0.00000
    -64.745        2     0.00000
    -64.595        2     0.00000
    -64.445        2     0.00000
    -64.295        2     0.00000
    -64.145        2     0.00000
    -63.995        2     0.00000
    -63.845        2     0.00000
    -63.695        2     0.00000
    -63.545        2     0.00000
    -63.395        2     0.00000
    -63.245        2     0.00000
    -63.095        2     0.00000
    -62.945        2     0.00000
    -62.795        2     0.00000
    -62.645        2     0.00000
    -62.495        2     0.00000
    -62.345        2     0.00000
    -62.195        2     0.00000
    -62.045        2     0.00000
    -61.895        2     0.00000
    -61.745        2     0.00000
    -61.595        2     0.00000
    -61.445        2     0.00000
    -61.295        2     0.00000
    -61.145        2     0.00000
    -60.995        2     0.00000
    -60.845        2     0.00000
    -60.695        2     0.00000
    -60.545        2     0.00000
    -60.395        2     0.00000
    -60.245        2     0.00000
    -60.095        2     0.00000
    -59.945        2     0.00000
    -59.795        2     0.00000
    -59.645        2     0.00000
    -59.495        2     0.00000
    -59.345        2     0.00000
    -59.195        2     0.00000
    -59.045        2     0.00000
    -58.895        2     0.00000
    -58.745        2     0.00000
    -58.595        2     0.00000
    -58.445        2     0.00000
    -58.295        2     0.00000
    -58.145        2     0.00000
    -57.995        2     0.00000
    -57.845        2     0.00000
    -57.695        2     0.00000
    -57.545        2     0.00000
    -57.395        2     0.00000
    -57.245        2     0.00000
    -57.095        2     0.00000
    -56.945        2     0.00000
    -56.795        2     0.00000
    -56.645        2     0.00000
    -56.495        2     0.00000
    -56.345        2     0.00000
    -56.195        2     0.00000
    -56.045        2     0.00000
    -55.895        2     0.00000
    -55.745        2     0.00000
    -55.595        2     0.00000
    -55.445        2     0.00000
    -55.295        2     0.00000
    -55.145        2     0.00000
    -54.995        2     0.00000
    -54.845        2     0.00000
    -54.695        2     0.00000
    -54.545        2     0.00000
    -54.395        2     0.00000
    -54.245        2     0.00000
    -54.095        2     0.00000
    -53.945        2     0.00000
    -53.795        2     0.00000
    -53.645        2     0.00000
    -53.495        2     0.00000
    -53.345        2     0.00000
    -53.195        2     0.00000
    -53.045        2     0.00000
    -52.895        2     0.00000
    -52.745        2     0.00000
    -52.595        2     0.00000
    -52.445        2     0.00000
    -52.295        2     0.00000
    -52.145        2     0.00000
    -51.995        2     0.00000
    -51.845        2     0.00000
    -51.695        2     0.00000
    -51.545        2     0.00000
    -51.395        2     0.00000
    -51.245        2     0.00000
    -51.095        2     0.00000
    -50.945        2     0.00000
    -50.795        2     0.00000
    -50.645        2     0.00000
    -50.495        2     0.00000
    -50.345        2     0.00000
    -50.195        2     0.00000
    -50.045        2     0.00000
    -49.895        2     0.00000
    -49.745        2     0.00000
    -49.595        2     0.00000
    -49.445        2     0.00000
    -49.295        2     0.00000
    -49.145        2     0.00000
    -48.995        2     0.00000
    -48.845        2     0.00000
    -48.695        2     0.00000
    -48.545        2     0.00000
    -48.395        2     0.00000
    -48.245        2     0.00000
    -48.095        2     0.00000
    -47.945        2     0.00000
    -47.795        2     0.00000
    -47.645        2     0.00000
    -47.495        2     0.00000
    -47.345        2     0.00000
    -47.195        2     0.00000
    -47.045        2     0.00000
    -46.895        2     0.00000
    -46.745        2     0.00000
    -46.595        2     0.00000
    -46.445        2     0.00000
    -46.295        2     0.00000
    -46.145        2     0.00000
    -45.995        2     0.00000
    -45.845        2     0.00000
    -45.695        2     0.00000
    -45.545        2     0.00000
    -45.395        2     0.00000
    -45.245        2     0.00000
    -45.095        2     0.00000
    -44.945        2     0.00000
    -44.795        2     0.00000
    -44.645        2     0.00000
    -44.495        2     0.00000
    -44.345        2     0.00000
    -44.195        2     0.00000
    -44.045        2     0.00000
    -43.895        2     0.00000
    -43.745        2     0.00000
    -43.595        2     0.00000
    -43.445        2     0.00000
    -43.295        2     0.00000
    -43.145        2     0.00000
    -42.995        2     0.00000
    -42.845        2     0.00000
    -42.695        2     0.00000
    -42.545        2     0.00000
    -42.395        2     0.00000
    -42.245        2     0.00000
    -42.095        2     0.00000
    -41.945        2     0.00000
    -41.795        2     0.00000
    -41.645        2     0.00000
    -41.495        2     0.00000
    -41.345        2     0.00000
    -41.195        2     0.00000
    -41.045        2     0.00000
    -40.895        2     0.00000
    -40.745        2     0.00000
    -40.595        2     0.00000
    -40.445        2     0.00000
    -40.295        2     0.00000
    -40.145        2     0.00000
    -39.995        2     0.00000
    -39.845        2     0.00000
    -39.695        2     0.00000
    -39.545        2     0.00000
    -39.395        2     0.00000
    -39.245        2     0.00000
    -39.095        2     0.00000
    -38.945        2     0.00000
    -38.795        2     0.00000
    -38.645        2     0.00000
    -38.495        2     0.00000
    -38.345        2     0.00000
    -38.195        2     0.00000
    -38.045        2     0.00000
    -37.895        2     0.00000
    -37.745        2     0.00000
    -37.595        2     0.00000
    -37.445        2     0.00000
    -37.295        2     0.00000
    -37.145        2     0.00000
    -36.995        2     0.00000
    -36.845        2     0.00000
    -36.695        2     0.00000
    -36.545        2     0.00000
    -36.395        2     0.00000
    -36.245        2     0.00000
    -36.095        2     0.00000
    -35.945        2     0.00000
    -35.795        2     0.00000
    -35.645        2     0.00000
    -35.495        2     0.00000
    -35.345        2     0.00000
    -35.195        2     0.00000
    -35.045        2     0.00000
    -34.895        2     0.00000
    -34.745        2     0.00000
    -34.595        2     0.00000
    -34.445        2     0.00000
    -34.295        2     0.00000
    -34.145        2     0.00000
    -33.995        2     0.00000
    -33.845        2     0.00000
    -33.695        2     0.00000
    -33.545        2     0.00000
    -33.395        2     0.00000
    -33.245        2     0.00000
    -33.095        2     0.00000
    -32.945        2     0.00000
    -32.795        2     0.00000
    -32.645        2     0.00000
    -32.495        2     0.00000
    -32.345        2     0.00000
    -32.195        2     0.00000
    -32.045        2     0.00000
    -31.895        2     0.00000
    -31.745        2     0.00000
    -31.595        2     0.00000
    -31.445        2     0.00000
    -31.295        2     0.00000
    -31.145        2     0.00000
    -30.995        2     0.00000
    -30.845        2     0.00000
    -30.695        2     0.00000
    -30.545        2     0.00000
    -30.395        2     0.00000
    -30.245        2     0.00000
    -30.095        2     0.00000
    -29.945        2     0.00000
    -29.795        2     0.00000
    -29.645        2     0.00000
    -29.495        2     0.00000
    -29.345        2     0.00000
    -29.195        2     0.00000
    -29.045        2     0.00000
    -28.895        2     0.00000
    -28.745        2     0.00000
    -28.595        2     0.00000
    -28.445        2     0.00000
    -28.295        2     0.00000
    -28.145        2     0.00000
    -27.995        2     0.00000
    -27.845        2     0.00000
    -27.695        2     0.00000
    -27.545        2     0.00000
    -27.395        2     0.00000
    -27.245        2     0.00000
    -27.095        2     0.00000
    -26.945        2     0.00000
    -26.795        2     0.00000
    -26.645        2     0.00000
    -26.495        2     0.00000
    -26.345        2     0.00000
    -26.195        2     0.00000
    -26.045        2     0.00000
    -25.895        2     0.00000
    -25.745        2     0.00000
    -25.595        2     0.00000
    -25.445        2     0.00000
    -25.295        2     0.00000
    -25.145        2     0.00000
    -24.995        2     0.00000
    -24.845        2     0.00000
    -24.695        2     0.00000
    -24.545        2     0.00000
    -24.395        2     0.00000
    -24.245        2     0.00000
    -24.095        2     0.00000
    -23.945        2     0.00000
    -23.795        2     0.00000
    -23.645        2     0.00000
    -23.495        2     0.00000
    -23.345        2     0.00000
    -23.195        2     0.00000
    -23.045        2     0.00000
    -22.895        2     0.00000
    -22.745        2     0.00000
    -22.595        2     0.00000
    -22.445        2     0.00000
    -22.295        2     0.00000
    -22.145        2     0.00000
    -21.995        2     0.00000
    -21.845        2     0.00000
    -21.695        2     0.00000
    -21.545        2     0.00000
    -21.395        2     0.00000
    -21.245        2     0.00000
    -21.095        2     0.00000
    -20.945        2     0.00000
    -20.795        2     0.00000
    -20.645        2     0.00000
    -20.495        2     0.00000
    -20.345        2     0.00000
    -20.195        2     0.00000
    -20.045        2     0.00000
    -19.895        2     0.00000
    -19.745        2     0.00000
    -19.595        2     0.00000
    -19.445        2     0.00000
    -19.295        2     0.00000
    -19.145        2     0.00000
    -18.995        2     0.00000
    -18.845        2     0.00000
    -18.695        2     0.00000
    -18.545        2     0.00000
    -18.395        2     0.00000
    -18.245        2     0.00000
    -18.095        2     0.00000
    -17.945        2     0.00000
    -17.795        2     0.00000
    -17.645        2     0.00000
    -17.495        2     0.00000
    -17.345        2     0.00000
    -17.195        2     0.00000
    -17.045        2     0.00000
    -16.895        2     0.00000
    -16.745        2     0.00000
    -16.595        2     0.00000
    -16.445        2     0.00000
    -16.295        2    -0.00012
    -16.145        2    -0.00212
    -15.995        2    -0.00834
    -15.845        2    -0.02344
    -15.695        2    -0.04523
    -15.545        2    -0.07391
    -15.395        2    -0.11473
    -15.245        2    -0.15745
    -15.095        2    -0.20927
    -14.945        2    -0.26516
    -14.795        2    -0.32675
    -14.645        2    -0.38819
    -14.495        2    -0.45626
    -14.345        2    -0.52457
    -14.195        2    -0.59062
    -14.045        2    -0.65705
    -13.895        2    -0.73047
    -13.745        2    -0.81492
    -13.595        2    -0.91374
    -13.445        2    -1.02867
    -13.295        2    -1.16230
    -13.145        2    -1.32280
    -12.995        2    -1.51318
    -12.845        2    -1.73352
    -12.695        2    -1.97821
    -12.545        2    -2.25208
    -12.395        2    -2.56011
    -12.245        2    -2.89966
    -12.095        2    -3.26601
    -11.945        2    -3.64890
    -11.795        2    -4.04285
    -11.645        2    -4.46131
    -11.495        2    -4.90029
    -11.345        2    -5.33221
    -11.195        2    -5.77810
    -11.045        2    -6.23614
    -10.895        2    -6.68752
    -10.745        2    -7.15202
    -10.595        2    -7.64773
    -10.445        2    -8.17270
    -10.295        2    -8.71628
    -10.145        2    -9.29007
    -9.9950        2    -9.88680
    -9.8450        2   -10.52317
    -9.6950        2   -11.19751
    -9.5450        2   -11.93379
    -9.3950        2   -12.70462
    -9.2450        2   -13.51992
    -9.0950        2   -14.36758
    -8.9450        2   -15.26339
    -8.7950        2   -16.20211
    -8.6450        2   -17.19622
    -8.4950        2   -18.23594
    -8.3450        2   -19.31484
    -8.1950        2   -20.44696
    -8.0450        2   -21.61741
    -7.8950        2   -22.83421
    -7.7450        2   -24.08823
    -7.5950        2   -25.39768
    -7.4450        2   -26.75954
    -7.2950        2   -28.16192
    -7.1450        2   -29.61460
    -6.9950        2   -31.12423
    -6.8450        2   -32.64503
    -6.6950        2   -34.22161
    -6.5450        2   -35.80812
    -6.3950        2   -37.42341
    -6.2450        2   -39.05262
    -6.0950        2   -40.70829
    -5.9450        2   -42.38491
    -5.7950        2   -44.07659
    -5.6450        2   -45.76991
    -5.4950        2   -47.46367
    -5.3450        2   -49.14206
    -5.1950        2   -50.81587
    -5.0450        2   -52.46457
    -4.8950        2   -54.11927
    -4.7450        2   -55.77041
    -4.5950        2   -57.41489
    -4.4450        2   -59.08730
    -4.2950        2   -60.76586
    -4.1450        2   -62.49459
    -3.9950        2   -64.26262
    -3.8450        2   -66.06870
    -3.6950        2   -67.92840
    -3.5450        2   -69.84655
    -3.3950        2   -71.85404
    -3.2450        2   -73.96551
    -3.0950        2   -76.17649
    -2.9450        2   -78.51858
    -2.7950        2   -81.00971
    -2.6450        2   -83.70286
    -2.4950        2   -86.64616
    -2.3450        2   -89.88796
    -2.1950        2   -93.48709
    -2.0450        2   -97.54036
    -1.8950        2  -102.15059
    -1.7450        2  -107.44780
    -1.5950        2  -113.48114
    -1.4450        2  -120.25283
    -1.2950        2  -127.67918
    -1.1450        2  -135.73087
   -0.99500        2  -144.28313
   -0.84500        2  -153.28810
   -0.69500        2  -162.73107
   -0.54500        2  -172.80058
   -0.39500        2  -184.11014
   -0.25300        2  -192.59206
   -0.21500        2  -193.16675
   -0.20900        2  -193.74822
   -0.20300        2  -194.33858
   -0.19700        2  -194.93700
   -0.19100        2  -195.54518
   -0.18500        2  -196.16273
   -0.17900        2  -196.79018
   -0.17300        2  -197.42943
   -0.16700        2  -198.07902
   -0.16100        2  -198.74058
   -0.15500        2  -199.41418
   -0.14900        2  -200.10165
   -0.14300        2  -200.80238
   -0.13700        2  -201.51906
   -0.13100        2  -202.25376
   -0.12500        2  -203.00523
   -0.11900        2  -203.77948
   -0.11300        2  -204.57435
   -0.10700        2  -205.39430
   -0.10100        2  -206.24351
   -0.95000E-01    2  -207.12126
   -0.89000E-01    2  -208.03445
   -0.83000E-01    2  -208.98590
   -0.77000E-01    2  -209.98275
   -0.71000E-01    2  -211.03413
   -0.65000E-01    2  -212.14977
   -0.59000E-01    2  -213.34245
   -0.53000E-01    2  -214.62946
   -0.47000E-01    2  -216.03644
   -0.41000E-01    2  -217.60218
   -0.35000E-01    2  -219.38639
   -0.29000E-01    2  -221.49319
   -0.23000E-01    2  -224.10618
   -0.19700E-01    2  -224.40334
   -0.19100E-01    2  -224.70976
   -0.18500E-01    2  -225.02588
   -0.17900E-01    2  -225.35209
   -0.17300E-01    2  -225.68993
   -0.16700E-01    2  -226.03994
   -0.16100E-01    2  -226.40268
   -0.15500E-01    2  -226.77953
   -0.14900E-01    2  -227.17145
   -0.14300E-01    2  -227.58019
   -0.13700E-01    2  -228.00654
   -0.13100E-01    2  -228.45280
   -0.12500E-01    2  -228.92085
   -0.11900E-01    2  -229.41286
   -0.11300E-01    2  -229.93201
   -0.10700E-01    2  -230.47997
   -0.10100E-01    2  -231.05795
   -0.95000E-02    2  -231.66681
   -0.89000E-02    2  -232.30861
   -0.83000E-02    2  -232.98523
   -0.77000E-02    2  -233.69951
   -0.71000E-02    2  -234.45493
   -0.65000E-02    2  -235.25644
   -0.59000E-02    2  -236.10825
   -0.53000E-02    2  -237.01235
   -0.47000E-02    2  -237.95801
   -0.41000E-02    2  -238.92812
   -0.35000E-02    2  -239.90523
   -0.29000E-02    2  -240.86868
   -0.23000E-02    2  -241.77188
   -0.17000E-02    2  -242.52254
   -0.11000E-02    2  -243.05783
   -0.50000E-03    2  -243.34066
    0.10000E-03    2  -243.33856
    0.70000E-03    2  -243.03214
    0.13000E-02    2  -242.44039
    0.19000E-02    2  -241.63133
    0.25000E-02    2  -240.69867
    0.31000E-02    2  -239.72864
    0.37000E-02    2  -238.75221
    0.43000E-02    2  -237.78950
    0.49000E-02    2  -236.85712
    0.55000E-02    2  -235.97087
    0.61000E-02    2  -235.13739
    0.67000E-02    2  -234.35305
    0.73000E-02    2  -233.61310
    0.79000E-02    2  -232.91361
    0.85000E-02    2  -232.25110
    0.91000E-02    2  -231.62262
    0.97000E-02    2  -231.02655
    0.10300E-01    2  -230.46136
    0.10900E-01    2  -229.92550
    0.11500E-01    2  -229.41849
    0.12100E-01    2  -228.93731
    0.12700E-01    2  -228.47971
    0.13300E-01    2  -228.04288
    0.13900E-01    2  -227.62543
    0.14500E-01    2  -227.22548
    0.15100E-01    2  -226.84147
    0.15700E-01    2  -226.47224
    0.16300E-01    2  -226.11706
    0.16900E-01    2  -225.77473
    0.17500E-01    2  -225.44422
    0.18100E-01    2  -225.12461
    0.18700E-01    2  -224.81513
    0.19300E-01    2  -224.51486
    0.20200E-01    2  -223.42615
    0.25000E-01    2  -221.04657
    0.31000E-01    2  -219.10756
    0.37000E-01    2  -217.45746
    0.43000E-01    2  -216.01090
    0.49000E-01    2  -214.71768
    0.55000E-01    2  -213.54462
    0.61000E-01    2  -212.46962
    0.67000E-01    2  -211.47501
    0.73000E-01    2  -210.54979
    0.79000E-01    2  -209.68389
    0.85000E-01    2  -208.86948
    0.91000E-01    2  -208.10205
    0.97000E-01    2  -207.37584
    0.10300        2  -206.68759
    0.10900        2  -206.03339
    0.11500        2  -205.41169
    0.12100        2  -204.81721
    0.12700        2  -204.24863
    0.13300        2  -203.70347
    0.13900        2  -203.17905
    0.14500        2  -202.67398
    0.15100        2  -202.18705
    0.15700        2  -201.71579
    0.16300        2  -201.26076
    0.16900        2  -200.81972
    0.17500        2  -200.39126
    0.18100        2  -199.97588
    0.18700        2  -199.57216
    0.19300        2  -199.17985
    0.19900        2  -198.79736
    0.20500        2  -198.42481
    0.21100        2  -198.06208
    0.21700        2  -197.70886
    0.29500        2  -190.64067
    0.44500        2  -186.14354
    0.59500        2  -182.84555
    0.74500        2  -180.19850
    0.89500        2  -177.94114
     1.0450        2  -175.95542
     1.1950        2  -174.17443
     1.3450        2  -172.54218
     1.4950        2  -171.04326
     1.6450        2  -169.66696
     1.7950        2  -168.39032
     1.9450        2  -167.22535
     2.0950        2  -166.14625
     2.2450        2  -165.15470
     2.3950        2  -164.24170
     2.5450        2  -163.40475
     2.6950        2  -162.63918
     2.8450        2  -161.92580
     2.9950        2  -161.28088
     3.1450        2  -160.67551
     3.2950        2  -160.12147
     3.4450        2  -159.58811
     3.5950        2  -159.09796
     3.7450        2  -158.64131
     3.8950        2  -158.20292
     4.0450        2  -157.78789
     4.1950        2  -157.39141
     4.3450        2  -157.01854
     4.4950        2  -156.65571
     4.6450        2  -156.30673
     4.7950        2  -155.97263
     4.9450        2  -155.65302
     5.0950        2  -155.34343
     5.2450        2  -155.04271
     5.3950        2  -154.74928
     5.5450        2  -154.46520
     5.6950        2  -154.19036
     5.8450        2  -153.92102
     5.9950        2  -153.66323
     6.1450        2  -153.41073
     6.2950        2  -153.16225
     6.4450        2  -152.92201
     6.5950        2  -152.68917
     6.7450        2  -152.46292
     6.8950        2  -152.24052
     7.0450        2  -152.02218
     7.1950        2  -151.81060
     7.3450        2  -151.60308
     7.4950        2  -151.39623
     7.6450        2  -151.19476
     7.7950        2  -151.00035
     7.9450        2  -150.80713
     8.0950        2  -150.61821
     8.2450        2  -150.43163
     8.3950        2  -150.25318
     8.5450        2  -150.07193
     8.6950        2  -149.89644
     8.8450        2  -149.72020
     8.9950        2  -149.54991
     9.1450        2  -149.38154
     9.2950        2  -149.21237
     9.4450        2  -149.04783
     9.5950        2  -148.88518
     9.7450        2  -148.72357
     9.8950        2  -148.56555
     10.045        2  -148.41103
     10.195        2  -148.26012
     10.345        2  -148.10811
     10.495        2  -147.96094
     10.645        2  -147.81708
     10.795        2  -147.67410
     10.945        2  -147.53407
     11.095        2  -147.39766
     11.245        2  -147.26011
     11.395        2  -147.12429
     11.545        2  -146.99027
     11.695        2  -146.85817
     11.845        2  -146.72883
     11.995        2  -146.59919
     12.145        2  -146.47348
     12.295        2  -146.34768
     12.445        2  -146.22258
     12.595        2  -146.10069
     12.745        2  -145.97810
     12.895        2  -145.85875
     13.045        2  -145.73823
     13.195        2  -145.62325
     13.345        2  -145.50742
     13.495        2  -145.39001
     13.645        2  -145.27783
     13.795        2  -145.16602
     13.945        2  -145.05695
     14.095        2  -144.94523
     14.245        2  -144.83721
     14.395        2  -144.73098
     14.545        2  -144.62549
     14.695        2  -144.52237
     14.845        2  -144.41649
     14.995        2  -144.31476
     15.145        2  -144.21291
     15.295        2  -144.11089
     15.445        2  -144.01167
     15.595        2  -143.91270
     15.745        2  -143.81505
     15.895        2  -143.71717
     16.045        2  -143.61809
     16.195        2  -143.52158
     16.345        2  -143.42868
     16.495        2  -143.33418
     16.645        2  -143.23895
     16.795        2  -143.14557
     16.945        2  -143.05209
     17.095        2  -142.96286
     17.245        2  -142.87404
     17.395        2  -142.78483
     17.545        2  -142.69831
     17.695        2  -142.61037
     17.845        2  -142.52468
     17.995        2  -142.43869
     18.145        2  -142.35446
     18.295        2  -142.27022
     18.445        2  -142.18508
     18.595        2  -142.10089
     18.745        2  -142.01674
     18.895        2  -141.93462
     19.045        2  -141.85264
     19.195        2  -141.77192
     19.345        2  -141.69221
     19.495        2  -141.61215
     19.645        2  -141.53307
     19.795        2  -141.45448
     19.945        2  -141.37650
     20.095        2  -141.29839
     21.836        2  -138.94455
     30.068        2  -135.47474
     42.097        2  -132.01106
     58.937        2  -128.58186
     82.515        2  -125.18138
     115.53        2  -121.82700
     161.74        2  -118.53289
     226.45        2  -115.29224
     317.04        2  -112.11067
     443.87        2  -108.98434
     621.44        2  -105.91399
     870.05        2  -102.89723
     1218.1        2   -99.94647
     1705.4        2   -97.06107
     2387.7        2   -94.23519
     3342.9        2   -91.47088
     4680.2        2   -88.75404
     6552.5        2   -86.11290
     9173.8        2   -83.53906
     12844.        2   -81.05035
     17982.        2   -78.64141
     25176.        2   -76.31311
     35247.        2   -74.06218
     49348.        2   -71.89844
     69090.        2   -69.82558
     96729.        2   -67.84408
    0.13543E+06    2   -65.95180
    0.18960E+06    2   -64.14575
    0.26545E+06    2   -62.42702
    0.37165E+06    2   -60.78881
    0.52033E+06    2   -59.22803
    0.72849E+06    2   -57.74414
    0.10199E+07    2   -56.33133
    0.14279E+07    2   -54.98821
    0.19992E+07    2   -53.71012
    0.27990E+07    2   -52.49223
    0.39187E+07    2   -51.33411
    0.54864E+07    2   -50.23552
    0.76812E+07    2   -49.19304
    0.10754E+08    2   -48.19868
    0.15056E+08    2   -47.25308
    0.21080E+08    2   -46.35479
    0.29513E+08    2   -45.50253
    0.41319E+08    2   -44.69922
    0.57849E+08    2   -43.94651
    0.80991E+08    2   -43.25055
    0.11339E+09    2   -42.60588
    0.15875E+09    2   -42.00371
    0.22226E+09    2   -41.44291
    0.31118E+09    2   -40.91860
    0.43567E+09    2   -40.43121
    0.60996E+09    2   -39.98347
    0.85398E+09    2   -39.57819
    0.11956E+10    2   -39.20741
    0.16739E+10    2   -38.86715
    0.23436E+10    2   -38.55395
    0.32811E+10    2   -38.26719
    0.45937E+10    2   -38.00318
    0.64315E+10    2   -37.76007
    0.90044E+10    2   -37.53610
    0.12607E+11    2   -37.33189
    0.17650E+11    2   -37.14405
    0.24711E+11    2   -36.97000
    0.34596E+11    2   -36.81063
    0.48437E+11    2   -36.66443
    0.67814E+11    2   -36.52849
    0.10000E+12    2   -34.99189
