    -29.945         0.00000
    -29.795         0.00000
    -29.645         0.00000
    -29.495         0.00000
    -29.345         0.00000
    -29.195         0.00000
    -29.045         0.00000
    -28.895         0.00000
    -28.745         0.00000
    -28.595         0.00000
    -28.445         0.00000
    -28.295         0.00000
    -28.145         0.00000
    -27.995         0.00000
    -27.845         0.00000
    -27.695         0.00000
    -27.545         0.00000
    -27.395         0.00000
    -27.245         0.00000
    -27.095         0.00000
    -26.945         0.00000
    -26.795         0.00000
    -26.645         0.00000
    -26.495         0.00000
    -26.345         0.00000
    -26.195         0.00000
    -26.045         0.00000
    -25.895         0.00000
    -25.745         0.00000
    -25.595         0.00000
    -25.445         0.00000
    -25.295         0.00000
    -25.145         0.00000
    -24.995         0.00000
    -24.845         0.00000
    -24.695         0.00000
    -24.545         0.00000
    -24.395         0.00000
    -24.245         0.00000
    -24.095         0.00000
    -23.945         0.00000
    -23.795         0.00000
    -23.645         0.00000
    -23.495         0.00000
    -23.345         0.00000
    -23.195         0.00000
    -23.045         0.00000
    -22.895         0.00000
    -22.745         0.00000
    -22.595         0.00000
    -22.445         0.00000
    -22.295         0.00000
    -22.145         0.00000
    -21.995         0.00000
    -21.845         0.00000
    -21.695         0.00000
    -21.545         0.00000
    -21.395         0.00000
    -21.245         0.00000
    -21.095         0.00000
    -20.945         0.00000
    -20.795         0.00000
    -20.645         0.00000
    -20.495         0.00000
    -20.345         0.00000
    -20.195         0.00000
    -20.045         0.00000
    -19.895         0.00000
    -19.745         0.00000
    -19.595         0.00000
    -19.445         0.00000
    -19.295         0.00000
    -19.145         0.00000
    -18.995         0.00000
    -18.845         0.00000
    -18.695         0.00000
    -18.545         0.00000
    -18.395         0.00000
    -18.245         0.00000
    -18.095         0.00000
    -17.945         0.00000
    -17.795         0.00000
    -17.645         0.00000
    -17.495         0.00000
    -17.345         0.00000
    -17.195         0.00000
    -17.045         0.00000
    -16.895         0.00000
    -16.745         0.00000
    -16.595         0.00000
    -16.445         0.00000
    -16.295         0.00000
    -16.145         0.00000
    -15.995         0.00000
    -15.845         0.00000
    -15.695         0.00000
    -15.545         0.00000
    -15.395         0.00000
    -15.245         0.00000
    -15.095         0.00000
    -14.945         0.00000
    -14.795         0.00000
    -14.645        -0.00032
    -14.495        -0.00845
    -14.345        -0.04613
    -14.195        -0.14642
    -14.045        -0.33853
    -13.895        -0.62266
    -13.745        -1.00389
    -13.595        -1.48798
    -13.445        -2.01274
    -13.295        -2.61188
    -13.145        -3.24178
    -12.995        -3.88865
    -12.845        -4.54691
    -12.695        -5.18728
    -12.545        -5.84601
    -12.395        -6.51069
    -12.245        -7.18807
    -12.095        -7.89411
    -11.945        -8.62853
    -11.795        -9.37662
    -11.645       -10.15017
    -11.495       -10.92638
    -11.345       -11.72512
    -11.195       -12.53523
    -11.045       -13.38066
    -10.895       -14.23455
    -10.745       -15.08788
    -10.595       -15.95053
    -10.445       -16.81665
    -10.295       -17.70070
    -10.145       -18.61148
    -9.9950       -19.57022
    -9.8450       -20.57999
    -9.6950       -21.65290
    -9.5450       -22.79207
    -9.3950       -24.02283
    -9.2450       -25.38000
    -9.0950       -26.83371
    -8.9450       -28.41050
    -8.7950       -30.10931
    -8.6450       -31.91523
    -8.4950       -33.83060
    -8.3450       -35.80556
    -8.1950       -37.83118
    -8.0450       -39.90594
    -7.8950       -42.01953
    -7.7450       -44.22293
    -7.5950       -46.43515
    -7.4450       -48.71301
    -7.2950       -51.07923
    -7.1450       -53.55202
    -6.9950       -56.08157
    -6.8450       -58.67149
    -6.6950       -61.30185
    -6.5450       -63.98237
    -6.3950       -66.72447
    -6.2450       -69.52208
    -6.0950       -72.37112
    -5.9450       -75.25238
    -5.7950       -78.16220
    -5.6450       -81.11109
    -5.4950       -84.09130
    -5.3450       -87.05432
    -5.1950       -90.05516
    -5.0450       -93.08583
    -4.8950       -96.10701
    -4.7450       -99.13062
    -4.5950      -102.14800
    -4.4450      -105.17403
    -4.2950      -108.23250
    -4.1450      -111.34408
    -3.9950      -114.51091
    -3.8450      -117.76128
    -3.6950      -121.11413
    -3.5450      -124.58795
    -3.3950      -128.23659
    -3.2450      -132.03876
    -3.0950      -136.03862
    -2.9450      -140.23742
    -2.7950      -144.67233
    -2.6450      -149.38922
    -2.4950      -154.44458
    -2.3450      -159.96930
    -2.1950      -166.05511
    -2.0450      -172.81852
    -1.8950      -180.37373
    -1.7450      -188.80516
    -1.5950      -198.14656
    -1.4450      -208.32298
    -1.2950      -219.26075
    -1.1450      -230.88054
   -0.99500      -243.10089
   -0.84500      -255.84221
   -0.69500      -269.23455
   -0.54500      -283.78860
   -0.39500      -300.74886
   -0.25300      -314.01159
   -0.21500      -314.92760
   -0.20900      -315.85740
   -0.20300      -316.80152
   -0.19700      -317.76059
   -0.19100      -318.73540
   -0.18500      -319.72943
   -0.17900      -320.74098
   -0.17300      -321.77078
   -0.16700      -322.82292
   -0.16100      -323.89538
   -0.15500      -324.99202
   -0.14900      -326.11309
   -0.14300      -327.26008
   -0.13700      -328.43324
   -0.13100      -329.63947
   -0.12500      -330.87652
   -0.11900      -332.14945
   -0.11300      -333.46115
   -0.10700      -334.81641
   -0.10100      -336.21795
   -0.95000E-01  -337.67030
   -0.89000E-01  -339.18091
   -0.83000E-01  -340.75779
   -0.77000E-01  -342.40855
   -0.71000E-01  -344.14405
   -0.65000E-01  -345.98230
   -0.59000E-01  -347.94082
   -0.53000E-01  -350.04471
   -0.47000E-01  -352.32989
   -0.41000E-01  -354.85123
   -0.35000E-01  -357.70258
   -0.29000E-01  -361.02620
   -0.23000E-01  -365.06152
   -0.19700E-01  -365.51203
   -0.19100E-01  -365.97395
   -0.18500E-01  -366.44810
   -0.17900E-01  -366.93463
   -0.17300E-01  -367.43459
   -0.16700E-01  -367.94843
   -0.16100E-01  -368.47804
   -0.15500E-01  -369.02435
   -0.14900E-01  -369.58810
   -0.14300E-01  -370.17080
   -0.13700E-01  -370.77337
   -0.13100E-01  -371.39664
   -0.12500E-01  -372.04173
   -0.11900E-01  -372.70944
   -0.11300E-01  -373.40021
   -0.10700E-01  -374.11492
   -0.10100E-01  -374.85432
   -0.95000E-02  -375.61855
   -0.89000E-02  -376.40734
   -0.83000E-02  -377.22037
   -0.77000E-02  -378.05601
   -0.71000E-02  -378.91196
   -0.65000E-02  -379.78462
   -0.59000E-02  -380.66886
   -0.53000E-02  -381.55673
   -0.47000E-02  -382.43731
   -0.41000E-02  -383.29631
   -0.35000E-02  -384.11663
   -0.29000E-02  -384.87778
   -0.23000E-02  -385.55208
   -0.17000E-02  -386.10251
   -0.11000E-02  -386.48655
   -0.50000E-03  -386.66830
    0.10000E-03  -386.63162
    0.70000E-03  -386.37951
    0.13000E-02  -385.93523
    0.19000E-02  -385.33922
    0.25000E-02  -384.63298
    0.31000E-02  -383.85049
    0.37000E-02  -383.01877
    0.43000E-02  -382.16048
    0.49000E-02  -381.29124
    0.55000E-02  -380.42273
    0.61000E-02  -379.56403
    0.67000E-02  -378.72334
    0.73000E-02  -377.90511
    0.79000E-02  -377.11176
    0.85000E-02  -376.34240
    0.91000E-02  -375.59511
    0.97000E-02  -374.86916
    0.10300E-01  -374.16313
    0.10900E-01  -373.47597
    0.11500E-01  -372.80919
    0.12100E-01  -372.16206
    0.12700E-01  -371.53436
    0.13300E-01  -370.92612
    0.13900E-01  -370.33640
    0.14500E-01  -369.76512
    0.15100E-01  -369.21165
    0.15700E-01  -368.67509
    0.16300E-01  -368.15433
    0.16900E-01  -367.64827
    0.17500E-01  -367.15616
    0.18100E-01  -366.67693
    0.18700E-01  -366.20977
    0.19300E-01  -365.75474
    0.20200E-01  -364.08699
    0.25000E-01  -360.36647
    0.31000E-01  -357.26324
    0.37000E-01  -354.58611
    0.43000E-01  -352.20923
    0.49000E-01  -350.05567
    0.55000E-01  -348.08012
    0.61000E-01  -346.25277
    0.67000E-01  -344.55028
    0.73000E-01  -342.95805
    0.79000E-01  -341.45883
    0.85000E-01  -340.04319
    0.91000E-01  -338.70300
    0.97000E-01  -337.43004
    0.10300      -336.21719
    0.10900      -335.05684
    0.11500      -333.94678
    0.12100      -332.88068
    0.12700      -331.85807
    0.13300      -330.87396
    0.13900      -329.92459
    0.14500      -329.00734
    0.15100      -328.12207
    0.15700      -327.26637
    0.16300      -326.43861
    0.16900      -325.63639
    0.17500      -324.85872
    0.18100      -324.10391
    0.18700      -323.37166
    0.19300      -322.65964
    0.19900      -321.97018
    0.20500      -321.29883
    0.21100      -320.64583
    0.21700      -320.01016
    0.29500      -307.51510
    0.44500      -299.85313
    0.59500      -294.43498
    0.74500      -290.22456
    0.89500      -286.72619
     1.0450      -283.68590
     1.1950      -280.97643
     1.3450      -278.52535
     1.4950      -276.27592
     1.6450      -274.21291
     1.7950      -272.31238
     1.9450      -270.56337
     2.0950      -268.95169
     2.2450      -267.47003
     2.3950      -266.10978
     2.5450      -264.86672
     2.6950      -263.71122
     2.8450      -262.65918
     2.9950      -261.69283
     3.1450      -260.80375
     3.2950      -259.98382
     3.4450      -259.21886
     3.5950      -258.49887
     3.7450      -257.84141
     3.8950      -257.22335
     4.0450      -256.63498
     4.1950      -256.07758
     4.3450      -255.54394
     4.4950      -255.03634
     4.6450      -254.55210
     4.7950      -254.08401
     4.9450      -253.63016
     5.0950      -253.19699
     5.2450      -252.77703
     5.3950      -252.36806
     5.5450      -251.96971
     5.6950      -251.58376
     5.8450      -251.20726
     5.9950      -250.84225
     6.1450      -250.48779
     6.2950      -250.14132
     6.4450      -249.80245
     6.5950      -249.47164
     6.7450      -249.14937
     6.8950      -248.83234
     7.0450      -248.52160
     7.1950      -248.21865
     7.3450      -247.92218
     7.4950      -247.63108
     7.6450      -247.34625
     7.7950      -247.06518
     7.9450      -246.79102
     8.0950      -246.52075
     8.2450      -246.25696
     8.3950      -245.99569
     8.5450      -245.73964
     8.6950      -245.48787
     8.8450      -245.24006
     8.9950      -244.99746
     9.1450      -244.75761
     9.2950      -244.52202
     9.4450      -244.29008
     9.5950      -244.05990
     9.7450      -243.83525
     9.8950      -243.61351
     10.045      -243.39475
     10.195      -243.17796
     10.345      -242.96682
     10.495      -242.75690
     10.645      -242.55099
     10.795      -242.34656
     10.945      -242.14529
     11.095      -241.94610
     11.245      -241.74996
     11.395      -241.55761
     11.545      -241.36665
     11.695      -241.17807
     11.845      -240.99221
     11.995      -240.80831
     12.145      -240.62612
     12.295      -240.44698
     12.445      -240.26982
     12.595      -240.09533
     12.745      -239.92174
     12.895      -239.75152
     13.045      -239.58282
     13.195      -239.41513
     13.345      -239.24896
     13.495      -239.08588
     13.645      -238.92359
     13.795      -238.76422
     13.945      -238.60475
     14.095      -238.44775
     14.245      -238.29148
     14.395      -238.13774
     14.545      -237.98507
     14.695      -237.83433
     14.845      -237.68478
     14.995      -237.53747
     15.145      -237.39109
     15.295      -237.24627
     15.445      -237.10186
     15.595      -236.95959
     15.745      -236.81899
     15.895      -236.67938
     16.045      -236.54082
     16.195      -236.40402
     16.345      -236.26828
     16.495      -236.13383
     16.645      -235.99975
     16.795      -235.86804
     16.945      -235.73704
     17.095      -235.60724
     17.245      -235.47861
     17.395      -235.35093
     17.545      -235.22402
     17.695      -235.09946
     17.845      -234.97498
     17.995      -234.85245
     18.145      -234.72995
     18.295      -234.60763
     18.445      -234.48656
     18.595      -234.36748
     18.745      -234.24952
     18.895      -234.13132
     19.045      -234.01511
     19.195      -233.89909
     19.345      -233.78471
     19.495      -233.67072
     19.645      -233.55726
     19.795      -233.44455
     19.945      -233.33264
     20.095      -233.22108
     20.245      -233.11085
     20.395      -233.00149
     20.545      -232.89275
     20.695      -232.78617
     20.845      -232.67944
     20.995      -232.57364
     21.145      -232.46790
     21.295      -232.36381
     21.445      -232.26018
     21.595      -232.15717
     21.745      -232.05528
     21.895      -231.95313
     22.045      -231.85223
     22.195      -231.75257
     22.345      -231.65327
     22.495      -231.55424
     22.645      -231.45630
     22.795      -231.35873
     22.945      -231.26225
     23.095      -231.16597
     23.245      -231.07022
     23.395      -230.97511
     23.545      -230.88099
     23.695      -230.78687
     23.845      -230.69333
     23.995      -230.60069
     24.145      -230.50846
     24.295      -230.41691
     24.445      -230.32631
     24.595      -230.23564
     24.745      -230.14510
     24.895      -230.05613
     25.045      -229.96717
     25.195      -229.87890
     25.345      -229.79117
     25.495      -229.70387
     25.645      -229.61758
     25.795      -229.53089
     25.945      -229.44507
     26.095      -229.35975
     26.245      -229.27504
     26.395      -229.19088
     26.545      -229.10629
     26.695      -229.02279
     26.845      -228.94093
     26.995      -228.85821
     27.145      -228.77623
     27.295      -228.69486
     27.445      -228.61398
     27.595      -228.53385
     27.745      -228.45409
     27.895      -228.37457
     28.045      -228.29497
     28.195      -228.21591
     28.345      -228.13722
     28.495      -228.05849
     28.645      -227.98103
     28.795      -227.90410
     28.945      -227.82715
     29.095      -227.75069
     29.245      -227.67487
     29.395      -227.59929
     29.545      -227.52378
     29.695      -227.44877
     29.845      -227.37378
     29.995      -227.29978
     30.145      -227.22566
     30.295      -227.15244
     30.445      -227.07881
     30.595      -227.00653
     30.745      -226.93399
     30.895      -226.86246
     31.045      -226.79043
     31.195      -226.71958
     31.345      -226.64814
     31.495      -226.57748
     31.645      -226.50746
     31.795      -226.43798
     31.945      -226.36837
     32.095      -226.29918
     32.245      -226.23059
     32.395      -226.16225
     32.545      -226.09363
     32.695      -226.02604
     32.845      -225.95811
     32.995      -225.89079
     33.145      -225.82331
     33.295      -225.75620
     33.445      -225.68951
     33.595      -225.62339
     33.745      -225.55713
     33.895      -225.49148
     34.045      -225.42623
     34.195      -225.36170
     34.345      -225.29743
     34.495      -225.23296
     34.645      -225.16915
     34.795      -225.10554
     34.945      -225.04177
     35.095      -224.97799
     35.245      -224.91463
     35.395      -224.85152
     35.545      -224.78888
     35.695      -224.72622
     35.845      -224.66423
     35.995      -224.60222
     36.145      -224.54042
     36.295      -224.47963
     36.445      -224.41883
     36.595      -224.35803
     36.745      -224.29691
     36.895      -224.23681
     37.045      -224.17693
     37.195      -224.11818
     37.345      -224.05885
     37.495      -223.99949
     37.645      -223.94059
     37.795      -223.88172
     37.945      -223.82338
     38.095      -223.76497
     38.245      -223.70719
     38.395      -223.64968
     38.545      -223.59205
     38.695      -223.53465
     38.845      -223.47723
     38.995      -223.41955
     39.145      -223.36309
     39.295      -223.30717
     39.445      -223.25108
     39.595      -223.19511
     39.745      -223.13973
     39.895      -223.08385
     40.045      -223.02866
     40.195      -222.97342
     40.345      -222.91837
     40.495      -222.86392
     40.645      -222.80939
     40.795      -222.75554
     40.945      -222.70191
     41.095      -222.64817
     41.245      -222.59368
     41.395      -222.54031
     41.545      -222.48691
     41.695      -222.43401
     41.845      -222.38112
     41.995      -222.32828
     42.145      -222.27568
     42.295      -222.22339
     42.445      -222.17099
     42.595      -222.11905
     42.745      -222.06764
     42.895      -222.01620
     43.045      -221.96482
     43.195      -221.91354
     43.345      -221.86257
     43.495      -221.81231
     43.645      -221.76131
     43.795      -221.71087
     43.945      -221.66070
     44.095      -221.61103
     44.245      -221.56115
     44.395      -221.51102
     44.545      -221.46174
     44.695      -221.41239
     44.845      -221.36250
     44.995      -221.31362
     45.145      -221.26419
     45.295      -221.21536
     45.445      -221.16656
     45.595      -221.11822
     45.745      -221.06968
     45.895      -221.02115
     46.045      -220.97336
     46.195      -220.92554
     46.345      -220.87762
     46.495      -220.82999
     46.645      -220.78276
     46.795      -220.73523
     46.945      -220.68819
     47.095      -220.64138
     47.245      -220.59456
     47.395      -220.54798
     47.545      -220.50152
     47.695      -220.45516
     47.845      -220.40889
     47.995      -220.36279
     48.145      -220.31693
     48.295      -220.27100
     48.445      -220.22499
     48.595      -220.17931
     48.745      -220.13338
     48.895      -220.08797
     49.045      -220.04299
     49.195      -219.99806
     49.345      -219.95319
     49.495      -219.90840
     49.645      -219.86368
     49.795      -219.81915
     49.945      -219.77480
     50.095      -219.73055
     50.245      -219.68681
     50.395      -219.64279
     50.545      -219.59882
     50.695      -219.55551
     50.845      -219.51190
     50.995      -219.46882
     51.145      -219.42577
     51.295      -219.38296
     51.445      -219.34021
     51.595      -219.29739
     51.745      -219.25501
     51.895      -219.21275
     52.045      -219.16984
     52.195      -219.12767
     52.345      -219.08565
     52.495      -219.04337
     52.645      -219.00109
     52.795      -218.95931
     52.945      -218.91776
     53.095      -218.87608
     53.245      -218.83446
     53.395      -218.79296
     53.545      -218.75179
     53.695      -218.71076
     53.845      -218.66999
     53.995      -218.62942
     54.145      -218.58830
     54.295      -218.54750
     54.445      -218.50707
     54.595      -218.46660
     54.745      -218.42625
     54.895      -218.38594
     55.045      -218.34620
     55.195      -218.30603
     55.345      -218.26643
     55.495      -218.22645
     55.645      -218.18709
     55.795      -218.14781
     55.945      -218.10837
     56.095      -218.06922
     56.245      -218.03005
     56.395      -217.99095
     56.545      -217.95210
     56.695      -217.91333
     56.845      -217.87450
     56.995      -217.83604
     57.145      -217.79835
     57.295      -217.75981
     57.445      -217.72171
     57.595      -217.68334
     57.745      -217.64510
     57.895      -217.60713
     58.045      -217.56939
     58.195      -217.53171
     58.345      -217.49382
     58.495      -217.45657
     58.645      -217.41941
     58.795      -217.38218
     58.945      -217.34455
     59.095      -217.30729
     59.245      -217.26990
     59.395      -217.23301
     59.545      -217.19626
     59.695      -217.15939
     59.845      -217.12308
     59.995      -217.08617
     60.145      -217.04982
     70.939      -212.38645
     97.698      -207.76890
     134.55      -203.21554
     185.30      -198.72735
     255.20      -194.30832
     351.46      -189.96350
     484.04      -185.69679
     666.62      -181.50678
     918.07      -177.40290
     1264.4      -173.38001
     1741.3      -169.44234
     2398.1      -165.59707
     3302.7      -161.83846
     4548.5      -158.16640
     6264.3      -154.57819
     8627.2      -151.07432
     11881.      -147.65937
     16363.      -144.33199
     22535.      -141.10354
     31036.      -137.98249
     42743.      -134.97494
     58866.      -132.08930
     81070.      -129.32583
    0.11165E+06  -126.68041
    0.15377E+06  -124.15176
    0.21177E+06  -121.73438
    0.29165E+06  -119.42577
    0.40166E+06  -117.22210
    0.55317E+06  -115.11941
    0.76182E+06  -113.11170
    0.10492E+07  -111.19972
    0.14449E+07  -109.37691
    0.19900E+07  -107.63882
    0.27406E+07  -105.98145
    0.37744E+07  -104.40290
    0.51981E+07  -102.89800
    0.71589E+07  -101.46470
    0.98593E+07  -100.09661
    0.13578E+08   -98.79363
    0.18700E+08   -97.55254
    0.25754E+08   -96.37152
    0.35468E+08   -95.25256
    0.48847E+08   -94.20125
    0.67273E+08   -93.21937
    0.92648E+08   -92.30609
    0.12760E+09   -91.45457
    0.17573E+09   -90.65804
    0.24201E+09   -89.91049
    0.33330E+09   -89.21036
    0.45902E+09   -88.55312
    0.63217E+09   -87.95157
    0.87062E+09   -87.40493
    0.11990E+10   -86.90286
    0.16513E+10   -86.44017
    0.22742E+10   -86.01338
    0.31320E+10   -85.61990
    0.43134E+10   -85.25673
    0.59405E+10   -84.92140
    0.81813E+10   -84.61201
    0.11267E+11   -84.32609
    0.15517E+11   -84.06157
    0.21371E+11   -83.81828
    0.29432E+11   -83.59309
    0.40534E+11   -83.38561
    0.55823E+11   -83.19388
    0.10000E+12   -80.88874
