    -29.945        1     0.00000
    -29.795        1     0.00000
    -29.645        1     0.00000
    -29.495        1     0.00000
    -29.345        1     0.00000
    -29.195        1     0.00000
    -29.045        1     0.00000
    -28.895        1     0.00000
    -28.745        1     0.00000
    -28.595        1     0.00000
    -28.445        1     0.00000
    -28.295        1     0.00000
    -28.145        1     0.00000
    -27.995        1     0.00000
    -27.845        1     0.00000
    -27.695        1     0.00000
    -27.545        1     0.00000
    -27.395        1     0.00000
    -27.245        1     0.00000
    -27.095        1     0.00000
    -26.945        1     0.00000
    -26.795        1     0.00000
    -26.645        1     0.00000
    -26.495        1     0.00000
    -26.345        1     0.00000
    -26.195        1     0.00000
    -26.045        1     0.00000
    -25.895        1     0.00000
    -25.745        1     0.00000
    -25.595        1     0.00000
    -25.445        1     0.00000
    -25.295        1     0.00000
    -25.145        1     0.00000
    -24.995        1     0.00000
    -24.845        1     0.00000
    -24.695        1     0.00000
    -24.545        1     0.00000
    -24.395        1     0.00000
    -24.245        1     0.00000
    -24.095        1     0.00000
    -23.945        1     0.00000
    -23.795        1     0.00000
    -23.645        1     0.00000
    -23.495        1    -0.00000
    -23.345        1    -0.00000
    -23.195        1    -0.00000
    -23.045        1    -0.00000
    -22.895        1    -0.00000
    -22.745        1    -0.00000
    -22.595        1    -0.00000
    -22.445        1    -0.00000
    -22.295        1    -0.00000
    -22.145        1    -0.00000
    -21.995        1    -0.00000
    -21.845        1    -0.00000
    -21.695        1    -0.00000
    -21.545        1    -0.00000
    -21.395        1    -0.00000
    -21.245        1    -0.00000
    -21.095        1    -0.00036
    -20.945        1    -0.00053
    -20.795        1    -0.00088
    -20.645        1    -0.00138
    -20.495        1    -0.00241
    -20.345        1    -0.00461
    -20.195        1    -0.00695
    -20.045        1    -0.01020
    -19.895        1    -0.01425
    -19.745        1    -0.02070
    -19.595        1    -0.02666
    -19.445        1    -0.03707
    -19.295        1    -0.04846
    -19.145        1    -0.06253
    -18.995        1    -0.08115
    -18.845        1    -0.10217
    -18.695        1    -0.12609
    -18.545        1    -0.15444
    -18.395        1    -0.18934
    -18.245        1    -0.23113
    -18.095        1    -0.28374
    -17.945        1    -0.33808
    -17.795        1    -0.40644
    -17.645        1    -0.48252
    -17.495        1    -0.56654
    -17.345        1    -0.66898
    -17.195        1    -0.77532
    -17.045        1    -0.89532
    -16.895        1    -1.02787
    -16.745        1    -1.18158
    -16.595        1    -1.35440
    -16.445        1    -1.53247
    -16.295        1    -1.72387
    -16.145        1    -1.92628
    -15.995        1    -2.14530
    -15.845        1    -2.38550
    -15.695        1    -2.63340
    -15.545        1    -2.88226
    -15.395        1    -3.14451
    -15.245        1    -3.42515
    -15.095        1    -3.71924
    -14.945        1    -4.01079
    -14.795        1    -4.30356
    -14.645        1    -4.60206
    -14.495        1    -4.90869
    -14.345        1    -5.21409
    -14.195        1    -5.51353
    -14.045        1    -5.79910
    -13.895        1    -6.07821
    -13.745        1    -6.36142
    -13.595        1    -6.64640
    -13.445        1    -6.91810
    -13.295        1    -7.18405
    -13.145        1    -7.44557
    -12.995        1    -7.70281
    -12.845        1    -7.94258
    -12.695        1    -8.18526
    -12.545        1    -8.42095
    -12.395        1    -8.65236
    -12.245        1    -8.87875
    -12.095        1    -9.09906
    -11.945        1    -9.31825
    -11.795        1    -9.53484
    -11.645        1    -9.73568
    -11.495        1    -9.94857
    -11.345        1   -10.15190
    -11.195        1   -10.35161
    -11.045        1   -10.53478
    -10.895        1   -10.73907
    -10.745        1   -10.92142
    -10.595        1   -11.10271
    -10.445        1   -11.27815
    -10.295        1   -11.45517
    -10.145        1   -11.63195
    -9.9950        1   -11.81710
    -9.8450        1   -11.98985
    -9.6950        1   -12.16364
    -9.5450        1   -12.33009
    -9.3950        1   -12.50374
    -9.2450        1   -12.67123
    -9.0950        1   -12.84042
    -8.9450        1   -13.01092
    -8.7950        1   -13.18772
    -8.6450        1   -13.36159
    -8.4950        1   -13.54063
    -8.3450        1   -13.71655
    -8.1950        1   -13.90107
    -8.0450        1   -14.08452
    -7.8950        1   -14.26988
    -7.7450        1   -14.46038
    -7.5950        1   -14.65017
    -7.4450        1   -14.84090
    -7.2950        1   -15.03527
    -7.1450        1   -15.23468
    -6.9950        1   -15.43253
    -6.8450        1   -15.63499
    -6.6950        1   -15.83366
    -6.5450        1   -16.03856
    -6.3950        1   -16.23770
    -6.2450        1   -16.43490
    -6.0950        1   -16.63074
    -5.9450        1   -16.82997
    -5.7950        1   -17.03001
    -5.6450        1   -17.22924
    -5.4950        1   -17.43176
    -5.3450        1   -17.63382
    -5.1950        1   -17.83562
    -5.0450        1   -18.04637
    -4.8950        1   -18.25466
    -4.7450        1   -18.47788
    -4.5950        1   -18.70025
    -4.4450        1   -18.93294
    -4.2950        1   -19.17290
    -4.1450        1   -19.41910
    -3.9950        1   -19.68139
    -3.8450        1   -19.95535
    -3.6950        1   -20.24210
    -3.5450        1   -20.54435
    -3.3950        1   -20.87201
    -3.2450        1   -21.21410
    -3.0950        1   -21.58718
    -2.9450        1   -21.98887
    -2.7950        1   -22.42159
    -2.6450        1   -22.88482
    -2.4950        1   -23.37755
    -2.3450        1   -23.89573
    -2.1950        1   -24.43664
    -2.0450        1   -24.99395
    -1.8950        1   -25.56545
    -1.7450        1   -26.13926
    -1.5950        1   -26.71695
    -1.4450        1   -27.28496
    -1.2950        1   -27.85032
    -1.1450        1   -28.41910
   -0.99500        1   -28.99318
   -0.84500        1   -29.58153
   -0.69500        1   -30.20472
   -0.54500        1   -30.88469
   -0.39500        1   -31.66979
   -0.25300        1   -32.25763
   -0.21500        1   -32.29687
   -0.20900        1   -32.33651
   -0.20300        1   -32.37676
   -0.19700        1   -32.41746
   -0.19100        1   -32.45882
   -0.18500        1   -32.50084
   -0.17900        1   -32.54329
   -0.17300        1   -32.58665
   -0.16700        1   -32.63047
   -0.16100        1   -32.67514
   -0.15500        1   -32.72045
   -0.14900        1   -32.76691
   -0.14300        1   -32.81416
   -0.13700        1   -32.86243
   -0.13100        1   -32.91197
   -0.12500        1   -32.96295
   -0.11900        1   -33.01520
   -0.11300        1   -33.06934
   -0.10700        1   -33.12539
   -0.10100        1   -33.18345
   -0.95000E-01    1   -33.24387
   -0.89000E-01    1   -33.30741
   -0.83000E-01    1   -33.37411
   -0.77000E-01    1   -33.44460
   -0.71000E-01    1   -33.51983
   -0.65000E-01    1   -33.60026
   -0.59000E-01    1   -33.68723
   -0.53000E-01    1   -33.78257
   -0.47000E-01    1   -33.88951
   -0.41000E-01    1   -34.01127
   -0.35000E-01    1   -34.15230
   -0.29000E-01    1   -34.31978
   -0.23000E-01    1   -34.52544
   -0.19700E-01    1   -34.54840
   -0.19100E-01    1   -34.57195
   -0.18500E-01    1   -34.59602
   -0.17900E-01    1   -34.62071
   -0.17300E-01    1   -34.64600
   -0.16700E-01    1   -34.67186
   -0.16100E-01    1   -34.69838
   -0.15500E-01    1   -34.72543
   -0.14900E-01    1   -34.75314
   -0.14300E-01    1   -34.78158
   -0.13700E-01    1   -34.81072
   -0.13100E-01    1   -34.84055
   -0.12500E-01    1   -34.87107
   -0.11900E-01    1   -34.90236
   -0.11300E-01    1   -34.93445
   -0.10700E-01    1   -34.96723
   -0.10100E-01    1   -35.00066
   -0.95000E-02    1   -35.03475
   -0.89000E-02    1   -35.06935
   -0.83000E-02    1   -35.10438
   -0.77000E-02    1   -35.13986
   -0.71000E-02    1   -35.17565
   -0.65000E-02    1   -35.21167
   -0.59000E-02    1   -35.24728
   -0.53000E-02    1   -35.28193
   -0.47000E-02    1   -35.31500
   -0.41000E-02    1   -35.34566
   -0.35000E-02    1   -35.37316
   -0.29000E-02    1   -35.39692
   -0.23000E-02    1   -35.41637
   -0.17000E-02    1   -35.43113
   -0.11000E-02    1   -35.44082
   -0.50000E-03    1   -35.44525
    0.10000E-03    1   -35.44437
    0.70000E-03    1   -35.43818
    0.13000E-02    1   -35.42679
    0.19000E-02    1   -35.41047
    0.25000E-02    1   -35.38958
    0.31000E-02    1   -35.36457
    0.37000E-02    1   -35.33597
    0.43000E-02    1   -35.30449
    0.49000E-02    1   -35.27082
    0.55000E-02    1   -35.23578
    0.61000E-02    1   -35.20005
    0.67000E-02    1   -35.16416
    0.73000E-02    1   -35.12864
    0.79000E-02    1   -35.09356
    0.85000E-02    1   -35.05901
    0.91000E-02    1   -35.02502
    0.97000E-02    1   -34.99163
    0.10300E-01    1   -34.95884
    0.10900E-01    1   -34.92674
    0.11500E-01    1   -34.89544
    0.12100E-01    1   -34.86488
    0.12700E-01    1   -34.83506
    0.13300E-01    1   -34.80595
    0.13900E-01    1   -34.77759
    0.14500E-01    1   -34.74997
    0.15100E-01    1   -34.72297
    0.15700E-01    1   -34.69658
    0.16300E-01    1   -34.67080
    0.16900E-01    1   -34.64556
    0.17500E-01    1   -34.62104
    0.18100E-01    1   -34.59695
    0.18700E-01    1   -34.57351
    0.19300E-01    1   -34.55057
    0.20200E-01    1   -34.46584
    0.25000E-01    1   -34.27655
    0.31000E-01    1   -34.12098
    0.37000E-01    1   -33.98975
    0.43000E-01    1   -33.87714
    0.49000E-01    1   -33.77886
    0.55000E-01    1   -33.69144
    0.61000E-01    1   -33.61273
    0.67000E-01    1   -33.54057
    0.73000E-01    1   -33.47455
    0.79000E-01    1   -33.41326
    0.85000E-01    1   -33.35684
    0.91000E-01    1   -33.30395
    0.97000E-01    1   -33.25415
    0.10300        1   -33.20777
    0.10900        1   -33.16391
    0.11500        1   -33.12228
    0.12100        1   -33.08331
    0.12700        1   -33.04635
    0.13300        1   -33.01106
    0.13900        1   -32.97752
    0.14500        1   -32.94564
    0.15100        1   -32.91521
    0.15700        1   -32.88623
    0.16300        1   -32.85856
    0.16900        1   -32.83165
    0.17500        1   -32.80629
    0.18100        1   -32.78186
    0.18700        1   -32.75828
    0.19300        1   -32.73602
    0.19900        1   -32.71466
    0.20500        1   -32.69417
    0.21100        1   -32.67478
    0.21700        1   -32.65585
    0.29500        1   -32.32444
    0.44500        1   -32.15361
    0.59500        1   -32.04008
    0.74500        1   -31.95362
    0.89500        1   -31.88005
     1.0450        1   -31.81606
     1.1950        1   -31.75860
     1.3450        1   -31.70638
     1.4950        1   -31.65781
     1.6450        1   -31.61196
     1.7950        1   -31.56990
     1.9450        1   -31.52964
     2.0950        1   -31.49188
     2.2450        1   -31.45468
     2.3950        1   -31.41910
     2.5450        1   -31.38667
     2.6950        1   -31.35475
     2.8450        1   -31.32449
     2.9950        1   -31.29644
     3.1450        1   -31.27036
     3.2950        1   -31.24515
     3.4450        1   -31.22175
     3.5950        1   -31.19934
     3.7450        1   -31.17797
     3.8950        1   -31.15803
     4.0450        1   -31.13834
     4.1950        1   -31.12068
     4.3450        1   -31.10313
     4.4950        1   -31.08624
     4.6450        1   -31.06997
     4.7950        1   -31.05477
     4.9450        1   -31.04010
     5.0950        1   -31.02626
     5.2450        1   -31.01259
     5.3950        1   -30.99884
     5.5450        1   -30.98494
     5.6950        1   -30.97194
     5.8450        1   -30.95946
     5.9950        1   -30.94728
     6.1450        1   -30.93613
     6.2950        1   -30.92400
     6.4450        1   -30.91308
     6.5950        1   -30.90158
     6.7450        1   -30.89042
     6.8950        1   -30.87959
     7.0450        1   -30.86860
     7.1950        1   -30.85871
     7.3450        1   -30.84870
     7.4950        1   -30.83858
     7.6450        1   -30.82907
     7.7950        1   -30.81967
     7.9450        1   -30.81011
     8.0950        1   -30.80091
     8.2450        1   -30.79176
     8.3950        1   -30.78255
     8.5450        1   -30.77387
     8.6950        1   -30.76525
     8.8450        1   -30.75660
     8.9950        1   -30.74834
     9.1450        1   -30.74004
     9.2950        1   -30.73184
     9.4450        1   -30.72354
     9.5950        1   -30.71560
     9.7450        1   -30.70804
     9.8950        1   -30.70040
     10.045        1   -30.69290
     10.195        1   -30.68537
     10.345        1   -30.67797
     10.495        1   -30.67035
     10.645        1   -30.66298
     10.795        1   -30.65578
     10.945        1   -30.64860
     11.095        1   -30.64158
     11.245        1   -30.63463
     11.395        1   -30.62774
     11.545        1   -30.62108
     11.695        1   -30.61419
     11.845        1   -30.60767
     11.995        1   -30.60130
     12.145        1   -30.59480
     12.295        1   -30.58824
     12.445        1   -30.58182
     12.595        1   -30.57578
     12.745        1   -30.56959
     12.895        1   -30.56345
     13.045        1   -30.55748
     13.195        1   -30.55179
     13.345        1   -30.54575
     13.495        1   -30.53993
     13.645        1   -30.53413
     13.795        1   -30.52840
     13.945        1   -30.52287
     14.095        1   -30.51700
     14.245        1   -30.51157
     14.395        1   -30.50589
     14.545        1   -30.50025
     14.695        1   -30.49469
     14.845        1   -30.48939
     14.995        1   -30.48408
     15.145        1   -30.47875
     15.295        1   -30.47368
     15.445        1   -30.46820
     15.595        1   -30.46277
     15.745        1   -30.45761
     15.895        1   -30.45217
     16.045        1   -30.44705
     16.195        1   -30.44199
     16.345        1   -30.43695
     16.495        1   -30.43197
     16.645        1   -30.42693
     16.795        1   -30.42184
     16.945        1   -30.41705
     17.095        1   -30.41200
     17.245        1   -30.40705
     17.395        1   -30.40192
     17.545        1   -30.39700
     17.695        1   -30.39255
     17.845        1   -30.38783
     17.995        1   -30.38339
     18.145        1   -30.37898
     18.295        1   -30.37424
     18.445        1   -30.36985
     18.595        1   -30.36511
     18.745        1   -30.36076
     18.895        1   -30.35624
     19.045        1   -30.35194
     19.195        1   -30.34782
     19.345        1   -30.34348
     19.495        1   -30.33889
     19.645        1   -30.33473
     19.795        1   -30.33030
     19.945        1   -30.32594
     20.095        1   -30.32185
     20.245        1   -30.31779
     20.395        1   -30.31364
     20.545        1   -30.30968
     20.695        1   -30.30550
     20.845        1   -30.30159
     20.995        1   -30.29751
     21.145        1   -30.29362
     21.295        1   -30.28965
     21.445        1   -30.28567
     21.595        1   -30.28195
     21.745        1   -30.27773
     21.895        1   -30.27382
     22.045        1   -30.26998
     22.195        1   -30.26628
     22.345        1   -30.26249
     22.495        1   -30.25900
     22.645        1   -30.25521
     22.795        1   -30.25142
     22.945        1   -30.24777
     23.095        1   -30.24403
     23.245        1   -30.24054
     23.395        1   -30.23681
     23.545        1   -30.23313
     23.695        1   -30.22957
     23.845        1   -30.22600
     23.995        1   -30.22244
     24.145        1   -30.21918
     24.295        1   -30.21576
     24.445        1   -30.21241
     24.595        1   -30.20899
     24.745        1   -30.20546
     24.895        1   -30.20195
     25.045        1   -30.19844
     25.195        1   -30.19488
     25.345        1   -30.19157
     25.495        1   -30.18827
     25.645        1   -30.18495
     25.795        1   -30.18153
     25.945        1   -30.17825
     26.095        1   -30.17506
     26.245        1   -30.17180
     26.395        1   -30.16854
     26.545        1   -30.16562
     26.695        1   -30.16261
     26.845        1   -30.15935
     26.995        1   -30.15629
     27.145        1   -30.15310
     27.295        1   -30.14992
     27.445        1   -30.14685
     27.595        1   -30.14369
     27.745        1   -30.14057
     27.895        1   -30.13748
     28.045        1   -30.13454
     28.195        1   -30.13152
     28.345        1   -30.12836
     28.495        1   -30.12523
     28.645        1   -30.12209
     28.795        1   -30.11904
     28.945        1   -30.11620
     29.095        1   -30.11321
     29.245        1   -30.11024
     29.395        1   -30.10721
     29.545        1   -30.10418
     29.695        1   -30.10146
     29.845        1   -30.09885
     29.995        1   -30.09614
     30.145        1   -30.09322
     30.295        1   -30.09030
     30.445        1   -30.08747
     30.595        1   -30.08451
     30.745        1   -30.08154
     30.895        1   -30.07890
     31.045        1   -30.07622
     31.195        1   -30.07336
     31.345        1   -30.07063
     31.495        1   -30.06785
     31.645        1   -30.06506
     31.795        1   -30.06233
     31.945        1   -30.05947
     32.095        1   -30.05693
     32.245        1   -30.05431
     32.395        1   -30.05178
     32.545        1   -30.04912
     32.695        1   -30.04657
     32.845        1   -30.04398
     32.995        1   -30.04131
     33.145        1   -30.03862
     33.295        1   -30.03603
     33.445        1   -30.03342
     33.595        1   -30.03085
     33.745        1   -30.02842
     33.895        1   -30.02592
     34.045        1   -30.02336
     34.195        1   -30.02092
     34.345        1   -30.01848
     34.495        1   -30.01598
     34.645        1   -30.01348
     34.795        1   -30.01093
     34.945        1   -30.00853
     35.095        1   -30.00625
     35.245        1   -30.00364
     35.395        1   -30.00127
     35.545        1   -29.99881
     35.695        1   -29.99636
     35.845        1   -29.99403
     35.995        1   -29.99146
     36.145        1   -29.98902
     36.295        1   -29.98677
     36.445        1   -29.98439
     36.595        1   -29.98192
     36.745        1   -29.97952
     36.895        1   -29.97701
     37.045        1   -29.97453
     37.195        1   -29.97217
     37.345        1   -29.96988
     37.495        1   -29.96771
     37.645        1   -29.96527
     37.795        1   -29.96297
     37.945        1   -29.96068
     38.095        1   -29.95824
     38.245        1   -29.95593
     38.395        1   -29.95363
     38.545        1   -29.95131
     38.695        1   -29.94915
     38.845        1   -29.94700
     38.995        1   -29.94474
     39.145        1   -29.94236
     39.295        1   -29.94018
     39.445        1   -29.93800
     39.595        1   -29.93566
     39.745        1   -29.93351
     39.895        1   -29.93116
     40.045        1   -29.92904
     40.195        1   -29.92691
     40.345        1   -29.92485
     40.495        1   -29.92264
     40.645        1   -29.92056
     40.795        1   -29.91838
     40.945        1   -29.91620
     41.095        1   -29.91408
     41.245        1   -29.91182
     41.395        1   -29.90992
     41.545        1   -29.90777
     41.695        1   -29.90572
     41.845        1   -29.90357
     41.995        1   -29.90156
     42.145        1   -29.89951
     42.295        1   -29.89751
     42.445        1   -29.89537
     42.595        1   -29.89329
     42.745        1   -29.89115
     42.895        1   -29.88908
     43.045        1   -29.88697
     43.195        1   -29.88492
     43.345        1   -29.88283
     43.495        1   -29.88076
     43.645        1   -29.87868
     43.795        1   -29.87659
     43.945        1   -29.87466
     44.095        1   -29.87266
     44.245        1   -29.87064
     44.395        1   -29.86862
     44.545        1   -29.86673
     44.695        1   -29.86488
     44.845        1   -29.86288
     44.995        1   -29.86101
     45.145        1   -29.85915
     45.295        1   -29.85710
     45.445        1   -29.85526
     45.595        1   -29.85334
     45.745        1   -29.85140
     45.895        1   -29.84947
     46.045        1   -29.84750
     46.195        1   -29.84569
     46.345        1   -29.84376
     46.495        1   -29.84179
     46.645        1   -29.83978
     46.795        1   -29.83804
     46.945        1   -29.83613
     47.095        1   -29.83430
     47.245        1   -29.83240
     47.395        1   -29.83049
     47.545        1   -29.82864
     47.695        1   -29.82680
     47.845        1   -29.82490
     47.995        1   -29.82312
     48.145        1   -29.82116
     48.295        1   -29.81929
     48.445        1   -29.81749
     48.595        1   -29.81565
     48.745        1   -29.81379
     48.895        1   -29.81190
     49.045        1   -29.81018
     49.195        1   -29.80848
     49.345        1   -29.80667
     49.495        1   -29.80487
     49.645        1   -29.80302
     49.795        1   -29.80126
     49.945        1   -29.79932
     50.095        1   -29.79762
     50.245        1   -29.79574
     50.395        1   -29.79400
     50.545        1   -29.79233
     50.695        1   -29.79056
     50.845        1   -29.78868
     50.995        1   -29.78708
     51.145        1   -29.78538
     51.295        1   -29.78362
     51.445        1   -29.78193
     51.595        1   -29.78015
     51.745        1   -29.77831
     51.895        1   -29.77663
     52.045        1   -29.77499
     52.195        1   -29.77315
     52.345        1   -29.77140
     52.495        1   -29.76987
     52.645        1   -29.76812
     52.795        1   -29.76649
     52.945        1   -29.76493
     53.095        1   -29.76320
     53.245        1   -29.76159
     53.395        1   -29.75991
     53.545        1   -29.75822
     53.695        1   -29.75652
     53.845        1   -29.75493
     53.995        1   -29.75316
     54.145        1   -29.75165
     54.295        1   -29.75004
     54.445        1   -29.74841
     54.595        1   -29.74668
     54.745        1   -29.74493
     54.895        1   -29.74328
     55.045        1   -29.74158
     55.195        1   -29.74006
     55.345        1   -29.73839
     55.495        1   -29.73683
     55.645        1   -29.73530
     55.795        1   -29.73368
     55.945        1   -29.73201
     56.095        1   -29.73041
     56.245        1   -29.72898
     56.395        1   -29.72742
     56.545        1   -29.72582
     56.695        1   -29.72423
     56.845        1   -29.72267
     56.995        1   -29.72110
     57.145        1   -29.71951
     57.295        1   -29.71799
     57.445        1   -29.71652
     57.595        1   -29.71503
     57.745        1   -29.71360
     57.895        1   -29.71209
     58.045        1   -29.71063
     58.195        1   -29.70907
     58.345        1   -29.70760
     58.495        1   -29.70612
     58.645        1   -29.70477
     58.795        1   -29.70321
     58.945        1   -29.70185
     59.095        1   -29.70036
     59.245        1   -29.69899
     59.395        1   -29.69748
     59.545        1   -29.69597
     59.695        1   -29.69451
     59.845        1   -29.69300
     59.995        1   -29.69156
     60.145        1   -29.69000
     70.939        1   -29.49900
     97.698        1   -29.30610
     134.55        1   -29.11586
     185.30        1   -28.92390
     255.20        1   -28.73445
     351.46        1   -28.54532
     484.04        1   -28.35932
     666.62        1   -28.17451
     918.07        1   -27.99190
     1264.4        1   -27.81073
     1741.3        1   -27.63229
     2398.1        1   -27.45645
     3302.7        1   -27.28286
     4548.5        1   -27.11216
     6264.3        1   -26.94377
     8627.2        1   -26.77745
     11881.        1   -26.61320
     16363.        1   -26.45080
     22535.        1   -26.29086
     31036.        1   -26.13276
     42743.        1   -25.97685
     58866.        1   -25.82321
     81070.        1   -25.67161
    0.11165E+06    1   -25.52197
    0.15377E+06    1   -25.37272
    0.21177E+06    1   -25.22614
    0.29165E+06    1   -25.08011
    0.40166E+06    1   -24.93591
    0.55317E+06    1   -24.79202
    0.76182E+06    1   -24.64931
    0.10492E+07    1   -24.50692
    0.14449E+07    1   -24.36475
    0.19900E+07    1   -24.22336
    0.27406E+07    1   -24.08231
    0.37744E+07    1   -23.93979
    0.51981E+07    1   -23.79720
    0.71589E+07    1   -23.65380
    0.98593E+07    1   -23.51005
    0.13578E+08    1   -23.36512
    0.18700E+08    1   -23.22015
    0.25754E+08    1   -23.07454
    0.35468E+08    1   -22.92970
    0.48847E+08    1   -22.78734
    0.67273E+08    1   -22.64842
    0.92648E+08    1   -22.51307
    0.12760E+09    1   -22.38145
    0.17573E+09    1   -22.25318
    0.24201E+09    1   -22.12881
    0.33330E+09    1   -22.00910
    0.45902E+09    1   -21.89494
    0.63217E+09    1   -21.78776
    0.87062E+09    1   -21.68679
    0.11990E+10    1   -21.59231
    0.16513E+10    1   -21.50439
    0.22742E+10    1   -21.42251
    0.31320E+10    1   -21.34651
    0.43134E+10    1   -21.27548
    0.59405E+10    1   -21.20886
    0.81813E+10    1   -21.14728
    0.11267E+11    1   -21.08953
    0.15517E+11    1   -21.03598
    0.21371E+11    1   -20.98631
    0.29432E+11    1   -20.93987
    0.40534E+11    1   -20.89693
    0.55823E+11    1   -20.85702
    0.10000E+12    1   -20.35781
    -149.95        2     0.00000
    -149.79        2     0.00000
    -149.65        2     0.00000
    -149.49        2     0.00000
    -149.34        2     0.00000
    -149.20        2     0.00000
    -149.04        2     0.00000
    -148.90        2     0.00000
    -148.74        2     0.00000
    -148.59        2     0.00000
    -148.45        2     0.00000
    -148.29        2     0.00000
    -148.15        2     0.00000
    -147.99        2     0.00000
    -147.84        2     0.00000
    -147.70        2     0.00000
    -147.54        2     0.00000
    -147.40        2     0.00000
    -147.24        2     0.00000
    -147.09        2     0.00000
    -146.95        2     0.00000
    -146.79        2     0.00000
    -146.65        2     0.00000
    -146.49        2     0.00000
    -146.34        2     0.00000
    -146.20        2     0.00000
    -146.04        2     0.00000
    -145.90        2     0.00000
    -145.74        2     0.00000
    -145.59        2     0.00000
    -145.45        2     0.00000
    -145.29        2     0.00000
    -145.15        2     0.00000
    -144.99        2     0.00000
    -144.84        2     0.00000
    -144.70        2     0.00000
    -144.54        2     0.00000
    -144.40        2     0.00000
    -144.24        2     0.00000
    -144.09        2     0.00000
    -143.95        2     0.00000
    -143.79        2     0.00000
    -143.65        2     0.00000
    -143.49        2     0.00000
    -143.34        2     0.00000
    -143.20        2     0.00000
    -143.04        2     0.00000
    -142.90        2     0.00000
    -142.74        2     0.00000
    -142.59        2     0.00000
    -142.45        2     0.00000
    -142.29        2     0.00000
    -142.15        2     0.00000
    -141.99        2     0.00000
    -141.84        2     0.00000
    -141.70        2     0.00000
    -141.54        2     0.00000
    -141.40        2     0.00000
    -141.24        2     0.00000
    -141.09        2     0.00000
    -140.95        2     0.00000
    -140.79        2     0.00000
    -140.65        2     0.00000
    -140.49        2     0.00000
    -140.34        2     0.00000
    -140.20        2     0.00000
    -140.04        2     0.00000
    -139.90        2     0.00000
    -139.74        2     0.00000
    -139.59        2     0.00000
    -139.45        2     0.00000
    -139.29        2     0.00000
    -139.15        2     0.00000
    -138.99        2     0.00000
    -138.84        2     0.00000
    -138.70        2     0.00000
    -138.54        2     0.00000
    -138.40        2     0.00000
    -138.24        2     0.00000
    -138.09        2     0.00000
    -137.95        2     0.00000
    -137.79        2     0.00000
    -137.65        2     0.00000
    -137.49        2     0.00000
    -137.34        2     0.00000
    -137.20        2     0.00000
    -137.04        2     0.00000
    -136.90        2     0.00000
    -136.74        2     0.00000
    -136.59        2     0.00000
    -136.45        2     0.00000
    -136.29        2     0.00000
    -136.15        2     0.00000
    -135.99        2     0.00000
    -135.84        2     0.00000
    -135.70        2     0.00000
    -135.54        2     0.00000
    -135.40        2     0.00000
    -135.24        2     0.00000
    -135.09        2     0.00000
    -134.95        2     0.00000
    -134.79        2     0.00000
    -134.65        2     0.00000
    -134.49        2     0.00000
    -134.34        2     0.00000
    -134.20        2     0.00000
    -134.04        2     0.00000
    -133.90        2     0.00000
    -133.74        2     0.00000
    -133.59        2     0.00000
    -133.45        2     0.00000
    -133.29        2     0.00000
    -133.15        2     0.00000
    -132.99        2     0.00000
    -132.84        2     0.00000
    -132.70        2     0.00000
    -132.54        2     0.00000
    -132.40        2     0.00000
    -132.24        2     0.00000
    -132.09        2     0.00000
    -131.95        2     0.00000
    -131.79        2     0.00000
    -131.65        2     0.00000
    -131.49        2     0.00000
    -131.34        2     0.00000
    -131.20        2     0.00000
    -131.04        2     0.00000
    -130.90        2     0.00000
    -130.74        2     0.00000
    -130.59        2     0.00000
    -130.45        2     0.00000
    -130.29        2     0.00000
    -130.15        2     0.00000
    -129.99        2     0.00000
    -129.84        2     0.00000
    -129.70        2     0.00000
    -129.54        2     0.00000
    -129.40        2     0.00000
    -129.24        2     0.00000
    -129.09        2     0.00000
    -128.95        2     0.00000
    -128.79        2     0.00000
    -128.65        2     0.00000
    -128.49        2     0.00000
    -128.34        2     0.00000
    -128.20        2     0.00000
    -128.04        2     0.00000
    -127.89        2     0.00000
    -127.75        2     0.00000
    -127.60        2     0.00000
    -127.44        2     0.00000
    -127.30        2     0.00000
    -127.14        2     0.00000
    -127.00        2     0.00000
    -126.85        2     0.00000
    -126.69        2     0.00000
    -126.55        2     0.00000
    -126.39        2     0.00000
    -126.25        2     0.00000
    -126.10        2     0.00000
    -125.94        2     0.00000
    -125.80        2     0.00000
    -125.64        2     0.00000
    -125.50        2     0.00000
    -125.35        2     0.00000
    -125.19        2     0.00000
    -125.05        2     0.00000
    -124.89        2     0.00000
    -124.75        2     0.00000
    -124.60        2     0.00000
    -124.44        2     0.00000
    -124.30        2     0.00000
    -124.14        2     0.00000
    -124.00        2     0.00000
    -123.85        2     0.00000
    -123.69        2     0.00000
    -123.55        2     0.00000
    -123.39        2     0.00000
    -123.25        2     0.00000
    -123.10        2     0.00000
    -122.94        2     0.00000
    -122.80        2     0.00000
    -122.64        2     0.00000
    -122.50        2     0.00000
    -122.35        2     0.00000
    -122.19        2     0.00000
    -122.05        2     0.00000
    -121.89        2     0.00000
    -121.75        2     0.00000
    -121.60        2     0.00000
    -121.44        2     0.00000
    -121.30        2     0.00000
    -121.14        2     0.00000
    -121.00        2     0.00000
    -120.85        2     0.00000
    -120.69        2     0.00000
    -120.55        2     0.00000
    -120.39        2     0.00000
    -120.25        2     0.00000
    -120.10        2     0.00000
    -119.94        2     0.00000
    -119.80        2     0.00000
    -119.64        2     0.00000
    -119.50        2     0.00000
    -119.35        2     0.00000
    -119.19        2     0.00000
    -119.05        2     0.00000
    -118.89        2     0.00000
    -118.75        2     0.00000
    -118.60        2     0.00000
    -118.44        2     0.00000
    -118.30        2     0.00000
    -118.14        2     0.00000
    -118.00        2     0.00000
    -117.85        2     0.00000
    -117.69        2     0.00000
    -117.55        2     0.00000
    -117.39        2     0.00000
    -117.25        2     0.00000
    -117.10        2     0.00000
    -116.94        2     0.00000
    -116.80        2     0.00000
    -116.64        2     0.00000
    -116.50        2     0.00000
    -116.35        2     0.00000
    -116.19        2     0.00000
    -116.05        2     0.00000
    -115.89        2     0.00000
    -115.75        2     0.00000
    -115.60        2     0.00000
    -115.44        2     0.00000
    -115.30        2     0.00000
    -115.14        2     0.00000
    -115.00        2     0.00000
    -114.85        2     0.00000
    -114.69        2     0.00000
    -114.55        2     0.00000
    -114.39        2     0.00000
    -114.25        2     0.00000
    -114.10        2     0.00000
    -113.94        2     0.00000
    -113.80        2     0.00000
    -113.64        2     0.00000
    -113.50        2     0.00000
    -113.35        2     0.00000
    -113.19        2     0.00000
    -113.05        2     0.00000
    -112.89        2     0.00000
    -112.75        2     0.00000
    -112.60        2     0.00000
    -112.44        2     0.00000
    -112.30        2     0.00000
    -112.14        2     0.00000
    -112.00        2     0.00000
    -111.85        2     0.00000
    -111.69        2     0.00000
    -111.55        2     0.00000
    -111.39        2     0.00000
    -111.25        2     0.00000
    -111.10        2     0.00000
    -110.94        2     0.00000
    -110.80        2     0.00000
    -110.64        2     0.00000
    -110.50        2     0.00000
    -110.35        2     0.00000
    -110.19        2     0.00000
    -110.05        2     0.00000
    -109.89        2     0.00000
    -109.75        2     0.00000
    -109.60        2     0.00000
    -109.44        2     0.00000
    -109.30        2     0.00000
    -109.14        2     0.00000
    -109.00        2     0.00000
    -108.85        2     0.00000
    -108.69        2     0.00000
    -108.55        2     0.00000
    -108.39        2     0.00000
    -108.25        2     0.00000
    -108.10        2     0.00000
    -107.94        2     0.00000
    -107.80        2     0.00000
    -107.64        2     0.00000
    -107.50        2     0.00000
    -107.35        2     0.00000
    -107.19        2     0.00000
    -107.05        2     0.00000
    -106.89        2     0.00000
    -106.75        2     0.00000
    -106.60        2     0.00000
    -106.44        2     0.00000
    -106.30        2     0.00000
    -106.14        2     0.00000
    -106.00        2     0.00000
    -105.85        2     0.00000
    -105.69        2     0.00000
    -105.55        2     0.00000
    -105.39        2     0.00000
    -105.25        2     0.00000
    -105.10        2     0.00000
    -104.94        2     0.00000
    -104.80        2     0.00000
    -104.64        2     0.00000
    -104.50        2     0.00000
    -104.35        2     0.00000
    -104.19        2     0.00000
    -104.05        2     0.00000
    -103.89        2     0.00000
    -103.75        2     0.00000
    -103.60        2     0.00000
    -103.44        2     0.00000
    -103.30        2     0.00000
    -103.14        2     0.00000
    -103.00        2     0.00000
    -102.85        2     0.00000
    -102.69        2     0.00000
    -102.55        2     0.00000
    -102.39        2     0.00000
    -102.25        2     0.00000
    -102.10        2     0.00000
    -101.94        2     0.00000
    -101.80        2     0.00000
    -101.64        2     0.00000
    -101.50        2     0.00000
    -101.35        2     0.00000
    -101.19        2     0.00000
    -101.05        2     0.00000
    -100.89        2     0.00000
    -100.75        2     0.00000
    -100.60        2     0.00000
    -100.44        2     0.00000
    -100.30        2     0.00000
    -100.14        2     0.00000
    -99.995        2     0.00000
    -99.845        2     0.00000
    -99.695        2     0.00000
    -99.545        2     0.00000
    -99.395        2     0.00000
    -99.245        2     0.00000
    -99.095        2     0.00000
    -98.945        2     0.00000
    -98.795        2     0.00000
    -98.645        2     0.00000
    -98.495        2     0.00000
    -98.345        2     0.00000
    -98.195        2     0.00000
    -98.045        2     0.00000
    -97.895        2     0.00000
    -97.745        2     0.00000
    -97.595        2     0.00000
    -97.445        2     0.00000
    -97.295        2     0.00000
    -97.145        2     0.00000
    -96.995        2     0.00000
    -96.845        2     0.00000
    -96.695        2     0.00000
    -96.545        2     0.00000
    -96.395        2     0.00000
    -96.245        2     0.00000
    -96.095        2     0.00000
    -95.945        2     0.00000
    -95.795        2     0.00000
    -95.645        2     0.00000
    -95.495        2     0.00000
    -95.345        2     0.00000
    -95.195        2     0.00000
    -95.045        2     0.00000
    -94.895        2     0.00000
    -94.745        2     0.00000
    -94.595        2     0.00000
    -94.445        2     0.00000
    -94.295        2     0.00000
    -94.145        2     0.00000
    -93.995        2     0.00000
    -93.845        2     0.00000
    -93.695        2     0.00000
    -93.545        2     0.00000
    -93.395        2     0.00000
    -93.245        2     0.00000
    -93.095        2     0.00000
    -92.945        2     0.00000
    -92.795        2     0.00000
    -92.645        2     0.00000
    -92.495        2     0.00000
    -92.345        2     0.00000
    -92.195        2     0.00000
    -92.045        2     0.00000
    -91.895        2     0.00000
    -91.745        2     0.00000
    -91.595        2     0.00000
    -91.445        2     0.00000
    -91.295        2     0.00000
    -91.145        2     0.00000
    -90.995        2     0.00000
    -90.845        2     0.00000
    -90.695        2     0.00000
    -90.545        2     0.00000
    -90.395        2     0.00000
    -90.245        2     0.00000
    -90.095        2     0.00000
    -89.945        2     0.00000
    -89.795        2     0.00000
    -89.645        2     0.00000
    -89.495        2     0.00000
    -89.345        2     0.00000
    -89.195        2     0.00000
    -89.045        2     0.00000
    -88.895        2     0.00000
    -88.745        2     0.00000
    -88.595        2     0.00000
    -88.445        2     0.00000
    -88.295        2     0.00000
    -88.145        2     0.00000
    -87.995        2     0.00000
    -87.845        2     0.00000
    -87.695        2     0.00000
    -87.545        2     0.00000
    -87.395        2     0.00000
    -87.245        2     0.00000
    -87.095        2     0.00000
    -86.945        2     0.00000
    -86.795        2     0.00000
    -86.645        2     0.00000
    -86.495        2     0.00000
    -86.345        2     0.00000
    -86.195        2     0.00000
    -86.045        2     0.00000
    -85.895        2     0.00000
    -85.745        2     0.00000
    -85.595        2     0.00000
    -85.445        2     0.00000
    -85.295        2     0.00000
    -85.145        2     0.00000
    -84.995        2     0.00000
    -84.845        2     0.00000
    -84.695        2     0.00000
    -84.545        2     0.00000
    -84.395        2     0.00000
    -84.245        2     0.00000
    -84.095        2     0.00000
    -83.945        2     0.00000
    -83.795        2     0.00000
    -83.645        2     0.00000
    -83.495        2     0.00000
    -83.345        2     0.00000
    -83.195        2     0.00000
    -83.045        2     0.00000
    -82.895        2     0.00000
    -82.745        2     0.00000
    -82.595        2     0.00000
    -82.445        2     0.00000
    -82.295        2     0.00000
    -82.145        2     0.00000
    -81.995        2     0.00000
    -81.845        2     0.00000
    -81.695        2     0.00000
    -81.545        2     0.00000
    -81.395        2     0.00000
    -81.245        2     0.00000
    -81.095        2     0.00000
    -80.945        2     0.00000
    -80.795        2     0.00000
    -80.645        2     0.00000
    -80.495        2     0.00000
    -80.345        2     0.00000
    -80.195        2     0.00000
    -80.045        2     0.00000
    -79.895        2     0.00000
    -79.745        2     0.00000
    -79.595        2     0.00000
    -79.445        2     0.00000
    -79.295        2     0.00000
    -79.145        2     0.00000
    -78.995        2     0.00000
    -78.845        2     0.00000
    -78.695        2     0.00000
    -78.545        2     0.00000
    -78.395        2     0.00000
    -78.245        2     0.00000
    -78.095        2     0.00000
    -77.945        2     0.00000
    -77.795        2     0.00000
    -77.645        2     0.00000
    -77.495        2     0.00000
    -77.345        2     0.00000
    -77.195        2     0.00000
    -77.045        2     0.00000
    -76.895        2     0.00000
    -76.745        2     0.00000
    -76.595        2     0.00000
    -76.445        2     0.00000
    -76.295        2     0.00000
    -76.145        2     0.00000
    -75.995        2     0.00000
    -75.845        2     0.00000
    -75.695        2     0.00000
    -75.545        2     0.00000
    -75.395        2     0.00000
    -75.245        2     0.00000
    -75.095        2     0.00000
    -74.945        2     0.00000
    -74.795        2     0.00000
    -74.645        2     0.00000
    -74.495        2     0.00000
    -74.345        2     0.00000
    -74.195        2     0.00000
    -74.045        2     0.00000
    -73.895        2     0.00000
    -73.745        2     0.00000
    -73.595        2     0.00000
    -73.445        2     0.00000
    -73.295        2     0.00000
    -73.145        2     0.00000
    -72.995        2     0.00000
    -72.845        2     0.00000
    -72.695        2     0.00000
    -72.545        2     0.00000
    -72.395        2     0.00000
    -72.245        2     0.00000
    -72.095        2     0.00000
    -71.945        2     0.00000
    -71.795        2     0.00000
    -71.645        2     0.00000
    -71.495        2     0.00000
    -71.345        2     0.00000
    -71.195        2     0.00000
    -71.045        2     0.00000
    -70.895        2     0.00000
    -70.745        2     0.00000
    -70.595        2     0.00000
    -70.445        2     0.00000
    -70.295        2     0.00000
    -70.145        2     0.00000
    -69.995        2     0.00000
    -69.845        2     0.00000
    -69.695        2     0.00000
    -69.545        2     0.00000
    -69.395        2     0.00000
    -69.245        2     0.00000
    -69.095        2     0.00000
    -68.945        2     0.00000
    -68.795        2     0.00000
    -68.645        2     0.00000
    -68.495        2     0.00000
    -68.345        2     0.00000
    -68.195        2     0.00000
    -68.045        2     0.00000
    -67.895        2     0.00000
    -67.745        2     0.00000
    -67.595        2     0.00000
    -67.445        2     0.00000
    -67.295        2     0.00000
    -67.145        2     0.00000
    -66.995        2     0.00000
    -66.845        2     0.00000
    -66.695        2     0.00000
    -66.545        2     0.00000
    -66.395        2     0.00000
    -66.245        2     0.00000
    -66.095        2     0.00000
    -65.945        2     0.00000
    -65.795        2     0.00000
    -65.645        2     0.00000
    -65.495        2     0.00000
    -65.345        2     0.00000
    -65.195        2     0.00000
    -65.045        2     0.00000
    -64.895        2     0.00000
    -64.745        2     0.00000
    -64.595        2     0.00000
    -64.445        2     0.00000
    -64.295        2     0.00000
    -64.145        2     0.00000
    -63.995        2     0.00000
    -63.845        2     0.00000
    -63.695        2     0.00000
    -63.545        2     0.00000
    -63.395        2     0.00000
    -63.245        2     0.00000
    -63.095        2     0.00000
    -62.945        2     0.00000
    -62.795        2     0.00000
    -62.645        2     0.00000
    -62.495        2     0.00000
    -62.345        2     0.00000
    -62.195        2     0.00000
    -62.045        2     0.00000
    -61.895        2     0.00000
    -61.745        2     0.00000
    -61.595        2     0.00000
    -61.445        2     0.00000
    -61.295        2     0.00000
    -61.145        2     0.00000
    -60.995        2     0.00000
    -60.845        2     0.00000
    -60.695        2     0.00000
    -60.545        2     0.00000
    -60.395        2     0.00000
    -60.245        2     0.00000
    -60.095        2     0.00000
    -59.945        2     0.00000
    -59.795        2     0.00000
    -59.645        2     0.00000
    -59.495        2     0.00000
    -59.345        2     0.00000
    -59.195        2     0.00000
    -59.045        2     0.00000
    -58.895        2     0.00000
    -58.745        2     0.00000
    -58.595        2     0.00000
    -58.445        2     0.00000
    -58.295        2     0.00000
    -58.145        2     0.00000
    -57.995        2     0.00000
    -57.845        2     0.00000
    -57.695        2     0.00000
    -57.545        2     0.00000
    -57.395        2     0.00000
    -57.245        2     0.00000
    -57.095        2     0.00000
    -56.945        2     0.00000
    -56.795        2     0.00000
    -56.645        2     0.00000
    -56.495        2     0.00000
    -56.345        2     0.00000
    -56.195        2     0.00000
    -56.045        2     0.00000
    -55.895        2     0.00000
    -55.745        2     0.00000
    -55.595        2     0.00000
    -55.445        2     0.00000
    -55.295        2     0.00000
    -55.145        2     0.00000
    -54.995        2     0.00000
    -54.845        2     0.00000
    -54.695        2     0.00000
    -54.545        2     0.00000
    -54.395        2     0.00000
    -54.245        2     0.00000
    -54.095        2     0.00000
    -53.945        2     0.00000
    -53.795        2     0.00000
    -53.645        2     0.00000
    -53.495        2     0.00000
    -53.345        2     0.00000
    -53.195        2     0.00000
    -53.045        2     0.00000
    -52.895        2     0.00000
    -52.745        2     0.00000
    -52.595        2     0.00000
    -52.445        2     0.00000
    -52.295        2     0.00000
    -52.145        2     0.00000
    -51.995        2     0.00000
    -51.845        2     0.00000
    -51.695        2     0.00000
    -51.545        2     0.00000
    -51.395        2     0.00000
    -51.245        2     0.00000
    -51.095        2     0.00000
    -50.945        2     0.00000
    -50.795        2     0.00000
    -50.645        2     0.00000
    -50.495        2     0.00000
    -50.345        2     0.00000
    -50.195        2     0.00000
    -50.045        2     0.00000
    -49.895        2     0.00000
    -49.745        2     0.00000
    -49.595        2     0.00000
    -49.445        2     0.00000
    -49.295        2     0.00000
    -49.145        2     0.00000
    -48.995        2     0.00000
    -48.845        2     0.00000
    -48.695        2     0.00000
    -48.545        2     0.00000
    -48.395        2     0.00000
    -48.245        2     0.00000
    -48.095        2     0.00000
    -47.945        2     0.00000
    -47.795        2     0.00000
    -47.645        2     0.00000
    -47.495        2     0.00000
    -47.345        2     0.00000
    -47.195        2     0.00000
    -47.045        2     0.00000
    -46.895        2     0.00000
    -46.745        2     0.00000
    -46.595        2     0.00000
    -46.445        2     0.00000
    -46.295        2     0.00000
    -46.145        2     0.00000
    -45.995        2     0.00000
    -45.845        2     0.00000
    -45.695        2     0.00000
    -45.545        2     0.00000
    -45.395        2     0.00000
    -45.245        2     0.00000
    -45.095        2     0.00000
    -44.945        2     0.00000
    -44.795        2     0.00000
    -44.645        2     0.00000
    -44.495        2     0.00000
    -44.345        2     0.00000
    -44.195        2     0.00000
    -44.045        2     0.00000
    -43.895        2     0.00000
    -43.745        2     0.00000
    -43.595        2     0.00000
    -43.445        2     0.00000
    -43.295        2     0.00000
    -43.145        2     0.00000
    -42.995        2     0.00000
    -42.845        2     0.00000
    -42.695        2     0.00000
    -42.545        2     0.00000
    -42.395        2     0.00000
    -42.245        2     0.00000
    -42.095        2     0.00000
    -41.945        2     0.00000
    -41.795        2     0.00000
    -41.645        2     0.00000
    -41.495        2     0.00000
    -41.345        2     0.00000
    -41.195        2     0.00000
    -41.045        2     0.00000
    -40.895        2     0.00000
    -40.745        2     0.00000
    -40.595        2     0.00000
    -40.445        2     0.00000
    -40.295        2     0.00000
    -40.145        2     0.00000
    -39.995        2     0.00000
    -39.845        2     0.00000
    -39.695        2     0.00000
    -39.545        2     0.00000
    -39.395        2     0.00000
    -39.245        2     0.00000
    -39.095        2     0.00000
    -38.945        2     0.00000
    -38.795        2     0.00000
    -38.645        2     0.00000
    -38.495        2     0.00000
    -38.345        2     0.00000
    -38.195        2     0.00000
    -38.045        2     0.00000
    -37.895        2     0.00000
    -37.745        2     0.00000
    -37.595        2     0.00000
    -37.445        2     0.00000
    -37.295        2     0.00000
    -37.145        2     0.00000
    -36.995        2     0.00000
    -36.845        2     0.00000
    -36.695        2     0.00000
    -36.545        2     0.00000
    -36.395        2     0.00000
    -36.245        2     0.00000
    -36.095        2     0.00000
    -35.945        2     0.00000
    -35.795        2     0.00000
    -35.645        2     0.00000
    -35.495        2     0.00000
    -35.345        2     0.00000
    -35.195        2     0.00000
    -35.045        2     0.00000
    -34.895        2     0.00000
    -34.745        2     0.00000
    -34.595        2     0.00000
    -34.445        2     0.00000
    -34.295        2     0.00000
    -34.145        2     0.00000
    -33.995        2     0.00000
    -33.845        2     0.00000
    -33.695        2     0.00000
    -33.545        2     0.00000
    -33.395        2     0.00000
    -33.245        2     0.00000
    -33.095        2     0.00000
    -32.945        2     0.00000
    -32.795        2     0.00000
    -32.645        2     0.00000
    -32.495        2     0.00000
    -32.345        2     0.00000
    -32.195        2     0.00000
    -32.045        2     0.00000
    -31.895        2     0.00000
    -31.745        2     0.00000
    -31.595        2     0.00000
    -31.445        2     0.00000
    -31.295        2     0.00000
    -31.145        2     0.00000
    -30.995        2     0.00000
    -30.845        2     0.00000
    -30.695        2     0.00000
    -30.545        2     0.00000
    -30.395        2     0.00000
    -30.245        2     0.00000
    -30.095        2     0.00000
    -29.945        2     0.00000
    -29.795        2     0.00000
    -29.645        2     0.00000
    -29.495        2     0.00000
    -29.345        2     0.00000
    -29.195        2     0.00000
    -29.045        2     0.00000
    -28.895        2     0.00000
    -28.745        2     0.00000
    -28.595        2     0.00000
    -28.445        2     0.00000
    -28.295        2     0.00000
    -28.145        2     0.00000
    -27.995        2     0.00000
    -27.845        2     0.00000
    -27.695        2     0.00000
    -27.545        2     0.00000
    -27.395        2     0.00000
    -27.245        2     0.00000
    -27.095        2     0.00000
    -26.945        2     0.00000
    -26.795        2     0.00000
    -26.645        2     0.00000
    -26.495        2     0.00000
    -26.345        2     0.00000
    -26.195        2     0.00000
    -26.045        2     0.00000
    -25.895        2     0.00000
    -25.745        2     0.00000
    -25.595        2     0.00000
    -25.445        2     0.00000
    -25.295        2     0.00000
    -25.145        2     0.00000
    -24.995        2     0.00000
    -24.845        2     0.00000
    -24.695        2     0.00000
    -24.545        2     0.00000
    -24.395        2     0.00000
    -24.245        2     0.00000
    -24.095        2     0.00000
    -23.945        2     0.00000
    -23.795        2     0.00000
    -23.645        2     0.00000
    -23.495        2     0.00000
    -23.345        2     0.00000
    -23.195        2     0.00000
    -23.045        2     0.00000
    -22.895        2     0.00000
    -22.745        2     0.00000
    -22.595        2     0.00000
    -22.445        2     0.00000
    -22.295        2     0.00000
    -22.145        2     0.00000
    -21.995        2     0.00000
    -21.845        2     0.00000
    -21.695        2     0.00000
    -21.545        2     0.00000
    -21.395        2     0.00000
    -21.245        2     0.00000
    -21.095        2     0.00000
    -20.945        2     0.00000
    -20.795        2     0.00000
    -20.645        2     0.00000
    -20.495        2     0.00000
    -20.345        2     0.00000
    -20.195        2     0.00000
    -20.045        2     0.00000
    -19.895        2     0.00000
    -19.745        2     0.00000
    -19.595        2     0.00000
    -19.445        2     0.00000
    -19.295        2     0.00000
    -19.145        2     0.00000
    -18.995        2     0.00000
    -18.845        2     0.00000
    -18.695        2     0.00000
    -18.545        2     0.00000
    -18.395        2     0.00000
    -18.245        2     0.00000
    -18.095        2     0.00000
    -17.945        2     0.00000
    -17.795        2     0.00000
    -17.645        2     0.00000
    -17.495        2     0.00000
    -17.345        2     0.00000
    -17.195        2     0.00000
    -17.045        2     0.00000
    -16.895        2     0.00000
    -16.745        2     0.00000
    -16.595        2    -0.00102
    -16.445        2    -0.00899
    -16.295        2    -0.04350
    -16.145        2    -0.11111
    -15.995        2    -0.22279
    -15.845        2    -0.37583
    -15.695        2    -0.60176
    -15.545        2    -0.88701
    -15.395        2    -1.23358
    -15.245        2    -1.62880
    -15.095        2    -2.08575
    -14.945        2    -2.60714
    -14.795        2    -3.19713
    -14.645        2    -3.88253
    -14.495        2    -4.66779
    -14.345        2    -5.55267
    -14.195        2    -6.51192
    -14.045        2    -7.53540
    -13.895        2    -8.61874
    -13.745        2    -9.75337
    -13.595        2   -10.94862
    -13.445        2   -12.16916
    -13.295        2   -13.43775
    -13.145        2   -14.71772
    -12.995        2   -16.01291
    -12.845        2   -17.32542
    -12.695        2   -18.66201
    -12.545        2   -19.95960
    -12.395        2   -21.24081
    -12.245        2   -22.47453
    -12.095        2   -23.66384
    -11.945        2   -24.81744
    -11.795        2   -25.91861
    -11.645        2   -26.99715
    -11.495        2   -28.02459
    -11.345        2   -29.06530
    -11.195        2   -30.08919
    -11.045        2   -31.10354
    -10.895        2   -32.14030
    -10.745        2   -33.17804
    -10.595        2   -34.23143
    -10.445        2   -35.32276
    -10.295        2   -36.45835
    -10.145        2   -37.59630
    -9.9950        2   -38.79548
    -9.8450        2   -40.01896
    -9.6950        2   -41.28564
    -9.5450        2   -42.59014
    -9.3950        2   -43.92220
    -9.2450        2   -45.31325
    -9.0950        2   -46.75232
    -8.9450        2   -48.22519
    -8.7950        2   -49.75426
    -8.6450        2   -51.34822
    -8.4950        2   -52.97305
    -8.3450        2   -54.65492
    -8.1950        2   -56.39456
    -8.0450        2   -58.17881
    -7.8950        2   -59.98685
    -7.7450        2   -61.85329
    -7.5950        2   -63.74742
    -7.4450        2   -65.69805
    -7.2950        2   -67.66195
    -7.1450        2   -69.63192
    -6.9950        2   -71.63563
    -6.8450        2   -73.66432
    -6.6950        2   -75.66303
    -6.5450        2   -77.66353
    -6.3950        2   -79.69730
    -6.2450        2   -81.74417
    -6.0950        2   -83.82408
    -5.9450        2   -85.92508
    -5.7950        2   -88.05956
    -5.6450        2   -90.20392
    -5.4950        2   -92.37108
    -5.3450        2   -94.54489
    -5.1950        2   -96.72163
    -5.0450        2   -98.88719
    -4.8950        2  -101.05095
    -4.7450        2  -103.20870
    -4.5950        2  -105.37729
    -4.4450        2  -107.55983
    -4.2950        2  -109.79319
    -4.1450        2  -112.07278
    -3.9950        2  -114.43194
    -3.8450        2  -116.84833
    -3.6950        2  -119.35290
    -3.5450        2  -121.96984
    -3.3950        2  -124.68292
    -3.2450        2  -127.51576
    -3.0950        2  -130.46173
    -2.9450        2  -133.52127
    -2.7950        2  -136.71548
    -2.6450        2  -140.07200
    -2.4950        2  -143.60417
    -2.3450        2  -147.36971
    -2.1950        2  -151.44505
    -2.0450        2  -155.95588
    -1.8950        2  -161.04834
    -1.7450        2  -166.89815
    -1.5950        2  -173.63472
    -1.4450        2  -181.36062
    -1.2950        2  -190.04807
    -1.1450        2  -199.63985
   -0.99500        2  -209.99686
   -0.84500        2  -220.94262
   -0.69500        2  -232.40673
   -0.54500        2  -244.56283
   -0.39500        2  -258.11871
   -0.25300        2  -268.32934
   -0.21500        2  -269.02337
   -0.20900        2  -269.72709
   -0.20300        2  -270.44241
   -0.19700        2  -271.16543
   -0.19100        2  -271.90042
   -0.18500        2  -272.64902
   -0.17900        2  -273.40912
   -0.17300        2  -274.18342
   -0.16700        2  -274.97190
   -0.16100        2  -275.77487
   -0.15500        2  -276.59317
   -0.14900        2  -277.42706
   -0.14300        2  -278.27866
   -0.13700        2  -279.14751
   -0.13100        2  -280.03512
   -0.12500        2  -280.94495
   -0.11900        2  -281.87826
   -0.11300        2  -282.83455
   -0.10700        2  -283.81966
   -0.10100        2  -284.83396
   -0.95000E-01    2  -285.88076
   -0.89000E-01    2  -286.96685
   -0.83000E-01    2  -288.09760
   -0.77000E-01    2  -289.27725
   -0.71000E-01    2  -290.51561
   -0.65000E-01    2  -291.82502
   -0.59000E-01    2  -293.22036
   -0.53000E-01    2  -294.72123
   -0.47000E-01    2  -296.35944
   -0.41000E-01    2  -298.18079
   -0.35000E-01    2  -300.24876
   -0.29000E-01    2  -302.67050
   -0.23000E-01    2  -305.68506
   -0.19700E-01    2  -306.02895
   -0.19100E-01    2  -306.38288
   -0.18500E-01    2  -306.74709
   -0.17900E-01    2  -307.12227
   -0.17300E-01    2  -307.50960
   -0.16700E-01    2  -307.90940
   -0.16100E-01    2  -308.32222
   -0.15500E-01    2  -308.74898
   -0.14900E-01    2  -309.19105
   -0.14300E-01    2  -309.64975
   -0.13700E-01    2  -310.12557
   -0.13100E-01    2  -310.62071
   -0.12500E-01    2  -311.13644
   -0.11900E-01    2  -311.67435
   -0.11300E-01    2  -312.23559
   -0.10700E-01    2  -312.82208
   -0.10100E-01    2  -313.43440
   -0.95000E-02    2  -314.07465
   -0.89000E-02    2  -314.74544
   -0.83000E-02    2  -315.44794
   -0.77000E-02    2  -316.18417
   -0.71000E-02    2  -316.95503
   -0.65000E-02    2  -317.76251
   -0.59000E-02    2  -318.60902
   -0.53000E-02    2  -319.49322
   -0.47000E-02    2  -320.40846
   -0.41000E-02    2  -321.34523
   -0.35000E-02    2  -322.29710
   -0.29000E-02    2  -323.23195
   -0.23000E-02    2  -324.08669
   -0.17000E-02    2  -324.78434
   -0.11000E-02    2  -325.26632
   -0.50000E-03    2  -325.49320
    0.10000E-03    2  -325.44752
    0.70000E-03    2  -325.13223
    0.13000E-02    2  -324.57332
    0.19000E-02    2  -323.81591
    0.25000E-02    2  -322.92589
    0.31000E-02    2  -321.97923
    0.37000E-02    2  -321.03333
    0.43000E-02    2  -320.11165
    0.49000E-02    2  -319.21794
    0.55000E-02    2  -318.35805
    0.61000E-02    2  -317.53763
    0.67000E-02    2  -316.75411
    0.73000E-02    2  -316.00544
    0.79000E-02    2  -315.28959
    0.85000E-02    2  -314.60563
    0.91000E-02    2  -313.95264
    0.97000E-02    2  -313.32762
    0.10300E-01    2  -312.72917
    0.10900E-01    2  -312.15596
    0.11500E-01    2  -311.60641
    0.12100E-01    2  -311.07957
    0.12700E-01    2  -310.57418
    0.13300E-01    2  -310.08860
    0.13900E-01    2  -309.62203
    0.14500E-01    2  -309.17269
    0.15100E-01    2  -308.73932
    0.15700E-01    2  -308.32067
    0.16300E-01    2  -307.91637
    0.16900E-01    2  -307.52483
    0.17500E-01    2  -307.14579
    0.18100E-01    2  -306.77820
    0.18700E-01    2  -306.42142
    0.19300E-01    2  -306.07516
    0.20200E-01    2  -304.81969
    0.25000E-01    2  -302.09381
    0.31000E-01    2  -299.87243
    0.37000E-01    2  -297.98117
    0.43000E-01    2  -296.33053
    0.49000E-01    2  -294.86029
    0.55000E-01    2  -293.53054
    0.61000E-01    2  -292.31193
    0.67000E-01    2  -291.18500
    0.73000E-01    2  -290.13763
    0.79000E-01    2  -289.15669
    0.85000E-01    2  -288.23672
    0.91000E-01    2  -287.36844
    0.97000E-01    2  -286.54477
    0.10300        2  -285.76356
    0.10900        2  -285.02051
    0.11500        2  -284.31250
    0.12100        2  -283.63723
    0.12700        2  -282.99025
    0.13300        2  -282.37158
    0.13900        2  -281.77631
    0.14500        2  -281.20417
    0.15100        2  -280.65339
    0.15700        2  -280.12269
    0.16300        2  -279.61113
    0.16900        2  -279.11637
    0.17500        2  -278.63819
    0.18100        2  -278.17523
    0.18700        2  -277.72619
    0.19300        2  -277.28977
    0.19900        2  -276.86740
    0.20500        2  -276.45648
    0.21100        2  -276.05810
    0.21700        2  -275.67045
    0.29500        2  -268.14446
    0.44500        2  -263.46439
    0.59500        2  -260.01936
    0.74500        2  -257.25680
    0.89500        2  -254.87866
     1.0450        2  -252.76149
     1.1950        2  -250.84252
     1.3450        2  -249.07050
     1.4950        2  -247.44851
     1.6450        2  -245.93770
     1.7950        2  -244.54377
     1.9450        2  -243.24884
     2.0950        2  -242.06535
     2.2450        2  -240.96769
     2.3950        2  -239.95908
     2.5450        2  -239.01894
     2.6950        2  -238.15629
     2.8450        2  -237.34379
     2.9950        2  -236.59954
     3.1450        2  -235.89795
     3.2950        2  -235.24927
     3.4450        2  -234.62620
     3.5950        2  -234.03855
     3.7450        2  -233.48135
     3.8950        2  -232.96262
     4.0450        2  -232.45629
     4.1950        2  -231.97345
     4.3450        2  -231.51144
     4.4950        2  -231.06615
     4.6450        2  -230.63756
     4.7950        2  -230.22667
     4.9450        2  -229.82979
     5.0950        2  -229.44326
     5.2450        2  -229.06851
     5.3950        2  -228.70285
     5.5450        2  -228.34497
     5.6950        2  -228.00162
     5.8450        2  -227.66813
     5.9950        2  -227.33920
     6.1450        2  -227.02420
     6.2950        2  -226.71010
     6.4450        2  -226.40490
     6.5950        2  -226.10942
     6.7450        2  -225.81732
     6.8950        2  -225.53374
     7.0450        2  -225.25597
     7.1950        2  -224.98271
     7.3450        2  -224.71723
     7.4950        2  -224.45804
     7.6450        2  -224.20350
     7.7950        2  -223.95130
     7.9450        2  -223.70588
     8.0950        2  -223.46377
     8.2450        2  -223.22722
     8.3950        2  -222.99400
     8.5450        2  -222.76711
     8.6950        2  -222.54037
     8.8450        2  -222.31812
     8.9950        2  -222.09812
     9.1450        2  -221.88394
     9.2950        2  -221.67222
     9.4450        2  -221.46206
     9.5950        2  -221.25788
     9.7450        2  -221.05746
     9.8950        2  -220.85877
     10.045        2  -220.66342
     10.195        2  -220.46897
     10.345        2  -220.27906
     10.495        2  -220.09314
     10.645        2  -219.91113
     10.795        2  -219.73040
     10.945        2  -219.54859
     11.095        2  -219.36973
     11.245        2  -219.19403
     11.395        2  -219.01772
     11.545        2  -218.84663
     11.695        2  -218.68022
     11.845        2  -218.51288
     11.995        2  -218.34694
     12.145        2  -218.18570
     12.295        2  -218.02537
     12.445        2  -217.86602
     12.595        2  -217.70901
     12.745        2  -217.55373
     12.895        2  -217.40012
     13.045        2  -217.24887
     13.195        2  -217.09819
     13.345        2  -216.95038
     13.495        2  -216.80301
     13.645        2  -216.65979
     13.795        2  -216.51816
     13.945        2  -216.37652
     14.095        2  -216.23538
     14.245        2  -216.09764
     14.395        2  -215.96080
     14.545        2  -215.82463
     14.695        2  -215.69033
     14.845        2  -215.55786
     14.995        2  -215.42600
     15.145        2  -215.29518
     15.295        2  -215.16532
     15.445        2  -215.03772
     15.595        2  -214.91110
     15.745        2  -214.78548
     15.895        2  -214.65889
     16.045        2  -214.53634
     16.195        2  -214.41472
     16.345        2  -214.29388
     16.495        2  -214.17435
     16.645        2  -214.05659
     16.795        2  -213.93782
     16.945        2  -213.82104
     17.095        2  -213.70533
     17.245        2  -213.59058
     17.395        2  -213.47580
     17.545        2  -213.36318
     17.695        2  -213.25131
     17.845        2  -213.14008
     17.995        2  -213.03165
     18.145        2  -212.92205
     18.295        2  -212.81227
     18.445        2  -212.70588
     18.595        2  -212.59834
     18.745        2  -212.49174
     18.895        2  -212.38647
     19.045        2  -212.28263
     19.195        2  -212.17965
     19.345        2  -212.07633
     19.495        2  -211.97498
     19.645        2  -211.87328
     19.795        2  -211.77242
     19.945        2  -211.67218
     20.095        2  -211.57153
     21.836        2  -208.56208
     30.068        2  -204.08377
     42.097        2  -199.63334
     58.937        2  -195.20053
     82.515        2  -190.80589
     115.53        2  -186.46241
     161.74        2  -182.17563
     226.45        2  -177.94635
     317.04        2  -173.79835
     443.87        2  -169.70597
     621.44        2  -165.68385
     870.05        2  -161.76035
     1218.1        2  -157.91388
     1705.4        2  -154.16007
     2387.7        2  -150.49474
     3342.9        2  -146.91841
     4680.2        2  -143.43757
     6552.5        2  -140.04673
     9173.8        2  -136.75616
     12844.        2  -133.55788
     17982.        2  -130.44972
     25176.        2  -127.43028
     35247.        2  -124.51982
     49348.        2  -121.71867
     69090.        2  -119.03789
     96729.        2  -116.47105
    0.13543E+06    2  -114.02607
    0.18960E+06    2  -111.69428
    0.26545E+06    2  -109.47197
    0.37165E+06    2  -107.35061
    0.52033E+06    2  -105.33427
    0.72849E+06    2  -103.41642
    0.10199E+07    2  -101.59208
    0.14279E+07    2   -99.85475
    0.19992E+07    2   -98.19901
    0.27990E+07    2   -96.62407
    0.39187E+07    2   -95.12873
    0.54864E+07    2   -93.70565
    0.76812E+07    2   -92.35558
    0.10754E+08    2   -91.07040
    0.15056E+08    2   -89.84793
    0.21080E+08    2   -88.68413
    0.29513E+08    2   -87.58213
    0.41319E+08    2   -86.54510
    0.57849E+08    2   -85.57971
    0.80991E+08    2   -84.68665
    0.11339E+09    2   -83.85490
    0.15875E+09    2   -83.08029
    0.22226E+09    2   -82.35858
    0.31118E+09    2   -81.68246
    0.43567E+09    2   -81.05148
    0.60996E+09    2   -80.47367
    0.85398E+09    2   -79.95194
    0.11956E+10    2   -79.47314
    0.16739E+10    2   -79.03416
    0.23436E+10    2   -78.63097
    0.32811E+10    2   -78.26075
    0.45937E+10    2   -77.91929
    0.64315E+10    2   -77.60514
    0.90044E+10    2   -77.31711
    0.12607E+11    2   -77.05281
    0.17650E+11    2   -76.80835
    0.24711E+11    2   -76.58361
    0.34596E+11    2   -76.37750
    0.48437E+11    2   -76.18829
    0.67814E+11    2   -76.01359
    0.10000E+12    2   -74.02395
