    -29.945        1     0.00000
    -29.795        1     0.00000
    -29.645        1     0.00000
    -29.495        1     0.00000
    -29.345        1     0.00000
    -29.195        1     0.00000
    -29.045        1     0.00000
    -28.895        1     0.00000
    -28.745        1     0.00000
    -28.595        1     0.00000
    -28.445        1     0.00000
    -28.295        1     0.00000
    -28.145        1     0.00000
    -27.995        1     0.00000
    -27.845        1     0.00000
    -27.695        1     0.00000
    -27.545        1     0.00000
    -27.395        1     0.00000
    -27.245        1     0.00000
    -27.095        1     0.00000
    -26.945        1     0.00000
    -26.795        1     0.00000
    -26.645        1     0.00000
    -26.495        1     0.00000
    -26.345        1     0.00000
    -26.195        1     0.00000
    -26.045        1     0.00000
    -25.895        1     0.00000
    -25.745        1     0.00000
    -25.595        1     0.00000
    -25.445        1     0.00000
    -25.295        1     0.00000
    -25.145        1     0.00000
    -24.995        1     0.00000
    -24.845        1     0.00000
    -24.695        1     0.00000
    -24.545        1     0.00000
    -24.395        1     0.00000
    -24.245        1     0.00000
    -24.095        1     0.00000
    -23.945        1     0.00000
    -23.795        1     0.00000
    -23.645        1     0.00000
    -23.495        1     0.00000
    -23.345        1     0.00000
    -23.195        1     0.00000
    -23.045        1     0.00000
    -22.895        1     0.00000
    -22.745        1     0.00000
    -22.595        1    -0.00017
    -22.445        1    -0.00051
    -22.295        1    -0.00067
    -22.145        1    -0.00101
    -21.995        1    -0.00200
    -21.845        1    -0.00332
    -21.695        1    -0.00512
    -21.545        1    -0.00774
    -21.395        1    -0.01262
    -21.245        1    -0.01977
    -21.095        1    -0.02810
    -20.945        1    -0.03988
    -20.795        1    -0.05278
    -20.645        1    -0.06598
    -20.495        1    -0.08144
    -20.345        1    -0.09873
    -20.195        1    -0.11931
    -20.045        1    -0.14224
    -19.895        1    -0.16794
    -19.745        1    -0.19124
    -19.595        1    -0.22111
    -19.445        1    -0.25055
    -19.295        1    -0.28661
    -19.145        1    -0.32393
    -18.995        1    -0.36885
    -18.845        1    -0.42321
    -18.695        1    -0.48396
    -18.545        1    -0.55250
    -18.395        1    -0.63291
    -18.245        1    -0.71499
    -18.095        1    -0.82145
    -17.945        1    -0.94040
    -17.795        1    -1.06610
    -17.645        1    -1.19810
    -17.495        1    -1.35038
    -17.345        1    -1.51951
    -17.195        1    -1.68459
    -17.045        1    -1.87560
    -16.895        1    -2.06651
    -16.745        1    -2.26053
    -16.595        1    -2.46849
    -16.445        1    -2.67878
    -16.295        1    -2.89929
    -16.145        1    -3.12029
    -15.995        1    -3.33383
    -15.845        1    -3.56186
    -15.695        1    -3.78290
    -15.545        1    -4.01194
    -15.395        1    -4.24560
    -15.245        1    -4.48338
    -15.095        1    -4.71954
    -14.945        1    -4.95814
    -14.795        1    -5.19552
    -14.645        1    -5.43302
    -14.495        1    -5.67434
    -14.345        1    -5.91301
    -14.195        1    -6.14812
    -14.045        1    -6.38889
    -13.895        1    -6.62045
    -13.745        1    -6.86396
    -13.595        1    -7.10644
    -13.445        1    -7.35440
    -13.295        1    -7.61813
    -13.145        1    -7.88044
    -12.995        1    -8.13955
    -12.845        1    -8.42141
    -12.695        1    -8.70414
    -12.545        1    -9.00196
    -12.395        1    -9.30503
    -12.245        1    -9.61317
    -12.095        1    -9.94483
    -11.945        1   -10.27807
    -11.795        1   -10.61756
    -11.645        1   -10.96277
    -11.495        1   -11.31268
    -11.345        1   -11.65851
    -11.195        1   -12.00457
    -11.045        1   -12.34928
    -10.895        1   -12.69202
    -10.745        1   -13.03563
    -10.595        1   -13.37578
    -10.445        1   -13.71853
    -10.295        1   -14.04214
    -10.145        1   -14.37384
    -9.9950        1   -14.69702
    -9.8450        1   -15.00790
    -9.6950        1   -15.30795
    -9.5450        1   -15.60726
    -9.3950        1   -15.89987
    -9.2450        1   -16.18930
    -9.0950        1   -16.48164
    -8.9450        1   -16.76340
    -8.7950        1   -17.03592
    -8.6450        1   -17.31660
    -8.4950        1   -17.58548
    -8.3450        1   -17.85751
    -8.1950        1   -18.12978
    -8.0450        1   -18.39701
    -7.8950        1   -18.65814
    -7.7450        1   -18.92852
    -7.5950        1   -19.19390
    -7.4450        1   -19.46223
    -7.2950        1   -19.73737
    -7.1450        1   -20.00755
    -6.9950        1   -20.28140
    -6.8450        1   -20.56334
    -6.6950        1   -20.83870
    -6.5450        1   -21.11616
    -6.3950        1   -21.39597
    -6.2450        1   -21.67974
    -6.0950        1   -21.96560
    -5.9450        1   -22.25146
    -5.7950        1   -22.53988
    -5.6450        1   -22.83082
    -5.4950        1   -23.12684
    -5.3450        1   -23.42340
    -5.1950        1   -23.71262
    -5.0450        1   -24.00217
    -4.8950        1   -24.29573
    -4.7450        1   -24.59671
    -4.5950        1   -24.89726
    -4.4450        1   -25.20299
    -4.2950        1   -25.51697
    -4.1450        1   -25.84860
    -3.9950        1   -26.18980
    -3.8450        1   -26.55547
    -3.6950        1   -26.93975
    -3.5450        1   -27.35019
    -3.3950        1   -27.78936
    -3.2450        1   -28.26635
    -3.0950        1   -28.77942
    -2.9450        1   -29.33310
    -2.7950        1   -29.92485
    -2.6450        1   -30.55518
    -2.4950        1   -31.22042
    -2.3450        1   -31.92027
    -2.1950        1   -32.63781
    -2.0450        1   -33.37089
    -1.8950        1   -34.10712
    -1.7450        1   -34.84324
    -1.5950        1   -35.57317
    -1.4450        1   -36.29353
    -1.2950        1   -37.01208
    -1.1450        1   -37.73591
   -0.99500        1   -38.46818
   -0.84500        1   -39.23653
   -0.69500        1   -40.06469
   -0.54500        1   -40.99930
   -0.39500        1   -42.10844
   -0.25300        1   -42.96737
   -0.21500        1   -43.02666
   -0.20900        1   -43.08655
   -0.20300        1   -43.14781
   -0.19700        1   -43.20954
   -0.19100        1   -43.27246
   -0.18500        1   -43.33701
   -0.17900        1   -43.40265
   -0.17300        1   -43.46931
   -0.16700        1   -43.53715
   -0.16100        1   -43.60678
   -0.15500        1   -43.67770
   -0.14900        1   -43.75027
   -0.14300        1   -43.82465
   -0.13700        1   -43.90110
   -0.13100        1   -43.97959
   -0.12500        1   -44.06031
   -0.11900        1   -44.14388
   -0.11300        1   -44.22953
   -0.10700        1   -44.31828
   -0.10100        1   -44.41022
   -0.95000E-01    1   -44.50613
   -0.89000E-01    1   -44.60594
   -0.83000E-01    1   -44.71113
   -0.77000E-01    1   -44.82104
   -0.71000E-01    1   -44.93714
   -0.65000E-01    1   -45.06066
   -0.59000E-01    1   -45.19255
   -0.53000E-01    1   -45.33401
   -0.47000E-01    1   -45.48786
   -0.41000E-01    1   -45.65705
   -0.35000E-01    1   -45.84547
   -0.29000E-01    1   -46.06094
   -0.23000E-01    1   -46.31344
   -0.19700E-01    1   -46.34073
   -0.19100E-01    1   -46.36850
   -0.18500E-01    1   -46.39674
   -0.17900E-01    1   -46.42529
   -0.17300E-01    1   -46.45433
   -0.16700E-01    1   -46.48387
   -0.16100E-01    1   -46.51371
   -0.15500E-01    1   -46.54393
   -0.14900E-01    1   -46.57464
   -0.14300E-01    1   -46.60572
   -0.13700E-01    1   -46.63713
   -0.13100E-01    1   -46.66887
   -0.12500E-01    1   -46.70096
   -0.11900E-01    1   -46.73331
   -0.11300E-01    1   -46.76581
   -0.10700E-01    1   -46.79846
   -0.10100E-01    1   -46.83127
   -0.95000E-02    1   -46.86417
   -0.89000E-02    1   -46.89694
   -0.83000E-02    1   -46.92959
   -0.77000E-02    1   -46.96177
   -0.71000E-02    1   -46.99317
   -0.65000E-02    1   -47.02354
   -0.59000E-02    1   -47.05269
   -0.53000E-02    1   -47.08032
   -0.47000E-02    1   -47.10599
   -0.41000E-02    1   -47.12934
   -0.35000E-02    1   -47.15002
   -0.29000E-02    1   -47.16772
   -0.23000E-02    1   -47.18218
   -0.17000E-02    1   -47.19310
   -0.11000E-02    1   -47.20031
   -0.50000E-03    1   -47.20364
    0.10000E-03    1   -47.20301
    0.70000E-03    1   -47.19843
    0.13000E-02    1   -47.19001
    0.19000E-02    1   -47.17795
    0.25000E-02    1   -47.16243
    0.31000E-02    1   -47.14374
    0.37000E-02    1   -47.12213
    0.43000E-02    1   -47.09795
    0.49000E-02    1   -47.07161
    0.55000E-02    1   -47.04343
    0.61000E-02    1   -47.01385
    0.67000E-02    1   -46.98315
    0.73000E-02    1   -46.95153
    0.79000E-02    1   -46.91926
    0.85000E-02    1   -46.88664
    0.91000E-02    1   -46.85383
    0.97000E-02    1   -46.82103
    0.10300E-01    1   -46.78834
    0.10900E-01    1   -46.75573
    0.11500E-01    1   -46.72331
    0.12100E-01    1   -46.69116
    0.12700E-01    1   -46.65927
    0.13300E-01    1   -46.62781
    0.13900E-01    1   -46.59662
    0.14500E-01    1   -46.56578
    0.15100E-01    1   -46.53531
    0.15700E-01    1   -46.50526
    0.16300E-01    1   -46.47571
    0.16900E-01    1   -46.44640
    0.17500E-01    1   -46.41762
    0.18100E-01    1   -46.38931
    0.18700E-01    1   -46.36139
    0.19300E-01    1   -46.33388
    0.20200E-01    1   -46.23114
    0.25000E-01    1   -45.99260
    0.31000E-01    1   -45.78829
    0.37000E-01    1   -45.60904
    0.43000E-01    1   -45.44794
    0.49000E-01    1   -45.30175
    0.55000E-01    1   -45.16768
    0.61000E-01    1   -45.04370
    0.67000E-01    1   -44.92835
    0.73000E-01    1   -44.82071
    0.79000E-01    1   -44.71986
    0.85000E-01    1   -44.62463
    0.91000E-01    1   -44.53473
    0.97000E-01    1   -44.44954
    0.10300        1   -44.36813
    0.10900        1   -44.29092
    0.11500        1   -44.21770
    0.12100        1   -44.14732
    0.12700        1   -44.08028
    0.13300        1   -44.01605
    0.13900        1   -43.95468
    0.14500        1   -43.89543
    0.15100        1   -43.83828
    0.15700        1   -43.78387
    0.16300        1   -43.73157
    0.16900        1   -43.68130
    0.17500        1   -43.63311
    0.18100        1   -43.58650
    0.18700        1   -43.54156
    0.19300        1   -43.49881
    0.19900        1   -43.45715
    0.20500        1   -43.41701
    0.21100        1   -43.37859
    0.21700        1   -43.34167
    0.29500        1   -42.69378
    0.44500        1   -42.37870
    0.59500        1   -42.17853
    0.74500        1   -42.02663
    0.89500        1   -41.90298
     1.0450        1   -41.79887
     1.1950        1   -41.70626
     1.3450        1   -41.62365
     1.4950        1   -41.54871
     1.6450        1   -41.48109
     1.7950        1   -41.41826
     1.9450        1   -41.35707
     2.0950        1   -41.30039
     2.2450        1   -41.24685
     2.3950        1   -41.19770
     2.5450        1   -41.15155
     2.6950        1   -41.11011
     2.8450        1   -41.06977
     2.9950        1   -41.02936
     3.1450        1   -40.99067
     3.2950        1   -40.95696
     3.4450        1   -40.92760
     3.5950        1   -40.89878
     3.7450        1   -40.87034
     3.8950        1   -40.84360
     4.0450        1   -40.81856
     4.1950        1   -40.79618
     4.3450        1   -40.77338
     4.4950        1   -40.75201
     4.6450        1   -40.73285
     4.7950        1   -40.71478
     4.9450        1   -40.69626
     5.0950        1   -40.67909
     5.2450        1   -40.66309
     5.3950        1   -40.64726
     5.5450        1   -40.63232
     5.6950        1   -40.61788
     5.8450        1   -40.60372
     5.9950        1   -40.58936
     6.1450        1   -40.57528
     6.2950        1   -40.56158
     6.4450        1   -40.54837
     6.5950        1   -40.53569
     6.7450        1   -40.52288
     6.8950        1   -40.51082
     7.0450        1   -40.49921
     7.1950        1   -40.48756
     7.3450        1   -40.47627
     7.4950        1   -40.46499
     7.6450        1   -40.45440
     7.7950        1   -40.44320
     7.9450        1   -40.43311
     8.0950        1   -40.42225
     8.2450        1   -40.41144
     8.3950        1   -40.40140
     8.5450        1   -40.39123
     8.6950        1   -40.38131
     8.8450        1   -40.37153
     8.9950        1   -40.36192
     9.1450        1   -40.35259
     9.2950        1   -40.34331
     9.4450        1   -40.33420
     9.5950        1   -40.32492
     9.7450        1   -40.31611
     9.8950        1   -40.30748
     10.045        1   -40.29862
     10.195        1   -40.28978
     10.345        1   -40.28124
     10.495        1   -40.27299
     10.645        1   -40.26483
     10.795        1   -40.25669
     10.945        1   -40.24849
     11.095        1   -40.24046
     11.245        1   -40.23243
     11.395        1   -40.22476
     11.545        1   -40.21679
     11.695        1   -40.20909
     11.845        1   -40.20157
     11.995        1   -40.19436
     12.145        1   -40.18713
     12.295        1   -40.17960
     12.445        1   -40.17229
     12.595        1   -40.16532
     12.745        1   -40.15806
     12.895        1   -40.15085
     13.045        1   -40.14363
     13.195        1   -40.13674
     13.345        1   -40.12987
     13.495        1   -40.12317
     13.645        1   -40.11672
     13.795        1   -40.11032
     13.945        1   -40.10364
     14.095        1   -40.09713
     14.245        1   -40.09059
     14.395        1   -40.08415
     14.545        1   -40.07801
     14.695        1   -40.07175
     14.845        1   -40.06558
     14.995        1   -40.05933
     15.145        1   -40.05361
     15.295        1   -40.04763
     15.445        1   -40.04172
     15.595        1   -40.03569
     15.745        1   -40.02970
     15.895        1   -40.02392
     16.045        1   -40.01801
     16.195        1   -40.01237
     16.345        1   -40.00677
     16.495        1   -40.00116
     16.645        1   -39.99565
     16.795        1   -39.99029
     16.945        1   -39.98463
     17.095        1   -39.97935
     17.245        1   -39.97399
     17.395        1   -39.96875
     17.545        1   -39.96313
     17.695        1   -39.95770
     17.845        1   -39.95262
     17.995        1   -39.94762
     18.145        1   -39.94260
     18.295        1   -39.93766
     18.445        1   -39.93254
     18.595        1   -39.92756
     18.745        1   -39.92285
     18.895        1   -39.91808
     19.045        1   -39.91293
     19.195        1   -39.90777
     19.345        1   -39.90280
     19.495        1   -39.89784
     19.645        1   -39.89298
     19.795        1   -39.88832
     19.945        1   -39.88357
     20.095        1   -39.87889
     20.245        1   -39.87403
     20.395        1   -39.86932
     20.545        1   -39.86446
     20.695        1   -39.86001
     20.845        1   -39.85540
     20.995        1   -39.85068
     21.145        1   -39.84612
     21.295        1   -39.84160
     21.445        1   -39.83715
     21.595        1   -39.83281
     21.745        1   -39.82868
     21.895        1   -39.82431
     22.045        1   -39.81996
     22.195        1   -39.81565
     22.345        1   -39.81154
     22.495        1   -39.80739
     22.645        1   -39.80299
     22.795        1   -39.79904
     22.945        1   -39.79497
     23.095        1   -39.79070
     23.245        1   -39.78667
     23.395        1   -39.78264
     23.545        1   -39.77861
     23.695        1   -39.77449
     23.845        1   -39.77041
     23.995        1   -39.76631
     24.145        1   -39.76232
     24.295        1   -39.75837
     24.445        1   -39.75454
     24.595        1   -39.75050
     24.745        1   -39.74675
     24.895        1   -39.74282
     25.045        1   -39.73891
     25.195        1   -39.73504
     25.345        1   -39.73124
     25.495        1   -39.72752
     25.645        1   -39.72379
     25.795        1   -39.72003
     25.945        1   -39.71641
     26.095        1   -39.71267
     26.245        1   -39.70894
     26.395        1   -39.70512
     26.545        1   -39.70138
     26.695        1   -39.69790
     26.845        1   -39.69414
     26.995        1   -39.69058
     27.145        1   -39.68699
     27.295        1   -39.68359
     27.445        1   -39.68010
     27.595        1   -39.67658
     27.745        1   -39.67328
     27.895        1   -39.66980
     28.045        1   -39.66642
     28.195        1   -39.66311
     28.345        1   -39.65966
     28.495        1   -39.65609
     28.645        1   -39.65259
     28.795        1   -39.64928
     28.945        1   -39.64601
     29.095        1   -39.64259
     29.245        1   -39.63932
     29.395        1   -39.63595
     29.545        1   -39.63261
     29.695        1   -39.62933
     29.845        1   -39.62598
     29.995        1   -39.62263
     30.145        1   -39.61954
     30.295        1   -39.61655
     30.445        1   -39.61338
     30.595        1   -39.61021
     30.745        1   -39.60716
     30.895        1   -39.60411
     31.045        1   -39.60094
     31.195        1   -39.59802
     31.345        1   -39.59470
     31.495        1   -39.59152
     31.645        1   -39.58849
     31.795        1   -39.58537
     31.945        1   -39.58231
     32.095        1   -39.57928
     32.245        1   -39.57620
     32.395        1   -39.57321
     32.545        1   -39.57035
     32.695        1   -39.56731
     32.845        1   -39.56422
     32.995        1   -39.56137
     33.145        1   -39.55841
     33.295        1   -39.55545
     33.445        1   -39.55245
     33.595        1   -39.54952
     33.745        1   -39.54641
     33.895        1   -39.54360
     34.045        1   -39.54065
     34.195        1   -39.53778
     34.345        1   -39.53492
     34.495        1   -39.53221
     34.645        1   -39.52936
     34.795        1   -39.52658
     34.945        1   -39.52382
     35.095        1   -39.52111
     35.245        1   -39.51848
     35.395        1   -39.51572
     35.545        1   -39.51298
     35.695        1   -39.51040
     35.845        1   -39.50785
     35.995        1   -39.50520
     36.145        1   -39.50256
     36.295        1   -39.49999
     36.445        1   -39.49738
     36.595        1   -39.49465
     36.745        1   -39.49194
     36.895        1   -39.48926
     37.045        1   -39.48665
     37.195        1   -39.48397
     37.345        1   -39.48143
     37.495        1   -39.47891
     37.645        1   -39.47628
     37.795        1   -39.47356
     37.945        1   -39.47106
     38.095        1   -39.46845
     38.245        1   -39.46584
     38.395        1   -39.46319
     38.545        1   -39.46069
     38.695        1   -39.45812
     38.845        1   -39.45560
     38.995        1   -39.45301
     39.145        1   -39.45057
     39.295        1   -39.44794
     39.445        1   -39.44548
     39.595        1   -39.44312
     39.745        1   -39.44075
     39.895        1   -39.43828
     40.045        1   -39.43580
     40.195        1   -39.43339
     40.345        1   -39.43090
     40.495        1   -39.42849
     40.645        1   -39.42604
     40.795        1   -39.42352
     40.945        1   -39.42101
     41.095        1   -39.41866
     41.245        1   -39.41631
     41.395        1   -39.41382
     41.545        1   -39.41128
     41.695        1   -39.40890
     41.845        1   -39.40648
     41.995        1   -39.40406
     42.145        1   -39.40173
     42.295        1   -39.39936
     42.445        1   -39.39697
     42.595        1   -39.39455
     42.745        1   -39.39216
     42.895        1   -39.39001
     43.045        1   -39.38774
     43.195        1   -39.38535
     43.345        1   -39.38299
     43.495        1   -39.38069
     43.645        1   -39.37846
     43.795        1   -39.37613
     43.945        1   -39.37389
     44.095        1   -39.37166
     44.245        1   -39.36935
     44.395        1   -39.36708
     44.545        1   -39.36484
     44.695        1   -39.36268
     44.845        1   -39.36039
     44.995        1   -39.35797
     45.145        1   -39.35576
     45.295        1   -39.35359
     45.445        1   -39.35145
     45.595        1   -39.34911
     45.745        1   -39.34683
     45.895        1   -39.34459
     46.045        1   -39.34247
     46.195        1   -39.34042
     46.345        1   -39.33825
     46.495        1   -39.33611
     46.645        1   -39.33399
     46.795        1   -39.33187
     46.945        1   -39.32966
     47.095        1   -39.32748
     47.245        1   -39.32535
     47.395        1   -39.32323
     47.545        1   -39.32108
     47.695        1   -39.31904
     47.845        1   -39.31693
     47.995        1   -39.31494
     48.145        1   -39.31292
     48.295        1   -39.31074
     48.445        1   -39.30874
     48.595        1   -39.30668
     48.745        1   -39.30459
     48.895        1   -39.30256
     49.045        1   -39.30057
     49.195        1   -39.29861
     49.345        1   -39.29659
     49.495        1   -39.29456
     49.645        1   -39.29234
     49.795        1   -39.29032
     49.945        1   -39.28825
     50.095        1   -39.28626
     50.245        1   -39.28428
     50.395        1   -39.28227
     50.545        1   -39.28038
     50.695        1   -39.27818
     50.845        1   -39.27617
     50.995        1   -39.27435
     51.145        1   -39.27232
     51.295        1   -39.27025
     51.445        1   -39.26828
     51.595        1   -39.26641
     51.745        1   -39.26448
     51.895        1   -39.26255
     52.045        1   -39.26069
     52.195        1   -39.25884
     52.345        1   -39.25679
     52.495        1   -39.25489
     52.645        1   -39.25294
     52.795        1   -39.25100
     52.945        1   -39.24902
     53.095        1   -39.24704
     53.245        1   -39.24513
     53.395        1   -39.24315
     53.545        1   -39.24137
     53.695        1   -39.23951
     53.845        1   -39.23738
     53.995        1   -39.23557
     54.145        1   -39.23376
     54.295        1   -39.23184
     54.445        1   -39.22994
     54.595        1   -39.22809
     54.745        1   -39.22627
     54.895        1   -39.22437
     55.045        1   -39.22256
     55.195        1   -39.22073
     55.345        1   -39.21883
     55.495        1   -39.21710
     55.645        1   -39.21529
     55.795        1   -39.21361
     55.945        1   -39.21182
     56.095        1   -39.21010
     56.245        1   -39.20838
     56.395        1   -39.20661
     56.545        1   -39.20470
     56.695        1   -39.20288
     56.845        1   -39.20114
     56.995        1   -39.19944
     57.145        1   -39.19773
     57.295        1   -39.19604
     57.445        1   -39.19437
     57.595        1   -39.19259
     57.745        1   -39.19077
     57.895        1   -39.18908
     58.045        1   -39.18746
     58.195        1   -39.18586
     58.345        1   -39.18424
     58.495        1   -39.18247
     58.645        1   -39.18070
     58.795        1   -39.17901
     58.945        1   -39.17743
     59.095        1   -39.17573
     59.245        1   -39.17411
     59.395        1   -39.17243
     59.545        1   -39.17077
     59.695        1   -39.16908
     59.845        1   -39.16736
     59.995        1   -39.16569
     60.145        1   -39.16398
     70.939        1   -38.94956
     97.698        1   -38.73488
     134.55        1   -38.52072
     185.30        1   -38.30824
     255.20        1   -38.09806
     351.46        1   -37.88987
     484.04        1   -37.68399
     666.62        1   -37.48061
     918.07        1   -37.27962
     1264.4        1   -37.08329
     1741.3        1   -36.89025
     2398.1        1   -36.70092
     3302.7        1   -36.51521
     4548.5        1   -36.33176
     6264.3        1   -36.15159
     8627.2        1   -35.97470
     11881.        1   -35.80117
     16363.        1   -35.63020
     22535.        1   -35.46237
     31036.        1   -35.29771
     42743.        1   -35.13546
     58866.        1   -34.97606
     81070.        1   -34.81954
    0.11165E+06    1   -34.66509
    0.15377E+06    1   -34.51313
    0.21177E+06    1   -34.36276
    0.29165E+06    1   -34.21393
    0.40166E+06    1   -34.06680
    0.55317E+06    1   -33.92083
    0.76182E+06    1   -33.77590
    0.10492E+07    1   -33.63196
    0.14449E+07    1   -33.48911
    0.19900E+07    1   -33.34701
    0.27406E+07    1   -33.20461
    0.37744E+07    1   -33.06193
    0.51981E+07    1   -32.91903
    0.71589E+07    1   -32.77564
    0.98593E+07    1   -32.63209
    0.13578E+08    1   -32.48788
    0.18700E+08    1   -32.34314
    0.25754E+08    1   -32.19811
    0.35468E+08    1   -32.05380
    0.48847E+08    1   -31.91215
    0.67273E+08    1   -31.77401
    0.92648E+08    1   -31.63938
    0.12760E+09    1   -31.50787
    0.17573E+09    1   -31.38058
    0.24201E+09    1   -31.25711
    0.33330E+09    1   -31.13845
    0.45902E+09    1   -31.02428
    0.63217E+09    1   -30.91710
    0.87062E+09    1   -30.81620
    0.11990E+10    1   -30.72249
    0.16513E+10    1   -30.63499
    0.22742E+10    1   -30.55346
    0.31320E+10    1   -30.47750
    0.43134E+10    1   -30.40673
    0.59405E+10    1   -30.34081
    0.81813E+10    1   -30.27926
    0.11267E+11    1   -30.22220
    0.15517E+11    1   -30.16897
    0.21371E+11    1   -30.11944
    0.29432E+11    1   -30.07352
    0.40534E+11    1   -30.03071
    0.55823E+11    1   -29.99094
    0.10000E+12    1   -29.49579
    -149.95        2     0.00000
    -149.80        2     0.00000
    -149.65        2     0.00000
    -149.49        2     0.00000
    -149.34        2     0.00000
    -149.20        2     0.00000
    -149.05        2     0.00000
    -148.90        2     0.00000
    -148.74        2     0.00000
    -148.59        2     0.00000
    -148.45        2     0.00000
    -148.30        2     0.00000
    -148.15        2     0.00000
    -147.99        2     0.00000
    -147.84        2     0.00000
    -147.70        2     0.00000
    -147.55        2     0.00000
    -147.40        2     0.00000
    -147.24        2     0.00000
    -147.09        2     0.00000
    -146.95        2     0.00000
    -146.80        2     0.00000
    -146.65        2     0.00000
    -146.49        2     0.00000
    -146.34        2     0.00000
    -146.20        2     0.00000
    -146.05        2     0.00000
    -145.90        2     0.00000
    -145.74        2     0.00000
    -145.59        2     0.00000
    -145.45        2     0.00000
    -145.30        2     0.00000
    -145.15        2     0.00000
    -144.99        2     0.00000
    -144.84        2     0.00000
    -144.70        2     0.00000
    -144.55        2     0.00000
    -144.40        2     0.00000
    -144.24        2     0.00000
    -144.09        2     0.00000
    -143.95        2     0.00000
    -143.80        2     0.00000
    -143.65        2     0.00000
    -143.49        2     0.00000
    -143.34        2     0.00000
    -143.20        2     0.00000
    -143.05        2     0.00000
    -142.90        2     0.00000
    -142.74        2     0.00000
    -142.59        2     0.00000
    -142.45        2     0.00000
    -142.30        2     0.00000
    -142.15        2     0.00000
    -141.99        2     0.00000
    -141.84        2     0.00000
    -141.70        2     0.00000
    -141.55        2     0.00000
    -141.40        2     0.00000
    -141.24        2     0.00000
    -141.09        2     0.00000
    -140.95        2     0.00000
    -140.80        2     0.00000
    -140.65        2     0.00000
    -140.49        2     0.00000
    -140.34        2     0.00000
    -140.20        2     0.00000
    -140.05        2     0.00000
    -139.90        2     0.00000
    -139.74        2     0.00000
    -139.59        2     0.00000
    -139.45        2     0.00000
    -139.30        2     0.00000
    -139.15        2     0.00000
    -138.99        2     0.00000
    -138.84        2     0.00000
    -138.70        2     0.00000
    -138.55        2     0.00000
    -138.40        2     0.00000
    -138.24        2     0.00000
    -138.09        2     0.00000
    -137.95        2     0.00000
    -137.80        2     0.00000
    -137.65        2     0.00000
    -137.49        2     0.00000
    -137.34        2     0.00000
    -137.20        2     0.00000
    -137.05        2     0.00000
    -136.90        2     0.00000
    -136.74        2     0.00000
    -136.59        2     0.00000
    -136.45        2     0.00000
    -136.30        2     0.00000
    -136.15        2     0.00000
    -135.99        2     0.00000
    -135.84        2     0.00000
    -135.70        2     0.00000
    -135.55        2     0.00000
    -135.40        2     0.00000
    -135.24        2     0.00000
    -135.09        2     0.00000
    -134.95        2     0.00000
    -134.80        2     0.00000
    -134.65        2     0.00000
    -134.49        2     0.00000
    -134.34        2     0.00000
    -134.20        2     0.00000
    -134.05        2     0.00000
    -133.90        2     0.00000
    -133.74        2     0.00000
    -133.59        2     0.00000
    -133.45        2     0.00000
    -133.30        2     0.00000
    -133.15        2     0.00000
    -132.99        2     0.00000
    -132.84        2     0.00000
    -132.70        2     0.00000
    -132.55        2     0.00000
    -132.40        2     0.00000
    -132.24        2     0.00000
    -132.09        2     0.00000
    -131.95        2     0.00000
    -131.80        2     0.00000
    -131.65        2     0.00000
    -131.49        2     0.00000
    -131.34        2     0.00000
    -131.20        2     0.00000
    -131.05        2     0.00000
    -130.90        2     0.00000
    -130.74        2     0.00000
    -130.59        2     0.00000
    -130.45        2     0.00000
    -130.30        2     0.00000
    -130.15        2     0.00000
    -129.99        2     0.00000
    -129.84        2     0.00000
    -129.70        2     0.00000
    -129.55        2     0.00000
    -129.40        2     0.00000
    -129.24        2     0.00000
    -129.09        2     0.00000
    -128.95        2     0.00000
    -128.80        2     0.00000
    -128.65        2     0.00000
    -128.49        2     0.00000
    -128.34        2     0.00000
    -128.20        2     0.00000
    -128.05        2     0.00000
    -127.89        2     0.00000
    -127.75        2     0.00000
    -127.60        2     0.00000
    -127.44        2     0.00000
    -127.30        2     0.00000
    -127.14        2     0.00000
    -127.00        2     0.00000
    -126.85        2     0.00000
    -126.69        2     0.00000
    -126.55        2     0.00000
    -126.39        2     0.00000
    -126.25        2     0.00000
    -126.10        2     0.00000
    -125.94        2     0.00000
    -125.80        2     0.00000
    -125.64        2     0.00000
    -125.50        2     0.00000
    -125.35        2     0.00000
    -125.19        2     0.00000
    -125.05        2     0.00000
    -124.89        2     0.00000
    -124.75        2     0.00000
    -124.60        2     0.00000
    -124.44        2     0.00000
    -124.30        2     0.00000
    -124.14        2     0.00000
    -124.00        2     0.00000
    -123.85        2     0.00000
    -123.69        2     0.00000
    -123.55        2     0.00000
    -123.39        2     0.00000
    -123.25        2     0.00000
    -123.10        2     0.00000
    -122.94        2     0.00000
    -122.80        2     0.00000
    -122.64        2     0.00000
    -122.50        2     0.00000
    -122.35        2     0.00000
    -122.19        2     0.00000
    -122.05        2     0.00000
    -121.89        2     0.00000
    -121.75        2     0.00000
    -121.60        2     0.00000
    -121.44        2     0.00000
    -121.30        2     0.00000
    -121.14        2     0.00000
    -121.00        2     0.00000
    -120.85        2     0.00000
    -120.69        2     0.00000
    -120.55        2     0.00000
    -120.39        2     0.00000
    -120.25        2     0.00000
    -120.10        2     0.00000
    -119.94        2     0.00000
    -119.80        2     0.00000
    -119.64        2     0.00000
    -119.50        2     0.00000
    -119.35        2     0.00000
    -119.19        2     0.00000
    -119.05        2     0.00000
    -118.89        2     0.00000
    -118.75        2     0.00000
    -118.60        2     0.00000
    -118.44        2     0.00000
    -118.30        2     0.00000
    -118.14        2     0.00000
    -118.00        2     0.00000
    -117.85        2     0.00000
    -117.69        2     0.00000
    -117.55        2     0.00000
    -117.39        2     0.00000
    -117.25        2     0.00000
    -117.10        2     0.00000
    -116.94        2     0.00000
    -116.80        2     0.00000
    -116.64        2     0.00000
    -116.50        2     0.00000
    -116.35        2     0.00000
    -116.19        2     0.00000
    -116.05        2     0.00000
    -115.89        2     0.00000
    -115.75        2     0.00000
    -115.60        2     0.00000
    -115.44        2     0.00000
    -115.30        2     0.00000
    -115.14        2     0.00000
    -115.00        2     0.00000
    -114.85        2     0.00000
    -114.69        2     0.00000
    -114.55        2     0.00000
    -114.39        2     0.00000
    -114.25        2     0.00000
    -114.10        2     0.00000
    -113.94        2     0.00000
    -113.80        2     0.00000
    -113.64        2     0.00000
    -113.50        2     0.00000
    -113.35        2     0.00000
    -113.19        2     0.00000
    -113.05        2     0.00000
    -112.89        2     0.00000
    -112.75        2     0.00000
    -112.60        2     0.00000
    -112.44        2     0.00000
    -112.30        2     0.00000
    -112.14        2     0.00000
    -112.00        2     0.00000
    -111.85        2     0.00000
    -111.69        2     0.00000
    -111.55        2     0.00000
    -111.39        2     0.00000
    -111.25        2     0.00000
    -111.10        2     0.00000
    -110.94        2     0.00000
    -110.80        2     0.00000
    -110.64        2     0.00000
    -110.50        2     0.00000
    -110.35        2     0.00000
    -110.19        2     0.00000
    -110.05        2     0.00000
    -109.89        2     0.00000
    -109.75        2     0.00000
    -109.60        2     0.00000
    -109.44        2     0.00000
    -109.30        2     0.00000
    -109.14        2     0.00000
    -109.00        2     0.00000
    -108.85        2     0.00000
    -108.69        2     0.00000
    -108.55        2     0.00000
    -108.39        2     0.00000
    -108.25        2     0.00000
    -108.10        2     0.00000
    -107.94        2     0.00000
    -107.80        2     0.00000
    -107.64        2     0.00000
    -107.50        2     0.00000
    -107.35        2     0.00000
    -107.19        2     0.00000
    -107.05        2     0.00000
    -106.89        2     0.00000
    -106.75        2     0.00000
    -106.60        2     0.00000
    -106.44        2     0.00000
    -106.30        2     0.00000
    -106.14        2     0.00000
    -106.00        2     0.00000
    -105.85        2     0.00000
    -105.69        2     0.00000
    -105.55        2     0.00000
    -105.39        2     0.00000
    -105.25        2     0.00000
    -105.10        2     0.00000
    -104.94        2     0.00000
    -104.80        2     0.00000
    -104.64        2     0.00000
    -104.50        2     0.00000
    -104.35        2     0.00000
    -104.19        2     0.00000
    -104.05        2     0.00000
    -103.89        2     0.00000
    -103.75        2     0.00000
    -103.60        2     0.00000
    -103.44        2     0.00000
    -103.30        2     0.00000
    -103.14        2     0.00000
    -103.00        2     0.00000
    -102.85        2     0.00000
    -102.69        2     0.00000
    -102.55        2     0.00000
    -102.39        2     0.00000
    -102.25        2     0.00000
    -102.10        2     0.00000
    -101.94        2     0.00000
    -101.80        2     0.00000
    -101.64        2     0.00000
    -101.50        2     0.00000
    -101.35        2     0.00000
    -101.19        2     0.00000
    -101.05        2     0.00000
    -100.89        2     0.00000
    -100.75        2     0.00000
    -100.60        2     0.00000
    -100.44        2     0.00000
    -100.30        2     0.00000
    -100.14        2     0.00000
    -99.995        2     0.00000
    -99.845        2     0.00000
    -99.695        2     0.00000
    -99.545        2     0.00000
    -99.395        2     0.00000
    -99.245        2     0.00000
    -99.095        2     0.00000
    -98.945        2     0.00000
    -98.795        2     0.00000
    -98.645        2     0.00000
    -98.495        2     0.00000
    -98.345        2     0.00000
    -98.195        2     0.00000
    -98.045        2     0.00000
    -97.895        2     0.00000
    -97.745        2     0.00000
    -97.595        2     0.00000
    -97.445        2     0.00000
    -97.295        2     0.00000
    -97.145        2     0.00000
    -96.995        2     0.00000
    -96.845        2     0.00000
    -96.695        2     0.00000
    -96.545        2     0.00000
    -96.395        2     0.00000
    -96.245        2     0.00000
    -96.095        2     0.00000
    -95.945        2     0.00000
    -95.795        2     0.00000
    -95.645        2     0.00000
    -95.495        2     0.00000
    -95.345        2     0.00000
    -95.195        2     0.00000
    -95.045        2     0.00000
    -94.895        2     0.00000
    -94.745        2     0.00000
    -94.595        2     0.00000
    -94.445        2     0.00000
    -94.295        2     0.00000
    -94.145        2     0.00000
    -93.995        2     0.00000
    -93.845        2     0.00000
    -93.695        2     0.00000
    -93.545        2     0.00000
    -93.395        2     0.00000
    -93.245        2     0.00000
    -93.095        2     0.00000
    -92.945        2     0.00000
    -92.795        2     0.00000
    -92.645        2     0.00000
    -92.495        2     0.00000
    -92.345        2     0.00000
    -92.195        2     0.00000
    -92.045        2     0.00000
    -91.895        2     0.00000
    -91.745        2     0.00000
    -91.595        2     0.00000
    -91.445        2     0.00000
    -91.295        2     0.00000
    -91.145        2     0.00000
    -90.995        2     0.00000
    -90.845        2     0.00000
    -90.695        2     0.00000
    -90.545        2     0.00000
    -90.395        2     0.00000
    -90.245        2     0.00000
    -90.095        2     0.00000
    -89.945        2     0.00000
    -89.795        2     0.00000
    -89.645        2     0.00000
    -89.495        2     0.00000
    -89.345        2     0.00000
    -89.195        2     0.00000
    -89.045        2     0.00000
    -88.895        2     0.00000
    -88.745        2     0.00000
    -88.595        2     0.00000
    -88.445        2     0.00000
    -88.295        2     0.00000
    -88.145        2     0.00000
    -87.995        2     0.00000
    -87.845        2     0.00000
    -87.695        2     0.00000
    -87.545        2     0.00000
    -87.395        2     0.00000
    -87.245        2     0.00000
    -87.095        2     0.00000
    -86.945        2     0.00000
    -86.795        2     0.00000
    -86.645        2     0.00000
    -86.495        2     0.00000
    -86.345        2     0.00000
    -86.195        2     0.00000
    -86.045        2     0.00000
    -85.895        2     0.00000
    -85.745        2     0.00000
    -85.595        2     0.00000
    -85.445        2     0.00000
    -85.295        2     0.00000
    -85.145        2     0.00000
    -84.995        2     0.00000
    -84.845        2     0.00000
    -84.695        2     0.00000
    -84.545        2     0.00000
    -84.395        2     0.00000
    -84.245        2     0.00000
    -84.095        2     0.00000
    -83.945        2     0.00000
    -83.795        2     0.00000
    -83.645        2     0.00000
    -83.495        2     0.00000
    -83.345        2     0.00000
    -83.195        2     0.00000
    -83.045        2     0.00000
    -82.895        2     0.00000
    -82.745        2     0.00000
    -82.595        2     0.00000
    -82.445        2     0.00000
    -82.295        2     0.00000
    -82.145        2     0.00000
    -81.995        2     0.00000
    -81.845        2     0.00000
    -81.695        2     0.00000
    -81.545        2     0.00000
    -81.395        2     0.00000
    -81.245        2     0.00000
    -81.095        2     0.00000
    -80.945        2     0.00000
    -80.795        2     0.00000
    -80.645        2     0.00000
    -80.495        2     0.00000
    -80.345        2     0.00000
    -80.195        2     0.00000
    -80.045        2     0.00000
    -79.895        2     0.00000
    -79.745        2     0.00000
    -79.595        2     0.00000
    -79.445        2     0.00000
    -79.295        2     0.00000
    -79.145        2     0.00000
    -78.995        2     0.00000
    -78.845        2     0.00000
    -78.695        2     0.00000
    -78.545        2     0.00000
    -78.395        2     0.00000
    -78.245        2     0.00000
    -78.095        2     0.00000
    -77.945        2     0.00000
    -77.795        2     0.00000
    -77.645        2     0.00000
    -77.495        2     0.00000
    -77.345        2     0.00000
    -77.195        2     0.00000
    -77.045        2     0.00000
    -76.895        2     0.00000
    -76.745        2     0.00000
    -76.595        2     0.00000
    -76.445        2     0.00000
    -76.295        2     0.00000
    -76.145        2     0.00000
    -75.995        2     0.00000
    -75.845        2     0.00000
    -75.695        2     0.00000
    -75.545        2     0.00000
    -75.395        2     0.00000
    -75.245        2     0.00000
    -75.095        2     0.00000
    -74.945        2     0.00000
    -74.795        2     0.00000
    -74.645        2     0.00000
    -74.495        2     0.00000
    -74.345        2     0.00000
    -74.195        2     0.00000
    -74.045        2     0.00000
    -73.895        2     0.00000
    -73.745        2     0.00000
    -73.595        2     0.00000
    -73.445        2     0.00000
    -73.295        2     0.00000
    -73.145        2     0.00000
    -72.995        2     0.00000
    -72.845        2     0.00000
    -72.695        2     0.00000
    -72.545        2     0.00000
    -72.395        2     0.00000
    -72.245        2     0.00000
    -72.095        2     0.00000
    -71.945        2     0.00000
    -71.795        2     0.00000
    -71.645        2     0.00000
    -71.495        2     0.00000
    -71.345        2     0.00000
    -71.195        2     0.00000
    -71.045        2     0.00000
    -70.895        2     0.00000
    -70.745        2     0.00000
    -70.595        2     0.00000
    -70.445        2     0.00000
    -70.295        2     0.00000
    -70.145        2     0.00000
    -69.995        2     0.00000
    -69.845        2     0.00000
    -69.695        2     0.00000
    -69.545        2     0.00000
    -69.395        2     0.00000
    -69.245        2     0.00000
    -69.095        2     0.00000
    -68.945        2     0.00000
    -68.795        2     0.00000
    -68.645        2     0.00000
    -68.495        2     0.00000
    -68.345        2     0.00000
    -68.195        2     0.00000
    -68.045        2     0.00000
    -67.895        2     0.00000
    -67.745        2     0.00000
    -67.595        2     0.00000
    -67.445        2     0.00000
    -67.295        2     0.00000
    -67.145        2     0.00000
    -66.995        2     0.00000
    -66.845        2     0.00000
    -66.695        2     0.00000
    -66.545        2     0.00000
    -66.395        2     0.00000
    -66.245        2     0.00000
    -66.095        2     0.00000
    -65.945        2     0.00000
    -65.795        2     0.00000
    -65.645        2     0.00000
    -65.495        2     0.00000
    -65.345        2     0.00000
    -65.195        2     0.00000
    -65.045        2     0.00000
    -64.895        2     0.00000
    -64.745        2     0.00000
    -64.595        2     0.00000
    -64.445        2     0.00000
    -64.295        2     0.00000
    -64.145        2     0.00000
    -63.995        2     0.00000
    -63.845        2     0.00000
    -63.695        2     0.00000
    -63.545        2     0.00000
    -63.395        2     0.00000
    -63.245        2     0.00000
    -63.095        2     0.00000
    -62.945        2     0.00000
    -62.795        2     0.00000
    -62.645        2     0.00000
    -62.495        2     0.00000
    -62.345        2     0.00000
    -62.195        2     0.00000
    -62.045        2     0.00000
    -61.895        2     0.00000
    -61.745        2     0.00000
    -61.595        2     0.00000
    -61.445        2     0.00000
    -61.295        2     0.00000
    -61.145        2     0.00000
    -60.995        2     0.00000
    -60.845        2     0.00000
    -60.695        2     0.00000
    -60.545        2     0.00000
    -60.395        2     0.00000
    -60.245        2     0.00000
    -60.095        2     0.00000
    -59.945        2     0.00000
    -59.795        2     0.00000
    -59.645        2     0.00000
    -59.495        2     0.00000
    -59.345        2     0.00000
    -59.195        2     0.00000
    -59.045        2     0.00000
    -58.895        2     0.00000
    -58.745        2     0.00000
    -58.595        2     0.00000
    -58.445        2     0.00000
    -58.295        2     0.00000
    -58.145        2     0.00000
    -57.995        2     0.00000
    -57.845        2     0.00000
    -57.695        2     0.00000
    -57.545        2     0.00000
    -57.395        2     0.00000
    -57.245        2     0.00000
    -57.095        2     0.00000
    -56.945        2     0.00000
    -56.795        2     0.00000
    -56.645        2     0.00000
    -56.495        2     0.00000
    -56.345        2     0.00000
    -56.195        2     0.00000
    -56.045        2     0.00000
    -55.895        2     0.00000
    -55.745        2     0.00000
    -55.595        2     0.00000
    -55.445        2     0.00000
    -55.295        2     0.00000
    -55.145        2     0.00000
    -54.995        2     0.00000
    -54.845        2     0.00000
    -54.695        2     0.00000
    -54.545        2     0.00000
    -54.395        2     0.00000
    -54.245        2     0.00000
    -54.095        2     0.00000
    -53.945        2     0.00000
    -53.795        2     0.00000
    -53.645        2     0.00000
    -53.495        2     0.00000
    -53.345        2     0.00000
    -53.195        2     0.00000
    -53.045        2     0.00000
    -52.895        2     0.00000
    -52.745        2     0.00000
    -52.595        2     0.00000
    -52.445        2     0.00000
    -52.295        2     0.00000
    -52.145        2     0.00000
    -51.995        2     0.00000
    -51.845        2     0.00000
    -51.695        2     0.00000
    -51.545        2     0.00000
    -51.395        2     0.00000
    -51.245        2     0.00000
    -51.095        2     0.00000
    -50.945        2     0.00000
    -50.795        2     0.00000
    -50.645        2     0.00000
    -50.495        2     0.00000
    -50.345        2     0.00000
    -50.195        2     0.00000
    -50.045        2     0.00000
    -49.895        2     0.00000
    -49.745        2     0.00000
    -49.595        2     0.00000
    -49.445        2     0.00000
    -49.295        2     0.00000
    -49.145        2     0.00000
    -48.995        2     0.00000
    -48.845        2     0.00000
    -48.695        2     0.00000
    -48.545        2     0.00000
    -48.395        2     0.00000
    -48.245        2     0.00000
    -48.095        2     0.00000
    -47.945        2     0.00000
    -47.795        2     0.00000
    -47.645        2     0.00000
    -47.495        2     0.00000
    -47.345        2     0.00000
    -47.195        2     0.00000
    -47.045        2     0.00000
    -46.895        2     0.00000
    -46.745        2     0.00000
    -46.595        2     0.00000
    -46.445        2     0.00000
    -46.295        2     0.00000
    -46.145        2     0.00000
    -45.995        2     0.00000
    -45.845        2     0.00000
    -45.695        2     0.00000
    -45.545        2     0.00000
    -45.395        2     0.00000
    -45.245        2     0.00000
    -45.095        2     0.00000
    -44.945        2     0.00000
    -44.795        2     0.00000
    -44.645        2     0.00000
    -44.495        2     0.00000
    -44.345        2     0.00000
    -44.195        2     0.00000
    -44.045        2     0.00000
    -43.895        2     0.00000
    -43.745        2     0.00000
    -43.595        2     0.00000
    -43.445        2     0.00000
    -43.295        2     0.00000
    -43.145        2     0.00000
    -42.995        2     0.00000
    -42.845        2     0.00000
    -42.695        2     0.00000
    -42.545        2     0.00000
    -42.395        2     0.00000
    -42.245        2     0.00000
    -42.095        2     0.00000
    -41.945        2     0.00000
    -41.795        2     0.00000
    -41.645        2     0.00000
    -41.495        2     0.00000
    -41.345        2     0.00000
    -41.195        2     0.00000
    -41.045        2     0.00000
    -40.895        2     0.00000
    -40.745        2     0.00000
    -40.595        2     0.00000
    -40.445        2     0.00000
    -40.295        2     0.00000
    -40.145        2     0.00000
    -39.995        2     0.00000
    -39.845        2     0.00000
    -39.695        2     0.00000
    -39.545        2     0.00000
    -39.395        2     0.00000
    -39.245        2     0.00000
    -39.095        2     0.00000
    -38.945        2     0.00000
    -38.795        2     0.00000
    -38.645        2     0.00000
    -38.495        2     0.00000
    -38.345        2     0.00000
    -38.195        2     0.00000
    -38.045        2     0.00000
    -37.895        2     0.00000
    -37.745        2     0.00000
    -37.595        2     0.00000
    -37.445        2     0.00000
    -37.295        2     0.00000
    -37.145        2     0.00000
    -36.995        2     0.00000
    -36.845        2     0.00000
    -36.695        2     0.00000
    -36.545        2     0.00000
    -36.395        2     0.00000
    -36.245        2     0.00000
    -36.095        2     0.00000
    -35.945        2     0.00000
    -35.795        2     0.00000
    -35.645        2     0.00000
    -35.495        2     0.00000
    -35.345        2     0.00000
    -35.195        2     0.00000
    -35.045        2     0.00000
    -34.895        2     0.00000
    -34.745        2     0.00000
    -34.595        2     0.00000
    -34.445        2     0.00000
    -34.295        2     0.00000
    -34.145        2     0.00000
    -33.995        2     0.00000
    -33.845        2     0.00000
    -33.695        2     0.00000
    -33.545        2     0.00000
    -33.395        2     0.00000
    -33.245        2     0.00000
    -33.095        2     0.00000
    -32.945        2     0.00000
    -32.795        2     0.00000
    -32.645        2     0.00000
    -32.495        2     0.00000
    -32.345        2     0.00000
    -32.195        2     0.00000
    -32.045        2     0.00000
    -31.895        2     0.00000
    -31.745        2     0.00000
    -31.595        2     0.00000
    -31.445        2     0.00000
    -31.295        2     0.00000
    -31.145        2     0.00000
    -30.995        2     0.00000
    -30.845        2     0.00000
    -30.695        2     0.00000
    -30.545        2     0.00000
    -30.395        2     0.00000
    -30.245        2     0.00000
    -30.095        2     0.00000
    -29.945        2     0.00000
    -29.795        2     0.00000
    -29.645        2     0.00000
    -29.495        2     0.00000
    -29.345        2     0.00000
    -29.195        2     0.00000
    -29.045        2     0.00000
    -28.895        2     0.00000
    -28.745        2     0.00000
    -28.595        2     0.00000
    -28.445        2     0.00000
    -28.295        2     0.00000
    -28.145        2     0.00000
    -27.995        2     0.00000
    -27.845        2     0.00000
    -27.695        2     0.00000
    -27.545        2     0.00000
    -27.395        2     0.00000
    -27.245        2     0.00000
    -27.095        2     0.00000
    -26.945        2     0.00000
    -26.795        2     0.00000
    -26.645        2     0.00000
    -26.495        2     0.00000
    -26.345        2     0.00000
    -26.195        2     0.00000
    -26.045        2     0.00000
    -25.895        2     0.00000
    -25.745        2     0.00000
    -25.595        2     0.00000
    -25.445        2     0.00000
    -25.295        2     0.00000
    -25.145        2     0.00000
    -24.995        2     0.00000
    -24.845        2     0.00000
    -24.695        2     0.00000
    -24.545        2     0.00000
    -24.395        2     0.00000
    -24.245        2     0.00000
    -24.095        2     0.00000
    -23.945        2     0.00000
    -23.795        2     0.00000
    -23.645        2     0.00000
    -23.495        2     0.00000
    -23.345        2     0.00000
    -23.195        2     0.00000
    -23.045        2     0.00000
    -22.895        2     0.00000
    -22.745        2     0.00000
    -22.595        2     0.00000
    -22.445        2     0.00000
    -22.295        2     0.00000
    -22.145        2     0.00000
    -21.995        2     0.00000
    -21.845        2     0.00000
    -21.695        2     0.00000
    -21.545        2     0.00000
    -21.395        2     0.00000
    -21.245        2     0.00000
    -21.095        2     0.00000
    -20.945        2     0.00000
    -20.795        2     0.00000
    -20.645        2     0.00000
    -20.495        2     0.00000
    -20.345        2     0.00000
    -20.195        2     0.00000
    -20.045        2     0.00000
    -19.895        2     0.00000
    -19.745        2     0.00000
    -19.595        2     0.00000
    -19.445        2     0.00000
    -19.295        2     0.00000
    -19.145        2     0.00000
    -18.995        2     0.00000
    -18.845        2     0.00000
    -18.695        2     0.00000
    -18.545        2     0.00000
    -18.395        2     0.00000
    -18.245        2     0.00000
    -18.095        2     0.00000
    -17.945        2     0.00000
    -17.795        2     0.00000
    -17.645        2     0.00000
    -17.495        2     0.00000
    -17.345        2     0.00000
    -17.195        2     0.00000
    -17.045        2     0.00000
    -16.895        2     0.00000
    -16.745        2     0.00000
    -16.595        2     0.00000
    -16.445        2     0.00000
    -16.295        2     0.00000
    -16.145        2     0.00000
    -15.995        2     0.00000
    -15.845        2     0.00000
    -15.695        2     0.00000
    -15.545        2     0.00000
    -15.395        2     0.00000
    -15.245        2     0.00000
    -15.095        2     0.00000
    -14.945        2     0.00000
    -14.795        2     0.00000
    -14.645        2    -0.00031
    -14.495        2    -0.00194
    -14.345        2    -0.01933
    -14.195        2    -0.08780
    -14.045        2    -0.21471
    -13.895        2    -0.40759
    -13.745        2    -0.66298
    -13.595        2    -1.00536
    -13.445        2    -1.44690
    -13.295        2    -2.00974
    -13.145        2    -2.68161
    -12.995        2    -3.42827
    -12.845        2    -4.24646
    -12.695        2    -5.08550
    -12.545        2    -5.97350
    -12.395        2    -6.85769
    -12.245        2    -7.73918
    -12.095        2    -8.59047
    -11.945        2    -9.43459
    -11.795        2   -10.24918
    -11.645        2   -11.06879
    -11.495        2   -11.85983
    -11.345        2   -12.65048
    -11.195        2   -13.46052
    -11.045        2   -14.28732
    -10.895        2   -15.16404
    -10.745        2   -16.09103
    -10.595        2   -17.07456
    -10.445        2   -18.06659
    -10.295        2   -19.10686
    -10.145        2   -20.17998
    -9.9950        2   -21.27360
    -9.8450        2   -22.38110
    -9.6950        2   -23.51484
    -9.5450        2   -24.69124
    -9.3950        2   -25.89195
    -9.2450        2   -27.09786
    -9.0950        2   -28.32014
    -8.9450        2   -29.57199
    -8.7950        2   -30.84324
    -8.6450        2   -32.16664
    -8.4950        2   -33.53705
    -8.3450        2   -34.98163
    -8.1950        2   -36.47883
    -8.0450        2   -38.09247
    -7.8950        2   -39.79100
    -7.7450        2   -41.59753
    -7.5950        2   -43.55849
    -7.4450        2   -45.63524
    -7.2950        2   -47.83926
    -7.1450        2   -50.17170
    -6.9950        2   -52.60688
    -6.8450        2   -55.12906
    -6.6950        2   -57.71467
    -6.5450        2   -60.36624
    -6.3950        2   -63.05464
    -6.2450        2   -65.72859
    -6.0950        2   -68.39146
    -5.9450        2   -71.04480
    -5.7950        2   -73.65995
    -5.6450        2   -76.22550
    -5.4950        2   -78.76397
    -5.3450        2   -81.24185
    -5.1950        2   -83.65625
    -5.0450        2   -86.03483
    -4.8950        2   -88.36336
    -4.7450        2   -90.68305
    -4.5950        2   -92.97013
    -4.4450        2   -95.26230
    -4.2950        2   -97.53461
    -4.1450        2   -99.83755
    -3.9950        2  -102.16269
    -3.8450        2  -104.52824
    -3.6950        2  -106.97521
    -3.5450        2  -109.50860
    -3.3950        2  -112.14598
    -3.2450        2  -114.92956
    -3.0950        2  -117.88156
    -2.9450        2  -121.02289
    -2.7950        2  -124.39975
    -2.6450        2  -128.03540
    -2.4950        2  -131.97906
    -2.3450        2  -136.30868
    -2.1950        2  -141.12393
    -2.0450        2  -146.56734
    -1.8950        2  -152.82891
    -1.7450        2  -160.14545
    -1.5950        2  -168.64794
    -1.4450        2  -178.33464
    -1.2950        2  -189.15855
    -1.1450        2  -200.96421
   -0.99500        2  -213.57369
   -0.84500        2  -226.82339
   -0.69500        2  -240.79282
   -0.54500        2  -255.91808
   -0.39500        2  -273.59710
   -0.25300        2  -287.54891
   -0.21500        2  -288.51622
   -0.20900        2  -289.50295
   -0.20300        2  -290.50404
   -0.19700        2  -291.52135
   -0.19100        2  -292.55788
   -0.18500        2  -293.61426
   -0.17900        2  -294.69121
   -0.17300        2  -295.79079
   -0.16700        2  -296.91401
   -0.16100        2  -298.06146
   -0.15500        2  -299.23439
   -0.14900        2  -300.43725
   -0.14300        2  -301.67003
   -0.13700        2  -302.93742
   -0.13100        2  -304.23990
   -0.12500        2  -305.58197
   -0.11900        2  -306.96674
   -0.11300        2  -308.39706
   -0.10700        2  -309.87905
   -0.10100        2  -311.41711
   -0.95000E-01    2  -313.01690
   -0.89000E-01    2  -314.68539
   -0.83000E-01    2  -316.43252
   -0.77000E-01    2  -318.26858
   -0.71000E-01    2  -320.20612
   -0.65000E-01    2  -322.25942
   -0.59000E-01    2  -324.44911
   -0.53000E-01    2  -326.80164
   -0.47000E-01    2  -329.35211
   -0.41000E-01    2  -332.15463
   -0.35000E-01    2  -335.28558
   -0.29000E-01    2  -338.85804
   -0.23000E-01    2  -343.07034
   -0.19700E-01    2  -343.53312
   -0.19100E-01    2  -344.00588
   -0.18500E-01    2  -344.48921
   -0.17900E-01    2  -344.98414
   -0.17300E-01    2  -345.49086
   -0.16700E-01    2  -346.01073
   -0.16100E-01    2  -346.54490
   -0.15500E-01    2  -347.09403
   -0.14900E-01    2  -347.65975
   -0.14300E-01    2  -348.24268
   -0.13700E-01    2  -348.84419
   -0.13100E-01    2  -349.46459
   -0.12500E-01    2  -350.10482
   -0.11900E-01    2  -350.76537
   -0.11300E-01    2  -351.44715
   -0.10700E-01    2  -352.15032
   -0.10100E-01    2  -352.87538
   -0.95000E-02    2  -353.62310
   -0.89000E-02    2  -354.39390
   -0.83000E-02    2  -355.18699
   -0.77000E-02    2  -356.00182
   -0.71000E-02    2  -356.83637
   -0.65000E-02    2  -357.68750
   -0.59000E-02    2  -358.55185
   -0.53000E-02    2  -359.42664
   -0.47000E-02    2  -360.30447
   -0.41000E-02    2  -361.17182
   -0.35000E-02    2  -362.00283
   -0.29000E-02    2  -362.77155
   -0.23000E-02    2  -363.44326
   -0.17000E-02    2  -363.97732
   -0.11000E-02    2  -364.34251
   -0.50000E-03    2  -364.51479
    0.10000E-03    2  -364.47997
    0.70000E-03    2  -364.24113
    0.13000E-02    2  -363.81675
    0.19000E-02    2  -363.23319
    0.25000E-02    2  -362.52506
    0.31000E-02    2  -361.73314
    0.37000E-02    2  -360.88783
    0.43000E-02    2  -360.01537
    0.49000E-02    2  -359.13869
    0.55000E-02    2  -358.26837
    0.61000E-02    2  -357.41026
    0.67000E-02    2  -356.56633
    0.73000E-02    2  -355.74038
    0.79000E-02    2  -354.93497
    0.85000E-02    2  -354.15135
    0.91000E-02    2  -353.39039
    0.97000E-02    2  -352.65236
    0.10300E-01    2  -351.93642
    0.10900E-01    2  -351.24267
    0.11500E-01    2  -350.57041
    0.12100E-01    2  -349.91861
    0.12700E-01    2  -349.28748
    0.13300E-01    2  -348.67541
    0.13900E-01    2  -348.08298
    0.14500E-01    2  -347.50830
    0.15100E-01    2  -346.95057
    0.15700E-01    2  -346.40921
    0.16300E-01    2  -345.88317
    0.16900E-01    2  -345.37055
    0.17500E-01    2  -344.87117
    0.18100E-01    2  -344.38319
    0.18700E-01    2  -343.90677
    0.19300E-01    2  -343.44067
    0.20200E-01    2  -341.71929
    0.25000E-01    2  -337.79854
    0.31000E-01    2  -334.44803
    0.37000E-01    2  -331.51205
    0.43000E-01    2  -328.89387
    0.49000E-01    2  -326.52280
    0.55000E-01    2  -324.35256
    0.61000E-01    2  -322.34927
    0.67000E-01    2  -320.49001
    0.73000E-01    2  -318.75373
    0.79000E-01    2  -317.12716
    0.85000E-01    2  -315.59842
    0.91000E-01    2  -314.15584
    0.97000E-01    2  -312.79068
    0.10300        2  -311.49563
    0.10900        2  -310.26451
    0.11500        2  -309.09171
    0.12100        2  -307.97172
    0.12700        2  -306.90216
    0.13300        2  -305.87830
    0.13900        2  -304.89640
    0.14500        2  -303.95481
    0.15100        2  -303.04932
    0.15700        2  -302.17936
    0.16300        2  -301.34199
    0.16900        2  -300.53632
    0.17500        2  -299.75973
    0.18100        2  -299.00973
    0.18700        2  -298.28413
    0.19300        2  -297.58255
    0.19900        2  -296.90185
    0.20500        2  -296.24574
    0.21100        2  -295.61028
    0.21700        2  -294.99209
    0.29500        2  -283.24843
    0.44500        2  -276.33229
    0.59500        2  -271.41387
    0.74500        2  -267.52223
    0.89500        2  -264.23414
     1.0450        2  -261.34284
     1.1950        2  -258.74648
     1.3450        2  -256.37961
     1.4950        2  -254.19722
     1.6450        2  -252.18665
     1.7950        2  -250.32087
     1.9450        2  -248.60809
     2.0950        2  -247.03867
     2.2450        2  -245.60925
     2.3950        2  -244.28963
     2.5450        2  -243.10190
     2.6950        2  -242.02079
     2.8450        2  -241.03661
     2.9950        2  -240.14013
     3.1450        2  -239.32432
     3.2950        2  -238.55967
     3.4450        2  -237.84526
     3.5950        2  -237.17379
     3.7450        2  -236.54560
     3.8950        2  -235.95348
     4.0450        2  -235.39074
     4.1950        2  -234.84730
     4.3450        2  -234.33572
     4.4950        2  -233.83594
     4.6450        2  -233.35734
     4.7950        2  -232.89610
     4.9450        2  -232.45306
     5.0950        2  -232.02131
     5.2450        2  -231.60724
     5.3950        2  -231.20380
     5.5450        2  -230.81083
     5.6950        2  -230.42869
     5.8450        2  -230.05775
     5.9950        2  -229.69210
     6.1450        2  -229.33798
     6.2950        2  -228.99403
     6.4450        2  -228.66076
     6.5950        2  -228.33098
     6.7450        2  -228.00960
     6.8950        2  -227.69435
     7.0450        2  -227.38677
     7.1950        2  -227.08688
     7.3450        2  -226.79471
     7.4950        2  -226.50570
     7.6450        2  -226.22398
     7.7950        2  -225.94866
     7.9450        2  -225.68030
     8.0950        2  -225.41558
     8.2450        2  -225.15512
     8.3950        2  -224.89531
     8.5450        2  -224.64245
     8.6950        2  -224.39131
     8.8450        2  -224.14716
     8.9950        2  -223.90900
     9.1450        2  -223.67266
     9.2950        2  -223.43891
     9.4450        2  -223.21197
     9.5950        2  -222.98581
     9.7450        2  -222.76495
     9.8950        2  -222.54716
     10.045        2  -222.33424
     10.195        2  -222.12119
     10.345        2  -221.91437
     10.495        2  -221.71049
     10.645        2  -221.50814
     10.795        2  -221.30845
     10.945        2  -221.11317
     11.095        2  -220.91722
     11.245        2  -220.72538
     11.395        2  -220.53548
     11.545        2  -220.34841
     11.695        2  -220.16358
     11.845        2  -219.98059
     11.995        2  -219.79964
     12.145        2  -219.62215
     12.295        2  -219.44647
     12.445        2  -219.27129
     12.595        2  -219.09989
     12.745        2  -218.92931
     12.895        2  -218.76076
     13.045        2  -218.59495
     13.195        2  -218.43130
     13.345        2  -218.27023
     13.495        2  -218.11023
     13.645        2  -217.95188
     13.795        2  -217.79613
     13.945        2  -217.64103
     14.095        2  -217.48784
     14.245        2  -217.33492
     14.395        2  -217.18615
     14.545        2  -217.03820
     14.695        2  -216.89183
     14.845        2  -216.74380
     14.995        2  -216.59829
     15.145        2  -216.45320
     15.295        2  -216.31236
     15.445        2  -216.17302
     15.595        2  -216.03440
     15.745        2  -215.89836
     15.895        2  -215.76403
     16.045        2  -215.62879
     16.195        2  -215.49315
     16.345        2  -215.36143
     16.495        2  -215.22895
     16.645        2  -215.09917
     16.795        2  -214.97073
     16.945        2  -214.84308
     17.095        2  -214.71656
     17.245        2  -214.59026
     17.395        2  -214.46672
     17.545        2  -214.34340
     17.695        2  -214.22145
     17.845        2  -214.10035
     17.995        2  -213.98033
     18.145        2  -213.86057
     18.295        2  -213.74353
     18.445        2  -213.62668
     18.595        2  -213.50960
     18.745        2  -213.39500
     18.895        2  -213.28184
     19.045        2  -213.16803
     19.195        2  -213.05589
     19.345        2  -212.94519
     19.495        2  -212.83343
     19.645        2  -212.72497
     19.795        2  -212.61539
     19.945        2  -212.50717
     20.095        2  -212.39724
     21.836        2  -209.12629
     30.068        2  -204.29127
     42.097        2  -199.51309
     58.937        2  -194.78239
     82.515        2  -190.12570
     115.53        2  -185.55614
     161.74        2  -181.07819
     226.45        2  -176.69542
     317.04        2  -172.41462
     443.87        2  -168.24211
     621.44        2  -164.18026
     870.05        2  -160.23061
     1218.1        2  -156.37441
     1705.4        2  -152.62082
     2387.7        2  -148.97427
     3342.9        2  -145.41713
     4680.2        2  -141.95052
     6552.5        2  -138.57714
     9173.8        2  -135.29170
     12844.        2  -132.10068
     17982.        2  -128.99967
     25176.        2  -126.00317
     35247.        2  -123.10870
     49348.        2  -120.32521
     69090.        2  -117.65921
     96729.        2  -115.11142
    0.13543E+06    2  -112.67941
    0.18960E+06    2  -110.36029
    0.26545E+06    2  -108.14925
    0.37165E+06    2  -106.04399
    0.52033E+06    2  -104.04017
    0.72849E+06    2  -102.12925
    0.10199E+07    2  -100.31331
    0.14279E+07    2   -98.58348
    0.19992E+07    2   -96.93894
    0.27990E+07    2   -95.37356
    0.39187E+07    2   -93.88556
    0.54864E+07    2   -92.46871
    0.76812E+07    2   -91.12335
    0.10754E+08    2   -89.84369
    0.15056E+08    2   -88.62770
    0.21080E+08    2   -87.47193
    0.29513E+08    2   -86.37594
    0.41319E+08    2   -85.34298
    0.57849E+08    2   -84.37993
    0.80991E+08    2   -83.48737
    0.11339E+09    2   -82.65919
    0.15875E+09    2   -81.88889
    0.22226E+09    2   -81.16964
    0.31118E+09    2   -80.49781
    0.43567E+09    2   -79.86888
    0.60996E+09    2   -79.29304
    0.85398E+09    2   -78.77406
    0.11956E+10    2   -78.29894
    0.16739E+10    2   -77.86082
    0.23436E+10    2   -77.45970
    0.32811E+10    2   -77.09185
    0.45937E+10    2   -76.75325
    0.64315E+10    2   -76.44310
    0.90044E+10    2   -76.15708
    0.12607E+11    2   -75.89384
    0.17650E+11    2   -75.65139
    0.24711E+11    2   -75.42760
    0.34596E+11    2   -75.22283
    0.48437E+11    2   -75.03534
    0.67814E+11    2   -74.86225
    0.10000E+12    2   -72.88487
