    -29.945        1     0.00000
    -29.795        1     0.00000
    -29.645        1     0.00000
    -29.495        1     0.00000
    -29.345        1     0.00000
    -29.195        1     0.00000
    -29.045        1     0.00000
    -28.895        1     0.00000
    -28.745        1     0.00000
    -28.595        1     0.00000
    -28.445        1     0.00000
    -28.295        1     0.00000
    -28.145        1     0.00000
    -27.995        1     0.00000
    -27.845        1     0.00000
    -27.695        1     0.00000
    -27.545        1     0.00000
    -27.395        1     0.00000
    -27.245        1     0.00000
    -27.095        1     0.00000
    -26.945        1     0.00000
    -26.795        1     0.00000
    -26.645        1     0.00000
    -26.495        1     0.00000
    -26.345        1     0.00000
    -26.195        1     0.00000
    -26.045        1     0.00000
    -25.895        1     0.00000
    -25.745        1     0.00000
    -25.595        1     0.00000
    -25.445        1     0.00000
    -25.295        1     0.00000
    -25.145        1     0.00000
    -24.995        1     0.00000
    -24.845        1     0.00000
    -24.695        1     0.00000
    -24.545        1     0.00000
    -24.395        1     0.00000
    -24.245        1     0.00000
    -24.095        1     0.00000
    -23.945        1     0.00000
    -23.795        1     0.00000
    -23.645        1     0.00000
    -23.495        1     0.00000
    -23.345        1     0.00000
    -23.195        1    -0.00032
    -23.045        1    -0.00032
    -22.895        1    -0.00048
    -22.745        1    -0.00081
    -22.595        1    -0.00130
    -22.445        1    -0.00130
    -22.295        1    -0.00146
    -22.145        1    -0.00194
    -21.995        1    -0.00241
    -21.845        1    -0.00367
    -21.695        1    -0.00587
    -21.545        1    -0.00760
    -21.395        1    -0.01089
    -21.245        1    -0.01336
    -21.095        1    -0.01775
    -20.945        1    -0.02261
    -20.795        1    -0.02785
    -20.645        1    -0.03285
    -20.495        1    -0.03945
    -20.345        1    -0.05017
    -20.195        1    -0.06154
    -20.045        1    -0.07121
    -19.895        1    -0.08239
    -19.745        1    -0.09832
    -19.595        1    -0.11246
    -19.445        1    -0.12903
    -19.295        1    -0.14591
    -19.145        1    -0.16464
    -18.995        1    -0.18560
    -18.845        1    -0.20670
    -18.695        1    -0.22924
    -18.545        1    -0.25439
    -18.395        1    -0.28178
    -18.245        1    -0.30845
    -18.095        1    -0.34324
    -17.945        1    -0.37464
    -17.795        1    -0.41391
    -17.645        1    -0.44920
    -17.495        1    -0.49173
    -17.345        1    -0.53748
    -17.195        1    -0.58402
    -17.045        1    -0.64290
    -16.895        1    -0.69975
    -16.745        1    -0.76591
    -16.595        1    -0.83849
    -16.445        1    -0.92305
    -16.295        1    -1.01749
    -16.145        1    -1.12339
    -15.995        1    -1.22917
    -15.845        1    -1.35164
    -15.695        1    -1.48389
    -15.545        1    -1.62249
    -15.395        1    -1.77528
    -15.245        1    -1.93767
    -15.095        1    -2.10482
    -14.945        1    -2.28549
    -14.795        1    -2.47595
    -14.645        1    -2.68472
    -14.495        1    -2.88794
    -14.345        1    -3.09695
    -14.195        1    -3.31526
    -14.045        1    -3.54140
    -13.895        1    -3.77998
    -13.745        1    -4.02014
    -13.595        1    -4.28017
    -13.445        1    -4.55358
    -13.295        1    -4.85427
    -13.145        1    -5.16318
    -12.995        1    -5.47960
    -12.845        1    -5.81913
    -12.695        1    -6.16924
    -12.545        1    -6.53063
    -12.395        1    -6.91494
    -12.245        1    -7.30355
    -12.095        1    -7.69902
    -11.945        1    -8.09750
    -11.795        1    -8.50714
    -11.645        1    -8.92465
    -11.495        1    -9.34855
    -11.345        1    -9.76784
    -11.195        1   -10.18120
    -11.045        1   -10.59371
    -10.895        1   -10.99961
    -10.745        1   -11.39586
    -10.595        1   -11.77155
    -10.445        1   -12.14875
    -10.295        1   -12.51108
    -10.145        1   -12.87120
    -9.9950        1   -13.22443
    -9.8450        1   -13.57475
    -9.6950        1   -13.90893
    -9.5450        1   -14.24901
    -9.3950        1   -14.58634
    -9.2450        1   -14.92585
    -9.0950        1   -15.25815
    -8.9450        1   -15.59479
    -8.7950        1   -15.92931
    -8.6450        1   -16.26420
    -8.4950        1   -16.58812
    -8.3450        1   -16.90956
    -8.1950        1   -17.22968
    -8.0450        1   -17.53792
    -7.8950        1   -17.83905
    -7.7450        1   -18.13760
    -7.5950        1   -18.42591
    -7.4450        1   -18.71976
    -7.2950        1   -19.00780
    -7.1450        1   -19.29095
    -6.9950        1   -19.56857
    -6.8450        1   -19.84842
    -6.6950        1   -20.12871
    -6.5450        1   -20.41000
    -6.3950        1   -20.68802
    -6.2450        1   -20.97838
    -6.0950        1   -21.26205
    -5.9450        1   -21.55172
    -5.7950        1   -21.84268
    -5.6450        1   -22.14111
    -5.4950        1   -22.44600
    -5.3450        1   -22.75555
    -5.1950        1   -23.05896
    -5.0450        1   -23.37221
    -4.8950        1   -23.69430
    -4.7450        1   -24.02767
    -4.5950        1   -24.36617
    -4.4450        1   -24.71247
    -4.2950        1   -25.07282
    -4.1450        1   -25.44707
    -3.9950        1   -25.83385
    -3.8450        1   -26.24446
    -3.6950        1   -26.66842
    -3.5450        1   -27.11841
    -3.3950        1   -27.59385
    -3.2450        1   -28.09115
    -3.0950        1   -28.61259
    -2.9450        1   -29.15788
    -2.7950        1   -29.72761
    -2.6450        1   -30.31724
    -2.4950        1   -30.92028
    -2.3450        1   -31.53696
    -2.1950        1   -32.16437
    -2.0450        1   -32.80739
    -1.8950        1   -33.45205
    -1.7450        1   -34.09904
    -1.5950        1   -34.74271
    -1.4450        1   -35.38223
    -1.2950        1   -36.02351
    -1.1450        1   -36.66680
   -0.99500        1   -37.32095
   -0.84500        1   -38.00521
   -0.69500        1   -38.73164
   -0.54500        1   -39.53360
   -0.39500        1   -40.45557
   -0.25300        1   -41.14932
   -0.21500        1   -41.19640
   -0.20900        1   -41.24411
   -0.20300        1   -41.29231
   -0.19700        1   -41.34127
   -0.19100        1   -41.39059
   -0.18500        1   -41.44098
   -0.17900        1   -41.49226
   -0.17300        1   -41.54452
   -0.16700        1   -41.59751
   -0.16100        1   -41.65129
   -0.15500        1   -41.70630
   -0.14900        1   -41.76288
   -0.14300        1   -41.82058
   -0.13700        1   -41.87954
   -0.13100        1   -41.94027
   -0.12500        1   -42.00226
   -0.11900        1   -42.06610
   -0.11300        1   -42.13251
   -0.10700        1   -42.20087
   -0.10100        1   -42.27203
   -0.95000E-01    1   -42.34613
   -0.89000E-01    1   -42.42366
   -0.83000E-01    1   -42.50497
   -0.77000E-01    1   -42.59091
   -0.71000E-01    1   -42.68270
   -0.65000E-01    1   -42.78086
   -0.59000E-01    1   -42.88680
   -0.53000E-01    1   -43.00226
   -0.47000E-01    1   -43.12944
   -0.41000E-01    1   -43.27182
   -0.35000E-01    1   -43.43500
   -0.29000E-01    1   -43.62670
   -0.23000E-01    1   -43.85731
   -0.19700E-01    1   -43.88278
   -0.19100E-01    1   -43.90876
   -0.18500E-01    1   -43.93533
   -0.17900E-01    1   -43.96236
   -0.17300E-01    1   -43.99002
   -0.16700E-01    1   -44.01826
   -0.16100E-01    1   -44.04700
   -0.15500E-01    1   -44.07636
   -0.14900E-01    1   -44.10623
   -0.14300E-01    1   -44.13671
   -0.13700E-01    1   -44.16782
   -0.13100E-01    1   -44.19951
   -0.12500E-01    1   -44.23175
   -0.11900E-01    1   -44.26453
   -0.11300E-01    1   -44.29781
   -0.10700E-01    1   -44.33151
   -0.10100E-01    1   -44.36577
   -0.95000E-02    1   -44.40047
   -0.89000E-02    1   -44.43538
   -0.83000E-02    1   -44.47040
   -0.77000E-02    1   -44.50527
   -0.71000E-02    1   -44.53973
   -0.65000E-02    1   -44.57349
   -0.59000E-02    1   -44.60615
   -0.53000E-02    1   -44.63726
   -0.47000E-02    1   -44.66634
   -0.41000E-02    1   -44.69291
   -0.35000E-02    1   -44.71656
   -0.29000E-02    1   -44.73687
   -0.23000E-02    1   -44.75344
   -0.17000E-02    1   -44.76599
   -0.11000E-02    1   -44.77427
   -0.50000E-03    1   -44.77812
    0.10000E-03    1   -44.77747
    0.70000E-03    1   -44.77236
    0.13000E-02    1   -44.76282
    0.19000E-02    1   -44.74907
    0.25000E-02    1   -44.73138
    0.31000E-02    1   -44.71006
    0.37000E-02    1   -44.68552
    0.43000E-02    1   -44.65815
    0.49000E-02    1   -44.62836
    0.55000E-02    1   -44.59670
    0.61000E-02    1   -44.56368
    0.67000E-02    1   -44.52980
    0.73000E-02    1   -44.49520
    0.79000E-02    1   -44.46036
    0.85000E-02    1   -44.42543
    0.91000E-02    1   -44.39071
    0.97000E-02    1   -44.35628
    0.10300E-01    1   -44.32226
    0.10900E-01    1   -44.28873
    0.11500E-01    1   -44.25571
    0.12100E-01    1   -44.22323
    0.12700E-01    1   -44.19131
    0.13300E-01    1   -44.15985
    0.13900E-01    1   -44.12905
    0.14500E-01    1   -44.09887
    0.15100E-01    1   -44.06924
    0.15700E-01    1   -44.04020
    0.16300E-01    1   -44.01171
    0.16900E-01    1   -43.98388
    0.17500E-01    1   -43.95658
    0.18100E-01    1   -43.92979
    0.18700E-01    1   -43.90360
    0.19300E-01    1   -43.87802
    0.20200E-01    1   -43.78335
    0.25000E-01    1   -43.56981
    0.31000E-01    1   -43.39109
    0.37000E-01    1   -43.23786
    0.43000E-01    1   -43.10372
    0.49000E-01    1   -42.98337
    0.55000E-01    1   -42.87414
    0.61000E-01    1   -42.77433
    0.67000E-01    1   -42.68196
    0.73000E-01    1   -42.59637
    0.79000E-01    1   -42.51680
    0.85000E-01    1   -42.44248
    0.91000E-01    1   -42.37254
    0.97000E-01    1   -42.30642
    0.10300        1   -42.24407
    0.10900        1   -42.18490
    0.11500        1   -42.12894
    0.12100        1   -42.07558
    0.12700        1   -42.02466
    0.13300        1   -41.97604
    0.13900        1   -41.92956
    0.14500        1   -41.88482
    0.15100        1   -41.84224
    0.15700        1   -41.80135
    0.16300        1   -41.76204
    0.16900        1   -41.72379
    0.17500        1   -41.68769
    0.18100        1   -41.65254
    0.18700        1   -41.61882
    0.19300        1   -41.58630
    0.19900        1   -41.55535
    0.20500        1   -41.52550
    0.21100        1   -41.49635
    0.21700        1   -41.46836
    0.29500        1   -40.96208
    0.44500        1   -40.69806
    0.59500        1   -40.52541
    0.74500        1   -40.39432
    0.89500        1   -40.28584
     1.0450        1   -40.19240
     1.1950        1   -40.10980
     1.3450        1   -40.03434
     1.4950        1   -39.96570
     1.6450        1   -39.90231
     1.7950        1   -39.84201
     1.9450        1   -39.78657
     2.0950        1   -39.73506
     2.2450        1   -39.68457
     2.3950        1   -39.63954
     2.5450        1   -39.59685
     2.6950        1   -39.55600
     2.8450        1   -39.51699
     2.9950        1   -39.48146
     3.1450        1   -39.44778
     3.2950        1   -39.41716
     3.4450        1   -39.38612
     3.5950        1   -39.35852
     3.7450        1   -39.33339
     3.8950        1   -39.30739
     4.0450        1   -39.28387
     4.1950        1   -39.26162
     4.3450        1   -39.23995
     4.4950        1   -39.21987
     4.6450        1   -39.20199
     4.7950        1   -39.18277
     4.9450        1   -39.16537
     5.0950        1   -39.14818
     5.2450        1   -39.13111
     5.3950        1   -39.11560
     5.5450        1   -39.10026
     5.6950        1   -39.08494
     5.8450        1   -39.07072
     5.9950        1   -39.05614
     6.1450        1   -39.04317
     6.2950        1   -39.03007
     6.4450        1   -39.01731
     6.5950        1   -39.00530
     6.7450        1   -38.99387
     6.8950        1   -38.98172
     7.0450        1   -38.96904
     7.1950        1   -38.95759
     7.3450        1   -38.94575
     7.4950        1   -38.93484
     7.6450        1   -38.92435
     7.7950        1   -38.91378
     7.9450        1   -38.90249
     8.0950        1   -38.89209
     8.2450        1   -38.88279
     8.3950        1   -38.87306
     8.5450        1   -38.86346
     8.6950        1   -38.85380
     8.8450        1   -38.84462
     8.9950        1   -38.83552
     9.1450        1   -38.82652
     9.2950        1   -38.81756
     9.4450        1   -38.80902
     9.5950        1   -38.80039
     9.7450        1   -38.79174
     9.8950        1   -38.78299
     10.045        1   -38.77462
     10.195        1   -38.76660
     10.345        1   -38.75848
     10.495        1   -38.75007
     10.645        1   -38.74264
     10.795        1   -38.73501
     10.945        1   -38.72732
     11.095        1   -38.71960
     11.245        1   -38.71205
     11.395        1   -38.70438
     11.545        1   -38.69702
     11.695        1   -38.68959
     11.845        1   -38.68262
     11.995        1   -38.67596
     12.145        1   -38.66855
     12.295        1   -38.66159
     12.445        1   -38.65440
     12.595        1   -38.64773
     12.745        1   -38.64084
     12.895        1   -38.63403
     13.045        1   -38.62750
     13.195        1   -38.62096
     13.345        1   -38.61432
     13.495        1   -38.60799
     13.645        1   -38.60163
     13.795        1   -38.59524
     13.945        1   -38.58919
     14.095        1   -38.58306
     14.245        1   -38.57690
     14.395        1   -38.57091
     14.545        1   -38.56504
     14.695        1   -38.55909
     14.845        1   -38.55318
     14.995        1   -38.54734
     15.145        1   -38.54161
     15.295        1   -38.53596
     15.445        1   -38.53000
     15.595        1   -38.52409
     15.745        1   -38.51860
     15.895        1   -38.51296
     16.045        1   -38.50759
     16.195        1   -38.50214
     16.345        1   -38.49680
     16.495        1   -38.49139
     16.645        1   -38.48600
     16.795        1   -38.48095
     16.945        1   -38.47556
     17.095        1   -38.47056
     17.245        1   -38.46540
     17.395        1   -38.46041
     17.545        1   -38.45532
     17.695        1   -38.45048
     17.845        1   -38.44574
     17.995        1   -38.44068
     18.145        1   -38.43563
     18.295        1   -38.43088
     18.445        1   -38.42622
     18.595        1   -38.42133
     18.745        1   -38.41661
     18.895        1   -38.41196
     19.045        1   -38.40737
     19.195        1   -38.40271
     19.345        1   -38.39800
     19.495        1   -38.39318
     19.645        1   -38.38872
     19.795        1   -38.38411
     19.945        1   -38.37951
     20.095        1   -38.37484
     20.245        1   -38.37038
     20.395        1   -38.36586
     20.545        1   -38.36144
     20.695        1   -38.35691
     20.845        1   -38.35257
     20.995        1   -38.34837
     21.145        1   -38.34398
     21.295        1   -38.33975
     21.445        1   -38.33533
     21.595        1   -38.33099
     21.745        1   -38.32675
     21.895        1   -38.32274
     22.045        1   -38.31852
     22.195        1   -38.31441
     22.345        1   -38.31049
     22.495        1   -38.30652
     22.645        1   -38.30238
     22.795        1   -38.29848
     22.945        1   -38.29460
     23.095        1   -38.29065
     23.245        1   -38.28683
     23.395        1   -38.28304
     23.545        1   -38.27928
     23.695        1   -38.27548
     23.845        1   -38.27172
     23.995        1   -38.26783
     24.145        1   -38.26393
     24.295        1   -38.26021
     24.445        1   -38.25669
     24.595        1   -38.25309
     24.745        1   -38.24950
     24.895        1   -38.24586
     25.045        1   -38.24213
     25.195        1   -38.23843
     25.345        1   -38.23480
     25.495        1   -38.23115
     25.645        1   -38.22752
     25.795        1   -38.22405
     25.945        1   -38.22069
     26.095        1   -38.21731
     26.245        1   -38.21373
     26.395        1   -38.21025
     26.545        1   -38.20675
     26.695        1   -38.20332
     26.845        1   -38.20001
     26.995        1   -38.19657
     27.145        1   -38.19311
     27.295        1   -38.18971
     27.445        1   -38.18593
     27.595        1   -38.18238
     27.745        1   -38.17900
     27.895        1   -38.17546
     28.045        1   -38.17245
     28.195        1   -38.16915
     28.345        1   -38.16585
     28.495        1   -38.16255
     28.645        1   -38.15907
     28.795        1   -38.15588
     28.945        1   -38.15268
     29.095        1   -38.14934
     29.245        1   -38.14629
     29.395        1   -38.14294
     29.545        1   -38.13974
     29.695        1   -38.13655
     29.845        1   -38.13338
     29.995        1   -38.13023
     30.145        1   -38.12708
     30.295        1   -38.12396
     30.445        1   -38.12100
     30.595        1   -38.11791
     30.745        1   -38.11488
     30.895        1   -38.11185
     31.045        1   -38.10898
     31.195        1   -38.10614
     31.345        1   -38.10336
     31.495        1   -38.10037
     31.645        1   -38.09741
     31.795        1   -38.09441
     31.945        1   -38.09136
     32.095        1   -38.08847
     32.245        1   -38.08562
     32.395        1   -38.08288
     32.545        1   -38.08000
     32.695        1   -38.07722
     32.845        1   -38.07446
     32.995        1   -38.07174
     33.145        1   -38.06881
     33.295        1   -38.06604
     33.445        1   -38.06326
     33.595        1   -38.06053
     33.745        1   -38.05782
     33.895        1   -38.05505
     34.045        1   -38.05240
     34.195        1   -38.04981
     34.345        1   -38.04716
     34.495        1   -38.04456
     34.645        1   -38.04197
     34.795        1   -38.03938
     34.945        1   -38.03677
     35.095        1   -38.03407
     35.245        1   -38.03142
     35.395        1   -38.02882
     35.545        1   -38.02632
     35.695        1   -38.02377
     35.845        1   -38.02113
     35.995        1   -38.01853
     36.145        1   -38.01602
     36.295        1   -38.01342
     36.445        1   -38.01073
     36.595        1   -38.00828
     36.745        1   -38.00574
     36.895        1   -38.00312
     37.045        1   -38.00058
     37.195        1   -37.99806
     37.345        1   -37.99562
     37.495        1   -37.99301
     37.645        1   -37.99059
     37.795        1   -37.98797
     37.945        1   -37.98553
     38.095        1   -37.98302
     38.245        1   -37.98045
     38.395        1   -37.97798
     38.545        1   -37.97556
     38.695        1   -37.97316
     38.845        1   -37.97063
     38.995        1   -37.96829
     39.145        1   -37.96600
     39.295        1   -37.96366
     39.445        1   -37.96129
     39.595        1   -37.95874
     39.745        1   -37.95640
     39.895        1   -37.95415
     40.045        1   -37.95183
     40.195        1   -37.94965
     40.345        1   -37.94741
     40.495        1   -37.94504
     40.645        1   -37.94277
     40.795        1   -37.94042
     40.945        1   -37.93808
     41.095        1   -37.93577
     41.245        1   -37.93338
     41.395        1   -37.93108
     41.545        1   -37.92885
     41.695        1   -37.92658
     41.845        1   -37.92429
     41.995        1   -37.92212
     42.145        1   -37.92004
     42.295        1   -37.91789
     42.445        1   -37.91568
     42.595        1   -37.91359
     42.745        1   -37.91141
     42.895        1   -37.90919
     43.045        1   -37.90704
     43.195        1   -37.90479
     43.345        1   -37.90259
     43.495        1   -37.90040
     43.645        1   -37.89826
     43.795        1   -37.89603
     43.945        1   -37.89388
     44.095        1   -37.89171
     44.245        1   -37.88962
     44.395        1   -37.88763
     44.545        1   -37.88558
     44.695        1   -37.88327
     44.845        1   -37.88111
     44.995        1   -37.87911
     45.145        1   -37.87713
     45.295        1   -37.87508
     45.445        1   -37.87312
     45.595        1   -37.87106
     45.745        1   -37.86907
     45.895        1   -37.86687
     46.045        1   -37.86487
     46.195        1   -37.86297
     46.345        1   -37.86093
     46.495        1   -37.85898
     46.645        1   -37.85710
     46.795        1   -37.85515
     46.945        1   -37.85318
     47.095        1   -37.85121
     47.245        1   -37.84932
     47.395        1   -37.84741
     47.545        1   -37.84552
     47.695        1   -37.84345
     47.845        1   -37.84156
     47.995        1   -37.83963
     48.145        1   -37.83773
     48.295        1   -37.83584
     48.445        1   -37.83385
     48.595        1   -37.83191
     48.745        1   -37.82988
     48.895        1   -37.82801
     49.045        1   -37.82615
     49.195        1   -37.82423
     49.345        1   -37.82239
     49.495        1   -37.82039
     49.645        1   -37.81853
     49.795        1   -37.81667
     49.945        1   -37.81480
     50.095        1   -37.81297
     50.245        1   -37.81113
     50.395        1   -37.80923
     50.545        1   -37.80726
     50.695        1   -37.80541
     50.845        1   -37.80344
     50.995        1   -37.80156
     51.145        1   -37.79971
     51.295        1   -37.79780
     51.445        1   -37.79599
     51.595        1   -37.79424
     51.745        1   -37.79245
     51.895        1   -37.79062
     52.045        1   -37.78880
     52.195        1   -37.78692
     52.345        1   -37.78513
     52.495        1   -37.78338
     52.645        1   -37.78155
     52.795        1   -37.77977
     52.945        1   -37.77809
     53.095        1   -37.77637
     53.245        1   -37.77468
     53.395        1   -37.77297
     53.545        1   -37.77115
     53.695        1   -37.76927
     53.845        1   -37.76752
     53.995        1   -37.76580
     54.145        1   -37.76398
     54.295        1   -37.76228
     54.445        1   -37.76052
     54.595        1   -37.75885
     54.745        1   -37.75712
     54.895        1   -37.75532
     55.045        1   -37.75359
     55.195        1   -37.75182
     55.345        1   -37.75003
     55.495        1   -37.74825
     55.645        1   -37.74649
     55.795        1   -37.74486
     55.945        1   -37.74322
     56.095        1   -37.74152
     56.245        1   -37.73979
     56.395        1   -37.73809
     56.545        1   -37.73641
     56.695        1   -37.73473
     56.845        1   -37.73292
     56.995        1   -37.73118
     57.145        1   -37.72951
     57.295        1   -37.72778
     57.445        1   -37.72616
     57.595        1   -37.72451
     57.745        1   -37.72285
     57.895        1   -37.72117
     58.045        1   -37.71959
     58.195        1   -37.71806
     58.345        1   -37.71644
     58.495        1   -37.71471
     58.645        1   -37.71316
     58.795        1   -37.71152
     58.945        1   -37.70995
     59.095        1   -37.70829
     59.245        1   -37.70664
     59.395        1   -37.70495
     59.545        1   -37.70337
     59.695        1   -37.70161
     59.845        1   -37.69996
     59.995        1   -37.69845
     60.145        1   -37.69690
     70.939        1   -37.49370
     97.698        1   -37.29005
     134.55        1   -37.08681
     185.30        1   -36.88423
     255.20        1   -36.68376
     351.46        1   -36.48545
     484.04        1   -36.28940
     666.62        1   -36.09598
     918.07        1   -35.90492
     1264.4        1   -35.71659
     1741.3        1   -35.53135
     2398.1        1   -35.34919
     3302.7        1   -35.17043
     4548.5        1   -34.99434
     6264.3        1   -34.81961
     8627.2        1   -34.64760
     11881.        1   -34.47937
     16363.        1   -34.31370
     22535.        1   -34.15023
     31036.        1   -33.98919
     42743.        1   -33.83044
     58866.        1   -33.67465
     81070.        1   -33.52008
    0.11165E+06    1   -33.36768
    0.15377E+06    1   -33.21718
    0.21177E+06    1   -33.06846
    0.29165E+06    1   -32.92095
    0.40166E+06    1   -32.77481
    0.55317E+06    1   -32.63024
    0.76182E+06    1   -32.48625
    0.10492E+07    1   -32.34329
    0.14449E+07    1   -32.20077
    0.19900E+07    1   -32.05876
    0.27406E+07    1   -31.91697
    0.37744E+07    1   -31.77510
    0.51981E+07    1   -31.63187
    0.71589E+07    1   -31.48870
    0.98593E+07    1   -31.34452
    0.13578E+08    1   -31.20036
    0.18700E+08    1   -31.05492
    0.25754E+08    1   -30.90910
    0.35468E+08    1   -30.76467
    0.48847E+08    1   -30.62219
    0.67273E+08    1   -30.48354
    0.92648E+08    1   -30.34825
    0.12760E+09    1   -30.21588
    0.17573E+09    1   -30.08790
    0.24201E+09    1   -29.96312
    0.33330E+09    1   -29.84338
    0.45902E+09    1   -29.72901
    0.63217E+09    1   -29.62154
    0.87062E+09    1   -29.52030
    0.11990E+10    1   -29.42649
    0.16513E+10    1   -29.33873
    0.22742E+10    1   -29.25739
    0.31320E+10    1   -29.18104
    0.43134E+10    1   -29.11008
    0.59405E+10    1   -29.04376
    0.81813E+10    1   -28.98227
    0.11267E+11    1   -28.92443
    0.15517E+11    1   -28.87102
    0.21371E+11    1   -28.82161
    0.29432E+11    1   -28.77548
    0.40534E+11    1   -28.73252
    0.55823E+11    1   -28.69257
    0.10000E+12    1   -28.19483
    -149.95        2     0.00000
    -149.80        2     0.00000
    -149.65        2     0.00000
    -149.49        2     0.00000
    -149.34        2     0.00000
    -149.20        2     0.00000
    -149.05        2     0.00000
    -148.90        2     0.00000
    -148.74        2     0.00000
    -148.59        2     0.00000
    -148.45        2     0.00000
    -148.30        2     0.00000
    -148.15        2     0.00000
    -147.99        2     0.00000
    -147.84        2     0.00000
    -147.70        2     0.00000
    -147.55        2     0.00000
    -147.40        2     0.00000
    -147.24        2     0.00000
    -147.09        2     0.00000
    -146.95        2     0.00000
    -146.80        2     0.00000
    -146.65        2     0.00000
    -146.49        2     0.00000
    -146.34        2     0.00000
    -146.20        2     0.00000
    -146.05        2     0.00000
    -145.90        2     0.00000
    -145.74        2     0.00000
    -145.59        2     0.00000
    -145.45        2     0.00000
    -145.30        2     0.00000
    -145.15        2     0.00000
    -144.99        2     0.00000
    -144.84        2     0.00000
    -144.70        2     0.00000
    -144.55        2     0.00000
    -144.40        2     0.00000
    -144.24        2     0.00000
    -144.09        2     0.00000
    -143.95        2     0.00000
    -143.80        2     0.00000
    -143.65        2     0.00000
    -143.49        2     0.00000
    -143.34        2     0.00000
    -143.20        2     0.00000
    -143.05        2     0.00000
    -142.90        2     0.00000
    -142.74        2     0.00000
    -142.59        2     0.00000
    -142.45        2     0.00000
    -142.30        2     0.00000
    -142.15        2     0.00000
    -141.99        2     0.00000
    -141.84        2     0.00000
    -141.70        2     0.00000
    -141.55        2     0.00000
    -141.40        2     0.00000
    -141.24        2     0.00000
    -141.09        2     0.00000
    -140.95        2     0.00000
    -140.80        2     0.00000
    -140.65        2     0.00000
    -140.49        2     0.00000
    -140.34        2     0.00000
    -140.20        2     0.00000
    -140.05        2     0.00000
    -139.90        2     0.00000
    -139.74        2     0.00000
    -139.59        2     0.00000
    -139.45        2     0.00000
    -139.30        2     0.00000
    -139.15        2     0.00000
    -138.99        2     0.00000
    -138.84        2     0.00000
    -138.70        2     0.00000
    -138.55        2     0.00000
    -138.40        2     0.00000
    -138.24        2     0.00000
    -138.09        2     0.00000
    -137.95        2     0.00000
    -137.80        2     0.00000
    -137.65        2     0.00000
    -137.49        2     0.00000
    -137.34        2     0.00000
    -137.20        2     0.00000
    -137.05        2     0.00000
    -136.90        2     0.00000
    -136.74        2     0.00000
    -136.59        2     0.00000
    -136.45        2     0.00000
    -136.30        2     0.00000
    -136.15        2     0.00000
    -135.99        2     0.00000
    -135.84        2     0.00000
    -135.70        2     0.00000
    -135.55        2     0.00000
    -135.40        2     0.00000
    -135.24        2     0.00000
    -135.09        2     0.00000
    -134.95        2     0.00000
    -134.80        2     0.00000
    -134.65        2     0.00000
    -134.49        2     0.00000
    -134.34        2     0.00000
    -134.20        2     0.00000
    -134.05        2     0.00000
    -133.90        2     0.00000
    -133.74        2     0.00000
    -133.59        2     0.00000
    -133.45        2     0.00000
    -133.30        2     0.00000
    -133.15        2     0.00000
    -132.99        2     0.00000
    -132.84        2     0.00000
    -132.70        2     0.00000
    -132.55        2     0.00000
    -132.40        2     0.00000
    -132.24        2     0.00000
    -132.09        2     0.00000
    -131.95        2     0.00000
    -131.80        2     0.00000
    -131.65        2     0.00000
    -131.49        2     0.00000
    -131.34        2     0.00000
    -131.20        2     0.00000
    -131.05        2     0.00000
    -130.90        2     0.00000
    -130.74        2     0.00000
    -130.59        2     0.00000
    -130.45        2     0.00000
    -130.30        2     0.00000
    -130.15        2     0.00000
    -129.99        2     0.00000
    -129.84        2     0.00000
    -129.70        2     0.00000
    -129.55        2     0.00000
    -129.40        2     0.00000
    -129.24        2     0.00000
    -129.09        2     0.00000
    -128.95        2     0.00000
    -128.80        2     0.00000
    -128.65        2     0.00000
    -128.49        2     0.00000
    -128.34        2     0.00000
    -128.20        2     0.00000
    -128.05        2     0.00000
    -127.89        2     0.00000
    -127.75        2     0.00000
    -127.60        2     0.00000
    -127.44        2     0.00000
    -127.30        2     0.00000
    -127.14        2     0.00000
    -127.00        2     0.00000
    -126.85        2     0.00000
    -126.69        2     0.00000
    -126.55        2     0.00000
    -126.39        2     0.00000
    -126.25        2     0.00000
    -126.10        2     0.00000
    -125.94        2     0.00000
    -125.80        2     0.00000
    -125.64        2     0.00000
    -125.50        2     0.00000
    -125.35        2     0.00000
    -125.19        2     0.00000
    -125.05        2     0.00000
    -124.89        2     0.00000
    -124.75        2     0.00000
    -124.60        2     0.00000
    -124.44        2     0.00000
    -124.30        2     0.00000
    -124.14        2     0.00000
    -124.00        2     0.00000
    -123.85        2     0.00000
    -123.69        2     0.00000
    -123.55        2     0.00000
    -123.39        2     0.00000
    -123.25        2     0.00000
    -123.10        2     0.00000
    -122.94        2     0.00000
    -122.80        2     0.00000
    -122.64        2     0.00000
    -122.50        2     0.00000
    -122.35        2     0.00000
    -122.19        2     0.00000
    -122.05        2     0.00000
    -121.89        2     0.00000
    -121.75        2     0.00000
    -121.60        2     0.00000
    -121.44        2     0.00000
    -121.30        2     0.00000
    -121.14        2     0.00000
    -121.00        2     0.00000
    -120.85        2     0.00000
    -120.69        2     0.00000
    -120.55        2     0.00000
    -120.39        2     0.00000
    -120.25        2     0.00000
    -120.10        2     0.00000
    -119.94        2     0.00000
    -119.80        2     0.00000
    -119.64        2     0.00000
    -119.50        2     0.00000
    -119.35        2     0.00000
    -119.19        2     0.00000
    -119.05        2     0.00000
    -118.89        2     0.00000
    -118.75        2     0.00000
    -118.60        2     0.00000
    -118.44        2     0.00000
    -118.30        2     0.00000
    -118.14        2     0.00000
    -118.00        2     0.00000
    -117.85        2     0.00000
    -117.69        2     0.00000
    -117.55        2     0.00000
    -117.39        2     0.00000
    -117.25        2     0.00000
    -117.10        2     0.00000
    -116.94        2     0.00000
    -116.80        2     0.00000
    -116.64        2     0.00000
    -116.50        2     0.00000
    -116.35        2     0.00000
    -116.19        2     0.00000
    -116.05        2     0.00000
    -115.89        2     0.00000
    -115.75        2     0.00000
    -115.60        2     0.00000
    -115.44        2     0.00000
    -115.30        2     0.00000
    -115.14        2     0.00000
    -115.00        2     0.00000
    -114.85        2     0.00000
    -114.69        2     0.00000
    -114.55        2     0.00000
    -114.39        2     0.00000
    -114.25        2     0.00000
    -114.10        2     0.00000
    -113.94        2     0.00000
    -113.80        2     0.00000
    -113.64        2     0.00000
    -113.50        2     0.00000
    -113.35        2     0.00000
    -113.19        2     0.00000
    -113.05        2     0.00000
    -112.89        2     0.00000
    -112.75        2     0.00000
    -112.60        2     0.00000
    -112.44        2     0.00000
    -112.30        2     0.00000
    -112.14        2     0.00000
    -112.00        2     0.00000
    -111.85        2     0.00000
    -111.69        2     0.00000
    -111.55        2     0.00000
    -111.39        2     0.00000
    -111.25        2     0.00000
    -111.10        2     0.00000
    -110.94        2     0.00000
    -110.80        2     0.00000
    -110.64        2     0.00000
    -110.50        2     0.00000
    -110.35        2     0.00000
    -110.19        2     0.00000
    -110.05        2     0.00000
    -109.89        2     0.00000
    -109.75        2     0.00000
    -109.60        2     0.00000
    -109.44        2     0.00000
    -109.30        2     0.00000
    -109.14        2     0.00000
    -109.00        2     0.00000
    -108.85        2     0.00000
    -108.69        2     0.00000
    -108.55        2     0.00000
    -108.39        2     0.00000
    -108.25        2     0.00000
    -108.10        2     0.00000
    -107.94        2     0.00000
    -107.80        2     0.00000
    -107.64        2     0.00000
    -107.50        2     0.00000
    -107.35        2     0.00000
    -107.19        2     0.00000
    -107.05        2     0.00000
    -106.89        2     0.00000
    -106.75        2     0.00000
    -106.60        2     0.00000
    -106.44        2     0.00000
    -106.30        2     0.00000
    -106.14        2     0.00000
    -106.00        2     0.00000
    -105.85        2     0.00000
    -105.69        2     0.00000
    -105.55        2     0.00000
    -105.39        2     0.00000
    -105.25        2     0.00000
    -105.10        2     0.00000
    -104.94        2     0.00000
    -104.80        2     0.00000
    -104.64        2     0.00000
    -104.50        2     0.00000
    -104.35        2     0.00000
    -104.19        2     0.00000
    -104.05        2     0.00000
    -103.89        2     0.00000
    -103.75        2     0.00000
    -103.60        2     0.00000
    -103.44        2     0.00000
    -103.30        2     0.00000
    -103.14        2     0.00000
    -103.00        2     0.00000
    -102.85        2     0.00000
    -102.69        2     0.00000
    -102.55        2     0.00000
    -102.39        2     0.00000
    -102.25        2     0.00000
    -102.10        2     0.00000
    -101.94        2     0.00000
    -101.80        2     0.00000
    -101.64        2     0.00000
    -101.50        2     0.00000
    -101.35        2     0.00000
    -101.19        2     0.00000
    -101.05        2     0.00000
    -100.89        2     0.00000
    -100.75        2     0.00000
    -100.60        2     0.00000
    -100.44        2     0.00000
    -100.30        2     0.00000
    -100.14        2     0.00000
    -99.995        2     0.00000
    -99.845        2     0.00000
    -99.695        2     0.00000
    -99.545        2     0.00000
    -99.395        2     0.00000
    -99.245        2     0.00000
    -99.095        2     0.00000
    -98.945        2     0.00000
    -98.795        2     0.00000
    -98.645        2     0.00000
    -98.495        2     0.00000
    -98.345        2     0.00000
    -98.195        2     0.00000
    -98.045        2     0.00000
    -97.895        2     0.00000
    -97.745        2     0.00000
    -97.595        2     0.00000
    -97.445        2     0.00000
    -97.295        2     0.00000
    -97.145        2     0.00000
    -96.995        2     0.00000
    -96.845        2     0.00000
    -96.695        2     0.00000
    -96.545        2     0.00000
    -96.395        2     0.00000
    -96.245        2     0.00000
    -96.095        2     0.00000
    -95.945        2     0.00000
    -95.795        2     0.00000
    -95.645        2     0.00000
    -95.495        2     0.00000
    -95.345        2     0.00000
    -95.195        2     0.00000
    -95.045        2     0.00000
    -94.895        2     0.00000
    -94.745        2     0.00000
    -94.595        2     0.00000
    -94.445        2     0.00000
    -94.295        2     0.00000
    -94.145        2     0.00000
    -93.995        2     0.00000
    -93.845        2     0.00000
    -93.695        2     0.00000
    -93.545        2     0.00000
    -93.395        2     0.00000
    -93.245        2     0.00000
    -93.095        2     0.00000
    -92.945        2     0.00000
    -92.795        2     0.00000
    -92.645        2     0.00000
    -92.495        2     0.00000
    -92.345        2     0.00000
    -92.195        2     0.00000
    -92.045        2     0.00000
    -91.895        2     0.00000
    -91.745        2     0.00000
    -91.595        2     0.00000
    -91.445        2     0.00000
    -91.295        2     0.00000
    -91.145        2     0.00000
    -90.995        2     0.00000
    -90.845        2     0.00000
    -90.695        2     0.00000
    -90.545        2     0.00000
    -90.395        2     0.00000
    -90.245        2     0.00000
    -90.095        2     0.00000
    -89.945        2     0.00000
    -89.795        2     0.00000
    -89.645        2     0.00000
    -89.495        2     0.00000
    -89.345        2     0.00000
    -89.195        2     0.00000
    -89.045        2     0.00000
    -88.895        2     0.00000
    -88.745        2     0.00000
    -88.595        2     0.00000
    -88.445        2     0.00000
    -88.295        2     0.00000
    -88.145        2     0.00000
    -87.995        2     0.00000
    -87.845        2     0.00000
    -87.695        2     0.00000
    -87.545        2     0.00000
    -87.395        2     0.00000
    -87.245        2     0.00000
    -87.095        2     0.00000
    -86.945        2     0.00000
    -86.795        2     0.00000
    -86.645        2     0.00000
    -86.495        2     0.00000
    -86.345        2     0.00000
    -86.195        2     0.00000
    -86.045        2     0.00000
    -85.895        2     0.00000
    -85.745        2     0.00000
    -85.595        2     0.00000
    -85.445        2     0.00000
    -85.295        2     0.00000
    -85.145        2     0.00000
    -84.995        2     0.00000
    -84.845        2     0.00000
    -84.695        2     0.00000
    -84.545        2     0.00000
    -84.395        2     0.00000
    -84.245        2     0.00000
    -84.095        2     0.00000
    -83.945        2     0.00000
    -83.795        2     0.00000
    -83.645        2     0.00000
    -83.495        2     0.00000
    -83.345        2     0.00000
    -83.195        2     0.00000
    -83.045        2     0.00000
    -82.895        2     0.00000
    -82.745        2     0.00000
    -82.595        2     0.00000
    -82.445        2     0.00000
    -82.295        2     0.00000
    -82.145        2     0.00000
    -81.995        2     0.00000
    -81.845        2     0.00000
    -81.695        2     0.00000
    -81.545        2     0.00000
    -81.395        2     0.00000
    -81.245        2     0.00000
    -81.095        2     0.00000
    -80.945        2     0.00000
    -80.795        2     0.00000
    -80.645        2     0.00000
    -80.495        2     0.00000
    -80.345        2     0.00000
    -80.195        2     0.00000
    -80.045        2     0.00000
    -79.895        2     0.00000
    -79.745        2     0.00000
    -79.595        2     0.00000
    -79.445        2     0.00000
    -79.295        2     0.00000
    -79.145        2     0.00000
    -78.995        2     0.00000
    -78.845        2     0.00000
    -78.695        2     0.00000
    -78.545        2     0.00000
    -78.395        2     0.00000
    -78.245        2     0.00000
    -78.095        2     0.00000
    -77.945        2     0.00000
    -77.795        2     0.00000
    -77.645        2     0.00000
    -77.495        2     0.00000
    -77.345        2     0.00000
    -77.195        2     0.00000
    -77.045        2     0.00000
    -76.895        2     0.00000
    -76.745        2     0.00000
    -76.595        2     0.00000
    -76.445        2     0.00000
    -76.295        2     0.00000
    -76.145        2     0.00000
    -75.995        2     0.00000
    -75.845        2     0.00000
    -75.695        2     0.00000
    -75.545        2     0.00000
    -75.395        2     0.00000
    -75.245        2     0.00000
    -75.095        2     0.00000
    -74.945        2     0.00000
    -74.795        2     0.00000
    -74.645        2     0.00000
    -74.495        2     0.00000
    -74.345        2     0.00000
    -74.195        2     0.00000
    -74.045        2     0.00000
    -73.895        2     0.00000
    -73.745        2     0.00000
    -73.595        2     0.00000
    -73.445        2     0.00000
    -73.295        2     0.00000
    -73.145        2     0.00000
    -72.995        2     0.00000
    -72.845        2     0.00000
    -72.695        2     0.00000
    -72.545        2     0.00000
    -72.395        2     0.00000
    -72.245        2     0.00000
    -72.095        2     0.00000
    -71.945        2     0.00000
    -71.795        2     0.00000
    -71.645        2     0.00000
    -71.495        2     0.00000
    -71.345        2     0.00000
    -71.195        2     0.00000
    -71.045        2     0.00000
    -70.895        2     0.00000
    -70.745        2     0.00000
    -70.595        2     0.00000
    -70.445        2     0.00000
    -70.295        2     0.00000
    -70.145        2     0.00000
    -69.995        2     0.00000
    -69.845        2     0.00000
    -69.695        2     0.00000
    -69.545        2     0.00000
    -69.395        2     0.00000
    -69.245        2     0.00000
    -69.095        2     0.00000
    -68.945        2     0.00000
    -68.795        2     0.00000
    -68.645        2     0.00000
    -68.495        2     0.00000
    -68.345        2     0.00000
    -68.195        2     0.00000
    -68.045        2     0.00000
    -67.895        2     0.00000
    -67.745        2     0.00000
    -67.595        2     0.00000
    -67.445        2     0.00000
    -67.295        2     0.00000
    -67.145        2     0.00000
    -66.995        2     0.00000
    -66.845        2     0.00000
    -66.695        2     0.00000
    -66.545        2     0.00000
    -66.395        2     0.00000
    -66.245        2     0.00000
    -66.095        2     0.00000
    -65.945        2     0.00000
    -65.795        2     0.00000
    -65.645        2     0.00000
    -65.495        2     0.00000
    -65.345        2     0.00000
    -65.195        2     0.00000
    -65.045        2     0.00000
    -64.895        2     0.00000
    -64.745        2     0.00000
    -64.595        2     0.00000
    -64.445        2     0.00000
    -64.295        2     0.00000
    -64.145        2     0.00000
    -63.995        2     0.00000
    -63.845        2     0.00000
    -63.695        2     0.00000
    -63.545        2     0.00000
    -63.395        2     0.00000
    -63.245        2     0.00000
    -63.095        2     0.00000
    -62.945        2     0.00000
    -62.795        2     0.00000
    -62.645        2     0.00000
    -62.495        2     0.00000
    -62.345        2     0.00000
    -62.195        2     0.00000
    -62.045        2     0.00000
    -61.895        2     0.00000
    -61.745        2     0.00000
    -61.595        2     0.00000
    -61.445        2     0.00000
    -61.295        2     0.00000
    -61.145        2     0.00000
    -60.995        2     0.00000
    -60.845        2     0.00000
    -60.695        2     0.00000
    -60.545        2     0.00000
    -60.395        2     0.00000
    -60.245        2     0.00000
    -60.095        2     0.00000
    -59.945        2     0.00000
    -59.795        2     0.00000
    -59.645        2     0.00000
    -59.495        2     0.00000
    -59.345        2     0.00000
    -59.195        2     0.00000
    -59.045        2     0.00000
    -58.895        2     0.00000
    -58.745        2     0.00000
    -58.595        2     0.00000
    -58.445        2     0.00000
    -58.295        2     0.00000
    -58.145        2     0.00000
    -57.995        2     0.00000
    -57.845        2     0.00000
    -57.695        2     0.00000
    -57.545        2     0.00000
    -57.395        2     0.00000
    -57.245        2     0.00000
    -57.095        2     0.00000
    -56.945        2     0.00000
    -56.795        2     0.00000
    -56.645        2     0.00000
    -56.495        2     0.00000
    -56.345        2     0.00000
    -56.195        2     0.00000
    -56.045        2     0.00000
    -55.895        2     0.00000
    -55.745        2     0.00000
    -55.595        2     0.00000
    -55.445        2     0.00000
    -55.295        2     0.00000
    -55.145        2     0.00000
    -54.995        2     0.00000
    -54.845        2     0.00000
    -54.695        2     0.00000
    -54.545        2     0.00000
    -54.395        2     0.00000
    -54.245        2     0.00000
    -54.095        2     0.00000
    -53.945        2     0.00000
    -53.795        2     0.00000
    -53.645        2     0.00000
    -53.495        2     0.00000
    -53.345        2     0.00000
    -53.195        2     0.00000
    -53.045        2     0.00000
    -52.895        2     0.00000
    -52.745        2     0.00000
    -52.595        2     0.00000
    -52.445        2     0.00000
    -52.295        2     0.00000
    -52.145        2     0.00000
    -51.995        2     0.00000
    -51.845        2     0.00000
    -51.695        2     0.00000
    -51.545        2     0.00000
    -51.395        2     0.00000
    -51.245        2     0.00000
    -51.095        2     0.00000
    -50.945        2     0.00000
    -50.795        2     0.00000
    -50.645        2     0.00000
    -50.495        2     0.00000
    -50.345        2     0.00000
    -50.195        2     0.00000
    -50.045        2     0.00000
    -49.895        2     0.00000
    -49.745        2     0.00000
    -49.595        2     0.00000
    -49.445        2     0.00000
    -49.295        2     0.00000
    -49.145        2     0.00000
    -48.995        2     0.00000
    -48.845        2     0.00000
    -48.695        2     0.00000
    -48.545        2     0.00000
    -48.395        2     0.00000
    -48.245        2     0.00000
    -48.095        2     0.00000
    -47.945        2     0.00000
    -47.795        2     0.00000
    -47.645        2     0.00000
    -47.495        2     0.00000
    -47.345        2     0.00000
    -47.195        2     0.00000
    -47.045        2     0.00000
    -46.895        2     0.00000
    -46.745        2     0.00000
    -46.595        2     0.00000
    -46.445        2     0.00000
    -46.295        2     0.00000
    -46.145        2     0.00000
    -45.995        2     0.00000
    -45.845        2     0.00000
    -45.695        2     0.00000
    -45.545        2     0.00000
    -45.395        2     0.00000
    -45.245        2     0.00000
    -45.095        2     0.00000
    -44.945        2     0.00000
    -44.795        2     0.00000
    -44.645        2     0.00000
    -44.495        2     0.00000
    -44.345        2     0.00000
    -44.195        2     0.00000
    -44.045        2     0.00000
    -43.895        2     0.00000
    -43.745        2     0.00000
    -43.595        2     0.00000
    -43.445        2     0.00000
    -43.295        2     0.00000
    -43.145        2     0.00000
    -42.995        2     0.00000
    -42.845        2     0.00000
    -42.695        2     0.00000
    -42.545        2     0.00000
    -42.395        2     0.00000
    -42.245        2     0.00000
    -42.095        2     0.00000
    -41.945        2     0.00000
    -41.795        2     0.00000
    -41.645        2     0.00000
    -41.495        2     0.00000
    -41.345        2     0.00000
    -41.195        2     0.00000
    -41.045        2     0.00000
    -40.895        2     0.00000
    -40.745        2     0.00000
    -40.595        2     0.00000
    -40.445        2     0.00000
    -40.295        2     0.00000
    -40.145        2     0.00000
    -39.995        2     0.00000
    -39.845        2     0.00000
    -39.695        2     0.00000
    -39.545        2     0.00000
    -39.395        2     0.00000
    -39.245        2     0.00000
    -39.095        2     0.00000
    -38.945        2     0.00000
    -38.795        2     0.00000
    -38.645        2     0.00000
    -38.495        2     0.00000
    -38.345        2     0.00000
    -38.195        2     0.00000
    -38.045        2     0.00000
    -37.895        2     0.00000
    -37.745        2     0.00000
    -37.595        2     0.00000
    -37.445        2     0.00000
    -37.295        2     0.00000
    -37.145        2     0.00000
    -36.995        2     0.00000
    -36.845        2     0.00000
    -36.695        2     0.00000
    -36.545        2     0.00000
    -36.395        2     0.00000
    -36.245        2     0.00000
    -36.095        2     0.00000
    -35.945        2     0.00000
    -35.795        2     0.00000
    -35.645        2     0.00000
    -35.495        2     0.00000
    -35.345        2     0.00000
    -35.195        2     0.00000
    -35.045        2     0.00000
    -34.895        2     0.00000
    -34.745        2     0.00000
    -34.595        2     0.00000
    -34.445        2     0.00000
    -34.295        2     0.00000
    -34.145        2     0.00000
    -33.995        2     0.00000
    -33.845        2     0.00000
    -33.695        2     0.00000
    -33.545        2     0.00000
    -33.395        2     0.00000
    -33.245        2     0.00000
    -33.095        2     0.00000
    -32.945        2     0.00000
    -32.795        2     0.00000
    -32.645        2     0.00000
    -32.495        2     0.00000
    -32.345        2     0.00000
    -32.195        2     0.00000
    -32.045        2     0.00000
    -31.895        2     0.00000
    -31.745        2     0.00000
    -31.595        2     0.00000
    -31.445        2     0.00000
    -31.295        2     0.00000
    -31.145        2     0.00000
    -30.995        2     0.00000
    -30.845        2     0.00000
    -30.695        2     0.00000
    -30.545        2     0.00000
    -30.395        2     0.00000
    -30.245        2     0.00000
    -30.095        2     0.00000
    -29.945        2     0.00000
    -29.795        2     0.00000
    -29.645        2     0.00000
    -29.495        2     0.00000
    -29.345        2     0.00000
    -29.195        2     0.00000
    -29.045        2     0.00000
    -28.895        2     0.00000
    -28.745        2     0.00000
    -28.595        2     0.00000
    -28.445        2     0.00000
    -28.295        2     0.00000
    -28.145        2     0.00000
    -27.995        2     0.00000
    -27.845        2     0.00000
    -27.695        2     0.00000
    -27.545        2     0.00000
    -27.395        2     0.00000
    -27.245        2     0.00000
    -27.095        2     0.00000
    -26.945        2     0.00000
    -26.795        2     0.00000
    -26.645        2     0.00000
    -26.495        2     0.00000
    -26.345        2     0.00000
    -26.195        2     0.00000
    -26.045        2     0.00000
    -25.895        2     0.00000
    -25.745        2     0.00000
    -25.595        2     0.00000
    -25.445        2     0.00000
    -25.295        2     0.00000
    -25.145        2     0.00000
    -24.995        2     0.00000
    -24.845        2     0.00000
    -24.695        2     0.00000
    -24.545        2     0.00000
    -24.395        2     0.00000
    -24.245        2     0.00000
    -24.095        2     0.00000
    -23.945        2     0.00000
    -23.795        2     0.00000
    -23.645        2     0.00000
    -23.495        2     0.00000
    -23.345        2     0.00000
    -23.195        2     0.00000
    -23.045        2     0.00000
    -22.895        2     0.00000
    -22.745        2     0.00000
    -22.595        2     0.00000
    -22.445        2     0.00000
    -22.295        2     0.00000
    -22.145        2     0.00000
    -21.995        2     0.00000
    -21.845        2     0.00000
    -21.695        2     0.00000
    -21.545        2     0.00000
    -21.395        2     0.00000
    -21.245        2     0.00000
    -21.095        2     0.00000
    -20.945        2     0.00000
    -20.795        2     0.00000
    -20.645        2     0.00000
    -20.495        2     0.00000
    -20.345        2     0.00000
    -20.195        2     0.00000
    -20.045        2     0.00000
    -19.895        2     0.00000
    -19.745        2     0.00000
    -19.595        2     0.00000
    -19.445        2     0.00000
    -19.295        2     0.00000
    -19.145        2     0.00000
    -18.995        2     0.00000
    -18.845        2     0.00000
    -18.695        2     0.00000
    -18.545        2     0.00000
    -18.395        2     0.00000
    -18.245        2     0.00000
    -18.095        2     0.00000
    -17.945        2     0.00000
    -17.795        2     0.00000
    -17.645        2     0.00000
    -17.495        2     0.00000
    -17.345        2     0.00000
    -17.195        2     0.00000
    -17.045        2     0.00000
    -16.895        2     0.00000
    -16.745        2     0.00000
    -16.595        2     0.00000
    -16.445        2     0.00000
    -16.295        2     0.00000
    -16.145        2     0.00000
    -15.995        2     0.00000
    -15.845        2     0.00000
    -15.695        2    -0.00247
    -15.545        2    -0.01985
    -15.395        2    -0.06676
    -15.245        2    -0.14310
    -15.095        2    -0.26124
    -14.945        2    -0.40839
    -14.795        2    -0.58080
    -14.645        2    -0.77038
    -14.495        2    -0.98155
    -14.345        2    -1.21410
    -14.195        2    -1.47610
    -14.045        2    -1.77096
    -13.895        2    -2.13433
    -13.745        2    -2.53079
    -13.595        2    -2.96545
    -13.445        2    -3.41519
    -13.295        2    -3.88666
    -13.145        2    -4.34987
    -12.995        2    -4.82780
    -12.845        2    -5.32078
    -12.695        2    -5.81253
    -12.545        2    -6.32872
    -12.395        2    -6.84955
    -12.245        2    -7.39757
    -12.095        2    -7.95245
    -11.945        2    -8.54397
    -11.795        2    -9.16692
    -11.645        2    -9.83442
    -11.495        2   -10.57184
    -11.345        2   -11.35563
    -11.195        2   -12.19878
    -11.045        2   -13.09650
    -10.895        2   -14.05879
    -10.745        2   -15.03927
    -10.595        2   -16.05247
    -10.445        2   -17.06722
    -10.295        2   -18.07512
    -10.145        2   -19.09566
    -9.9950        2   -20.08138
    -9.8450        2   -21.08159
    -9.6950        2   -22.08354
    -9.5450        2   -23.09345
    -9.3950        2   -24.12966
    -9.2450        2   -25.18999
    -9.0950        2   -26.29175
    -8.9450        2   -27.45374
    -8.7950        2   -28.67642
    -8.6450        2   -29.95740
    -8.4950        2   -31.29991
    -8.3450        2   -32.71618
    -8.1950        2   -34.17682
    -8.0450        2   -35.70291
    -7.8950        2   -37.27476
    -7.7450        2   -38.91299
    -7.5950        2   -40.61845
    -7.4450        2   -42.36407
    -7.2950        2   -44.20620
    -7.1450        2   -46.11043
    -6.9950        2   -48.09675
    -6.8450        2   -50.17377
    -6.6950        2   -52.35389
    -6.5450        2   -54.63138
    -6.3950        2   -56.97125
    -6.2450        2   -59.37090
    -6.0950        2   -61.82161
    -5.9450        2   -64.30781
    -5.7950        2   -66.82613
    -5.6450        2   -69.35702
    -5.4950        2   -71.88219
    -5.3450        2   -74.39407
    -5.1950        2   -76.93373
    -5.0450        2   -79.46088
    -4.8950        2   -81.98465
    -4.7450        2   -84.46471
    -4.5950        2   -86.90510
    -4.4450        2   -89.31806
    -4.2950        2   -91.71123
    -4.1450        2   -94.13578
    -3.9950        2   -96.57809
    -3.8450        2   -99.06705
    -3.6950        2  -101.60135
    -3.5450        2  -104.25095
    -3.3950        2  -107.00267
    -3.2450        2  -109.90505
    -3.0950        2  -113.00143
    -2.9450        2  -116.32623
    -2.7950        2  -119.87004
    -2.6450        2  -123.71420
    -2.4950        2  -127.87763
    -2.3450        2  -132.46956
    -2.1950        2  -137.58931
    -2.0450        2  -143.37779
    -1.8950        2  -149.94527
    -1.7450        2  -157.42674
    -1.5950        2  -165.82646
    -1.4450        2  -175.10507
    -1.2950        2  -185.24064
    -1.1450        2  -196.17951
   -0.99500        2  -207.78280
   -0.84500        2  -219.95488
   -0.69500        2  -232.71451
   -0.54500        2  -246.38374
   -0.39500        2  -261.79614
   -0.25300        2  -273.37820
   -0.21500        2  -274.16650
   -0.20900        2  -274.96585
   -0.20300        2  -275.77556
   -0.19700        2  -276.59794
   -0.19100        2  -277.43251
   -0.18500        2  -278.27947
   -0.17900        2  -279.14233
   -0.17300        2  -280.02058
   -0.16700        2  -280.91754
   -0.16100        2  -281.82986
   -0.15500        2  -282.76003
   -0.14900        2  -283.71223
   -0.14300        2  -284.68365
   -0.13700        2  -285.67756
   -0.13100        2  -286.69676
   -0.12500        2  -287.74623
   -0.11900        2  -288.82464
   -0.11300        2  -289.93609
   -0.10700        2  -291.08263
   -0.10100        2  -292.26846
   -0.95000E-01    2  -293.49959
   -0.89000E-01    2  -294.78062
   -0.83000E-01    2  -296.11879
   -0.77000E-01    2  -297.51956
   -0.71000E-01    2  -298.99673
   -0.65000E-01    2  -300.56387
   -0.59000E-01    2  -302.23880
   -0.53000E-01    2  -304.04533
   -0.47000E-01    2  -306.01986
   -0.41000E-01    2  -308.21246
   -0.35000E-01    2  -310.70223
   -0.29000E-01    2  -313.60936
   -0.23000E-01    2  -317.13810
   -0.19700E-01    2  -317.53405
   -0.19100E-01    2  -317.94131
   -0.18500E-01    2  -318.36087
   -0.17900E-01    2  -318.79276
   -0.17300E-01    2  -319.23756
   -0.16700E-01    2  -319.69589
   -0.16100E-01    2  -320.16820
   -0.15500E-01    2  -320.65566
   -0.14900E-01    2  -321.15853
   -0.14300E-01    2  -321.67836
   -0.13700E-01    2  -322.21625
   -0.13100E-01    2  -322.77343
   -0.12500E-01    2  -323.35111
   -0.11900E-01    2  -323.95076
   -0.11300E-01    2  -324.57372
   -0.10700E-01    2  -325.22327
   -0.10100E-01    2  -325.90113
   -0.95000E-02    2  -326.60744
   -0.89000E-02    2  -327.34288
   -0.83000E-02    2  -328.10859
   -0.77000E-02    2  -328.90454
   -0.71000E-02    2  -329.73028
   -0.65000E-02    2  -330.58554
   -0.59000E-02    2  -331.46899
   -0.53000E-02    2  -332.37865
   -0.47000E-02    2  -333.31021
   -0.41000E-02    2  -334.24627
   -0.35000E-02    2  -335.16183
   -0.29000E-02    2  -336.02269
   -0.23000E-02    2  -336.77965
   -0.17000E-02    2  -337.38608
   -0.11000E-02    2  -337.80169
   -0.50000E-03    2  -337.99698
    0.10000E-03    2  -337.95777
    0.70000E-03    2  -337.68694
    0.13000E-02    2  -337.20406
    0.19000E-02    2  -336.54315
    0.25000E-02    2  -335.74628
    0.31000E-02    2  -334.86300
    0.37000E-02    2  -333.93788
    0.43000E-02    2  -333.00158
    0.49000E-02    2  -332.07642
    0.55000E-02    2  -331.17572
    0.61000E-02    2  -330.30248
    0.67000E-02    2  -329.45820
    0.73000E-02    2  -328.64360
    0.79000E-02    2  -327.85907
    0.85000E-02    2  -327.10465
    0.91000E-02    2  -326.38024
    0.97000E-02    2  -325.68517
    0.10300E-01    2  -325.01877
    0.10900E-01    2  -324.38034
    0.11500E-01    2  -323.76750
    0.12100E-01    2  -323.17747
    0.12700E-01    2  -322.60899
    0.13300E-01    2  -322.06068
    0.13900E-01    2  -321.53133
    0.14500E-01    2  -321.01969
    0.15100E-01    2  -320.52479
    0.15700E-01    2  -320.04541
    0.16300E-01    2  -319.58069
    0.16900E-01    2  -319.12974
    0.17500E-01    2  -318.69212
    0.18100E-01    2  -318.26742
    0.18700E-01    2  -317.85475
    0.19300E-01    2  -317.45393
    0.20200E-01    2  -315.99244
    0.25000E-01    2  -312.73774
    0.31000E-01    2  -310.02463
    0.37000E-01    2  -307.69534
    0.43000E-01    2  -305.64785
    0.49000E-01    2  -303.81542
    0.55000E-01    2  -302.15177
    0.61000E-01    2  -300.62767
    0.67000E-01    2  -299.21814
    0.73000E-01    2  -297.90447
    0.79000E-01    2  -296.67457
    0.85000E-01    2  -295.51785
    0.91000E-01    2  -294.42617
    0.97000E-01    2  -293.39241
    0.10300        2  -292.40990
    0.10900        2  -291.47479
    0.11500        2  -290.58172
    0.12100        2  -289.72756
    0.12700        2  -288.90746
    0.13300        2  -288.12006
    0.13900        2  -287.36161
    0.14500        2  -286.63061
    0.15100        2  -285.92467
    0.15700        2  -285.24373
    0.16300        2  -284.58273
    0.16900        2  -283.94389
    0.17500        2  -283.32343
    0.18100        2  -282.72153
    0.18700        2  -282.13581
    0.19300        2  -281.56784
    0.19900        2  -281.01521
    0.20500        2  -280.47696
    0.21100        2  -279.95252
    0.21700        2  -279.44181
    0.29500        2  -269.19127
    0.44500        2  -262.62968
    0.59500        2  -257.85371
    0.74500        2  -254.11449
    0.89500        2  -250.98591
     1.0450        2  -248.24816
     1.1950        2  -245.78614
     1.3450        2  -243.55156
     1.4950        2  -241.49479
     1.6450        2  -239.59947
     1.7950        2  -237.85523
     1.9450        2  -236.26044
     2.0950        2  -234.79855
     2.2450        2  -233.45734
     2.3950        2  -232.23391
     2.5450        2  -231.12064
     2.6950        2  -230.08537
     2.8450        2  -229.15212
     2.9950        2  -228.28186
     3.1450        2  -227.47585
     3.2950        2  -226.72996
     3.4450        2  -226.03406
     3.5950        2  -225.38126
     3.7450        2  -224.76569
     3.8950        2  -224.18864
     4.0450        2  -223.63542
     4.1950        2  -223.11611
     4.3450        2  -222.61848
     4.4950        2  -222.14354
     4.6450        2  -221.68559
     4.7950        2  -221.24688
     4.9450        2  -220.82485
     5.0950        2  -220.41443
     5.2450        2  -220.01588
     5.3950        2  -219.63257
     5.5450        2  -219.25926
     5.6950        2  -218.89636
     5.8450        2  -218.54104
     5.9950        2  -218.19635
     6.1450        2  -217.86091
     6.2950        2  -217.53389
     6.4450        2  -217.21427
     6.5950        2  -216.90289
     6.7450        2  -216.59539
     6.8950        2  -216.29842
     7.0450        2  -216.00617
     7.1950        2  -215.71963
     7.3450        2  -215.44051
     7.4950        2  -215.16623
     7.6450        2  -214.90085
     7.7950        2  -214.63706
     7.9450        2  -214.37654
     8.0950        2  -214.12269
     8.2450        2  -213.87157
     8.3950        2  -213.62704
     8.5450        2  -213.38430
     8.6950        2  -213.14782
     8.8450        2  -212.91772
     8.9950        2  -212.69005
     9.1450        2  -212.46629
     9.2950        2  -212.24413
     9.4450        2  -212.02688
     9.5950        2  -211.81248
     9.7450        2  -211.60006
     9.8950        2  -211.39057
     10.045        2  -211.18212
     10.195        2  -210.97871
     10.345        2  -210.78030
     10.495        2  -210.58272
     10.645        2  -210.38890
     10.795        2  -210.19852
     10.945        2  -210.00858
     11.095        2  -209.82251
     11.245        2  -209.64050
     11.395        2  -209.45912
     11.545        2  -209.28119
     11.695        2  -209.10293
     11.845        2  -208.93085
     11.995        2  -208.75804
     12.145        2  -208.58650
     12.295        2  -208.41793
     12.445        2  -208.25064
     12.595        2  -208.08716
     12.745        2  -207.92559
     12.895        2  -207.76450
     13.045        2  -207.60567
     13.195        2  -207.44822
     13.345        2  -207.29275
     13.495        2  -207.13950
     13.645        2  -206.98798
     13.795        2  -206.83803
     13.945        2  -206.68750
     14.095        2  -206.53917
     14.245        2  -206.39441
     14.395        2  -206.24969
     14.545        2  -206.10623
     14.695        2  -205.96662
     14.845        2  -205.82666
     14.995        2  -205.68972
     15.145        2  -205.55209
     15.295        2  -205.41541
     15.445        2  -205.28157
     15.595        2  -205.14802
     15.745        2  -205.01707
     15.895        2  -204.88719
     16.045        2  -204.75971
     16.195        2  -204.62970
     16.345        2  -204.50273
     16.495        2  -204.37725
     16.645        2  -204.25340
     16.795        2  -204.12873
     16.945        2  -204.00769
     17.095        2  -203.88759
     17.245        2  -203.76638
     17.395        2  -203.64632
     17.545        2  -203.52618
     17.695        2  -203.40958
     17.845        2  -203.29246
     17.995        2  -203.17624
     18.145        2  -203.06200
     18.295        2  -202.94806
     18.445        2  -202.83487
     18.595        2  -202.72406
     18.745        2  -202.61376
     18.895        2  -202.50477
     19.045        2  -202.39586
     19.195        2  -202.28832
     19.345        2  -202.18132
     19.495        2  -202.07428
     19.645        2  -201.96824
     19.795        2  -201.86358
     19.945        2  -201.75816
     20.095        2  -201.65452
     21.836        2  -198.50491
     30.068        2  -193.84511
     42.097        2  -189.20909
     58.937        2  -184.60813
     82.515        2  -180.07070
     115.53        2  -175.60648
     161.74        2  -171.21564
     226.45        2  -166.90747
     317.04        2  -162.68591
     443.87        2  -158.55115
     621.44        2  -154.51219
     870.05        2  -150.57438
     1218.1        2  -146.73572
     1705.4        2  -142.98901
     2387.7        2  -139.33633
     3342.9        2  -135.76580
     4680.2        2  -132.28327
     6552.5        2  -128.89153
     9173.8        2  -125.59146
     12844.        2  -122.37555
     17982.        2  -119.25670
     25176.        2  -116.23443
     35247.        2  -113.31894
     49348.        2  -110.51770
     69090.        2  -107.84251
     96729.        2  -105.28309
    0.13543E+06    2  -102.84018
    0.18960E+06    2  -100.50771
    0.26545E+06    2   -98.28913
    0.37165E+06    2   -96.17424
    0.52033E+06    2   -94.15536
    0.72849E+06    2   -92.23876
    0.10199E+07    2   -90.41687
    0.14279E+07    2   -88.68168
    0.19992E+07    2   -87.03369
    0.27990E+07    2   -85.46465
    0.39187E+07    2   -83.97071
    0.54864E+07    2   -82.55056
    0.76812E+07    2   -81.20317
    0.10754E+08    2   -79.92062
    0.15056E+08    2   -78.70248
    0.21080E+08    2   -77.54776
    0.29513E+08    2   -76.45062
    0.41319E+08    2   -75.41875
    0.57849E+08    2   -74.45469
    0.80991E+08    2   -73.56079
    0.11339E+09    2   -72.73292
    0.15875E+09    2   -71.95962
    0.22226E+09    2   -71.23899
    0.31118E+09    2   -70.56441
    0.43567E+09    2   -69.93472
    0.60996E+09    2   -69.35896
    0.85398E+09    2   -68.83736
    0.11956E+10    2   -68.36083
    0.16739E+10    2   -67.92262
    0.23436E+10    2   -67.52038
    0.32811E+10    2   -67.15181
    0.45937E+10    2   -66.81167
    0.64315E+10    2   -66.49923
    0.90044E+10    2   -66.21227
    0.12607E+11    2   -65.94882
    0.17650E+11    2   -65.70624
    0.24711E+11    2   -65.48324
    0.34596E+11    2   -65.27825
    0.48437E+11    2   -65.08939
    0.67814E+11    2   -64.91622
    0.10000E+12    2   -62.93741
