    -29.945        1     0.00000
    -29.795        1     0.00000
    -29.645        1     0.00000
    -29.495        1     0.00000
    -29.345        1     0.00000
    -29.195        1     0.00000
    -29.045        1     0.00000
    -28.895        1     0.00000
    -28.745        1     0.00000
    -28.595        1     0.00000
    -28.445        1     0.00000
    -28.295        1     0.00000
    -28.145        1     0.00000
    -27.995        1     0.00000
    -27.845        1     0.00000
    -27.695        1     0.00000
    -27.545        1     0.00000
    -27.395        1     0.00000
    -27.245        1     0.00000
    -27.095        1     0.00000
    -26.945        1     0.00000
    -26.795        1     0.00000
    -26.645        1     0.00000
    -26.495        1     0.00000
    -26.345        1    -0.00018
    -26.195        1    -0.00037
    -26.045        1    -0.00056
    -25.895        1    -0.00094
    -25.745        1    -0.00112
    -25.595        1    -0.00168
    -25.445        1    -0.00260
    -25.295        1    -0.00444
    -25.145        1    -0.00697
    -24.995        1    -0.01133
    -24.845        1    -0.01742
    -24.695        1    -0.03213
    -24.545        1    -0.05140
    -24.395        1    -0.07678
    -24.245        1    -0.11069
    -24.095        1    -0.15810
    -23.945        1    -0.21552
    -23.795        1    -0.29363
    -23.645        1    -0.38470
    -23.495        1    -0.49753
    -23.345        1    -0.61364
    -23.195        1    -0.76237
    -23.045        1    -0.92950
    -22.895        1    -1.10962
    -22.745        1    -1.29347
    -22.595        1    -1.50029
    -22.445        1    -1.71681
    -22.295        1    -1.93553
    -22.145        1    -2.15860
    -21.995        1    -2.38548
    -21.845        1    -2.60192
    -21.695        1    -2.83712
    -21.545        1    -3.06640
    -21.395        1    -3.29400
    -21.245        1    -3.51164
    -21.095        1    -3.72721
    -20.945        1    -3.94221
    -20.795        1    -4.14978
    -20.645        1    -4.35685
    -20.495        1    -4.56253
    -20.345        1    -4.78412
    -20.195        1    -5.02386
    -20.045        1    -5.26429
    -19.895        1    -5.53379
    -19.745        1    -5.82566
    -19.595        1    -6.14649
    -19.445        1    -6.48000
    -19.295        1    -6.85288
    -19.145        1    -7.25292
    -18.995        1    -7.66058
    -18.845        1    -8.08547
    -18.695        1    -8.53726
    -18.545        1    -9.01042
    -18.395        1    -9.50922
    -18.245        1   -10.01590
    -18.095        1   -10.52677
    -17.945        1   -11.03034
    -17.795        1   -11.53355
    -17.645        1   -12.04160
    -17.495        1   -12.54905
    -17.345        1   -13.05553
    -17.195        1   -13.54042
    -17.045        1   -14.04486
    -16.895        1   -14.52197
    -16.745        1   -15.00090
    -16.595        1   -15.46021
    -16.445        1   -15.92568
    -16.295        1   -16.38353
    -16.145        1   -16.85578
    -15.995        1   -17.31737
    -15.845        1   -17.76438
    -15.695        1   -18.20060
    -15.545        1   -18.62865
    -15.395        1   -19.05315
    -15.245        1   -19.50199
    -15.095        1   -19.93827
    -14.945        1   -20.36549
    -14.795        1   -20.79844
    -14.645        1   -21.22595
    -14.495        1   -21.63804
    -14.345        1   -22.04517
    -14.195        1   -22.45756
    -14.045        1   -22.86064
    -13.895        1   -23.25546
    -13.745        1   -23.64343
    -13.595        1   -24.04676
    -13.445        1   -24.42628
    -13.295        1   -24.80944
    -13.145        1   -25.19497
    -12.995        1   -25.57024
    -12.845        1   -25.93066
    -12.695        1   -26.29619
    -12.545        1   -26.63838
    -12.395        1   -26.97934
    -12.245        1   -27.31498
    -12.095        1   -27.63153
    -11.945        1   -27.93698
    -11.795        1   -28.23065
    -11.645        1   -28.50964
    -11.495        1   -28.78589
    -11.345        1   -29.04931
    -11.195        1   -29.30609
    -11.045        1   -29.55266
    -10.895        1   -29.79194
    -10.745        1   -30.02155
    -10.595        1   -30.24504
    -10.445        1   -30.46418
    -10.295        1   -30.67462
    -10.145        1   -30.88229
    -9.9950        1   -31.08343
    -9.8450        1   -31.28250
    -9.6950        1   -31.47729
    -9.5450        1   -31.65705
    -9.3950        1   -31.83501
    -9.2450        1   -32.01466
    -9.0950        1   -32.18743
    -8.9450        1   -32.35302
    -8.7950        1   -32.52552
    -8.6450        1   -32.69189
    -8.4950        1   -32.85529
    -8.3450        1   -33.01476
    -8.1950        1   -33.17663
    -8.0450        1   -33.33093
    -7.8950        1   -33.48661
    -7.7450        1   -33.63781
    -7.5950        1   -33.79047
    -7.4450        1   -33.94163
    -7.2950        1   -34.09589
    -7.1450        1   -34.25205
    -6.9950        1   -34.40542
    -6.8450        1   -34.56843
    -6.6950        1   -34.73082
    -6.5450        1   -34.90191
    -6.3950        1   -35.07027
    -6.2450        1   -35.24038
    -6.0950        1   -35.41984
    -5.9450        1   -35.59990
    -5.7950        1   -35.78710
    -5.6450        1   -35.97369
    -5.4950        1   -36.16260
    -5.3450        1   -36.35779
    -5.1950        1   -36.55439
    -5.0450        1   -36.76080
    -4.8950        1   -36.96953
    -4.7450        1   -37.18187
    -4.5950        1   -37.40613
    -4.4450        1   -37.63751
    -4.2950        1   -37.87833
    -4.1450        1   -38.12988
    -3.9950        1   -38.39468
    -3.8450        1   -38.67571
    -3.6950        1   -38.97813
    -3.5450        1   -39.29315
    -3.3950        1   -39.62892
    -3.2450        1   -39.98828
    -3.0950        1   -40.36657
    -2.9450        1   -40.77376
    -2.7950        1   -41.21475
    -2.6450        1   -41.68035
    -2.4950        1   -42.16820
    -2.3450        1   -42.67523
    -2.1950        1   -43.18290
    -2.0450        1   -43.70222
    -1.8950        1   -44.22291
    -1.7450        1   -44.73602
    -1.5950        1   -45.24456
    -1.4450        1   -45.75009
    -1.2950        1   -46.25192
    -1.1450        1   -46.76122
   -0.99500        1   -47.28224
   -0.84500        1   -47.82732
   -0.69500        1   -48.41386
   -0.54500        1   -49.07440
   -0.39500        1   -49.84505
   -0.25300        1   -50.43251
   -0.21500        1   -50.47279
   -0.20900        1   -50.51347
   -0.20300        1   -50.55456
   -0.19700        1   -50.59621
   -0.19100        1   -50.63827
   -0.18500        1   -50.68197
   -0.17900        1   -50.72576
   -0.17300        1   -50.77074
   -0.16700        1   -50.81608
   -0.16100        1   -50.86252
   -0.15500        1   -50.91014
   -0.14900        1   -50.95886
   -0.14300        1   -51.00872
   -0.13700        1   -51.06006
   -0.13100        1   -51.11250
   -0.12500        1   -51.16662
   -0.11900        1   -51.22282
   -0.11300        1   -51.28106
   -0.10700        1   -51.34116
   -0.10100        1   -51.40388
   -0.95000E-01    1   -51.46962
   -0.89000E-01    1   -51.53897
   -0.83000E-01    1   -51.61211
   -0.77000E-01    1   -51.68950
   -0.71000E-01    1   -51.77222
   -0.65000E-01    1   -51.86162
   -0.59000E-01    1   -51.95888
   -0.53000E-01    1   -52.06711
   -0.47000E-01    1   -52.18937
   -0.41000E-01    1   -52.33404
   -0.35000E-01    1   -52.50939
   -0.29000E-01    1   -52.72214
   -0.23000E-01    1   -52.97866
   -0.19700E-01    1   -53.00659
   -0.19100E-01    1   -53.03505
   -0.18500E-01    1   -53.06403
   -0.17900E-01    1   -53.09351
   -0.17300E-01    1   -53.12354
   -0.16700E-01    1   -53.15407
   -0.16100E-01    1   -53.18522
   -0.15500E-01    1   -53.21689
   -0.14900E-01    1   -53.24930
   -0.14300E-01    1   -53.28235
   -0.13700E-01    1   -53.31606
   -0.13100E-01    1   -53.35030
   -0.12500E-01    1   -53.38527
   -0.11900E-01    1   -53.42079
   -0.11300E-01    1   -53.45682
   -0.10700E-01    1   -53.49334
   -0.10100E-01    1   -53.53021
   -0.95000E-02    1   -53.56730
   -0.89000E-02    1   -53.60448
   -0.83000E-02    1   -53.64153
   -0.77000E-02    1   -53.67809
   -0.71000E-02    1   -53.71398
   -0.65000E-02    1   -53.74878
   -0.59000E-02    1   -53.78201
   -0.53000E-02    1   -53.81316
   -0.47000E-02    1   -53.84188
   -0.41000E-02    1   -53.86772
   -0.35000E-02    1   -53.89037
   -0.29000E-02    1   -53.90952
   -0.23000E-02    1   -53.92496
   -0.17000E-02    1   -53.93650
   -0.11000E-02    1   -53.94404
   -0.50000E-03    1   -53.94751
    0.10000E-03    1   -53.94685
    0.70000E-03    1   -53.94208
    0.13000E-02    1   -53.93323
    0.19000E-02    1   -53.92042
    0.25000E-02    1   -53.90376
    0.31000E-02    1   -53.88343
    0.37000E-02    1   -53.85974
    0.43000E-02    1   -53.83296
    0.49000E-02    1   -53.80339
    0.55000E-02    1   -53.77157
    0.61000E-02    1   -53.73785
    0.67000E-02    1   -53.70272
    0.73000E-02    1   -53.66662
    0.79000E-02    1   -53.62997
    0.85000E-02    1   -53.59298
    0.91000E-02    1   -53.55575
    0.97000E-02    1   -53.51877
    0.10300E-01    1   -53.48205
    0.10900E-01    1   -53.44568
    0.11500E-01    1   -53.40984
    0.12100E-01    1   -53.37461
    0.12700E-01    1   -53.34001
    0.13300E-01    1   -53.30600
    0.13900E-01    1   -53.27268
    0.14500E-01    1   -53.23999
    0.15100E-01    1   -53.20788
    0.15700E-01    1   -53.17649
    0.16300E-01    1   -53.14564
    0.16900E-01    1   -53.11542
    0.17500E-01    1   -53.08563
    0.18100E-01    1   -53.05651
    0.18700E-01    1   -53.02785
    0.19300E-01    1   -52.99960
    0.20200E-01    1   -52.89455
    0.25000E-01    1   -52.65440
    0.31000E-01    1   -52.45643
    0.37000E-01    1   -52.29376
    0.43000E-01    1   -52.15937
    0.49000E-01    1   -52.04470
    0.55000E-01    1   -51.94308
    0.61000E-01    1   -51.85200
    0.67000E-01    1   -51.76871
    0.73000E-01    1   -51.69219
    0.79000E-01    1   -51.62087
    0.85000E-01    1   -51.55484
    0.91000E-01    1   -51.49242
    0.97000E-01    1   -51.43365
    0.10300        1   -51.37839
    0.10900        1   -51.32609
    0.11500        1   -51.27630
    0.12100        1   -51.22888
    0.12700        1   -51.18367
    0.13300        1   -51.14058
    0.13900        1   -51.09926
    0.14500        1   -51.05972
    0.15100        1   -51.02186
    0.15700        1   -50.98541
    0.16300        1   -50.95022
    0.16900        1   -50.91700
    0.17500        1   -50.88459
    0.18100        1   -50.85364
    0.18700        1   -50.82392
    0.19300        1   -50.79486
    0.19900        1   -50.76705
    0.20500        1   -50.74013
    0.21100        1   -50.71418
    0.21700        1   -50.68879
    0.29500        1   -50.22938
    0.44500        1   -50.01177
    0.59500        1   -49.88042
    0.74500        1   -49.78164
    0.89500        1   -49.70058
     1.0450        1   -49.63049
     1.1950        1   -49.56882
     1.3450        1   -49.51417
     1.4950        1   -49.46251
     1.6450        1   -49.41577
     1.7950        1   -49.37133
     1.9450        1   -49.33013
     2.0950        1   -49.29046
     2.2450        1   -49.25312
     2.3950        1   -49.21846
     2.5450        1   -49.18584
     2.6950        1   -49.15629
     2.8450        1   -49.12796
     2.9950        1   -49.10000
     3.1450        1   -49.07646
     3.2950        1   -49.05345
     3.4450        1   -49.03031
     3.5950        1   -49.01028
     3.7450        1   -48.99005
     3.8950        1   -48.97153
     4.0450        1   -48.95449
     4.1950        1   -48.93833
     4.3450        1   -48.92287
     4.4950        1   -48.90733
     4.6450        1   -48.89384
     4.7950        1   -48.88096
     4.9450        1   -48.86709
     5.0950        1   -48.85461
     5.2450        1   -48.84211
     5.3950        1   -48.82984
     5.5450        1   -48.81822
     5.6950        1   -48.80459
     5.8450        1   -48.79278
     5.9950        1   -48.78313
     6.1450        1   -48.77309
     6.2950        1   -48.76297
     6.4450        1   -48.75325
     6.5950        1   -48.74407
     6.7450        1   -48.73319
     6.8950        1   -48.72271
     7.0450        1   -48.71326
     7.1950        1   -48.70352
     7.3450        1   -48.69499
     7.4950        1   -48.68517
     7.6450        1   -48.67636
     7.7950        1   -48.66816
     7.9450        1   -48.66011
     8.0950        1   -48.65136
     8.2450        1   -48.64359
     8.3950        1   -48.63590
     8.5450        1   -48.62870
     8.6950        1   -48.62054
     8.8450        1   -48.61337
     8.9950        1   -48.60578
     9.1450        1   -48.59865
     9.2950        1   -48.59107
     9.4450        1   -48.58407
     9.5950        1   -48.57738
     9.7450        1   -48.57037
     9.8950        1   -48.56342
     10.045        1   -48.55688
     10.195        1   -48.55033
     10.345        1   -48.54396
     10.495        1   -48.53708
     10.645        1   -48.53114
     10.795        1   -48.52502
     10.945        1   -48.51824
     11.095        1   -48.51173
     11.245        1   -48.50583
     11.395        1   -48.49936
     11.545        1   -48.49363
     11.695        1   -48.48739
     11.845        1   -48.48128
     11.995        1   -48.47562
     12.145        1   -48.46991
     12.295        1   -48.46389
     12.445        1   -48.45807
     12.595        1   -48.45208
     12.745        1   -48.44636
     12.895        1   -48.43967
     13.045        1   -48.43454
     13.195        1   -48.42899
     13.345        1   -48.42351
     13.495        1   -48.41839
     13.645        1   -48.41328
     13.795        1   -48.40827
     13.945        1   -48.40276
     14.095        1   -48.39790
     14.245        1   -48.39264
     14.395        1   -48.38779
     14.545        1   -48.38262
     14.695        1   -48.37780
     14.845        1   -48.37306
     14.995        1   -48.36813
     15.145        1   -48.36343
     15.295        1   -48.35892
     15.445        1   -48.35435
     15.595        1   -48.34995
     15.745        1   -48.34554
     15.895        1   -48.34111
     16.045        1   -48.33662
     16.195        1   -48.33198
     16.345        1   -48.32734
     16.495        1   -48.32290
     16.645        1   -48.31862
     16.795        1   -48.31428
     16.945        1   -48.31021
     17.095        1   -48.30557
     17.245        1   -48.30156
     17.395        1   -48.29746
     17.545        1   -48.29307
     17.695        1   -48.28893
     17.845        1   -48.28470
     17.995        1   -48.28021
     18.145        1   -48.27591
     18.295        1   -48.27114
     18.445        1   -48.26738
     18.595        1   -48.26347
     18.745        1   -48.25969
     18.895        1   -48.25576
     19.045        1   -48.25179
     19.195        1   -48.24772
     19.345        1   -48.24435
     19.495        1   -48.23937
     19.645        1   -48.23517
     19.795        1   -48.23149
     19.945        1   -48.22652
     20.095        1   -48.22290
     20.245        1   -48.21921
     20.395        1   -48.21546
     20.545        1   -48.21188
     20.695        1   -48.20808
     20.845        1   -48.20443
     20.995        1   -48.20067
     21.145        1   -48.19716
     21.295        1   -48.19360
     21.445        1   -48.19020
     21.595        1   -48.18660
     21.745        1   -48.18355
     21.895        1   -48.18006
     22.045        1   -48.17577
     22.195        1   -48.17235
     22.345        1   -48.16905
     22.495        1   -48.16564
     22.645        1   -48.16237
     22.795        1   -48.15911
     22.945        1   -48.15603
     23.095        1   -48.15280
     23.245        1   -48.14927
     23.395        1   -48.14610
     23.545        1   -48.14317
     23.695        1   -48.13993
     23.845        1   -48.13659
     23.995        1   -48.13332
     24.145        1   -48.13033
     24.295        1   -48.12695
     24.445        1   -48.12366
     24.595        1   -48.12065
     24.745        1   -48.11778
     24.895        1   -48.11470
     25.045        1   -48.11171
     25.195        1   -48.10880
     25.345        1   -48.10572
     25.495        1   -48.10258
     25.645        1   -48.09973
     25.795        1   -48.09674
     25.945        1   -48.09382
     26.095        1   -48.09089
     26.245        1   -48.08806
     26.395        1   -48.08509
     26.545        1   -48.08230
     26.695        1   -48.07954
     26.845        1   -48.07639
     26.995        1   -48.07341
     27.145        1   -48.07080
     27.295        1   -48.06799
     27.445        1   -48.06511
     27.595        1   -48.06218
     27.745        1   -48.05886
     27.895        1   -48.05612
     28.045        1   -48.05354
     28.195        1   -48.05085
     28.345        1   -48.04781
     28.495        1   -48.04508
     28.645        1   -48.04220
     28.795        1   -48.03950
     28.945        1   -48.03685
     29.095        1   -48.03412
     29.245        1   -48.03132
     29.395        1   -48.02880
     29.545        1   -48.02624
     29.695        1   -48.02340
     29.845        1   -48.02068
     29.995        1   -48.01801
     30.145        1   -48.01533
     30.295        1   -48.01286
     30.445        1   -48.01018
     30.595        1   -48.00766
     30.745        1   -48.00475
     30.895        1   -48.00229
     31.045        1   -47.99937
     31.195        1   -47.99684
     31.345        1   -47.99445
     31.495        1   -47.99201
     31.645        1   -47.98972
     31.795        1   -47.98727
     31.945        1   -47.98479
     32.095        1   -47.98249
     32.245        1   -47.98007
     32.395        1   -47.97741
     32.545        1   -47.97505
     32.695        1   -47.97265
     32.845        1   -47.97047
     32.995        1   -47.96826
     33.145        1   -47.96552
     33.295        1   -47.96320
     33.445        1   -47.96085
     33.595        1   -47.95854
     33.745        1   -47.95628
     33.895        1   -47.95281
     34.045        1   -47.95066
     34.195        1   -47.94842
     34.345        1   -47.94616
     34.495        1   -47.94363
     34.645        1   -47.94111
     34.795        1   -47.93878
     34.945        1   -47.93624
     35.095        1   -47.93381
     35.245        1   -47.93144
     35.395        1   -47.92896
     35.545        1   -47.92684
     35.695        1   -47.92467
     35.845        1   -47.92267
     35.995        1   -47.92044
     36.145        1   -47.91823
     36.295        1   -47.91627
     36.445        1   -47.91421
     36.595        1   -47.91213
     36.745        1   -47.91016
     36.895        1   -47.90813
     37.045        1   -47.90594
     37.195        1   -47.90390
     37.345        1   -47.90172
     37.495        1   -47.89902
     37.645        1   -47.89709
     37.795        1   -47.89442
     37.945        1   -47.89231
     38.095        1   -47.89028
     38.245        1   -47.88822
     38.395        1   -47.88617
     38.545        1   -47.88401
     38.695        1   -47.88204
     38.845        1   -47.88007
     38.995        1   -47.87803
     39.145        1   -47.87608
     39.295        1   -47.87423
     39.445        1   -47.87196
     39.595        1   -47.87005
     39.745        1   -47.86808
     39.895        1   -47.86612
     40.045        1   -47.86424
     40.195        1   -47.86238
     40.345        1   -47.86034
     40.495        1   -47.85847
     40.645        1   -47.85629
     40.795        1   -47.85427
     40.945        1   -47.85237
     41.095        1   -47.85035
     41.245        1   -47.84855
     41.395        1   -47.84664
     41.545        1   -47.84474
     41.695        1   -47.84269
     41.845        1   -47.84021
     41.995        1   -47.83842
     42.145        1   -47.83670
     42.295        1   -47.83475
     42.445        1   -47.83301
     42.595        1   -47.83113
     42.745        1   -47.82902
     42.895        1   -47.82718
     43.045        1   -47.82548
     43.195        1   -47.82371
     43.345        1   -47.82190
     43.495        1   -47.82013
     43.645        1   -47.81830
     43.795        1   -47.81652
     43.945        1   -47.81464
     44.095        1   -47.81290
     44.245        1   -47.81108
     44.395        1   -47.80931
     44.545        1   -47.80745
     44.695        1   -47.80571
     44.845        1   -47.80388
     44.995        1   -47.80218
     45.145        1   -47.80052
     45.295        1   -47.79892
     45.445        1   -47.79716
     45.595        1   -47.79534
     45.745        1   -47.79372
     45.895        1   -47.79190
     46.045        1   -47.79020
     46.195        1   -47.78858
     46.345        1   -47.78697
     46.495        1   -47.78505
     46.645        1   -47.78332
     46.795        1   -47.78166
     46.945        1   -47.77995
     47.095        1   -47.77825
     47.245        1   -47.77659
     47.395        1   -47.77499
     47.545        1   -47.77323
     47.695        1   -47.77164
     47.845        1   -47.76988
     47.995        1   -47.76821
     48.145        1   -47.76664
     48.295        1   -47.76497
     48.445        1   -47.76347
     48.595        1   -47.76179
     48.745        1   -47.76016
     48.895        1   -47.75860
     49.045        1   -47.75707
     49.195        1   -47.75547
     49.345        1   -47.75394
     49.495        1   -47.75246
     49.645        1   -47.75088
     49.795        1   -47.74927
     49.945        1   -47.74766
     50.095        1   -47.74609
     50.245        1   -47.74451
     50.395        1   -47.74291
     50.545        1   -47.74142
     50.695        1   -47.73976
     50.845        1   -47.73795
     50.995        1   -47.73643
     51.145        1   -47.73491
     51.295        1   -47.73331
     51.445        1   -47.73185
     51.595        1   -47.73007
     51.745        1   -47.72863
     51.895        1   -47.72722
     52.045        1   -47.72575
     52.195        1   -47.72410
     52.345        1   -47.72257
     52.495        1   -47.72100
     52.645        1   -47.71927
     52.795        1   -47.71777
     52.945        1   -47.71612
     53.095        1   -47.71469
     53.245        1   -47.71312
     53.395        1   -47.71158
     53.545        1   -47.71022
     53.695        1   -47.70848
     53.845        1   -47.70705
     53.995        1   -47.70559
     54.145        1   -47.70422
     54.295        1   -47.70283
     54.445        1   -47.70097
     54.595        1   -47.69946
     54.745        1   -47.69802
     54.895        1   -47.69663
     55.045        1   -47.69517
     55.195        1   -47.69368
     55.345        1   -47.69236
     55.495        1   -47.69091
     55.645        1   -47.68962
     55.795        1   -47.68807
     55.945        1   -47.68664
     56.095        1   -47.68525
     56.245        1   -47.68369
     56.395        1   -47.68223
     56.545        1   -47.68096
     56.695        1   -47.67959
     56.845        1   -47.67806
     56.995        1   -47.67657
     57.145        1   -47.67519
     57.295        1   -47.67389
     57.445        1   -47.67264
     57.595        1   -47.67136
     57.745        1   -47.66987
     57.895        1   -47.66843
     58.045        1   -47.66707
     58.195        1   -47.66565
     58.345        1   -47.66437
     58.495        1   -47.66302
     58.645        1   -47.66174
     58.795        1   -47.66025
     58.945        1   -47.65899
     59.095        1   -47.65752
     59.245        1   -47.65623
     59.395        1   -47.65491
     59.545        1   -47.65367
     59.695        1   -47.65230
     59.845        1   -47.65087
     59.995        1   -47.64964
     60.145        1   -47.64838
     70.939        1   -47.47223
     97.698        1   -47.29230
     134.55        1   -47.11476
     185.30        1   -46.93185
     255.20        1   -46.75369
     351.46        1   -46.57420
     484.04        1   -46.39592
     666.62        1   -46.21723
     918.07        1   -46.04041
     1264.4        1   -45.86505
     1741.3        1   -45.69238
     2398.1        1   -45.52248
     3302.7        1   -45.35388
     4548.5        1   -45.18638
     6264.3        1   -45.02085
     8627.2        1   -44.85773
     11881.        1   -44.69592
     16363.        1   -44.53445
     22535.        1   -44.37358
     31036.        1   -44.21763
     42743.        1   -44.06164
     58866.        1   -43.90678
     81070.        1   -43.75537
    0.11165E+06    1   -43.60529
    0.15377E+06    1   -43.45706
    0.21177E+06    1   -43.30937
    0.29165E+06    1   -43.16452
    0.40166E+06    1   -43.01950
    0.55317E+06    1   -42.87409
    0.76182E+06    1   -42.73057
    0.10492E+07    1   -42.58743
    0.14449E+07    1   -42.44480
    0.19900E+07    1   -42.30278
    0.27406E+07    1   -42.16121
    0.37744E+07    1   -42.01843
    0.51981E+07    1   -41.87395
    0.71589E+07    1   -41.72810
    0.98593E+07    1   -41.58349
    0.13578E+08    1   -41.43823
    0.18700E+08    1   -41.29248
    0.25754E+08    1   -41.14613
    0.35468E+08    1   -41.00038
    0.48847E+08    1   -40.85670
    0.67273E+08    1   -40.71694
    0.92648E+08    1   -40.58066
    0.12760E+09    1   -40.44807
    0.17573E+09    1   -40.31842
    0.24201E+09    1   -40.19313
    0.33330E+09    1   -40.07186
    0.45902E+09    1   -39.95698
    0.63217E+09    1   -39.84907
    0.87062E+09    1   -39.74754
    0.11990E+10    1   -39.65293
    0.16513E+10    1   -39.56456
    0.22742E+10    1   -39.48260
    0.31320E+10    1   -39.40596
    0.43134E+10    1   -39.33451
    0.59405E+10    1   -39.26750
    0.81813E+10    1   -39.20525
    0.11267E+11    1   -39.14734
    0.15517E+11    1   -39.09354
    0.21371E+11    1   -39.04350
    0.29432E+11    1   -38.99694
    0.40534E+11    1   -38.95388
    0.55823E+11    1   -38.91277
    0.10000E+12    1   -38.41135
    -149.95        2     0.00000
    -149.80        2     0.00000
    -149.65        2     0.00000
    -149.49        2     0.00000
    -149.34        2     0.00000
    -149.20        2     0.00000
    -149.05        2     0.00000
    -148.90        2     0.00000
    -148.74        2     0.00000
    -148.59        2     0.00000
    -148.45        2     0.00000
    -148.30        2     0.00000
    -148.15        2     0.00000
    -147.99        2     0.00000
    -147.84        2     0.00000
    -147.70        2     0.00000
    -147.55        2     0.00000
    -147.40        2     0.00000
    -147.24        2     0.00000
    -147.09        2     0.00000
    -146.95        2     0.00000
    -146.80        2     0.00000
    -146.65        2     0.00000
    -146.49        2     0.00000
    -146.34        2     0.00000
    -146.20        2     0.00000
    -146.05        2     0.00000
    -145.90        2     0.00000
    -145.74        2     0.00000
    -145.59        2     0.00000
    -145.45        2     0.00000
    -145.30        2     0.00000
    -145.15        2     0.00000
    -144.99        2     0.00000
    -144.84        2     0.00000
    -144.70        2     0.00000
    -144.55        2     0.00000
    -144.40        2     0.00000
    -144.24        2     0.00000
    -144.09        2     0.00000
    -143.95        2     0.00000
    -143.80        2     0.00000
    -143.65        2     0.00000
    -143.49        2     0.00000
    -143.34        2     0.00000
    -143.20        2     0.00000
    -143.05        2     0.00000
    -142.90        2     0.00000
    -142.74        2     0.00000
    -142.59        2     0.00000
    -142.45        2     0.00000
    -142.30        2     0.00000
    -142.15        2     0.00000
    -141.99        2     0.00000
    -141.84        2     0.00000
    -141.70        2     0.00000
    -141.55        2     0.00000
    -141.40        2     0.00000
    -141.24        2     0.00000
    -141.09        2     0.00000
    -140.95        2     0.00000
    -140.80        2     0.00000
    -140.65        2     0.00000
    -140.49        2     0.00000
    -140.34        2     0.00000
    -140.20        2     0.00000
    -140.05        2     0.00000
    -139.90        2     0.00000
    -139.74        2     0.00000
    -139.59        2     0.00000
    -139.45        2     0.00000
    -139.30        2     0.00000
    -139.15        2     0.00000
    -138.99        2     0.00000
    -138.84        2     0.00000
    -138.70        2     0.00000
    -138.55        2     0.00000
    -138.40        2     0.00000
    -138.24        2     0.00000
    -138.09        2     0.00000
    -137.95        2     0.00000
    -137.80        2     0.00000
    -137.65        2     0.00000
    -137.49        2     0.00000
    -137.34        2     0.00000
    -137.20        2     0.00000
    -137.05        2     0.00000
    -136.90        2     0.00000
    -136.74        2     0.00000
    -136.59        2     0.00000
    -136.45        2     0.00000
    -136.30        2     0.00000
    -136.15        2     0.00000
    -135.99        2     0.00000
    -135.84        2     0.00000
    -135.70        2     0.00000
    -135.55        2     0.00000
    -135.40        2     0.00000
    -135.24        2     0.00000
    -135.09        2     0.00000
    -134.95        2     0.00000
    -134.80        2     0.00000
    -134.65        2     0.00000
    -134.49        2     0.00000
    -134.34        2     0.00000
    -134.20        2     0.00000
    -134.05        2     0.00000
    -133.90        2     0.00000
    -133.74        2     0.00000
    -133.59        2     0.00000
    -133.45        2     0.00000
    -133.30        2     0.00000
    -133.15        2     0.00000
    -132.99        2     0.00000
    -132.84        2     0.00000
    -132.70        2     0.00000
    -132.55        2     0.00000
    -132.40        2     0.00000
    -132.24        2     0.00000
    -132.09        2     0.00000
    -131.95        2     0.00000
    -131.80        2     0.00000
    -131.65        2     0.00000
    -131.49        2     0.00000
    -131.34        2     0.00000
    -131.20        2     0.00000
    -131.05        2     0.00000
    -130.90        2     0.00000
    -130.74        2     0.00000
    -130.59        2     0.00000
    -130.45        2     0.00000
    -130.30        2     0.00000
    -130.15        2     0.00000
    -129.99        2     0.00000
    -129.84        2     0.00000
    -129.70        2     0.00000
    -129.55        2     0.00000
    -129.40        2     0.00000
    -129.24        2     0.00000
    -129.09        2     0.00000
    -128.95        2     0.00000
    -128.80        2     0.00000
    -128.65        2     0.00000
    -128.49        2     0.00000
    -128.34        2     0.00000
    -128.20        2     0.00000
    -128.05        2     0.00000
    -127.89        2     0.00000
    -127.75        2     0.00000
    -127.60        2     0.00000
    -127.44        2     0.00000
    -127.30        2     0.00000
    -127.14        2     0.00000
    -127.00        2     0.00000
    -126.85        2     0.00000
    -126.69        2     0.00000
    -126.55        2     0.00000
    -126.39        2     0.00000
    -126.25        2     0.00000
    -126.10        2     0.00000
    -125.94        2     0.00000
    -125.80        2     0.00000
    -125.64        2     0.00000
    -125.50        2     0.00000
    -125.35        2     0.00000
    -125.19        2     0.00000
    -125.05        2     0.00000
    -124.89        2     0.00000
    -124.75        2     0.00000
    -124.60        2     0.00000
    -124.44        2     0.00000
    -124.30        2     0.00000
    -124.14        2     0.00000
    -124.00        2     0.00000
    -123.85        2     0.00000
    -123.69        2     0.00000
    -123.55        2     0.00000
    -123.39        2     0.00000
    -123.25        2     0.00000
    -123.10        2     0.00000
    -122.94        2     0.00000
    -122.80        2     0.00000
    -122.64        2     0.00000
    -122.50        2     0.00000
    -122.35        2     0.00000
    -122.19        2     0.00000
    -122.05        2     0.00000
    -121.89        2     0.00000
    -121.75        2     0.00000
    -121.60        2     0.00000
    -121.44        2     0.00000
    -121.30        2     0.00000
    -121.14        2     0.00000
    -121.00        2     0.00000
    -120.85        2     0.00000
    -120.69        2     0.00000
    -120.55        2     0.00000
    -120.39        2     0.00000
    -120.25        2     0.00000
    -120.10        2     0.00000
    -119.94        2     0.00000
    -119.80        2     0.00000
    -119.64        2     0.00000
    -119.50        2     0.00000
    -119.35        2     0.00000
    -119.19        2     0.00000
    -119.05        2     0.00000
    -118.89        2     0.00000
    -118.75        2     0.00000
    -118.60        2     0.00000
    -118.44        2     0.00000
    -118.30        2     0.00000
    -118.14        2     0.00000
    -118.00        2     0.00000
    -117.85        2     0.00000
    -117.69        2     0.00000
    -117.55        2     0.00000
    -117.39        2     0.00000
    -117.25        2     0.00000
    -117.10        2     0.00000
    -116.94        2     0.00000
    -116.80        2     0.00000
    -116.64        2     0.00000
    -116.50        2     0.00000
    -116.35        2     0.00000
    -116.19        2     0.00000
    -116.05        2     0.00000
    -115.89        2     0.00000
    -115.75        2     0.00000
    -115.60        2     0.00000
    -115.44        2     0.00000
    -115.30        2     0.00000
    -115.14        2     0.00000
    -115.00        2     0.00000
    -114.85        2     0.00000
    -114.69        2     0.00000
    -114.55        2     0.00000
    -114.39        2     0.00000
    -114.25        2     0.00000
    -114.10        2     0.00000
    -113.94        2     0.00000
    -113.80        2     0.00000
    -113.64        2     0.00000
    -113.50        2     0.00000
    -113.35        2     0.00000
    -113.19        2     0.00000
    -113.05        2     0.00000
    -112.89        2     0.00000
    -112.75        2     0.00000
    -112.60        2     0.00000
    -112.44        2     0.00000
    -112.30        2     0.00000
    -112.14        2     0.00000
    -112.00        2     0.00000
    -111.85        2     0.00000
    -111.69        2     0.00000
    -111.55        2     0.00000
    -111.39        2     0.00000
    -111.25        2     0.00000
    -111.10        2     0.00000
    -110.94        2     0.00000
    -110.80        2     0.00000
    -110.64        2     0.00000
    -110.50        2     0.00000
    -110.35        2     0.00000
    -110.19        2     0.00000
    -110.05        2     0.00000
    -109.89        2     0.00000
    -109.75        2     0.00000
    -109.60        2     0.00000
    -109.44        2     0.00000
    -109.30        2     0.00000
    -109.14        2     0.00000
    -109.00        2     0.00000
    -108.85        2     0.00000
    -108.69        2     0.00000
    -108.55        2     0.00000
    -108.39        2     0.00000
    -108.25        2     0.00000
    -108.10        2     0.00000
    -107.94        2     0.00000
    -107.80        2     0.00000
    -107.64        2     0.00000
    -107.50        2     0.00000
    -107.35        2     0.00000
    -107.19        2     0.00000
    -107.05        2     0.00000
    -106.89        2     0.00000
    -106.75        2     0.00000
    -106.60        2     0.00000
    -106.44        2     0.00000
    -106.30        2     0.00000
    -106.14        2     0.00000
    -106.00        2     0.00000
    -105.85        2     0.00000
    -105.69        2     0.00000
    -105.55        2     0.00000
    -105.39        2     0.00000
    -105.25        2     0.00000
    -105.10        2     0.00000
    -104.94        2     0.00000
    -104.80        2     0.00000
    -104.64        2     0.00000
    -104.50        2     0.00000
    -104.35        2     0.00000
    -104.19        2     0.00000
    -104.05        2     0.00000
    -103.89        2     0.00000
    -103.75        2     0.00000
    -103.60        2     0.00000
    -103.44        2     0.00000
    -103.30        2     0.00000
    -103.14        2     0.00000
    -103.00        2     0.00000
    -102.85        2     0.00000
    -102.69        2     0.00000
    -102.55        2     0.00000
    -102.39        2     0.00000
    -102.25        2     0.00000
    -102.10        2     0.00000
    -101.94        2     0.00000
    -101.80        2     0.00000
    -101.64        2     0.00000
    -101.50        2     0.00000
    -101.35        2     0.00000
    -101.19        2     0.00000
    -101.05        2     0.00000
    -100.89        2     0.00000
    -100.75        2     0.00000
    -100.60        2     0.00000
    -100.44        2     0.00000
    -100.30        2     0.00000
    -100.14        2     0.00000
    -99.995        2     0.00000
    -99.845        2     0.00000
    -99.695        2     0.00000
    -99.545        2     0.00000
    -99.395        2     0.00000
    -99.245        2     0.00000
    -99.095        2     0.00000
    -98.945        2     0.00000
    -98.795        2     0.00000
    -98.645        2     0.00000
    -98.495        2     0.00000
    -98.345        2     0.00000
    -98.195        2     0.00000
    -98.045        2     0.00000
    -97.895        2     0.00000
    -97.745        2     0.00000
    -97.595        2     0.00000
    -97.445        2     0.00000
    -97.295        2     0.00000
    -97.145        2     0.00000
    -96.995        2     0.00000
    -96.845        2     0.00000
    -96.695        2     0.00000
    -96.545        2     0.00000
    -96.395        2     0.00000
    -96.245        2     0.00000
    -96.095        2     0.00000
    -95.945        2     0.00000
    -95.795        2     0.00000
    -95.645        2     0.00000
    -95.495        2     0.00000
    -95.345        2     0.00000
    -95.195        2     0.00000
    -95.045        2     0.00000
    -94.895        2     0.00000
    -94.745        2     0.00000
    -94.595        2     0.00000
    -94.445        2     0.00000
    -94.295        2     0.00000
    -94.145        2     0.00000
    -93.995        2     0.00000
    -93.845        2     0.00000
    -93.695        2     0.00000
    -93.545        2     0.00000
    -93.395        2     0.00000
    -93.245        2     0.00000
    -93.095        2     0.00000
    -92.945        2     0.00000
    -92.795        2     0.00000
    -92.645        2     0.00000
    -92.495        2     0.00000
    -92.345        2     0.00000
    -92.195        2     0.00000
    -92.045        2     0.00000
    -91.895        2     0.00000
    -91.745        2     0.00000
    -91.595        2     0.00000
    -91.445        2     0.00000
    -91.295        2     0.00000
    -91.145        2     0.00000
    -90.995        2     0.00000
    -90.845        2     0.00000
    -90.695        2     0.00000
    -90.545        2     0.00000
    -90.395        2     0.00000
    -90.245        2     0.00000
    -90.095        2     0.00000
    -89.945        2     0.00000
    -89.795        2     0.00000
    -89.645        2     0.00000
    -89.495        2     0.00000
    -89.345        2     0.00000
    -89.195        2     0.00000
    -89.045        2     0.00000
    -88.895        2     0.00000
    -88.745        2     0.00000
    -88.595        2     0.00000
    -88.445        2     0.00000
    -88.295        2     0.00000
    -88.145        2     0.00000
    -87.995        2     0.00000
    -87.845        2     0.00000
    -87.695        2     0.00000
    -87.545        2     0.00000
    -87.395        2     0.00000
    -87.245        2     0.00000
    -87.095        2     0.00000
    -86.945        2     0.00000
    -86.795        2     0.00000
    -86.645        2     0.00000
    -86.495        2     0.00000
    -86.345        2     0.00000
    -86.195        2     0.00000
    -86.045        2     0.00000
    -85.895        2     0.00000
    -85.745        2     0.00000
    -85.595        2     0.00000
    -85.445        2     0.00000
    -85.295        2     0.00000
    -85.145        2     0.00000
    -84.995        2     0.00000
    -84.845        2     0.00000
    -84.695        2     0.00000
    -84.545        2     0.00000
    -84.395        2     0.00000
    -84.245        2     0.00000
    -84.095        2     0.00000
    -83.945        2     0.00000
    -83.795        2     0.00000
    -83.645        2     0.00000
    -83.495        2     0.00000
    -83.345        2     0.00000
    -83.195        2     0.00000
    -83.045        2     0.00000
    -82.895        2     0.00000
    -82.745        2     0.00000
    -82.595        2     0.00000
    -82.445        2     0.00000
    -82.295        2     0.00000
    -82.145        2     0.00000
    -81.995        2     0.00000
    -81.845        2     0.00000
    -81.695        2     0.00000
    -81.545        2     0.00000
    -81.395        2     0.00000
    -81.245        2     0.00000
    -81.095        2     0.00000
    -80.945        2     0.00000
    -80.795        2     0.00000
    -80.645        2     0.00000
    -80.495        2     0.00000
    -80.345        2     0.00000
    -80.195        2     0.00000
    -80.045        2     0.00000
    -79.895        2     0.00000
    -79.745        2     0.00000
    -79.595        2     0.00000
    -79.445        2     0.00000
    -79.295        2     0.00000
    -79.145        2     0.00000
    -78.995        2     0.00000
    -78.845        2     0.00000
    -78.695        2     0.00000
    -78.545        2     0.00000
    -78.395        2     0.00000
    -78.245        2     0.00000
    -78.095        2     0.00000
    -77.945        2     0.00000
    -77.795        2     0.00000
    -77.645        2     0.00000
    -77.495        2     0.00000
    -77.345        2     0.00000
    -77.195        2     0.00000
    -77.045        2     0.00000
    -76.895        2     0.00000
    -76.745        2     0.00000
    -76.595        2     0.00000
    -76.445        2     0.00000
    -76.295        2     0.00000
    -76.145        2     0.00000
    -75.995        2     0.00000
    -75.845        2     0.00000
    -75.695        2     0.00000
    -75.545        2     0.00000
    -75.395        2     0.00000
    -75.245        2     0.00000
    -75.095        2     0.00000
    -74.945        2     0.00000
    -74.795        2     0.00000
    -74.645        2     0.00000
    -74.495        2     0.00000
    -74.345        2     0.00000
    -74.195        2     0.00000
    -74.045        2     0.00000
    -73.895        2     0.00000
    -73.745        2     0.00000
    -73.595        2     0.00000
    -73.445        2     0.00000
    -73.295        2     0.00000
    -73.145        2     0.00000
    -72.995        2     0.00000
    -72.845        2     0.00000
    -72.695        2     0.00000
    -72.545        2     0.00000
    -72.395        2     0.00000
    -72.245        2     0.00000
    -72.095        2     0.00000
    -71.945        2     0.00000
    -71.795        2     0.00000
    -71.645        2     0.00000
    -71.495        2     0.00000
    -71.345        2     0.00000
    -71.195        2     0.00000
    -71.045        2     0.00000
    -70.895        2     0.00000
    -70.745        2     0.00000
    -70.595        2     0.00000
    -70.445        2     0.00000
    -70.295        2     0.00000
    -70.145        2     0.00000
    -69.995        2     0.00000
    -69.845        2     0.00000
    -69.695        2     0.00000
    -69.545        2     0.00000
    -69.395        2     0.00000
    -69.245        2     0.00000
    -69.095        2     0.00000
    -68.945        2     0.00000
    -68.795        2     0.00000
    -68.645        2     0.00000
    -68.495        2     0.00000
    -68.345        2     0.00000
    -68.195        2     0.00000
    -68.045        2     0.00000
    -67.895        2     0.00000
    -67.745        2     0.00000
    -67.595        2     0.00000
    -67.445        2     0.00000
    -67.295        2     0.00000
    -67.145        2     0.00000
    -66.995        2     0.00000
    -66.845        2     0.00000
    -66.695        2     0.00000
    -66.545        2     0.00000
    -66.395        2     0.00000
    -66.245        2     0.00000
    -66.095        2     0.00000
    -65.945        2     0.00000
    -65.795        2     0.00000
    -65.645        2     0.00000
    -65.495        2     0.00000
    -65.345        2     0.00000
    -65.195        2     0.00000
    -65.045        2     0.00000
    -64.895        2     0.00000
    -64.745        2     0.00000
    -64.595        2     0.00000
    -64.445        2     0.00000
    -64.295        2     0.00000
    -64.145        2     0.00000
    -63.995        2     0.00000
    -63.845        2     0.00000
    -63.695        2     0.00000
    -63.545        2     0.00000
    -63.395        2     0.00000
    -63.245        2     0.00000
    -63.095        2     0.00000
    -62.945        2     0.00000
    -62.795        2     0.00000
    -62.645        2     0.00000
    -62.495        2     0.00000
    -62.345        2     0.00000
    -62.195        2     0.00000
    -62.045        2     0.00000
    -61.895        2     0.00000
    -61.745        2     0.00000
    -61.595        2     0.00000
    -61.445        2     0.00000
    -61.295        2     0.00000
    -61.145        2     0.00000
    -60.995        2     0.00000
    -60.845        2     0.00000
    -60.695        2     0.00000
    -60.545        2     0.00000
    -60.395        2     0.00000
    -60.245        2     0.00000
    -60.095        2     0.00000
    -59.945        2     0.00000
    -59.795        2     0.00000
    -59.645        2     0.00000
    -59.495        2     0.00000
    -59.345        2     0.00000
    -59.195        2     0.00000
    -59.045        2     0.00000
    -58.895        2     0.00000
    -58.745        2     0.00000
    -58.595        2     0.00000
    -58.445        2     0.00000
    -58.295        2     0.00000
    -58.145        2     0.00000
    -57.995        2     0.00000
    -57.845        2     0.00000
    -57.695        2     0.00000
    -57.545        2     0.00000
    -57.395        2     0.00000
    -57.245        2     0.00000
    -57.095        2     0.00000
    -56.945        2     0.00000
    -56.795        2     0.00000
    -56.645        2     0.00000
    -56.495        2     0.00000
    -56.345        2     0.00000
    -56.195        2     0.00000
    -56.045        2     0.00000
    -55.895        2     0.00000
    -55.745        2     0.00000
    -55.595        2     0.00000
    -55.445        2     0.00000
    -55.295        2     0.00000
    -55.145        2     0.00000
    -54.995        2     0.00000
    -54.845        2     0.00000
    -54.695        2     0.00000
    -54.545        2     0.00000
    -54.395        2     0.00000
    -54.245        2     0.00000
    -54.095        2     0.00000
    -53.945        2     0.00000
    -53.795        2     0.00000
    -53.645        2     0.00000
    -53.495        2     0.00000
    -53.345        2     0.00000
    -53.195        2     0.00000
    -53.045        2     0.00000
    -52.895        2     0.00000
    -52.745        2     0.00000
    -52.595        2     0.00000
    -52.445        2     0.00000
    -52.295        2     0.00000
    -52.145        2     0.00000
    -51.995        2     0.00000
    -51.845        2     0.00000
    -51.695        2     0.00000
    -51.545        2     0.00000
    -51.395        2     0.00000
    -51.245        2     0.00000
    -51.095        2     0.00000
    -50.945        2     0.00000
    -50.795        2     0.00000
    -50.645        2     0.00000
    -50.495        2     0.00000
    -50.345        2     0.00000
    -50.195        2     0.00000
    -50.045        2     0.00000
    -49.895        2     0.00000
    -49.745        2     0.00000
    -49.595        2     0.00000
    -49.445        2     0.00000
    -49.295        2     0.00000
    -49.145        2     0.00000
    -48.995        2     0.00000
    -48.845        2     0.00000
    -48.695        2     0.00000
    -48.545        2     0.00000
    -48.395        2     0.00000
    -48.245        2     0.00000
    -48.095        2     0.00000
    -47.945        2     0.00000
    -47.795        2     0.00000
    -47.645        2     0.00000
    -47.495        2     0.00000
    -47.345        2     0.00000
    -47.195        2     0.00000
    -47.045        2     0.00000
    -46.895        2     0.00000
    -46.745        2     0.00000
    -46.595        2     0.00000
    -46.445        2     0.00000
    -46.295        2     0.00000
    -46.145        2     0.00000
    -45.995        2     0.00000
    -45.845        2     0.00000
    -45.695        2     0.00000
    -45.545        2     0.00000
    -45.395        2     0.00000
    -45.245        2     0.00000
    -45.095        2     0.00000
    -44.945        2     0.00000
    -44.795        2     0.00000
    -44.645        2     0.00000
    -44.495        2     0.00000
    -44.345        2     0.00000
    -44.195        2     0.00000
    -44.045        2     0.00000
    -43.895        2     0.00000
    -43.745        2     0.00000
    -43.595        2     0.00000
    -43.445        2     0.00000
    -43.295        2     0.00000
    -43.145        2     0.00000
    -42.995        2     0.00000
    -42.845        2     0.00000
    -42.695        2     0.00000
    -42.545        2     0.00000
    -42.395        2     0.00000
    -42.245        2     0.00000
    -42.095        2     0.00000
    -41.945        2     0.00000
    -41.795        2     0.00000
    -41.645        2     0.00000
    -41.495        2     0.00000
    -41.345        2     0.00000
    -41.195        2     0.00000
    -41.045        2     0.00000
    -40.895        2     0.00000
    -40.745        2     0.00000
    -40.595        2     0.00000
    -40.445        2     0.00000
    -40.295        2     0.00000
    -40.145        2     0.00000
    -39.995        2     0.00000
    -39.845        2     0.00000
    -39.695        2     0.00000
    -39.545        2     0.00000
    -39.395        2     0.00000
    -39.245        2     0.00000
    -39.095        2     0.00000
    -38.945        2     0.00000
    -38.795        2     0.00000
    -38.645        2     0.00000
    -38.495        2     0.00000
    -38.345        2     0.00000
    -38.195        2     0.00000
    -38.045        2     0.00000
    -37.895        2     0.00000
    -37.745        2     0.00000
    -37.595        2     0.00000
    -37.445        2     0.00000
    -37.295        2     0.00000
    -37.145        2     0.00000
    -36.995        2     0.00000
    -36.845        2     0.00000
    -36.695        2     0.00000
    -36.545        2     0.00000
    -36.395        2     0.00000
    -36.245        2     0.00000
    -36.095        2     0.00000
    -35.945        2     0.00000
    -35.795        2     0.00000
    -35.645        2     0.00000
    -35.495        2     0.00000
    -35.345        2     0.00000
    -35.195        2     0.00000
    -35.045        2     0.00000
    -34.895        2     0.00000
    -34.745        2     0.00000
    -34.595        2     0.00000
    -34.445        2     0.00000
    -34.295        2     0.00000
    -34.145        2     0.00000
    -33.995        2     0.00000
    -33.845        2     0.00000
    -33.695        2     0.00000
    -33.545        2     0.00000
    -33.395        2     0.00000
    -33.245        2     0.00000
    -33.095        2     0.00000
    -32.945        2     0.00000
    -32.795        2     0.00000
    -32.645        2     0.00000
    -32.495        2     0.00000
    -32.345        2     0.00000
    -32.195        2     0.00000
    -32.045        2     0.00000
    -31.895        2     0.00000
    -31.745        2     0.00000
    -31.595        2     0.00000
    -31.445        2     0.00000
    -31.295        2     0.00000
    -31.145        2     0.00000
    -30.995        2     0.00000
    -30.845        2     0.00000
    -30.695        2     0.00000
    -30.545        2     0.00000
    -30.395        2     0.00000
    -30.245        2     0.00000
    -30.095        2     0.00000
    -29.945        2     0.00000
    -29.795        2     0.00000
    -29.645        2     0.00000
    -29.495        2     0.00000
    -29.345        2     0.00000
    -29.195        2     0.00000
    -29.045        2     0.00000
    -28.895        2     0.00000
    -28.745        2     0.00000
    -28.595        2     0.00000
    -28.445        2     0.00000
    -28.295        2     0.00000
    -28.145        2     0.00000
    -27.995        2     0.00000
    -27.845        2     0.00000
    -27.695        2     0.00000
    -27.545        2     0.00000
    -27.395        2     0.00000
    -27.245        2     0.00000
    -27.095        2     0.00000
    -26.945        2     0.00000
    -26.795        2     0.00000
    -26.645        2     0.00000
    -26.495        2     0.00000
    -26.345        2     0.00000
    -26.195        2     0.00000
    -26.045        2     0.00000
    -25.895        2     0.00000
    -25.745        2     0.00000
    -25.595        2     0.00000
    -25.445        2     0.00000
    -25.295        2     0.00000
    -25.145        2     0.00000
    -24.995        2     0.00000
    -24.845        2     0.00000
    -24.695        2     0.00000
    -24.545        2     0.00000
    -24.395        2     0.00000
    -24.245        2     0.00000
    -24.095        2     0.00000
    -23.945        2     0.00000
    -23.795        2     0.00000
    -23.645        2     0.00000
    -23.495        2     0.00000
    -23.345        2     0.00000
    -23.195        2     0.00000
    -23.045        2     0.00000
    -22.895        2     0.00000
    -22.745        2     0.00000
    -22.595        2     0.00000
    -22.445        2     0.00000
    -22.295        2     0.00000
    -22.145        2     0.00000
    -21.995        2     0.00000
    -21.845        2     0.00000
    -21.695        2     0.00000
    -21.545        2     0.00000
    -21.395        2     0.00000
    -21.245        2     0.00000
    -21.095        2     0.00000
    -20.945        2     0.00000
    -20.795        2     0.00000
    -20.645        2     0.00000
    -20.495        2     0.00000
    -20.345        2     0.00000
    -20.195        2     0.00000
    -20.045        2     0.00000
    -19.895        2     0.00000
    -19.745        2     0.00000
    -19.595        2     0.00000
    -19.445        2     0.00000
    -19.295        2     0.00000
    -19.145        2     0.00000
    -18.995        2     0.00000
    -18.845        2     0.00000
    -18.695        2     0.00000
    -18.545        2     0.00000
    -18.395        2     0.00000
    -18.245        2     0.00000
    -18.095        2     0.00000
    -17.945        2     0.00000
    -17.795        2     0.00000
    -17.645        2     0.00000
    -17.495        2     0.00000
    -17.345        2     0.00000
    -17.195        2     0.00000
    -17.045        2     0.00000
    -16.895        2     0.00000
    -16.745        2     0.00000
    -16.595        2     0.00000
    -16.445        2     0.00000
    -16.295        2     0.00000
    -16.145        2     0.00000
    -15.995        2     0.00000
    -15.845        2     0.00000
    -15.695        2     0.00000
    -15.545        2     0.00000
    -15.395        2     0.00000
    -15.245        2     0.00000
    -15.095        2     0.00000
    -14.945        2    -0.00109
    -14.795        2    -0.00688
    -14.645        2    -0.02108
    -14.495        2    -0.04846
    -14.345        2    -0.08353
    -14.195        2    -0.13747
    -14.045        2    -0.20156
    -13.895        2    -0.28138
    -13.745        2    -0.39495
    -13.595        2    -0.58739
    -13.445        2    -0.88465
    -13.295        2    -1.29093
    -13.145        2    -1.80662
    -12.995        2    -2.40375
    -12.845        2    -3.08681
    -12.695        2    -3.83344
    -12.545        2    -4.64487
    -12.395        2    -5.50031
    -12.245        2    -6.39014
    -12.095        2    -7.33016
    -11.945        2    -8.31197
    -11.795        2    -9.32353
    -11.645        2   -10.36877
    -11.495        2   -11.44014
    -11.345        2   -12.54230
    -11.195        2   -13.67778
    -11.045        2   -14.78249
    -10.895        2   -15.93242
    -10.745        2   -17.08086
    -10.595        2   -18.21840
    -10.445        2   -19.37773
    -10.295        2   -20.51739
    -10.145        2   -21.66331
    -9.9950        2   -22.81345
    -9.8450        2   -23.99217
    -9.6950        2   -25.20819
    -9.5450        2   -26.45746
    -9.3950        2   -27.79130
    -9.2450        2   -29.19934
    -9.0950        2   -30.66468
    -8.9450        2   -32.19115
    -8.7950        2   -33.76017
    -8.6450        2   -35.33820
    -8.4950        2   -36.96350
    -8.3450        2   -38.63526
    -8.1950        2   -40.37050
    -8.0450        2   -42.13738
    -7.8950        2   -43.96413
    -7.7450        2   -45.84707
    -7.5950        2   -47.77118
    -7.4450        2   -49.71651
    -7.2950        2   -51.69022
    -7.1450        2   -53.69738
    -6.9950        2   -55.73545
    -6.8450        2   -57.79476
    -6.6950        2   -59.85668
    -6.5450        2   -61.93762
    -6.3950        2   -64.04259
    -6.2450        2   -66.15781
    -6.0950        2   -68.28576
    -5.9450        2   -70.39350
    -5.7950        2   -72.50387
    -5.6450        2   -74.60228
    -5.4950        2   -76.69105
    -5.3450        2   -78.74927
    -5.1950        2   -80.78460
    -5.0450        2   -82.79313
    -4.8950        2   -84.79273
    -4.7450        2   -86.77711
    -4.5950        2   -88.76843
    -4.4450        2   -90.74316
    -4.2950        2   -92.74874
    -4.1450        2   -94.75926
    -3.9950        2   -96.81777
    -3.8450        2   -98.92396
    -3.6950        2  -101.09982
    -3.5450        2  -103.37232
    -3.3950        2  -105.76459
    -3.2450        2  -108.29738
    -3.0950        2  -110.99361
    -2.9450        2  -113.87572
    -2.7950        2  -116.96351
    -2.6450        2  -120.28639
    -2.4950        2  -123.87566
    -2.3450        2  -127.79179
    -2.1950        2  -132.09042
    -2.0450        2  -136.86382
    -1.8950        2  -142.24219
    -1.7450        2  -148.36294
    -1.5950        2  -155.32366
    -1.4450        2  -163.10125
    -1.2950        2  -171.54478
    -1.1450        2  -180.52225
   -0.99500        2  -189.91372
   -0.84500        2  -199.66543
   -0.69500        2  -209.84650
   -0.54500        2  -220.76792
   -0.39500        2  -233.35751
   -0.25300        2  -243.13515
   -0.21500        2  -243.81177
   -0.20900        2  -244.49576
   -0.20300        2  -245.19149
   -0.19700        2  -245.90185
   -0.19100        2  -246.62283
   -0.18500        2  -247.35706
   -0.17900        2  -248.10421
   -0.17300        2  -248.86720
   -0.16700        2  -249.64480
   -0.16100        2  -250.43864
   -0.15500        2  -251.24945
   -0.14900        2  -252.07941
   -0.14300        2  -252.92866
   -0.13700        2  -253.79713
   -0.13100        2  -254.68877
   -0.12500        2  -255.60655
   -0.11900        2  -256.55080
   -0.11300        2  -257.52539
   -0.10700        2  -258.53269
   -0.10100        2  -259.57604
   -0.95000E-01    2  -260.65716
   -0.89000E-01    2  -261.78647
   -0.83000E-01    2  -262.96705
   -0.77000E-01    2  -264.20644
   -0.71000E-01    2  -265.51529
   -0.65000E-01    2  -266.90491
   -0.59000E-01    2  -268.39582
   -0.53000E-01    2  -270.00791
   -0.47000E-01    2  -271.77724
   -0.41000E-01    2  -273.75368
   -0.35000E-01    2  -276.01471
   -0.29000E-01    2  -278.71063
   -0.23000E-01    2  -282.18132
   -0.19700E-01    2  -282.59258
   -0.19100E-01    2  -283.01890
   -0.18500E-01    2  -283.46262
   -0.17900E-01    2  -283.92340
   -0.17300E-01    2  -284.40251
   -0.16700E-01    2  -284.89988
   -0.16100E-01    2  -285.41704
   -0.15500E-01    2  -285.95428
   -0.14900E-01    2  -286.51193
   -0.14300E-01    2  -287.09068
   -0.13700E-01    2  -287.69182
   -0.13100E-01    2  -288.31535
   -0.12500E-01    2  -288.96210
   -0.11900E-01    2  -289.63231
   -0.11300E-01    2  -290.32719
   -0.10700E-01    2  -291.04663
   -0.10100E-01    2  -291.79090
   -0.95000E-02    2  -292.56032
   -0.89000E-02    2  -293.35622
   -0.83000E-02    2  -294.18002
   -0.77000E-02    2  -295.03548
   -0.71000E-02    2  -295.92488
   -0.65000E-02    2  -296.84696
   -0.59000E-02    2  -297.79998
   -0.53000E-02    2  -298.77797
   -0.47000E-02    2  -299.76825
   -0.41000E-02    2  -300.75153
   -0.35000E-02    2  -301.69899
   -0.29000E-02    2  -302.56778
   -0.23000E-02    2  -303.31264
   -0.17000E-02    2  -303.89440
   -0.11000E-02    2  -304.28383
   -0.50000E-03    2  -304.46407
    0.10000E-03    2  -304.42786
    0.70000E-03    2  -304.17671
    0.13000E-02    2  -303.72105
    0.19000E-02    2  -303.08116
    0.25000E-02    2  -302.29036
    0.31000E-02    2  -301.39082
    0.37000E-02    2  -300.42793
    0.43000E-02    2  -299.44019
    0.49000E-02    2  -298.45271
    0.55000E-02    2  -297.48282
    0.61000E-02    2  -296.54112
    0.67000E-02    2  -295.63196
    0.73000E-02    2  -294.75537
    0.79000E-02    2  -293.91268
    0.85000E-02    2  -293.10020
    0.91000E-02    2  -292.31529
    0.97000E-02    2  -291.55648
    0.10300E-01    2  -290.82336
    0.10900E-01    2  -290.11513
    0.11500E-01    2  -289.43126
    0.12100E-01    2  -288.77200
    0.12700E-01    2  -288.13640
    0.13300E-01    2  -287.52334
    0.13900E-01    2  -286.93331
    0.14500E-01    2  -286.36477
    0.15100E-01    2  -285.81706
    0.15700E-01    2  -285.28982
    0.16300E-01    2  -284.78251
    0.16900E-01    2  -284.29434
    0.17500E-01    2  -283.82496
    0.18100E-01    2  -283.37371
    0.18700E-01    2  -282.93973
    0.19300E-01    2  -282.52190
    0.20200E-01    2  -281.03915
    0.25000E-01    2  -277.93480
    0.31000E-01    2  -275.45650
    0.37000E-01    2  -273.35942
    0.43000E-01    2  -271.52772
    0.49000E-01    2  -269.89195
    0.55000E-01    2  -268.40883
    0.61000E-01    2  -267.04911
    0.67000E-01    2  -265.79044
    0.73000E-01    2  -264.61737
    0.79000E-01    2  -263.52070
    0.85000E-01    2  -262.48804
    0.91000E-01    2  -261.51008
    0.97000E-01    2  -260.58346
    0.10300        2  -259.70214
    0.10900        2  -258.86127
    0.11500        2  -258.05735
    0.12100        2  -257.28707
    0.12700        2  -256.54846
    0.13300        2  -255.83799
    0.13900        2  -255.15492
    0.14500        2  -254.49663
    0.15100        2  -253.86296
    0.15700        2  -253.25102
    0.16300        2  -252.65993
    0.16900        2  -252.08879
    0.17500        2  -251.53735
    0.18100        2  -251.00563
    0.18700        2  -250.49247
    0.19300        2  -249.99657
    0.19900        2  -249.51733
    0.20500        2  -249.05225
    0.21100        2  -248.60141
    0.21700        2  -248.16373
    0.29500        2  -239.88539
    0.44500        2  -235.02430
    0.59500        2  -231.54096
    0.74500        2  -228.76553
    0.89500        2  -226.39751
     1.0450        2  -224.29259
     1.1950        2  -222.37461
     1.3450        2  -220.59799
     1.4950        2  -218.94165
     1.6450        2  -217.40200
     1.7950        2  -215.95743
     1.9450        2  -214.61468
     2.0950        2  -213.37676
     2.2450        2  -212.22885
     2.3950        2  -211.18193
     2.5450        2  -210.21879
     2.6950        2  -209.33451
     2.8450        2  -208.51399
     2.9950        2  -207.75595
     3.1450        2  -207.06078
     3.2950        2  -206.40193
     3.4450        2  -205.79721
     3.5950        2  -205.23534
     3.7450        2  -204.69534
     3.8950        2  -204.19026
     4.0450        2  -203.70340
     4.1950        2  -203.23269
     4.3450        2  -202.78203
     4.4950        2  -202.35902
     4.6450        2  -201.94839
     4.7950        2  -201.55052
     4.9450        2  -201.17641
     5.0950        2  -200.80236
     5.2450        2  -200.44284
     5.3950        2  -200.09300
     5.5450        2  -199.75588
     5.6950        2  -199.43642
     5.8450        2  -199.12106
     5.9950        2  -198.81018
     6.1450        2  -198.50163
     6.2950        2  -198.21014
     6.4450        2  -197.92885
     6.5950        2  -197.64649
     6.7450        2  -197.37656
     6.8950        2  -197.09951
     7.0450        2  -196.83718
     7.1950        2  -196.57579
     7.3450        2  -196.32084
     7.4950        2  -196.07378
     7.6450        2  -195.83020
     7.7950        2  -195.59011
     7.9450        2  -195.35892
     8.0950        2  -195.12944
     8.2450        2  -194.90626
     8.3950        2  -194.68752
     8.5450        2  -194.46889
     8.6950        2  -194.25149
     8.8450        2  -194.03927
     8.9950        2  -193.83150
     9.1450        2  -193.62188
     9.2950        2  -193.42001
     9.4450        2  -193.21249
     9.5950        2  -193.01950
     9.7450        2  -192.82965
     9.8950        2  -192.64196
     10.045        2  -192.45126
     10.195        2  -192.26915
     10.345        2  -192.08869
     10.495        2  -191.90888
     10.645        2  -191.72796
     10.795        2  -191.55082
     10.945        2  -191.38012
     11.095        2  -191.21081
     11.245        2  -191.04389
     11.395        2  -190.87809
     11.545        2  -190.71421
     11.695        2  -190.55355
     11.845        2  -190.39468
     11.995        2  -190.24073
     12.145        2  -190.08258
     12.295        2  -189.92675
     12.445        2  -189.77543
     12.595        2  -189.62175
     12.745        2  -189.47109
     12.895        2  -189.32326
     13.045        2  -189.17950
     13.195        2  -189.03515
     13.345        2  -188.89344
     13.495        2  -188.75076
     13.645        2  -188.60892
     13.795        2  -188.46999
     13.945        2  -188.32841
     14.095        2  -188.19375
     14.245        2  -188.05826
     14.395        2  -187.92527
     14.545        2  -187.79352
     14.695        2  -187.66667
     14.845        2  -187.53548
     14.995        2  -187.40620
     15.145        2  -187.27903
     15.295        2  -187.15286
     15.445        2  -187.02986
     15.595        2  -186.91010
     15.745        2  -186.78953
     15.895        2  -186.66812
     16.045        2  -186.54957
     16.195        2  -186.42965
     16.345        2  -186.31205
     16.495        2  -186.19409
     16.645        2  -186.07869
     16.795        2  -185.96774
     16.945        2  -185.85706
     17.095        2  -185.74630
     17.245        2  -185.63022
     17.395        2  -185.51664
     17.545        2  -185.40487
     17.695        2  -185.29674
     17.845        2  -185.19193
     17.995        2  -185.08674
     18.145        2  -184.98158
     18.295        2  -184.88045
     18.445        2  -184.77555
     18.595        2  -184.67016
     18.745        2  -184.56976
     18.895        2  -184.46665
     19.045        2  -184.36612
     19.195        2  -184.26602
     19.345        2  -184.16785
     19.495        2  -184.06819
     19.645        2  -183.97042
     19.795        2  -183.87551
     19.945        2  -183.77902
     20.095        2  -183.68551
     21.836        2  -180.75851
     30.068        2  -176.37338
     42.097        2  -171.99010
     58.937        2  -167.58441
     82.515        2  -163.22194
     115.53        2  -158.87925
     161.74        2  -154.57916
     226.45        2  -150.33441
     317.04        2  -146.15318
     443.87        2  -142.03606
     621.44        2  -137.98977
     870.05        2  -134.01768
     1218.1        2  -130.15835
     1705.4        2  -126.35499
     2387.7        2  -122.63345
     3342.9        2  -119.00451
     4680.2        2  -115.48194
     6552.5        2  -112.06182
     9173.8        2  -108.73178
     12844.        2  -105.48612
     17982.        2  -102.35469
     25176.        2   -99.31086
     35247.        2   -96.39234
     49348.        2   -93.58440
     69090.        2   -90.89257
     96729.        2   -88.32243
    0.13543E+06    2   -85.86525
    0.18960E+06    2   -83.52767
    0.26545E+06    2   -81.29986
    0.37165E+06    2   -79.17644
    0.52033E+06    2   -77.15667
    0.72849E+06    2   -75.22426
    0.10199E+07    2   -73.38940
    0.14279E+07    2   -71.64864
    0.19992E+07    2   -69.98310
    0.27990E+07    2   -68.41276
    0.39187E+07    2   -66.91187
    0.54864E+07    2   -65.48588
    0.76812E+07    2   -64.13777
    0.10754E+08    2   -62.85495
    0.15056E+08    2   -61.63315
    0.21080E+08    2   -60.47326
    0.29513E+08    2   -59.36380
    0.41319E+08    2   -58.32283
    0.57849E+08    2   -57.35008
    0.80991E+08    2   -56.44992
    0.11339E+09    2   -55.61476
    0.15875E+09    2   -54.83692
    0.22226E+09    2   -54.11078
    0.31118E+09    2   -53.43415
    0.43567E+09    2   -52.80252
    0.60996E+09    2   -52.22366
    0.85398E+09    2   -51.70367
    0.11956E+10    2   -51.22461
    0.16739E+10    2   -50.78240
    0.23436E+10    2   -50.37930
    0.32811E+10    2   -50.01029
    0.45937E+10    2   -49.67104
    0.64315E+10    2   -49.35898
    0.90044E+10    2   -49.07048
    0.12607E+11    2   -48.80531
    0.17650E+11    2   -48.56005
    0.24711E+11    2   -48.33582
    0.34596E+11    2   -48.12979
    0.48437E+11    2   -47.94087
    0.67814E+11    2   -47.76592
    0.10000E+12    2   -45.77325
