    -29.945        1     0.00000
    -29.795        1     0.00000
    -29.645        1     0.00000
    -29.495        1     0.00000
    -29.345        1     0.00000
    -29.195        1     0.00000
    -29.045        1     0.00000
    -28.895        1     0.00000
    -28.745        1     0.00000
    -28.595        1     0.00000
    -28.445        1     0.00000
    -28.295        1     0.00000
    -28.145        1     0.00000
    -27.995        1     0.00000
    -27.845        1     0.00000
    -27.695        1     0.00000
    -27.545        1     0.00000
    -27.395        1     0.00000
    -27.245        1     0.00000
    -27.095        1     0.00000
    -26.945        1     0.00000
    -26.795        1     0.00000
    -26.645        1     0.00000
    -26.495        1     0.00000
    -26.345        1     0.00000
    -26.195        1     0.00000
    -26.045        1     0.00000
    -25.895        1     0.00000
    -25.745        1     0.00000
    -25.595        1     0.00000
    -25.445        1     0.00000
    -25.295        1     0.00000
    -25.145        1     0.00000
    -24.995        1    -0.00019
    -24.845        1    -0.00112
    -24.695        1    -0.00300
    -24.545        1    -0.00672
    -24.395        1    -0.01136
    -24.245        1    -0.01988
    -24.095        1    -0.03305
    -23.945        1    -0.05488
    -23.795        1    -0.07794
    -23.645        1    -0.11609
    -23.495        1    -0.16185
    -23.345        1    -0.22901
    -23.195        1    -0.32052
    -23.045        1    -0.42359
    -22.895        1    -0.55336
    -22.745        1    -0.70897
    -22.595        1    -0.89007
    -22.445        1    -1.09293
    -22.295        1    -1.33258
    -22.145        1    -1.59027
    -21.995        1    -1.87411
    -21.845        1    -2.18138
    -21.695        1    -2.49133
    -21.545        1    -2.83633
    -21.395        1    -3.18152
    -21.245        1    -3.54614
    -21.095        1    -3.91705
    -20.945        1    -4.27714
    -20.795        1    -4.63095
    -20.645        1    -5.00336
    -20.495        1    -5.36750
    -20.345        1    -5.74060
    -20.195        1    -6.10200
    -20.045        1    -6.46729
    -19.895        1    -6.85497
    -19.745        1    -7.25536
    -19.595        1    -7.65726
    -19.445        1    -8.07448
    -19.295        1    -8.50411
    -19.145        1    -8.95500
    -18.995        1    -9.42185
    -18.845        1    -9.87582
    -18.695        1   -10.34715
    -18.545        1   -10.83761
    -18.395        1   -11.31822
    -18.245        1   -11.81356
    -18.095        1   -12.27904
    -17.945        1   -12.76709
    -17.795        1   -13.24866
    -17.645        1   -13.71334
    -17.495        1   -14.18506
    -17.345        1   -14.64256
    -17.195        1   -15.09388
    -17.045        1   -15.55327
    -16.895        1   -15.99211
    -16.745        1   -16.41962
    -16.595        1   -16.84480
    -16.445        1   -17.25298
    -16.295        1   -17.66482
    -16.145        1   -18.05830
    -15.995        1   -18.44968
    -15.845        1   -18.84532
    -15.695        1   -19.24478
    -15.545        1   -19.63255
    -15.395        1   -20.03213
    -15.245        1   -20.43692
    -15.095        1   -20.86225
    -14.945        1   -21.28832
    -14.795        1   -21.72181
    -14.645        1   -22.15840
    -14.495        1   -22.61075
    -14.345        1   -23.07237
    -14.195        1   -23.55187
    -14.045        1   -24.03863
    -13.895        1   -24.52538
    -13.745        1   -25.02539
    -13.595        1   -25.52301
    -13.445        1   -26.01507
    -13.295        1   -26.51451
    -13.145        1   -27.01998
    -12.995        1   -27.50786
    -12.845        1   -28.00680
    -12.695        1   -28.50576
    -12.545        1   -28.98876
    -12.395        1   -29.47322
    -12.245        1   -29.92777
    -12.095        1   -30.37631
    -11.945        1   -30.82145
    -11.795        1   -31.23842
    -11.645        1   -31.65036
    -11.495        1   -32.06216
    -11.345        1   -32.46216
    -11.195        1   -32.85563
    -11.045        1   -33.23687
    -10.895        1   -33.60867
    -10.745        1   -33.98113
    -10.595        1   -34.34180
    -10.445        1   -34.69583
    -10.295        1   -35.04719
    -10.145        1   -35.39841
    -9.9950        1   -35.73324
    -9.8450        1   -36.07454
    -9.6950        1   -36.42032
    -9.5450        1   -36.74855
    -9.3950        1   -37.07784
    -9.2450        1   -37.40605
    -9.0950        1   -37.74224
    -8.9450        1   -38.06930
    -8.7950        1   -38.39918
    -8.6450        1   -38.73356
    -8.4950        1   -39.06826
    -8.3450        1   -39.39902
    -8.1950        1   -39.73124
    -8.0450        1   -40.07404
    -7.8950        1   -40.42157
    -7.7450        1   -40.78895
    -7.5950        1   -41.15217
    -7.4450        1   -41.52942
    -7.2950        1   -41.92148
    -7.1450        1   -42.32651
    -6.9950        1   -42.74599
    -6.8450        1   -43.16545
    -6.6950        1   -43.60269
    -6.5450        1   -44.05678
    -6.3950        1   -44.52376
    -6.2450        1   -44.99544
    -6.0950        1   -45.48395
    -5.9450        1   -45.97811
    -5.7950        1   -46.48989
    -5.6450        1   -47.00843
    -5.4950        1   -47.53969
    -5.3450        1   -48.09296
    -5.1950        1   -48.66597
    -5.0450        1   -49.25565
    -4.8950        1   -49.86349
    -4.7450        1   -50.49403
    -4.5950        1   -51.16444
    -4.4450        1   -51.85358
    -4.2950        1   -52.58419
    -4.1450        1   -53.35839
    -3.9950        1   -54.17017
    -3.8450        1   -55.03125
    -3.6950        1   -55.94702
    -3.5450        1   -56.91963
    -3.3950        1   -57.94728
    -3.2450        1   -59.03437
    -3.0950        1   -60.19527
    -2.9450        1   -61.41763
    -2.7950        1   -62.70845
    -2.6450        1   -64.09122
    -2.4950        1   -65.54200
    -2.3450        1   -67.04947
    -2.1950        1   -68.59441
    -2.0450        1   -70.18499
    -1.8950        1   -71.78976
    -1.7450        1   -73.39303
    -1.5950        1   -74.97050
    -1.4450        1   -76.53692
    -1.2950        1   -78.09137
    -1.1450        1   -79.64617
   -0.99500        1   -81.22136
   -0.84500        1   -82.85381
   -0.69500        1   -84.59238
   -0.54500        1   -86.50787
   -0.39500        1   -88.73141
   -0.25300        1   -90.41629
   -0.21500        1   -90.53004
   -0.20900        1   -90.64580
   -0.20300        1   -90.76301
   -0.19700        1   -90.88160
   -0.19100        1   -91.00160
   -0.18500        1   -91.12460
   -0.17900        1   -91.24907
   -0.17300        1   -91.37589
   -0.16700        1   -91.50503
   -0.16100        1   -91.63689
   -0.15500        1   -91.77237
   -0.14900        1   -91.91021
   -0.14300        1   -92.05136
   -0.13700        1   -92.19616
   -0.13100        1   -92.34484
   -0.12500        1   -92.49822
   -0.11900        1   -92.65708
   -0.11300        1   -92.82095
   -0.10700        1   -92.99086
   -0.10100        1   -93.16779
   -0.95000E-01    1   -93.35324
   -0.89000E-01    1   -93.54692
   -0.83000E-01    1   -93.75150
   -0.77000E-01    1   -93.96810
   -0.71000E-01    1   -94.19856
   -0.65000E-01    1   -94.44674
   -0.59000E-01    1   -94.71598
   -0.53000E-01    1   -95.01125
   -0.47000E-01    1   -95.34062
   -0.41000E-01    1   -95.71687
   -0.35000E-01    1   -96.16124
   -0.29000E-01    1   -96.71182
   -0.23000E-01    1   -97.41821
   -0.19700E-01    1   -97.49835
   -0.19100E-01    1   -97.58066
   -0.18500E-01    1   -97.66515
   -0.17900E-01    1   -97.75203
   -0.17300E-01    1   -97.84128
   -0.16700E-01    1   -97.93315
   -0.16100E-01    1   -98.02756
   -0.15500E-01    1   -98.12476
   -0.14900E-01    1   -98.22485
   -0.14300E-01    1   -98.32766
   -0.13700E-01    1   -98.43334
   -0.13100E-01    1   -98.54204
   -0.12500E-01    1   -98.65376
   -0.11900E-01    1   -98.76870
   -0.11300E-01    1   -98.88687
   -0.10700E-01    1   -99.00850
   -0.10100E-01    1   -99.13369
   -0.95000E-02    1   -99.26281
   -0.89000E-02    1   -99.39582
   -0.83000E-02    1   -99.53314
   -0.77000E-02    1   -99.67453
   -0.71000E-02    1   -99.81935
   -0.65000E-02    1   -99.96642
   -0.59000E-02    1  -100.11457
   -0.53000E-02    1  -100.26171
   -0.47000E-02    1  -100.40495
   -0.41000E-02    1  -100.53982
   -0.35000E-02    1  -100.66211
   -0.29000E-02    1  -100.76842
   -0.23000E-02    1  -100.85585
   -0.17000E-02    1  -100.92223
   -0.11000E-02    1  -100.96596
   -0.50000E-03    1  -100.98603
    0.10000E-03    1  -100.98202
    0.70000E-03    1  -100.95403
    0.13000E-02    1  -100.90268
    0.19000E-02    1  -100.82908
    0.25000E-02    1  -100.73515
    0.31000E-02    1  -100.62322
    0.37000E-02    1  -100.49643
    0.43000E-02    1  -100.35851
    0.49000E-02    1  -100.21375
    0.55000E-02    1  -100.06642
    0.61000E-02    1   -99.91884
    0.67000E-02    1   -99.77271
    0.73000E-02    1   -99.62923
    0.79000E-02    1   -99.48923
    0.85000E-02    1   -99.35350
    0.91000E-02    1   -99.22187
    0.97000E-02    1   -99.09420
    0.10300E-01    1   -98.97032
    0.10900E-01    1   -98.84992
    0.11500E-01    1   -98.73293
    0.12100E-01    1   -98.61933
    0.12700E-01    1   -98.50864
    0.13300E-01    1   -98.40114
    0.13900E-01    1   -98.29661
    0.14500E-01    1   -98.19507
    0.15100E-01    1   -98.09624
    0.15700E-01    1   -98.00027
    0.16300E-01    1   -97.90688
    0.16900E-01    1   -97.81614
    0.17500E-01    1   -97.72788
    0.18100E-01    1   -97.64202
    0.18700E-01    1   -97.55863
    0.19300E-01    1   -97.47723
    0.20200E-01    1   -97.18079
    0.25000E-01    1   -96.53479
    0.31000E-01    1   -96.02909
    0.37000E-01    1   -95.61679
    0.43000E-01    1   -95.26564
    0.49000E-01    1   -94.95718
    0.55000E-01    1   -94.68217
    0.61000E-01    1   -94.43427
    0.67000E-01    1   -94.20816
    0.73000E-01    1   -94.00070
    0.79000E-01    1   -93.80951
    0.85000E-01    1   -93.63173
    0.91000E-01    1   -93.46629
    0.97000E-01    1   -93.31157
    0.10300        1   -93.16634
    0.10900        1   -93.02984
    0.11500        1   -92.90169
    0.12100        1   -92.78124
    0.12700        1   -92.66738
    0.13300        1   -92.55993
    0.13900        1   -92.45861
    0.14500        1   -92.36271
    0.15100        1   -92.27159
    0.15700        1   -92.18510
    0.16300        1   -92.10285
    0.16900        1   -92.02506
    0.17500        1   -91.95093
    0.18100        1   -91.88033
    0.18700        1   -91.81343
    0.19300        1   -91.74912
    0.19900        1   -91.68767
    0.20500        1   -91.62911
    0.21100        1   -91.57271
    0.21700        1   -91.51876
    0.29500        1   -90.60026
    0.44500        1   -90.12520
    0.59500        1   -89.79069
    0.74500        1   -89.52442
    0.89500        1   -89.29920
     1.0450        1   -89.10419
     1.1950        1   -88.92886
     1.3450        1   -88.76857
     1.4950        1   -88.62341
     1.6450        1   -88.48591
     1.7950        1   -88.36081
     1.9450        1   -88.24295
     2.0950        1   -88.13085
     2.2450        1   -88.02549
     2.3950        1   -87.92774
     2.5450        1   -87.83563
     2.6950        1   -87.74762
     2.8450        1   -87.66724
     2.9950        1   -87.59347
     3.1450        1   -87.52386
     3.2950        1   -87.45615
     3.4450        1   -87.39418
     3.5950        1   -87.33210
     3.7450        1   -87.27560
     3.8950        1   -87.22144
     4.0450        1   -87.16975
     4.1950        1   -87.11924
     4.3450        1   -87.07083
     4.4950        1   -87.02443
     4.6450        1   -86.97833
     4.7950        1   -86.93348
     4.9450        1   -86.89280
     5.0950        1   -86.85121
     5.2450        1   -86.80867
     5.3950        1   -86.76970
     5.5450        1   -86.73167
     5.6950        1   -86.69530
     5.8450        1   -86.65860
     5.9950        1   -86.62311
     6.1450        1   -86.58959
     6.2950        1   -86.55606
     6.4450        1   -86.52332
     6.5950        1   -86.49126
     6.7450        1   -86.45947
     6.8950        1   -86.42903
     7.0450        1   -86.39923
     7.1950        1   -86.37019
     7.3450        1   -86.34159
     7.4950        1   -86.31363
     7.6450        1   -86.28490
     7.7950        1   -86.25727
     7.9450        1   -86.23043
     8.0950        1   -86.20435
     8.2450        1   -86.17805
     8.3950        1   -86.15268
     8.5450        1   -86.12666
     8.6950        1   -86.10189
     8.8450        1   -86.07578
     8.9950        1   -86.05043
     9.1450        1   -86.02679
     9.2950        1   -86.00331
     9.4450        1   -85.97985
     9.5950        1   -85.95646
     9.7450        1   -85.93326
     9.8950        1   -85.91132
     10.045        1   -85.88961
     10.195        1   -85.86741
     10.345        1   -85.84598
     10.495        1   -85.82558
     10.645        1   -85.80435
     10.795        1   -85.78339
     10.945        1   -85.76261
     11.095        1   -85.74255
     11.245        1   -85.72130
     11.395        1   -85.70095
     11.545        1   -85.68037
     11.695        1   -85.66102
     11.845        1   -85.64158
     11.995        1   -85.62282
     12.145        1   -85.60365
     12.295        1   -85.58530
     12.445        1   -85.56700
     12.595        1   -85.54923
     12.745        1   -85.53133
     12.895        1   -85.51387
     13.045        1   -85.49621
     13.195        1   -85.47864
     13.345        1   -85.46099
     13.495        1   -85.44351
     13.645        1   -85.42522
     13.795        1   -85.40787
     13.945        1   -85.39194
     14.095        1   -85.37474
     14.245        1   -85.35832
     14.395        1   -85.34239
     14.545        1   -85.32592
     14.695        1   -85.31016
     14.845        1   -85.29456
     14.995        1   -85.27867
     15.145        1   -85.26307
     15.295        1   -85.24729
     15.445        1   -85.23225
     15.595        1   -85.21720
     15.745        1   -85.20221
     15.895        1   -85.18735
     16.045        1   -85.17238
     16.195        1   -85.15765
     16.345        1   -85.14271
     16.495        1   -85.12840
     16.645        1   -85.11436
     16.795        1   -85.09999
     16.945        1   -85.08582
     17.095        1   -85.07246
     17.245        1   -85.05818
     17.395        1   -85.04459
     17.545        1   -85.03032
     17.695        1   -85.01707
     17.845        1   -85.00377
     17.995        1   -84.99007
     18.145        1   -84.97646
     18.295        1   -84.96310
     18.445        1   -84.94960
     18.595        1   -84.93632
     18.745        1   -84.92341
     18.895        1   -84.91083
     19.045        1   -84.89781
     19.195        1   -84.88563
     19.345        1   -84.87334
     19.495        1   -84.86130
     19.645        1   -84.84912
     19.795        1   -84.83605
     19.945        1   -84.82419
     20.095        1   -84.81157
     20.245        1   -84.79986
     20.395        1   -84.78797
     20.545        1   -84.77612
     20.695        1   -84.76471
     20.845        1   -84.75261
     20.995        1   -84.74117
     21.145        1   -84.72984
     21.295        1   -84.71807
     21.445        1   -84.70622
     21.595        1   -84.69426
     21.745        1   -84.68318
     21.895        1   -84.67210
     22.045        1   -84.66090
     22.195        1   -84.64975
     22.345        1   -84.63874
     22.495        1   -84.62774
     22.645        1   -84.61647
     22.795        1   -84.60582
     22.945        1   -84.59529
     23.095        1   -84.58442
     23.245        1   -84.57394
     23.395        1   -84.56310
     23.545        1   -84.55259
     23.695        1   -84.54230
     23.845        1   -84.53227
     23.995        1   -84.52221
     24.145        1   -84.51266
     24.295        1   -84.50241
     24.445        1   -84.49264
     24.595        1   -84.48258
     24.745        1   -84.47324
     24.895        1   -84.46317
     25.045        1   -84.45333
     25.195        1   -84.44330
     25.345        1   -84.43350
     25.495        1   -84.42354
     25.645        1   -84.41424
     25.795        1   -84.40477
     25.945        1   -84.39495
     26.095        1   -84.38557
     26.245        1   -84.37613
     26.395        1   -84.36661
     26.545        1   -84.35715
     26.695        1   -84.34796
     26.845        1   -84.33816
     26.995        1   -84.32910
     27.145        1   -84.32002
     27.295        1   -84.31125
     27.445        1   -84.30244
     27.595        1   -84.29337
     27.745        1   -84.28313
     27.895        1   -84.27392
     28.045        1   -84.26493
     28.195        1   -84.25574
     28.345        1   -84.24675
     28.495        1   -84.23834
     28.645        1   -84.22899
     28.795        1   -84.22021
     28.945        1   -84.21167
     29.095        1   -84.20308
     29.245        1   -84.19485
     29.395        1   -84.18657
     29.545        1   -84.17811
     29.695        1   -84.16973
     29.845        1   -84.16102
     29.995        1   -84.15250
     30.145        1   -84.14392
     30.295        1   -84.13533
     30.445        1   -84.12762
     30.595        1   -84.11924
     30.745        1   -84.11123
     30.895        1   -84.10334
     31.045        1   -84.09530
     31.195        1   -84.08736
     31.345        1   -84.07853
     31.495        1   -84.07030
     31.645        1   -84.06232
     31.795        1   -84.05461
     31.945        1   -84.04707
     32.095        1   -84.03928
     32.245        1   -84.03167
     32.395        1   -84.02368
     32.545        1   -84.01582
     32.695        1   -84.00842
     32.845        1   -84.00087
     32.995        1   -83.99327
     33.145        1   -83.98602
     33.295        1   -83.97880
     33.445        1   -83.97163
     33.595        1   -83.96384
     33.745        1   -83.95666
     33.895        1   -83.94948
     34.045        1   -83.94200
     34.195        1   -83.93434
     34.345        1   -83.92673
     34.495        1   -83.91945
     34.645        1   -83.91222
     34.795        1   -83.90460
     34.945        1   -83.89754
     35.095        1   -83.89059
     35.245        1   -83.88373
     35.395        1   -83.87645
     35.545        1   -83.86882
     35.695        1   -83.86123
     35.845        1   -83.85398
     35.995        1   -83.84687
     36.145        1   -83.83974
     36.295        1   -83.83319
     36.445        1   -83.82610
     36.595        1   -83.81930
     36.745        1   -83.81186
     36.895        1   -83.80500
     37.045        1   -83.79751
     37.195        1   -83.79021
     37.345        1   -83.78332
     37.495        1   -83.77667
     37.645        1   -83.76988
     37.795        1   -83.76357
     37.945        1   -83.75657
     38.095        1   -83.75006
     38.245        1   -83.74349
     38.395        1   -83.73707
     38.545        1   -83.73036
     38.695        1   -83.72391
     38.845        1   -83.71729
     38.995        1   -83.71057
     39.145        1   -83.70378
     39.295        1   -83.69760
     39.445        1   -83.69118
     39.595        1   -83.68480
     39.745        1   -83.67852
     39.895        1   -83.67186
     40.045        1   -83.66541
     40.195        1   -83.65938
     40.345        1   -83.65308
     40.495        1   -83.64683
     40.645        1   -83.64027
     40.795        1   -83.63366
     40.945        1   -83.62718
     41.095        1   -83.62104
     41.245        1   -83.61488
     41.395        1   -83.60886
     41.545        1   -83.60287
     41.695        1   -83.59682
     41.845        1   -83.59077
     41.995        1   -83.58502
     42.145        1   -83.57848
     42.295        1   -83.57234
     42.445        1   -83.56668
     42.595        1   -83.56113
     42.745        1   -83.55484
     42.895        1   -83.54932
     43.045        1   -83.54326
     43.195        1   -83.53720
     43.345        1   -83.53105
     43.495        1   -83.52501
     43.645        1   -83.51949
     43.795        1   -83.51393
     43.945        1   -83.50804
     44.095        1   -83.50213
     44.245        1   -83.49618
     44.395        1   -83.49019
     44.545        1   -83.48410
     44.695        1   -83.47875
     44.845        1   -83.47297
     44.995        1   -83.46766
     45.145        1   -83.46198
     45.295        1   -83.45616
     45.445        1   -83.45040
     45.595        1   -83.44414
     45.745        1   -83.43863
     45.895        1   -83.43250
     46.045        1   -83.42671
     46.195        1   -83.42113
     46.345        1   -83.41569
     46.495        1   -83.41030
     46.645        1   -83.40490
     46.795        1   -83.39931
     46.945        1   -83.39425
     47.095        1   -83.38927
     47.245        1   -83.38393
     47.395        1   -83.37838
     47.545        1   -83.37320
     47.695        1   -83.36763
     47.845        1   -83.36233
     47.995        1   -83.35687
     48.145        1   -83.35158
     48.295        1   -83.34625
     48.445        1   -83.34071
     48.595        1   -83.33543
     48.745        1   -83.33047
     48.895        1   -83.32529
     49.045        1   -83.32011
     49.195        1   -83.31463
     49.345        1   -83.30912
     49.495        1   -83.30416
     49.645        1   -83.29900
     49.795        1   -83.29392
     49.945        1   -83.28853
     50.095        1   -83.28361
     50.245        1   -83.27848
     50.395        1   -83.27345
     50.545        1   -83.26854
     50.695        1   -83.26358
     50.845        1   -83.25852
     50.995        1   -83.25340
     51.145        1   -83.24853
     51.295        1   -83.24340
     51.445        1   -83.23843
     51.595        1   -83.23339
     51.745        1   -83.22872
     51.895        1   -83.22366
     52.045        1   -83.21869
     52.195        1   -83.21376
     52.345        1   -83.20881
     52.495        1   -83.20411
     52.645        1   -83.19957
     52.795        1   -83.19466
     52.945        1   -83.18991
     53.095        1   -83.18494
     53.245        1   -83.18015
     53.395        1   -83.17540
     53.545        1   -83.17073
     53.695        1   -83.16600
     53.845        1   -83.16133
     53.995        1   -83.15646
     54.145        1   -83.15157
     54.295        1   -83.14694
     54.445        1   -83.14222
     54.595        1   -83.13755
     54.745        1   -83.13278
     54.895        1   -83.12791
     55.045        1   -83.12330
     55.195        1   -83.11856
     55.345        1   -83.11409
     55.495        1   -83.10945
     55.645        1   -83.10494
     55.795        1   -83.09996
     55.945        1   -83.09552
     56.095        1   -83.09074
     56.245        1   -83.08595
     56.395        1   -83.08144
     56.545        1   -83.07695
     56.695        1   -83.07232
     56.845        1   -83.06780
     56.995        1   -83.06270
     57.145        1   -83.05801
     57.295        1   -83.05389
     57.445        1   -83.04957
     57.595        1   -83.04511
     57.745        1   -83.04078
     57.895        1   -83.03632
     58.045        1   -83.03187
     58.195        1   -83.02722
     58.345        1   -83.02306
     58.495        1   -83.01869
     58.645        1   -83.01439
     58.795        1   -83.00997
     58.945        1   -83.00585
     59.095        1   -83.00145
     59.245        1   -82.99718
     59.395        1   -82.99285
     59.545        1   -82.98847
     59.695        1   -82.98397
     59.845        1   -82.97966
     59.995        1   -82.97547
     60.145        1   -82.97078
     70.939        1   -82.41412
     97.698        1   -81.85731
     134.55        1   -81.29658
     185.30        1   -80.74238
     255.20        1   -80.18801
     351.46        1   -79.63879
     484.04        1   -79.09506
     666.62        1   -78.55573
     918.07        1   -78.02146
     1264.4        1   -77.49364
     1741.3        1   -76.97326
     2398.1        1   -76.46120
     3302.7        1   -75.95120
     4548.5        1   -75.44695
     6264.3        1   -74.94986
     8627.2        1   -74.45971
     11881.        1   -73.97347
     16363.        1   -73.49484
     22535.        1   -73.02032
     31036.        1   -72.54964
     42743.        1   -72.08621
     58866.        1   -71.62795
     81070.        1   -71.17347
    0.11165E+06    1   -70.72398
    0.15377E+06    1   -70.27972
    0.21177E+06    1   -69.83813
    0.29165E+06    1   -69.39919
    0.40166E+06    1   -68.96257
    0.55317E+06    1   -68.52998
    0.76182E+06    1   -68.09877
    0.10492E+07    1   -67.66726
    0.14449E+07    1   -67.23741
    0.19900E+07    1   -66.80852
    0.27406E+07    1   -66.37956
    0.37744E+07    1   -65.94904
    0.51981E+07    1   -65.51502
    0.71589E+07    1   -65.07984
    0.98593E+07    1   -64.64289
    0.13578E+08    1   -64.20433
    0.18700E+08    1   -63.76263
    0.25754E+08    1   -63.31852
    0.35468E+08    1   -62.87709
    0.48847E+08    1   -62.44327
    0.67273E+08    1   -62.02093
    0.92648E+08    1   -61.60940
    0.12760E+09    1   -61.20671
    0.17573E+09    1   -60.81436
    0.24201E+09    1   -60.43417
    0.33330E+09    1   -60.06840
    0.45902E+09    1   -59.71937
    0.63217E+09    1   -59.39045
    0.87062E+09    1   -59.08190
    0.11990E+10    1   -58.79343
    0.16513E+10    1   -58.52539
    0.22742E+10    1   -58.27525
    0.31320E+10    1   -58.04211
    0.43134E+10    1   -57.82442
    0.59405E+10    1   -57.62147
    0.81813E+10    1   -57.43324
    0.11267E+11    1   -57.25663
    0.15517E+11    1   -57.09356
    0.21371E+11    1   -56.94177
    0.29432E+11    1   -56.80027
    0.40534E+11    1   -56.66891
    0.55823E+11    1   -56.54666
    0.10000E+12    1   -55.02253
    -149.95        2     0.00000
    -149.80        2     0.00000
    -149.65        2     0.00000
    -149.49        2     0.00000
    -149.34        2     0.00000
    -149.20        2     0.00000
    -149.05        2     0.00000
    -148.90        2     0.00000
    -148.74        2     0.00000
    -148.59        2     0.00000
    -148.45        2     0.00000
    -148.30        2     0.00000
    -148.15        2     0.00000
    -147.99        2     0.00000
    -147.84        2     0.00000
    -147.70        2     0.00000
    -147.55        2     0.00000
    -147.40        2     0.00000
    -147.24        2     0.00000
    -147.09        2     0.00000
    -146.95        2     0.00000
    -146.80        2     0.00000
    -146.65        2     0.00000
    -146.49        2     0.00000
    -146.34        2     0.00000
    -146.20        2     0.00000
    -146.05        2     0.00000
    -145.90        2     0.00000
    -145.74        2     0.00000
    -145.59        2     0.00000
    -145.45        2     0.00000
    -145.30        2     0.00000
    -145.15        2     0.00000
    -144.99        2     0.00000
    -144.84        2     0.00000
    -144.70        2     0.00000
    -144.55        2     0.00000
    -144.40        2     0.00000
    -144.24        2     0.00000
    -144.09        2     0.00000
    -143.95        2     0.00000
    -143.80        2     0.00000
    -143.65        2     0.00000
    -143.49        2     0.00000
    -143.34        2     0.00000
    -143.20        2     0.00000
    -143.05        2     0.00000
    -142.90        2     0.00000
    -142.74        2     0.00000
    -142.59        2     0.00000
    -142.45        2     0.00000
    -142.30        2     0.00000
    -142.15        2     0.00000
    -141.99        2     0.00000
    -141.84        2     0.00000
    -141.70        2     0.00000
    -141.55        2     0.00000
    -141.40        2     0.00000
    -141.24        2     0.00000
    -141.09        2     0.00000
    -140.95        2     0.00000
    -140.80        2     0.00000
    -140.65        2     0.00000
    -140.49        2     0.00000
    -140.34        2     0.00000
    -140.20        2     0.00000
    -140.05        2     0.00000
    -139.90        2     0.00000
    -139.74        2     0.00000
    -139.59        2     0.00000
    -139.45        2     0.00000
    -139.30        2     0.00000
    -139.15        2     0.00000
    -138.99        2     0.00000
    -138.84        2     0.00000
    -138.70        2     0.00000
    -138.55        2     0.00000
    -138.40        2     0.00000
    -138.24        2     0.00000
    -138.09        2     0.00000
    -137.95        2     0.00000
    -137.80        2     0.00000
    -137.65        2     0.00000
    -137.49        2     0.00000
    -137.34        2     0.00000
    -137.20        2     0.00000
    -137.05        2     0.00000
    -136.90        2     0.00000
    -136.74        2     0.00000
    -136.59        2     0.00000
    -136.45        2     0.00000
    -136.30        2     0.00000
    -136.15        2     0.00000
    -135.99        2     0.00000
    -135.84        2     0.00000
    -135.70        2     0.00000
    -135.55        2     0.00000
    -135.40        2     0.00000
    -135.24        2     0.00000
    -135.09        2     0.00000
    -134.95        2     0.00000
    -134.80        2     0.00000
    -134.65        2     0.00000
    -134.49        2     0.00000
    -134.34        2     0.00000
    -134.20        2     0.00000
    -134.05        2     0.00000
    -133.90        2     0.00000
    -133.74        2     0.00000
    -133.59        2     0.00000
    -133.45        2     0.00000
    -133.30        2     0.00000
    -133.15        2     0.00000
    -132.99        2     0.00000
    -132.84        2     0.00000
    -132.70        2     0.00000
    -132.55        2     0.00000
    -132.40        2     0.00000
    -132.24        2     0.00000
    -132.09        2     0.00000
    -131.95        2     0.00000
    -131.80        2     0.00000
    -131.65        2     0.00000
    -131.49        2     0.00000
    -131.34        2     0.00000
    -131.20        2     0.00000
    -131.05        2     0.00000
    -130.90        2     0.00000
    -130.74        2     0.00000
    -130.59        2     0.00000
    -130.45        2     0.00000
    -130.30        2     0.00000
    -130.15        2     0.00000
    -129.99        2     0.00000
    -129.84        2     0.00000
    -129.70        2     0.00000
    -129.55        2     0.00000
    -129.40        2     0.00000
    -129.24        2     0.00000
    -129.09        2     0.00000
    -128.95        2     0.00000
    -128.80        2     0.00000
    -128.65        2     0.00000
    -128.49        2     0.00000
    -128.34        2     0.00000
    -128.20        2     0.00000
    -128.05        2     0.00000
    -127.89        2     0.00000
    -127.75        2     0.00000
    -127.60        2     0.00000
    -127.44        2     0.00000
    -127.30        2     0.00000
    -127.14        2     0.00000
    -127.00        2     0.00000
    -126.85        2     0.00000
    -126.69        2     0.00000
    -126.55        2     0.00000
    -126.39        2     0.00000
    -126.25        2     0.00000
    -126.10        2     0.00000
    -125.94        2     0.00000
    -125.80        2     0.00000
    -125.64        2     0.00000
    -125.50        2     0.00000
    -125.35        2     0.00000
    -125.19        2     0.00000
    -125.05        2     0.00000
    -124.89        2     0.00000
    -124.75        2     0.00000
    -124.60        2     0.00000
    -124.44        2     0.00000
    -124.30        2     0.00000
    -124.14        2     0.00000
    -124.00        2     0.00000
    -123.85        2     0.00000
    -123.69        2     0.00000
    -123.55        2     0.00000
    -123.39        2     0.00000
    -123.25        2     0.00000
    -123.10        2     0.00000
    -122.94        2     0.00000
    -122.80        2     0.00000
    -122.64        2     0.00000
    -122.50        2     0.00000
    -122.35        2     0.00000
    -122.19        2     0.00000
    -122.05        2     0.00000
    -121.89        2     0.00000
    -121.75        2     0.00000
    -121.60        2     0.00000
    -121.44        2     0.00000
    -121.30        2     0.00000
    -121.14        2     0.00000
    -121.00        2     0.00000
    -120.85        2     0.00000
    -120.69        2     0.00000
    -120.55        2     0.00000
    -120.39        2     0.00000
    -120.25        2     0.00000
    -120.10        2     0.00000
    -119.94        2     0.00000
    -119.80        2     0.00000
    -119.64        2     0.00000
    -119.50        2     0.00000
    -119.35        2     0.00000
    -119.19        2     0.00000
    -119.05        2     0.00000
    -118.89        2     0.00000
    -118.75        2     0.00000
    -118.60        2     0.00000
    -118.44        2     0.00000
    -118.30        2     0.00000
    -118.14        2     0.00000
    -118.00        2     0.00000
    -117.85        2     0.00000
    -117.69        2     0.00000
    -117.55        2     0.00000
    -117.39        2     0.00000
    -117.25        2     0.00000
    -117.10        2     0.00000
    -116.94        2     0.00000
    -116.80        2     0.00000
    -116.64        2     0.00000
    -116.50        2     0.00000
    -116.35        2     0.00000
    -116.19        2     0.00000
    -116.05        2     0.00000
    -115.89        2     0.00000
    -115.75        2     0.00000
    -115.60        2     0.00000
    -115.44        2     0.00000
    -115.30        2     0.00000
    -115.14        2     0.00000
    -115.00        2     0.00000
    -114.85        2     0.00000
    -114.69        2     0.00000
    -114.55        2     0.00000
    -114.39        2     0.00000
    -114.25        2     0.00000
    -114.10        2     0.00000
    -113.94        2     0.00000
    -113.80        2     0.00000
    -113.64        2     0.00000
    -113.50        2     0.00000
    -113.35        2     0.00000
    -113.19        2     0.00000
    -113.05        2     0.00000
    -112.89        2     0.00000
    -112.75        2     0.00000
    -112.60        2     0.00000
    -112.44        2     0.00000
    -112.30        2     0.00000
    -112.14        2     0.00000
    -112.00        2     0.00000
    -111.85        2     0.00000
    -111.69        2     0.00000
    -111.55        2     0.00000
    -111.39        2     0.00000
    -111.25        2     0.00000
    -111.10        2     0.00000
    -110.94        2     0.00000
    -110.80        2     0.00000
    -110.64        2     0.00000
    -110.50        2     0.00000
    -110.35        2     0.00000
    -110.19        2     0.00000
    -110.05        2     0.00000
    -109.89        2     0.00000
    -109.75        2     0.00000
    -109.60        2     0.00000
    -109.44        2     0.00000
    -109.30        2     0.00000
    -109.14        2     0.00000
    -109.00        2     0.00000
    -108.85        2     0.00000
    -108.69        2     0.00000
    -108.55        2     0.00000
    -108.39        2     0.00000
    -108.25        2     0.00000
    -108.10        2     0.00000
    -107.94        2     0.00000
    -107.80        2     0.00000
    -107.64        2     0.00000
    -107.50        2     0.00000
    -107.35        2     0.00000
    -107.19        2     0.00000
    -107.05        2     0.00000
    -106.89        2     0.00000
    -106.75        2     0.00000
    -106.60        2     0.00000
    -106.44        2     0.00000
    -106.30        2     0.00000
    -106.14        2     0.00000
    -106.00        2     0.00000
    -105.85        2     0.00000
    -105.69        2     0.00000
    -105.55        2     0.00000
    -105.39        2     0.00000
    -105.25        2     0.00000
    -105.10        2     0.00000
    -104.94        2     0.00000
    -104.80        2     0.00000
    -104.64        2     0.00000
    -104.50        2     0.00000
    -104.35        2     0.00000
    -104.19        2     0.00000
    -104.05        2     0.00000
    -103.89        2     0.00000
    -103.75        2     0.00000
    -103.60        2     0.00000
    -103.44        2     0.00000
    -103.30        2     0.00000
    -103.14        2     0.00000
    -103.00        2     0.00000
    -102.85        2     0.00000
    -102.69        2     0.00000
    -102.55        2     0.00000
    -102.39        2     0.00000
    -102.25        2     0.00000
    -102.10        2     0.00000
    -101.94        2     0.00000
    -101.80        2     0.00000
    -101.64        2     0.00000
    -101.50        2     0.00000
    -101.35        2     0.00000
    -101.19        2     0.00000
    -101.05        2     0.00000
    -100.89        2     0.00000
    -100.75        2     0.00000
    -100.60        2     0.00000
    -100.44        2     0.00000
    -100.30        2     0.00000
    -100.14        2     0.00000
    -99.995        2     0.00000
    -99.845        2     0.00000
    -99.695        2     0.00000
    -99.545        2     0.00000
    -99.395        2     0.00000
    -99.245        2     0.00000
    -99.095        2     0.00000
    -98.945        2     0.00000
    -98.795        2     0.00000
    -98.645        2     0.00000
    -98.495        2     0.00000
    -98.345        2     0.00000
    -98.195        2     0.00000
    -98.045        2     0.00000
    -97.895        2     0.00000
    -97.745        2     0.00000
    -97.595        2     0.00000
    -97.445        2     0.00000
    -97.295        2     0.00000
    -97.145        2     0.00000
    -96.995        2     0.00000
    -96.845        2     0.00000
    -96.695        2     0.00000
    -96.545        2     0.00000
    -96.395        2     0.00000
    -96.245        2     0.00000
    -96.095        2     0.00000
    -95.945        2     0.00000
    -95.795        2     0.00000
    -95.645        2     0.00000
    -95.495        2     0.00000
    -95.345        2     0.00000
    -95.195        2     0.00000
    -95.045        2     0.00000
    -94.895        2     0.00000
    -94.745        2     0.00000
    -94.595        2     0.00000
    -94.445        2     0.00000
    -94.295        2     0.00000
    -94.145        2     0.00000
    -93.995        2     0.00000
    -93.845        2     0.00000
    -93.695        2     0.00000
    -93.545        2     0.00000
    -93.395        2     0.00000
    -93.245        2     0.00000
    -93.095        2     0.00000
    -92.945        2     0.00000
    -92.795        2     0.00000
    -92.645        2     0.00000
    -92.495        2     0.00000
    -92.345        2     0.00000
    -92.195        2     0.00000
    -92.045        2     0.00000
    -91.895        2     0.00000
    -91.745        2     0.00000
    -91.595        2     0.00000
    -91.445        2     0.00000
    -91.295        2     0.00000
    -91.145        2     0.00000
    -90.995        2     0.00000
    -90.845        2     0.00000
    -90.695        2     0.00000
    -90.545        2     0.00000
    -90.395        2     0.00000
    -90.245        2     0.00000
    -90.095        2     0.00000
    -89.945        2     0.00000
    -89.795        2     0.00000
    -89.645        2     0.00000
    -89.495        2     0.00000
    -89.345        2     0.00000
    -89.195        2     0.00000
    -89.045        2     0.00000
    -88.895        2     0.00000
    -88.745        2     0.00000
    -88.595        2     0.00000
    -88.445        2     0.00000
    -88.295        2     0.00000
    -88.145        2     0.00000
    -87.995        2     0.00000
    -87.845        2     0.00000
    -87.695        2     0.00000
    -87.545        2     0.00000
    -87.395        2     0.00000
    -87.245        2     0.00000
    -87.095        2     0.00000
    -86.945        2     0.00000
    -86.795        2     0.00000
    -86.645        2     0.00000
    -86.495        2     0.00000
    -86.345        2     0.00000
    -86.195        2     0.00000
    -86.045        2     0.00000
    -85.895        2     0.00000
    -85.745        2     0.00000
    -85.595        2     0.00000
    -85.445        2     0.00000
    -85.295        2     0.00000
    -85.145        2     0.00000
    -84.995        2     0.00000
    -84.845        2     0.00000
    -84.695        2     0.00000
    -84.545        2     0.00000
    -84.395        2     0.00000
    -84.245        2     0.00000
    -84.095        2     0.00000
    -83.945        2     0.00000
    -83.795        2     0.00000
    -83.645        2     0.00000
    -83.495        2     0.00000
    -83.345        2     0.00000
    -83.195        2     0.00000
    -83.045        2     0.00000
    -82.895        2     0.00000
    -82.745        2     0.00000
    -82.595        2     0.00000
    -82.445        2     0.00000
    -82.295        2     0.00000
    -82.145        2     0.00000
    -81.995        2     0.00000
    -81.845        2     0.00000
    -81.695        2     0.00000
    -81.545        2     0.00000
    -81.395        2     0.00000
    -81.245        2     0.00000
    -81.095        2     0.00000
    -80.945        2     0.00000
    -80.795        2     0.00000
    -80.645        2     0.00000
    -80.495        2     0.00000
    -80.345        2     0.00000
    -80.195        2     0.00000
    -80.045        2     0.00000
    -79.895        2     0.00000
    -79.745        2     0.00000
    -79.595        2     0.00000
    -79.445        2     0.00000
    -79.295        2     0.00000
    -79.145        2     0.00000
    -78.995        2     0.00000
    -78.845        2     0.00000
    -78.695        2     0.00000
    -78.545        2     0.00000
    -78.395        2     0.00000
    -78.245        2     0.00000
    -78.095        2     0.00000
    -77.945        2     0.00000
    -77.795        2     0.00000
    -77.645        2     0.00000
    -77.495        2     0.00000
    -77.345        2     0.00000
    -77.195        2     0.00000
    -77.045        2     0.00000
    -76.895        2     0.00000
    -76.745        2     0.00000
    -76.595        2     0.00000
    -76.445        2     0.00000
    -76.295        2     0.00000
    -76.145        2     0.00000
    -75.995        2     0.00000
    -75.845        2     0.00000
    -75.695        2     0.00000
    -75.545        2     0.00000
    -75.395        2     0.00000
    -75.245        2     0.00000
    -75.095        2     0.00000
    -74.945        2     0.00000
    -74.795        2     0.00000
    -74.645        2     0.00000
    -74.495        2     0.00000
    -74.345        2     0.00000
    -74.195        2     0.00000
    -74.045        2     0.00000
    -73.895        2     0.00000
    -73.745        2     0.00000
    -73.595        2     0.00000
    -73.445        2     0.00000
    -73.295        2     0.00000
    -73.145        2     0.00000
    -72.995        2     0.00000
    -72.845        2     0.00000
    -72.695        2     0.00000
    -72.545        2     0.00000
    -72.395        2     0.00000
    -72.245        2     0.00000
    -72.095        2     0.00000
    -71.945        2     0.00000
    -71.795        2     0.00000
    -71.645        2     0.00000
    -71.495        2     0.00000
    -71.345        2     0.00000
    -71.195        2     0.00000
    -71.045        2     0.00000
    -70.895        2     0.00000
    -70.745        2     0.00000
    -70.595        2     0.00000
    -70.445        2     0.00000
    -70.295        2     0.00000
    -70.145        2     0.00000
    -69.995        2     0.00000
    -69.845        2     0.00000
    -69.695        2     0.00000
    -69.545        2     0.00000
    -69.395        2     0.00000
    -69.245        2     0.00000
    -69.095        2     0.00000
    -68.945        2     0.00000
    -68.795        2     0.00000
    -68.645        2     0.00000
    -68.495        2     0.00000
    -68.345        2     0.00000
    -68.195        2     0.00000
    -68.045        2     0.00000
    -67.895        2     0.00000
    -67.745        2     0.00000
    -67.595        2     0.00000
    -67.445        2     0.00000
    -67.295        2     0.00000
    -67.145        2     0.00000
    -66.995        2     0.00000
    -66.845        2     0.00000
    -66.695        2     0.00000
    -66.545        2     0.00000
    -66.395        2     0.00000
    -66.245        2     0.00000
    -66.095        2     0.00000
    -65.945        2     0.00000
    -65.795        2     0.00000
    -65.645        2     0.00000
    -65.495        2     0.00000
    -65.345        2     0.00000
    -65.195        2     0.00000
    -65.045        2     0.00000
    -64.895        2     0.00000
    -64.745        2     0.00000
    -64.595        2     0.00000
    -64.445        2     0.00000
    -64.295        2     0.00000
    -64.145        2     0.00000
    -63.995        2     0.00000
    -63.845        2     0.00000
    -63.695        2     0.00000
    -63.545        2     0.00000
    -63.395        2     0.00000
    -63.245        2     0.00000
    -63.095        2     0.00000
    -62.945        2     0.00000
    -62.795        2     0.00000
    -62.645        2     0.00000
    -62.495        2     0.00000
    -62.345        2     0.00000
    -62.195        2     0.00000
    -62.045        2     0.00000
    -61.895        2     0.00000
    -61.745        2     0.00000
    -61.595        2     0.00000
    -61.445        2     0.00000
    -61.295        2     0.00000
    -61.145        2     0.00000
    -60.995        2     0.00000
    -60.845        2     0.00000
    -60.695        2     0.00000
    -60.545        2     0.00000
    -60.395        2     0.00000
    -60.245        2     0.00000
    -60.095        2     0.00000
    -59.945        2     0.00000
    -59.795        2     0.00000
    -59.645        2     0.00000
    -59.495        2     0.00000
    -59.345        2     0.00000
    -59.195        2     0.00000
    -59.045        2     0.00000
    -58.895        2     0.00000
    -58.745        2     0.00000
    -58.595        2     0.00000
    -58.445        2     0.00000
    -58.295        2     0.00000
    -58.145        2     0.00000
    -57.995        2     0.00000
    -57.845        2     0.00000
    -57.695        2     0.00000
    -57.545        2     0.00000
    -57.395        2     0.00000
    -57.245        2     0.00000
    -57.095        2     0.00000
    -56.945        2     0.00000
    -56.795        2     0.00000
    -56.645        2     0.00000
    -56.495        2     0.00000
    -56.345        2     0.00000
    -56.195        2     0.00000
    -56.045        2     0.00000
    -55.895        2     0.00000
    -55.745        2     0.00000
    -55.595        2     0.00000
    -55.445        2     0.00000
    -55.295        2     0.00000
    -55.145        2     0.00000
    -54.995        2     0.00000
    -54.845        2     0.00000
    -54.695        2     0.00000
    -54.545        2     0.00000
    -54.395        2     0.00000
    -54.245        2     0.00000
    -54.095        2     0.00000
    -53.945        2     0.00000
    -53.795        2     0.00000
    -53.645        2     0.00000
    -53.495        2     0.00000
    -53.345        2     0.00000
    -53.195        2     0.00000
    -53.045        2     0.00000
    -52.895        2     0.00000
    -52.745        2     0.00000
    -52.595        2     0.00000
    -52.445        2     0.00000
    -52.295        2     0.00000
    -52.145        2     0.00000
    -51.995        2     0.00000
    -51.845        2     0.00000
    -51.695        2     0.00000
    -51.545        2     0.00000
    -51.395        2     0.00000
    -51.245        2     0.00000
    -51.095        2     0.00000
    -50.945        2     0.00000
    -50.795        2     0.00000
    -50.645        2     0.00000
    -50.495        2     0.00000
    -50.345        2     0.00000
    -50.195        2     0.00000
    -50.045        2     0.00000
    -49.895        2     0.00000
    -49.745        2     0.00000
    -49.595        2     0.00000
    -49.445        2     0.00000
    -49.295        2     0.00000
    -49.145        2     0.00000
    -48.995        2     0.00000
    -48.845        2     0.00000
    -48.695        2     0.00000
    -48.545        2     0.00000
    -48.395        2     0.00000
    -48.245        2     0.00000
    -48.095        2     0.00000
    -47.945        2     0.00000
    -47.795        2     0.00000
    -47.645        2     0.00000
    -47.495        2     0.00000
    -47.345        2     0.00000
    -47.195        2     0.00000
    -47.045        2     0.00000
    -46.895        2     0.00000
    -46.745        2     0.00000
    -46.595        2     0.00000
    -46.445        2     0.00000
    -46.295        2     0.00000
    -46.145        2     0.00000
    -45.995        2     0.00000
    -45.845        2     0.00000
    -45.695        2     0.00000
    -45.545        2     0.00000
    -45.395        2     0.00000
    -45.245        2     0.00000
    -45.095        2     0.00000
    -44.945        2     0.00000
    -44.795        2     0.00000
    -44.645        2     0.00000
    -44.495        2     0.00000
    -44.345        2     0.00000
    -44.195        2     0.00000
    -44.045        2     0.00000
    -43.895        2     0.00000
    -43.745        2     0.00000
    -43.595        2     0.00000
    -43.445        2     0.00000
    -43.295        2     0.00000
    -43.145        2     0.00000
    -42.995        2     0.00000
    -42.845        2     0.00000
    -42.695        2     0.00000
    -42.545        2     0.00000
    -42.395        2     0.00000
    -42.245        2     0.00000
    -42.095        2     0.00000
    -41.945        2     0.00000
    -41.795        2     0.00000
    -41.645        2     0.00000
    -41.495        2     0.00000
    -41.345        2     0.00000
    -41.195        2     0.00000
    -41.045        2     0.00000
    -40.895        2     0.00000
    -40.745        2     0.00000
    -40.595        2     0.00000
    -40.445        2     0.00000
    -40.295        2     0.00000
    -40.145        2     0.00000
    -39.995        2     0.00000
    -39.845        2     0.00000
    -39.695        2     0.00000
    -39.545        2     0.00000
    -39.395        2     0.00000
    -39.245        2     0.00000
    -39.095        2     0.00000
    -38.945        2     0.00000
    -38.795        2     0.00000
    -38.645        2     0.00000
    -38.495        2     0.00000
    -38.345        2     0.00000
    -38.195        2     0.00000
    -38.045        2     0.00000
    -37.895        2     0.00000
    -37.745        2     0.00000
    -37.595        2     0.00000
    -37.445        2     0.00000
    -37.295        2     0.00000
    -37.145        2     0.00000
    -36.995        2     0.00000
    -36.845        2     0.00000
    -36.695        2     0.00000
    -36.545        2     0.00000
    -36.395        2     0.00000
    -36.245        2     0.00000
    -36.095        2     0.00000
    -35.945        2     0.00000
    -35.795        2     0.00000
    -35.645        2     0.00000
    -35.495        2     0.00000
    -35.345        2     0.00000
    -35.195        2     0.00000
    -35.045        2     0.00000
    -34.895        2     0.00000
    -34.745        2     0.00000
    -34.595        2     0.00000
    -34.445        2     0.00000
    -34.295        2     0.00000
    -34.145        2     0.00000
    -33.995        2     0.00000
    -33.845        2     0.00000
    -33.695        2     0.00000
    -33.545        2     0.00000
    -33.395        2     0.00000
    -33.245        2     0.00000
    -33.095        2     0.00000
    -32.945        2     0.00000
    -32.795        2     0.00000
    -32.645        2     0.00000
    -32.495        2     0.00000
    -32.345        2     0.00000
    -32.195        2     0.00000
    -32.045        2     0.00000
    -31.895        2     0.00000
    -31.745        2     0.00000
    -31.595        2     0.00000
    -31.445        2     0.00000
    -31.295        2     0.00000
    -31.145        2     0.00000
    -30.995        2     0.00000
    -30.845        2     0.00000
    -30.695        2     0.00000
    -30.545        2     0.00000
    -30.395        2     0.00000
    -30.245        2     0.00000
    -30.095        2     0.00000
    -29.945        2     0.00000
    -29.795        2     0.00000
    -29.645        2     0.00000
    -29.495        2     0.00000
    -29.345        2     0.00000
    -29.195        2     0.00000
    -29.045        2     0.00000
    -28.895        2     0.00000
    -28.745        2     0.00000
    -28.595        2     0.00000
    -28.445        2     0.00000
    -28.295        2     0.00000
    -28.145        2     0.00000
    -27.995        2     0.00000
    -27.845        2     0.00000
    -27.695        2     0.00000
    -27.545        2     0.00000
    -27.395        2     0.00000
    -27.245        2     0.00000
    -27.095        2     0.00000
    -26.945        2     0.00000
    -26.795        2     0.00000
    -26.645        2     0.00000
    -26.495        2     0.00000
    -26.345        2     0.00000
    -26.195        2     0.00000
    -26.045        2     0.00000
    -25.895        2     0.00000
    -25.745        2     0.00000
    -25.595        2     0.00000
    -25.445        2     0.00000
    -25.295        2     0.00000
    -25.145        2     0.00000
    -24.995        2     0.00000
    -24.845        2     0.00000
    -24.695        2     0.00000
    -24.545        2     0.00000
    -24.395        2     0.00000
    -24.245        2     0.00000
    -24.095        2     0.00000
    -23.945        2     0.00000
    -23.795        2     0.00000
    -23.645        2     0.00000
    -23.495        2     0.00000
    -23.345        2     0.00000
    -23.195        2     0.00000
    -23.045        2     0.00000
    -22.895        2     0.00000
    -22.745        2     0.00000
    -22.595        2     0.00000
    -22.445        2     0.00000
    -22.295        2     0.00000
    -22.145        2     0.00000
    -21.995        2     0.00000
    -21.845        2     0.00000
    -21.695        2     0.00000
    -21.545        2     0.00000
    -21.395        2     0.00000
    -21.245        2     0.00000
    -21.095        2     0.00000
    -20.945        2     0.00000
    -20.795        2     0.00000
    -20.645        2     0.00000
    -20.495        2     0.00000
    -20.345        2     0.00000
    -20.195        2     0.00000
    -20.045        2     0.00000
    -19.895        2     0.00000
    -19.745        2     0.00000
    -19.595        2     0.00000
    -19.445        2     0.00000
    -19.295        2     0.00000
    -19.145        2     0.00000
    -18.995        2     0.00000
    -18.845        2     0.00000
    -18.695        2     0.00000
    -18.545        2     0.00000
    -18.395        2     0.00000
    -18.245        2     0.00000
    -18.095        2     0.00000
    -17.945        2     0.00000
    -17.795        2     0.00000
    -17.645        2     0.00000
    -17.495        2     0.00000
    -17.345        2     0.00000
    -17.195        2     0.00000
    -17.045        2     0.00000
    -16.895        2     0.00000
    -16.745        2     0.00000
    -16.595        2    -0.00058
    -16.445        2    -0.00798
    -16.295        2    -0.04124
    -16.145        2    -0.11903
    -15.995        2    -0.24069
    -15.845        2    -0.42572
    -15.695        2    -0.64574
    -15.545        2    -0.89133
    -15.395        2    -1.16820
    -15.245        2    -1.43615
    -15.095        2    -1.72194
    -14.945        2    -1.99633
    -14.795        2    -2.26257
    -14.645        2    -2.51359
    -14.495        2    -2.75709
    -14.345        2    -2.99126
    -14.195        2    -3.20358
    -14.045        2    -3.39811
    -13.895        2    -3.56862
    -13.745        2    -3.72685
    -13.595        2    -3.87131
    -13.445        2    -4.00195
    -13.295        2    -4.13224
    -13.145        2    -4.27728
    -12.995        2    -4.46263
    -12.845        2    -4.76902
    -12.695        2    -5.26992
    -12.545        2    -6.01959
    -12.395        2    -6.97457
    -12.245        2    -8.08978
    -12.095        2    -9.35555
    -11.945        2   -10.72290
    -11.795        2   -12.18120
    -11.645        2   -13.71335
    -11.495        2   -15.24986
    -11.345        2   -16.80712
    -11.195        2   -18.32869
    -11.045        2   -19.81350
    -10.895        2   -21.25229
    -10.745        2   -22.65390
    -10.595        2   -24.00377
    -10.445        2   -25.30790
    -10.295        2   -26.54893
    -10.145        2   -27.76922
    -9.9950        2   -28.98278
    -9.8450        2   -30.15936
    -9.6950        2   -31.32265
    -9.5450        2   -32.49134
    -9.3950        2   -33.66448
    -9.2450        2   -34.84105
    -9.0950        2   -36.02363
    -8.9450        2   -37.21822
    -8.7950        2   -38.40624
    -8.6450        2   -39.62724
    -8.4950        2   -40.84940
    -8.3450        2   -42.11233
    -8.1950        2   -43.39346
    -8.0450        2   -44.72754
    -7.8950        2   -46.08331
    -7.7450        2   -47.45853
    -7.5950        2   -48.87337
    -7.4450        2   -50.28416
    -7.2950        2   -51.68745
    -7.1450        2   -53.08294
    -6.9950        2   -54.46967
    -6.8450        2   -55.87387
    -6.6950        2   -57.25446
    -6.5450        2   -58.62431
    -6.3950        2   -59.98368
    -6.2450        2   -61.34896
    -6.0950        2   -62.69906
    -5.9450        2   -64.03288
    -5.7950        2   -65.37457
    -5.6450        2   -66.71425
    -5.4950        2   -68.05348
    -5.3450        2   -69.38179
    -5.1950        2   -70.72855
    -5.0450        2   -72.08699
    -4.8950        2   -73.45260
    -4.7450        2   -74.83936
    -4.5950        2   -76.24664
    -4.4450        2   -77.68773
    -4.2950        2   -79.15752
    -4.1450        2   -80.70563
    -3.9950        2   -82.29299
    -3.8450        2   -83.95099
    -3.6950        2   -85.68148
    -3.5450        2   -87.49337
    -3.3950        2   -89.41465
    -3.2450        2   -91.44731
    -3.0950        2   -93.62096
    -2.9450        2   -95.93107
    -2.7950        2   -98.42844
    -2.6450        2  -101.11852
    -2.4950        2  -104.03711
    -2.3450        2  -107.19342
    -2.1950        2  -110.67547
    -2.0450        2  -114.53030
    -1.8950        2  -118.87946
    -1.7450        2  -123.82065
    -1.5950        2  -129.42446
    -1.4450        2  -135.73467
    -1.2950        2  -142.71485
    -1.1450        2  -150.31760
   -0.99500        2  -158.37433
   -0.84500        2  -166.75510
   -0.69500        2  -175.43589
   -0.54500        2  -184.56340
   -0.39500        2  -194.59662
   -0.25300        2  -202.00403
   -0.21500        2  -202.50227
   -0.20900        2  -203.00665
   -0.20300        2  -203.51859
   -0.19700        2  -204.03701
   -0.19100        2  -204.56123
   -0.18500        2  -205.09428
   -0.17900        2  -205.63571
   -0.17300        2  -206.18469
   -0.16700        2  -206.74471
   -0.16100        2  -207.31608
   -0.15500        2  -207.89572
   -0.14900        2  -208.48750
   -0.14300        2  -209.09096
   -0.13700        2  -209.70817
   -0.13100        2  -210.33928
   -0.12500        2  -210.98665
   -0.11900        2  -211.65147
   -0.11300        2  -212.33613
   -0.10700        2  -213.04002
   -0.10100        2  -213.76987
   -0.95000E-01    2  -214.52606
   -0.89000E-01    2  -215.31381
   -0.83000E-01    2  -216.13781
   -0.77000E-01    2  -217.00515
   -0.71000E-01    2  -217.92237
   -0.65000E-01    2  -218.89946
   -0.59000E-01    2  -219.94944
   -0.53000E-01    2  -221.08802
   -0.47000E-01    2  -222.33627
   -0.41000E-01    2  -223.72974
   -0.35000E-01    2  -225.31914
   -0.29000E-01    2  -227.19567
   -0.23000E-01    2  -229.53158
   -0.19700E-01    2  -229.79897
   -0.19100E-01    2  -230.07493
   -0.18500E-01    2  -230.36035
   -0.17900E-01    2  -230.65564
   -0.17300E-01    2  -230.96194
   -0.16700E-01    2  -231.28057
   -0.16100E-01    2  -231.61282
   -0.15500E-01    2  -231.96023
   -0.14900E-01    2  -232.32493
   -0.14300E-01    2  -232.70749
   -0.13700E-01    2  -233.10889
   -0.13100E-01    2  -233.53020
   -0.12500E-01    2  -233.97242
   -0.11900E-01    2  -234.43691
   -0.11300E-01    2  -234.92502
   -0.10700E-01    2  -235.43882
   -0.10100E-01    2  -235.97874
   -0.95000E-02    2  -236.54750
   -0.89000E-02    2  -237.14724
   -0.83000E-02    2  -237.78136
   -0.77000E-02    2  -238.45269
   -0.71000E-02    2  -239.16314
   -0.65000E-02    2  -239.91454
   -0.59000E-02    2  -240.70898
   -0.53000E-02    2  -241.55016
   -0.47000E-02    2  -242.44443
   -0.41000E-02    2  -243.39529
   -0.35000E-02    2  -244.39182
   -0.29000E-02    2  -245.40330
   -0.23000E-02    2  -246.36510
   -0.17000E-02    2  -247.17114
   -0.11000E-02    2  -247.73457
   -0.50000E-03    2  -248.00099
    0.10000E-03    2  -247.94723
    0.70000E-03    2  -247.57787
    0.13000E-02    2  -246.92631
    0.19000E-02    2  -246.05750
    0.25000E-02    2  -245.06882
    0.31000E-02    2  -244.05883
    0.37000E-02    2  -243.07652
    0.43000E-02    2  -242.14654
    0.49000E-02    2  -241.27184
    0.55000E-02    2  -240.44830
    0.61000E-02    2  -239.67005
    0.67000E-02    2  -238.93360
    0.73000E-02    2  -238.23773
    0.79000E-02    2  -237.58042
    0.85000E-02    2  -236.95977
    0.91000E-02    2  -236.37259
    0.97000E-02    2  -235.81565
    0.10300E-01    2  -235.28658
    0.10900E-01    2  -234.78395
    0.11500E-01    2  -234.30593
    0.12100E-01    2  -233.85124
    0.12700E-01    2  -233.41834
    0.13300E-01    2  -233.00595
    0.13900E-01    2  -232.61360
    0.14500E-01    2  -232.23966
    0.15100E-01    2  -231.88342
    0.15700E-01    2  -231.54370
    0.16300E-01    2  -231.21865
    0.16900E-01    2  -230.90667
    0.17500E-01    2  -230.60659
    0.18100E-01    2  -230.31718
    0.18700E-01    2  -230.03738
    0.19300E-01    2  -229.76720
    0.20200E-01    2  -228.79094
    0.25000E-01    2  -226.66698
    0.31000E-01    2  -224.94103
    0.37000E-01    2  -223.47842
    0.43000E-01    2  -222.20606
    0.49000E-01    2  -221.07580
    0.55000E-01    2  -220.05887
    0.61000E-01    2  -219.13349
    0.67000E-01    2  -218.28588
    0.73000E-01    2  -217.50267
    0.79000E-01    2  -216.77709
    0.85000E-01    2  -216.09938
    0.91000E-01    2  -215.46460
    0.97000E-01    2  -214.86518
    0.10300        2  -214.29854
    0.10900        2  -213.75962
    0.11500        2  -213.24706
    0.12100        2  -212.75700
    0.12700        2  -212.28662
    0.13300        2  -211.83502
    0.13900        2  -211.40078
    0.14500        2  -210.98309
    0.15100        2  -210.57998
    0.15700        2  -210.18884
    0.16300        2  -209.81183
    0.16900        2  -209.44594
    0.17500        2  -209.09069
    0.18100        2  -208.74706
    0.18700        2  -208.41281
    0.19300        2  -208.08788
    0.19900        2  -207.77267
    0.20500        2  -207.46504
    0.21100        2  -207.16650
    0.21700        2  -206.87635
    0.29500        2  -201.11886
    0.44500        2  -197.44916
    0.59500        2  -194.72496
    0.74500        2  -192.50563
    0.89500        2  -190.58451
     1.0450        2  -188.87179
     1.1950        2  -187.32537
     1.3450        2  -185.93125
     1.4950        2  -184.65351
     1.6450        2  -183.48396
     1.7950        2  -182.41123
     1.9450        2  -181.44146
     2.0950        2  -180.53675
     2.2450        2  -179.72263
     2.3950        2  -178.98052
     2.5450        2  -178.29462
     2.6950        2  -177.66152
     2.8450        2  -177.07312
     2.9950        2  -176.52445
     3.1450        2  -176.01836
     3.2950        2  -175.54052
     3.4450        2  -175.08387
     3.5950        2  -174.65581
     3.7450        2  -174.24609
     3.8950        2  -173.86023
     4.0450        2  -173.49048
     4.1950        2  -173.13613
     4.3450        2  -172.79023
     4.4950        2  -172.46273
     4.6450        2  -172.13936
     4.7950        2  -171.82577
     4.9450        2  -171.51606
     5.0950        2  -171.22459
     5.2450        2  -170.94406
     5.3950        2  -170.67119
     5.5450        2  -170.40722
     5.6950        2  -170.14888
     5.8450        2  -169.89603
     5.9950        2  -169.64676
     6.1450        2  -169.40692
     6.2950        2  -169.17351
     6.4450        2  -168.94502
     6.5950        2  -168.72023
     6.7450        2  -168.50615
     6.8950        2  -168.29284
     7.0450        2  -168.08776
     7.1950        2  -167.88500
     7.3450        2  -167.68600
     7.4950        2  -167.49258
     7.6450        2  -167.30384
     7.7950        2  -167.11379
     7.9450        2  -166.92562
     8.0950        2  -166.74726
     8.2450        2  -166.56611
     8.3950        2  -166.39024
     8.5450        2  -166.22000
     8.6950        2  -166.05118
     8.8450        2  -165.88406
     8.9950        2  -165.72252
     9.1450        2  -165.56367
     9.2950        2  -165.40549
     9.4450        2  -165.24960
     9.5950        2  -165.09456
     9.7450        2  -164.94663
     9.8950        2  -164.79501
     10.045        2  -164.64529
     10.195        2  -164.50211
     10.345        2  -164.35737
     10.495        2  -164.21512
     10.645        2  -164.07727
     10.795        2  -163.94043
     10.945        2  -163.80530
     11.095        2  -163.67148
     11.245        2  -163.54172
     11.395        2  -163.41268
     11.545        2  -163.28464
     11.695        2  -163.15808
     11.845        2  -163.03339
     11.995        2  -162.90676
     12.145        2  -162.78571
     12.295        2  -162.66333
     12.445        2  -162.54261
     12.595        2  -162.42242
     12.745        2  -162.30586
     12.895        2  -162.18978
     13.045        2  -162.07939
     13.195        2  -161.96520
     13.345        2  -161.85248
     13.495        2  -161.74142
     13.645        2  -161.63253
     13.795        2  -161.52532
     13.945        2  -161.41797
     14.095        2  -161.31070
     14.245        2  -161.20822
     14.395        2  -161.10793
     14.545        2  -161.00638
     14.695        2  -160.90542
     14.845        2  -160.80493
     14.995        2  -160.70404
     15.145        2  -160.60375
     15.295        2  -160.50588
     15.445        2  -160.40881
     15.595        2  -160.31307
     15.745        2  -160.21823
     15.895        2  -160.12319
     16.045        2  -160.02737
     16.195        2  -159.93474
     16.345        2  -159.84443
     16.495        2  -159.75442
     16.645        2  -159.66421
     16.795        2  -159.57571
     16.945        2  -159.48874
     17.095        2  -159.40224
     17.245        2  -159.31515
     17.395        2  -159.23061
     17.545        2  -159.14622
     17.695        2  -159.06189
     17.845        2  -158.97806
     17.995        2  -158.89621
     18.145        2  -158.81562
     18.295        2  -158.73556
     18.445        2  -158.65409
     18.595        2  -158.57396
     18.745        2  -158.49344
     18.895        2  -158.41343
     19.045        2  -158.33444
     19.195        2  -158.25603
     19.345        2  -158.17699
     19.495        2  -158.09774
     19.645        2  -158.02144
     19.795        2  -157.94657
     19.945        2  -157.87122
     20.095        2  -157.79499
     21.836        2  -155.51732
     30.068        2  -152.13576
     42.097        2  -148.74799
     58.937        2  -145.36947
     82.515        2  -142.02995
     115.53        2  -138.70588
     161.74        2  -135.42068
     226.45        2  -132.18229
     317.04        2  -128.99624
     443.87        2  -125.86690
     621.44        2  -122.77437
     870.05        2  -119.73381
     1218.1        2  -116.75823
     1705.4        2  -113.84635
     2387.7        2  -110.99582
     3342.9        2  -108.21050
     4680.2        2  -105.49009
     6552.5        2  -102.83517
     9173.8        2  -100.24700
     12844.        2   -97.73408
     17982.        2   -95.30169
     25176.        2   -92.94498
     35247.        2   -90.67402
     49348.        2   -88.48889
     69090.        2   -86.40815
     96729.        2   -84.42049
    0.13543E+06    2   -82.52299
    0.18960E+06    2   -80.71166
    0.26545E+06    2   -78.98734
    0.37165E+06    2   -77.34341
    0.52033E+06    2   -75.77737
    0.72849E+06    2   -74.28505
    0.10199E+07    2   -72.86650
    0.14279E+07    2   -71.51670
    0.19992E+07    2   -70.23138
    0.27990E+07    2   -69.00992
    0.39187E+07    2   -67.84923
    0.54864E+07    2   -66.74649
    0.76812E+07    2   -65.70066
    0.10754E+08    2   -64.70471
    0.15056E+08    2   -63.75792
    0.21080E+08    2   -62.85650
    0.29513E+08    2   -62.00350
    0.41319E+08    2   -61.20051
    0.57849E+08    2   -60.44743
    0.80991E+08    2   -59.75282
    0.11339E+09    2   -59.10747
    0.15875E+09    2   -58.50795
    0.22226E+09    2   -57.94235
    0.31118E+09    2   -57.42019
    0.43567E+09    2   -56.92764
    0.60996E+09    2   -56.47774
    0.85398E+09    2   -56.07083
    0.11956E+10    2   -55.70047
    0.16739E+10    2   -55.36023
    0.23436E+10    2   -55.04649
    0.32811E+10    2   -54.75957
    0.45937E+10    2   -54.49494
    0.64315E+10    2   -54.25386
    0.90044E+10    2   -54.03033
    0.12607E+11    2   -53.82477
    0.17650E+11    2   -53.63579
    0.24711E+11    2   -53.46234
    0.34596E+11    2   -53.30381
    0.48437E+11    2   -53.15569
    0.67814E+11    2   -53.02095
    0.10000E+12    2   -51.48094
