    -29.945         0.00000
    -29.795         0.00000
    -29.645         0.00000
    -29.495         0.00000
    -29.345         0.00000
    -29.195         0.00000
    -29.045         0.00000
    -28.895         0.00000
    -28.745         0.00000
    -28.595         0.00000
    -28.445         0.00000
    -28.295         0.00000
    -28.145         0.00000
    -27.995         0.00000
    -27.845         0.00000
    -27.695         0.00000
    -27.545         0.00000
    -27.395         0.00000
    -27.245         0.00000
    -27.095         0.00000
    -26.945         0.00000
    -26.795         0.00000
    -26.645         0.00000
    -26.495         0.00000
    -26.345         0.00000
    -26.195         0.00000
    -26.045         0.00000
    -25.895         0.00000
    -25.745         0.00000
    -25.595         0.00000
    -25.445         0.00000
    -25.295         0.00000
    -25.145         0.00000
    -24.995         0.00000
    -24.845         0.00000
    -24.695         0.00000
    -24.545         0.00000
    -24.395         0.00000
    -24.245         0.00000
    -24.095         0.00000
    -23.945         0.00000
    -23.795         0.00000
    -23.645         0.00000
    -23.495         0.00000
    -23.345         0.00000
    -23.195         0.00000
    -23.045         0.00000
    -22.895         0.00000
    -22.745         0.00000
    -22.595         0.00000
    -22.445         0.00000
    -22.295         0.00000
    -22.145         0.00000
    -21.995         0.00000
    -21.845         0.00000
    -21.695         0.00000
    -21.545         0.00000
    -21.395         0.00000
    -21.245         0.00000
    -21.095         0.00000
    -20.945         0.00000
    -20.795         0.00000
    -20.645         0.00000
    -20.495         0.00000
    -20.345         0.00000
    -20.195         0.00000
    -20.045         0.00000
    -19.895         0.00000
    -19.745         0.00000
    -19.595         0.00000
    -19.445         0.00000
    -19.295         0.00000
    -19.145         0.00000
    -18.995         0.00000
    -18.845         0.00000
    -18.695         0.00000
    -18.545         0.00000
    -18.395         0.00000
    -18.245         0.00000
    -18.095         0.00000
    -17.945         0.00000
    -17.795         0.00000
    -17.645         0.00000
    -17.495         0.00000
    -17.345         0.00000
    -17.195         0.00000
    -17.045         0.00000
    -16.895         0.00000
    -16.745         0.00000
    -16.595         0.00000
    -16.445         0.00000
    -16.295         0.00000
    -16.145         0.00000
    -15.995         0.00000
    -15.845        -0.00035
    -15.695        -0.00363
    -15.545        -0.01319
    -15.395        -0.03992
    -15.245        -0.08689
    -15.095        -0.15338
    -14.945        -0.25491
    -14.795        -0.41570
    -14.645        -0.65990
    -14.495        -1.02088
    -14.345        -1.49578
    -14.195        -2.06475
    -14.045        -2.71212
    -13.895        -3.41839
    -13.745        -4.17724
    -13.595        -4.99666
    -13.445        -5.87997
    -13.295        -6.78269
    -13.145        -7.72683
    -12.995        -8.69899
    -12.845        -9.66761
    -12.695       -10.68167
    -12.545       -11.69426
    -12.395       -12.69930
    -12.245       -13.71429
    -12.095       -14.73860
    -11.945       -15.72975
    -11.795       -16.72650
    -11.645       -17.73466
    -11.495       -18.69153
    -11.345       -19.64889
    -11.195       -20.61686
    -11.045       -21.56557
    -10.895       -22.51396
    -10.745       -23.47360
    -10.595       -24.43850
    -10.445       -25.42240
    -10.295       -26.45554
    -10.145       -27.54688
    -9.9950       -28.68080
    -9.8450       -29.89775
    -9.6950       -31.19748
    -9.5450       -32.58371
    -9.3950       -34.04743
    -9.2450       -35.56908
    -9.0950       -37.16738
    -8.9450       -38.80790
    -8.7950       -40.52537
    -8.6450       -42.29563
    -8.4950       -44.09031
    -8.3450       -45.94132
    -8.1950       -47.82367
    -8.0450       -49.76859
    -7.8950       -51.78919
    -7.7450       -53.87217
    -7.5950       -56.09168
    -7.4450       -58.36668
    -7.2950       -60.74164
    -7.1450       -63.21937
    -6.9950       -65.79055
    -6.8450       -68.44629
    -6.6950       -71.17499
    -6.5450       -73.97678
    -6.3950       -76.82636
    -6.2450       -79.74797
    -6.0950       -82.67100
    -5.9450       -85.60741
    -5.7950       -88.54388
    -5.6450       -91.49415
    -5.4950       -94.43170
    -5.3450       -97.32856
    -5.1950      -100.23223
    -5.0450      -103.08447
    -4.8950      -105.90116
    -4.7450      -108.72064
    -4.5950      -111.50800
    -4.4450      -114.29596
    -4.2950      -117.09460
    -4.1450      -119.93604
    -3.9950      -122.82829
    -3.8450      -125.81609
    -3.6950      -128.91740
    -3.5450      -132.15265
    -3.3950      -135.58894
    -3.2450      -139.22597
    -3.0950      -143.09273
    -2.9450      -147.26491
    -2.7950      -151.76502
    -2.6450      -156.64697
    -2.4950      -162.00878
    -2.3450      -167.94326
    -2.1950      -174.54698
    -2.0450      -181.91144
    -1.8950      -190.13280
    -1.7450      -199.30461
    -1.5950      -209.41416
    -1.4450      -220.33936
    -1.2950      -231.99724
    -1.1450      -244.24271
   -0.99500      -256.94905
   -0.84500      -270.07576
   -0.69500      -283.67105
   -0.54500      -298.12629
   -0.39500      -314.42445
   -0.25300      -326.77490
   -0.21500      -327.61543
   -0.20900      -328.46887
   -0.20300      -329.33544
   -0.19700      -330.21617
   -0.19100      -331.11208
   -0.18500      -332.01985
   -0.17900      -332.94309
   -0.17300      -333.88201
   -0.16700      -334.83789
   -0.16100      -335.81333
   -0.15500      -336.80830
   -0.14900      -337.82129
   -0.14300      -338.85800
   -0.13700      -339.91790
   -0.13100      -341.00490
   -0.12500      -342.12019
   -0.11900      -343.26723
   -0.11300      -344.44980
   -0.10700      -345.67011
   -0.10100      -346.93441
   -0.95000E-01  -348.24817
   -0.89000E-01  -349.61797
   -0.83000E-01  -351.05178
   -0.77000E-01  -352.56135
   -0.71000E-01  -354.15838
   -0.65000E-01  -355.85838
   -0.59000E-01  -357.68435
   -0.53000E-01  -359.65864
   -0.47000E-01  -361.82201
   -0.41000E-01  -364.23516
   -0.35000E-01  -366.99300
   -0.29000E-01  -370.27567
   -0.23000E-01  -374.44760
   -0.19700E-01  -374.92732
   -0.19100E-01  -375.42167
   -0.18500E-01  -375.93181
   -0.17900E-01  -376.45894
   -0.17300E-01  -377.00399
   -0.16700E-01  -377.56894
   -0.16100E-01  -378.15498
   -0.15500E-01  -378.76347
   -0.14900E-01  -379.39487
   -0.14300E-01  -380.05070
   -0.13700E-01  -380.73111
   -0.13100E-01  -381.43636
   -0.12500E-01  -382.16783
   -0.11900E-01  -382.92595
   -0.11300E-01  -383.71192
   -0.10700E-01  -384.52604
   -0.10100E-01  -385.36979
   -0.95000E-02  -386.24433
   -0.89000E-02  -387.15017
   -0.83000E-02  -388.08510
   -0.77000E-02  -389.04719
   -0.71000E-02  -390.03174
   -0.65000E-02  -391.03392
   -0.59000E-02  -392.04559
   -0.53000E-02  -393.05323
   -0.47000E-02  -394.03240
   -0.41000E-02  -394.95444
   -0.35000E-02  -395.79492
   -0.29000E-02  -396.53322
   -0.23000E-02  -397.15131
   -0.17000E-02  -397.63104
   -0.11000E-02  -397.95508
   -0.50000E-03  -398.11200
    0.10000E-03  -398.09635
    0.70000E-03  -397.90643
    0.13000E-02  -397.54899
    0.19000E-02  -397.03658
    0.25000E-02  -396.38374
    0.31000E-02  -395.61075
    0.37000E-02  -394.74166
    0.43000E-02  -393.79905
    0.49000E-02  -392.80810
    0.55000E-02  -391.79876
    0.61000E-02  -390.79089
    0.67000E-02  -389.79566
    0.73000E-02  -388.82007
    0.79000E-02  -387.86918
    0.85000E-02  -386.94643
    0.91000E-02  -386.05383
    0.97000E-02  -385.19278
    0.10300E-01  -384.36162
    0.10900E-01  -383.55962
    0.11500E-01  -382.78579
    0.12100E-01  -382.03951
    0.12700E-01  -381.31988
    0.13300E-01  -380.62579
    0.13900E-01  -379.95710
    0.14500E-01  -379.31273
    0.15100E-01  -378.69252
    0.15700E-01  -378.09477
    0.16300E-01  -377.51908
    0.16900E-01  -376.96428
    0.17500E-01  -376.42864
    0.18100E-01  -375.91080
    0.18700E-01  -375.40974
    0.19300E-01  -374.92422
    0.20200E-01  -373.16861
    0.25000E-01  -369.38363
    0.31000E-01  -366.34889
    0.37000E-01  -363.77187
    0.43000E-01  -361.51236
    0.49000E-01  -359.48984
    0.55000E-01  -357.65290
    0.61000E-01  -355.96539
    0.67000E-01  -354.40792
    0.73000E-01  -352.95718
    0.79000E-01  -351.60025
    0.85000E-01  -350.32305
    0.91000E-01  -349.11612
    0.97000E-01  -347.97038
    0.10300      -346.87938
    0.10900      -345.83673
    0.11500      -344.83912
    0.12100      -343.88312
    0.12700      -342.96293
    0.13300      -342.07683
    0.13900      -341.22443
    0.14500      -340.39956
    0.15100      -339.60209
    0.15700      -338.83161
    0.16300      -338.08506
    0.16900      -337.36047
    0.17500      -336.65567
    0.18100      -335.97161
    0.18700      -335.30789
    0.19300      -334.66281
    0.19900      -334.03364
    0.20500      -333.42169
    0.21100      -332.82442
    0.21700      -332.24241
    0.29500      -320.56221
    0.44500      -313.00018
    0.59500      -307.42386
    0.74500      -302.98338
    0.89500      -299.26651
     1.0450      -296.03004
     1.1950      -293.14426
     1.3450      -290.53055
     1.4950      -288.12153
     1.6450      -285.89127
     1.7950      -283.82642
     1.9450      -281.91585
     2.0950      -280.14513
     2.2450      -278.52532
     2.3950      -277.04228
     2.5450      -275.68465
     2.6950      -274.45916
     2.8450      -273.33876
     2.9950      -272.31771
     3.1450      -271.38869
     3.2950      -270.52186
     3.4450      -269.71330
     3.5950      -268.96961
     3.7450      -268.28005
     3.8950      -267.62016
     4.0450      -267.00235
     4.1950      -266.42135
     4.3450      -265.86300
     4.4950      -265.33450
     4.6450      -264.82608
     4.7950      -264.33568
     4.9450      -263.86378
     5.0950      -263.40854
     5.2450      -262.96655
     5.3950      -262.54103
     5.5450      -262.12709
     5.6950      -261.72544
     5.8450      -261.33560
     5.9950      -260.95640
     6.1450      -260.58610
     6.2950      -260.22604
     6.4450      -259.87236
     6.5950      -259.52759
     6.7450      -259.19122
     6.8950      -258.86196
     7.0450      -258.54061
     7.1950      -258.22637
     7.3450      -257.91602
     7.4950      -257.61548
     7.6450      -257.31970
     7.7950      -257.03142
     7.9450      -256.74924
     8.0950      -256.47093
     8.2450      -256.19584
     8.3950      -255.92699
     8.5450      -255.66216
     8.6950      -255.40037
     8.8450      -255.14509
     8.9950      -254.89358
     9.1450      -254.64615
     9.2950      -254.40285
     9.4450      -254.16471
     9.5950      -253.92791
     9.7450      -253.69575
     9.8950      -253.46755
     10.045      -253.24292
     10.195      -253.02069
     10.345      -252.80154
     10.495      -252.58525
     10.645      -252.37222
     10.795      -252.16283
     10.945      -251.95663
     11.095      -251.75026
     11.245      -251.54836
     11.395      -251.34948
     11.545      -251.15308
     11.695      -250.95935
     11.845      -250.76768
     11.995      -250.57837
     12.145      -250.39143
     12.295      -250.20629
     12.445      -250.02304
     12.595      -249.84271
     12.745      -249.66405
     12.895      -249.48856
     13.045      -249.31433
     13.195      -249.14119
     13.345      -248.97009
     13.495      -248.80119
     13.645      -248.63404
     13.795      -248.46752
     13.945      -248.30466
     14.095      -248.14333
     14.245      -247.98390
     14.395      -247.82495
     14.545      -247.66818
     14.695      -247.51275
     14.845      -247.35980
     14.995      -247.20817
     15.145      -247.05743
     15.295      -246.90827
     15.445      -246.76093
     15.595      -246.61510
     15.745      -246.47032
     15.895      -246.32765
     16.045      -246.18667
     16.195      -246.04544
     16.345      -245.90606
     16.495      -245.76844
     16.645      -245.63151
     16.795      -245.49570
     16.945      -245.36004
     17.095      -245.22627
     17.245      -245.09430
     17.395      -244.96329
     17.545      -244.83264
     17.695      -244.70295
     17.845      -244.57496
     17.995      -244.44758
     18.145      -244.32232
     18.295      -244.19828
     18.445      -244.07441
     18.595      -243.95158
     18.745      -243.82940
     18.895      -243.70811
     19.045      -243.58705
     19.195      -243.46793
     19.345      -243.34988
     19.495      -243.23244
     19.645      -243.11603
     19.795      -243.00114
     19.945      -242.88649
     20.095      -242.77270
     20.245      -242.65973
     20.395      -242.54738
     20.545      -242.43637
     20.695      -242.32574
     20.845      -242.21539
     20.995      -242.10621
     21.145      -241.99741
     21.295      -241.89012
     21.445      -241.78339
     21.595      -241.67778
     21.745      -241.57211
     21.895      -241.46736
     22.045      -241.36338
     22.195      -241.26090
     22.345      -241.15925
     22.495      -241.05740
     22.645      -240.95684
     22.795      -240.85653
     22.945      -240.75757
     23.095      -240.65907
     23.245      -240.56071
     23.395      -240.46342
     23.545      -240.36568
     23.695      -240.26885
     23.845      -240.17222
     23.995      -240.07682
     24.145      -239.98225
     24.295      -239.88838
     24.445      -239.79511
     24.595      -239.70220
     24.745      -239.61056
     24.895      -239.51897
     25.045      -239.42694
     25.195      -239.33588
     25.345      -239.24572
     25.495      -239.15616
     25.645      -239.06732
     25.795      -238.97923
     25.945      -238.89092
     26.095      -238.80313
     26.245      -238.71663
     26.395      -238.62948
     26.545      -238.54334
     26.695      -238.45759
     26.845      -238.37214
     26.995      -238.28753
     27.145      -238.20357
     27.295      -238.12044
     27.445      -238.03769
     27.595      -237.95488
     27.745      -237.87238
     27.895      -237.79075
     28.045      -237.70939
     28.195      -237.62907
     28.345      -237.54849
     28.495      -237.46803
     28.645      -237.38861
     28.795      -237.30921
     28.945      -237.23038
     29.095      -237.15225
     29.245      -237.07477
     29.395      -236.99643
     29.545      -236.91934
     29.695      -236.84219
     29.845      -236.76558
     29.995      -236.68956
     30.145      -236.61456
     30.295      -236.53974
     30.445      -236.46456
     30.595      -236.39054
     30.745      -236.31631
     30.895      -236.24224
     31.045      -236.16791
     31.195      -236.09457
     31.345      -236.02192
     31.495      -235.94932
     31.645      -235.87707
     31.795      -235.80502
     31.945      -235.73336
     32.095      -235.66269
     32.245      -235.59134
     32.395      -235.52070
     32.545      -235.45112
     32.695      -235.38098
     32.845      -235.31164
     32.995      -235.24282
     33.145      -235.17388
     33.295      -235.10543
     33.445      -235.03716
     33.595      -234.96937
     33.745      -234.90248
     33.895      -234.83471
     34.045      -234.76766
     34.195      -234.70136
     34.345      -234.63526
     34.495      -234.56870
     34.645      -234.50300
     34.795      -234.43702
     34.945      -234.37146
     35.095      -234.30639
     35.245      -234.24124
     35.395      -234.17763
     35.545      -234.11309
     35.695      -234.04928
     35.845      -233.98567
     35.995      -233.92252
     36.145      -233.85908
     36.295      -233.79602
     36.445      -233.73353
     36.595      -233.67186
     36.745      -233.61002
     36.895      -233.54883
     37.045      -233.48730
     37.195      -233.42567
     37.345      -233.36478
     37.495      -233.30396
     37.645      -233.24356
     37.795      -233.18293
     37.945      -233.12326
     38.095      -233.06331
     38.245      -233.00397
     38.395      -232.94462
     38.545      -232.88598
     38.695      -232.82729
     38.845      -232.76918
     38.995      -232.71031
     39.145      -232.65232
     39.295      -232.59456
     39.445      -232.53742
     39.595      -232.48018
     39.745      -232.42230
     39.895      -232.36566
     40.045      -232.30918
     40.195      -232.25296
     40.345      -232.19681
     40.495      -232.14045
     40.645      -232.08401
     40.795      -232.02834
     40.945      -231.97298
     41.095      -231.91788
     41.245      -231.86185
     41.395      -231.80653
     41.545      -231.75156
     41.695      -231.69665
     41.845      -231.64167
     41.995      -231.58765
     42.145      -231.53386
     42.295      -231.48002
     42.445      -231.42661
     42.595      -231.37304
     42.745      -231.32024
     42.895      -231.26739
     43.045      -231.21423
     43.195      -231.16180
     43.345      -231.10955
     43.495      -231.05679
     43.645      -231.00466
     43.795      -230.95273
     43.945      -230.90055
     44.095      -230.84840
     44.245      -230.79708
     44.395      -230.74627
     44.545      -230.69491
     44.695      -230.64369
     44.845      -230.59259
     44.995      -230.54227
     45.145      -230.49165
     45.295      -230.44104
     45.445      -230.39124
     45.595      -230.34142
     45.745      -230.29169
     45.895      -230.24258
     46.045      -230.19332
     46.195      -230.14443
     46.345      -230.09510
     46.495      -230.04621
     46.645      -229.99753
     46.795      -229.94903
     46.945      -229.90100
     47.095      -229.85290
     47.245      -229.80525
     47.395      -229.75724
     47.545      -229.70937
     47.695      -229.66165
     47.845      -229.61389
     47.995      -229.56663
     48.145      -229.51974
     48.295      -229.47220
     48.445      -229.42564
     48.595      -229.37846
     48.745      -229.33190
     48.895      -229.28510
     49.045      -229.23859
     49.195      -229.19246
     49.345      -229.14665
     49.495      -229.10061
     49.645      -229.05545
     49.795      -229.01035
     49.945      -228.96529
     50.095      -228.92020
     50.245      -228.87534
     50.395      -228.83003
     50.545      -228.78544
     50.695      -228.74047
     50.845      -228.69644
     50.995      -228.65232
     51.145      -228.60805
     51.295      -228.56403
     51.445      -228.52023
     51.595      -228.47619
     51.745      -228.43285
     51.895      -228.38912
     52.045      -228.34608
     52.195      -228.30259
     52.345      -228.25903
     52.495      -228.21604
     52.645      -228.17277
     52.795      -228.12966
     52.945      -228.08699
     53.095      -228.04476
     53.245      -228.00247
     53.395      -227.96034
     53.545      -227.91812
     53.695      -227.87579
     53.845      -227.83417
     53.995      -227.79188
     54.145      -227.75056
     54.295      -227.70888
     54.445      -227.66742
     54.595      -227.62596
     54.745      -227.58515
     54.895      -227.54405
     55.045      -227.50304
     55.195      -227.46217
     55.345      -227.42136
     55.495      -227.38024
     55.645      -227.33926
     55.795      -227.29844
     55.945      -227.25794
     56.095      -227.21766
     56.245      -227.17743
     56.395      -227.13734
     56.545      -227.09739
     56.695      -227.05740
     56.845      -227.01696
     56.995      -226.97704
     57.145      -226.93771
     57.295      -226.89829
     57.445      -226.85894
     57.595      -226.81957
     57.745      -226.78065
     57.895      -226.74158
     58.045      -226.70247
     58.195      -226.66392
     58.345      -226.62574
     58.495      -226.58694
     58.645      -226.54865
     58.795      -226.51038
     58.945      -226.47254
     59.095      -226.43442
     59.245      -226.39634
     59.395      -226.35841
     59.545      -226.32078
     59.695      -226.28339
     59.845      -226.24599
     59.995      -226.20791
     60.145      -226.17104
     70.939      -221.39039
     97.698      -216.67157
     134.55      -212.02233
     185.30      -207.44042
     255.20      -202.94805
     351.46      -198.54598
     484.04      -194.23214
     666.62      -190.01118
     918.07      -185.88395
     1264.4      -181.84817
     1741.3      -177.89695
     2398.1      -174.04531
     3302.7      -170.28150
     4548.5      -166.60919
     6264.3      -163.02664
     8627.2      -159.53738
     11881.      -156.13309
     16363.      -152.82591
     22535.      -149.62009
     31036.      -146.51832
     42743.      -143.52525
     58866.      -140.64682
     81070.      -137.88474
    0.11165E+06  -135.24006
    0.15377E+06  -132.71081
    0.21177E+06  -130.29539
    0.29165E+06  -127.98856
    0.40166E+06  -125.78623
    0.55317E+06  -123.68485
    0.76182E+06  -121.67937
    0.10492E+07  -119.76698
    0.14449E+07  -117.94253
    0.19900E+07  -116.20435
    0.27406E+07  -114.54804
    0.37744E+07  -112.96943
    0.51981E+07  -111.46446
    0.71589E+07  -110.02732
    0.98593E+07  -108.65951
    0.13578E+08  -107.35625
    0.18700E+08  -106.11467
    0.25754E+08  -104.93241
    0.35468E+08  -103.81111
    0.48847E+08  -102.75726
    0.67273E+08  -101.77672
    0.92648E+08  -100.86535
    0.12760E+09  -100.01468
    0.17573E+09   -99.21877
    0.24201E+09   -98.47317
    0.33330E+09   -97.77331
    0.45902E+09   -97.11768
    0.63217E+09   -96.51725
    0.87062E+09   -95.97029
    0.11990E+10   -95.46877
    0.16513E+10   -95.00636
    0.22742E+10   -94.57938
    0.31320E+10   -94.18475
    0.43134E+10   -93.82119
    0.59405E+10   -93.48622
    0.81813E+10   -93.17761
    0.11267E+11   -92.89180
    0.15517E+11   -92.62792
    0.21371E+11   -92.38474
    0.29432E+11   -92.15995
    0.40534E+11   -91.95188
    0.55823E+11   -91.76033
    0.10000E+12   -89.45538
