    -29.945         0.00000
    -29.795         0.00000
    -29.645         0.00000
    -29.495         0.00000
    -29.345         0.00000
    -29.195         0.00000
    -29.045         0.00000
    -28.895         0.00000
    -28.745         0.00000
    -28.595         0.00000
    -28.445         0.00000
    -28.295         0.00000
    -28.145         0.00000
    -27.995         0.00000
    -27.845         0.00000
    -27.695         0.00000
    -27.545         0.00000
    -27.395         0.00000
    -27.245         0.00000
    -27.095         0.00000
    -26.945         0.00000
    -26.795         0.00000
    -26.645         0.00000
    -26.495         0.00000
    -26.345         0.00000
    -26.195         0.00000
    -26.045         0.00000
    -25.895         0.00000
    -25.745         0.00000
    -25.595         0.00000
    -25.445         0.00000
    -25.295         0.00000
    -25.145         0.00000
    -24.995         0.00000
    -24.845         0.00000
    -24.695         0.00000
    -24.545         0.00000
    -24.395         0.00000
    -24.245         0.00000
    -24.095         0.00000
    -23.945         0.00000
    -23.795         0.00000
    -23.645         0.00000
    -23.495         0.00000
    -23.345         0.00000
    -23.195         0.00000
    -23.045         0.00000
    -22.895         0.00000
    -22.745         0.00000
    -22.595         0.00000
    -22.445         0.00000
    -22.295         0.00000
    -22.145         0.00000
    -21.995         0.00000
    -21.845         0.00000
    -21.695         0.00000
    -21.545         0.00000
    -21.395         0.00000
    -21.245         0.00000
    -21.095         0.00000
    -20.945         0.00000
    -20.795         0.00000
    -20.645         0.00000
    -20.495         0.00000
    -20.345         0.00000
    -20.195         0.00000
    -20.045         0.00000
    -19.895         0.00000
    -19.745         0.00000
    -19.595         0.00000
    -19.445         0.00000
    -19.295         0.00000
    -19.145         0.00000
    -18.995         0.00000
    -18.845         0.00000
    -18.695         0.00000
    -18.545         0.00000
    -18.395         0.00000
    -18.245         0.00000
    -18.095         0.00000
    -17.945         0.00000
    -17.795        -0.00187
    -17.645        -0.02088
    -17.495        -0.08603
    -17.345        -0.20762
    -17.195        -0.39088
    -17.045        -0.62475
    -16.895        -0.89700
    -16.745        -1.20911
    -16.595        -1.53159
    -16.445        -1.86615
    -16.295        -2.19644
    -16.145        -2.53156
    -15.995        -2.85265
    -15.845        -3.14833
    -15.695        -3.43655
    -15.545        -3.71005
    -15.395        -3.95638
    -15.245        -4.18730
    -15.095        -4.39203
    -14.945        -4.58173
    -14.795        -4.75586
    -14.645        -4.91148
    -14.495        -5.06410
    -14.345        -5.24498
    -14.195        -5.48526
    -14.045        -5.83231
    -13.895        -6.30104
    -13.745        -6.89222
    -13.595        -7.59878
    -13.445        -8.42654
    -13.295        -9.38443
    -13.145       -10.45573
    -12.995       -11.62110
    -12.845       -12.91183
    -12.695       -14.33901
    -12.545       -15.85582
    -12.395       -17.47638
    -12.245       -19.15001
    -12.095       -20.85607
    -11.945       -22.55673
    -11.795       -24.22169
    -11.645       -25.88275
    -11.495       -27.54879
    -11.345       -29.22505
    -11.195       -30.90508
    -11.045       -32.53429
    -10.895       -34.11771
    -10.745       -35.65268
    -10.595       -37.13621
    -10.445       -38.60746
    -10.295       -40.07785
    -10.145       -41.51805
    -9.9950       -42.92222
    -9.8450       -44.32338
    -9.6950       -45.70618
    -9.5450       -47.04257
    -9.3950       -48.36215
    -9.2450       -49.65547
    -9.0950       -50.95193
    -8.9450       -52.25938
    -8.7950       -53.59868
    -8.6450       -54.96843
    -8.4950       -56.39362
    -8.3450       -57.88590
    -8.1950       -59.43208
    -8.0450       -61.06687
    -7.8950       -62.75022
    -7.7450       -64.52322
    -7.5950       -66.33935
    -7.4450       -68.21993
    -7.2950       -70.14414
    -7.1450       -72.11914
    -6.9950       -74.12227
    -6.8450       -76.17730
    -6.6950       -78.30066
    -6.5450       -80.44765
    -6.3950       -82.62131
    -6.2450       -84.83122
    -6.0950       -87.08013
    -5.9450       -89.33818
    -5.7950       -91.63567
    -5.6450       -93.94863
    -5.4950       -96.29369
    -5.3450       -98.65515
    -5.1950      -101.01321
    -5.0450      -103.40639
    -4.8950      -105.81719
    -4.7450      -108.25298
    -4.5950      -110.71352
    -4.4450      -113.19700
    -4.2950      -115.73988
    -4.1450      -118.32449
    -3.9950      -121.00018
    -3.8450      -123.75963
    -3.6950      -126.61910
    -3.5450      -129.58704
    -3.3950      -132.69923
    -3.2450      -135.97386
    -3.0950      -139.41545
    -2.9450      -143.07145
    -2.7950      -146.96000
    -2.6450      -151.07220
    -2.4950      -155.48013
    -2.3450      -160.21354
    -2.1950      -165.34098
    -2.0450      -171.01854
    -1.8950      -177.43048
    -1.7450      -184.68411
    -1.5950      -192.86177
    -1.4450      -201.96653
    -1.2950      -211.95254
    -1.1450      -222.70856
   -0.99500      -234.10601
   -0.84500      -245.99216
   -0.69500      -258.33785
   -0.54500      -271.47455
   -0.39500      -286.27228
   -0.25300      -297.43755
   -0.21500      -298.19598
   -0.20900      -298.96566
   -0.20300      -299.74742
   -0.19700      -300.53893
   -0.19100      -301.34533
   -0.18500      -302.16400
   -0.17900      -302.99618
   -0.17300      -303.84205
   -0.16700      -304.70147
   -0.16100      -305.58085
   -0.15500      -306.47643
   -0.14900      -307.38844
   -0.14300      -308.32275
   -0.13700      -309.27666
   -0.13100      -310.25564
   -0.12500      -311.25949
   -0.11900      -312.29017
   -0.11300      -313.35074
   -0.10700      -314.44370
   -0.10100      -315.57180
   -0.95000E-01  -316.74070
   -0.89000E-01  -317.95479
   -0.83000E-01  -319.21989
   -0.77000E-01  -320.54311
   -0.71000E-01  -321.93379
   -0.65000E-01  -323.40202
   -0.59000E-01  -324.96481
   -0.53000E-01  -326.64071
   -0.47000E-01  -328.45747
   -0.41000E-01  -330.45498
   -0.35000E-01  -332.69563
   -0.29000E-01  -335.27954
   -0.23000E-01  -338.41957
   -0.19700E-01  -338.77494
   -0.19100E-01  -339.13990
   -0.18500E-01  -339.51545
   -0.17900E-01  -339.90117
   -0.17300E-01  -340.29797
   -0.16700E-01  -340.70706
   -0.16100E-01  -341.12857
   -0.15500E-01  -341.56304
   -0.14900E-01  -342.01090
   -0.14300E-01  -342.47382
   -0.13700E-01  -342.95185
   -0.13100E-01  -343.44653
   -0.12500E-01  -343.95996
   -0.11900E-01  -344.49304
   -0.11300E-01  -345.04774
   -0.10700E-01  -345.62501
   -0.10100E-01  -346.22666
   -0.95000E-02  -346.85398
   -0.89000E-02  -347.50966
   -0.83000E-02  -348.19512
   -0.77000E-02  -348.91341
   -0.71000E-02  -349.66706
   -0.65000E-02  -350.45694
   -0.59000E-02  -351.28521
   -0.53000E-02  -352.15263
   -0.47000E-02  -353.05759
   -0.41000E-02  -353.98589
   -0.35000E-02  -354.91243
   -0.29000E-02  -355.80556
   -0.23000E-02  -356.62207
   -0.17000E-02  -357.30269
   -0.11000E-02  -357.77719
   -0.50000E-03  -358.00151
    0.10000E-03  -357.95628
    0.70000E-03  -357.64516
    0.13000E-02  -357.09571
    0.19000E-02  -356.36188
    0.25000E-02  -355.51447
    0.31000E-02  -354.60751
    0.37000E-02  -353.67921
    0.43000E-02  -352.75917
    0.49000E-02  -351.86965
    0.55000E-02  -351.01972
    0.61000E-02  -350.20768
    0.67000E-02  -349.43242
    0.73000E-02  -348.69294
    0.79000E-02  -347.98826
    0.85000E-02  -347.31522
    0.91000E-02  -346.67098
    0.97000E-02  -346.05368
    0.10300E-01  -345.46191
    0.10900E-01  -344.89416
    0.11500E-01  -344.34897
    0.12100E-01  -343.82426
    0.12700E-01  -343.31920
    0.13300E-01  -342.83192
    0.13900E-01  -342.36107
    0.14500E-01  -341.90560
    0.15100E-01  -341.46471
    0.15700E-01  -341.03686
    0.16300E-01  -340.62206
    0.16900E-01  -340.21942
    0.17500E-01  -339.82826
    0.18100E-01  -339.44836
    0.18700E-01  -339.07942
    0.19300E-01  -338.72049
    0.20200E-01  -337.41662
    0.25000E-01  -334.54262
    0.31000E-01  -332.15013
    0.37000E-01  -330.07915
    0.43000E-01  -328.23944
    0.49000E-01  -326.57572
    0.55000E-01  -325.05414
    0.61000E-01  -323.64921
    0.67000E-01  -322.34194
    0.73000E-01  -321.11866
    0.79000E-01  -319.96885
    0.85000E-01  -318.88236
    0.91000E-01  -317.85460
    0.97000E-01  -316.87848
    0.10300      -315.94940
    0.10900      -315.06148
    0.11500      -314.21443
    0.12100      -313.40251
    0.12700      -312.62252
    0.13300      -311.87228
    0.13900      -311.15029
    0.14500      -310.45474
    0.15100      -309.78290
    0.15700      -309.13370
    0.16300      -308.50650
    0.16900      -307.89927
    0.17500      -307.30904
    0.18100      -306.73547
    0.18700      -306.18064
    0.19300      -305.64028
    0.19900      -305.11705
    0.20500      -304.60627
    0.21100      -304.11010
    0.21700      -303.62632
    0.29500      -294.15958
    0.44500      -288.34684
    0.59500      -284.19567
    0.74500      -280.91870
    0.89500      -278.12766
     1.0450      -275.66708
     1.1950      -273.44621
     1.3450      -271.41533
     1.4950      -269.56125
     1.6450      -267.84559
     1.7950      -266.24971
     1.9450      -264.77530
     2.0950      -263.40413
     2.2450      -262.14680
     2.3950      -260.98913
     2.5450      -259.91394
     2.6950      -258.93022
     2.8450      -258.01576
     2.9950      -257.17970
     3.1450      -256.40568
     3.2950      -255.67866
     3.4450      -254.99785
     3.5950      -254.36425
     3.7450      -253.75930
     3.8950      -253.19414
     4.0450      -252.65283
     4.1950      -252.14023
     4.3450      -251.65063
     4.4950      -251.17960
     4.6450      -250.72478
     4.7950      -250.28872
     4.9450      -249.86487
     5.0950      -249.45456
     5.2450      -249.05316
     5.3950      -248.66326
     5.5450      -248.28526
     5.6950      -247.91886
     5.8450      -247.56283
     5.9950      -247.21279
     6.1450      -246.87326
     6.2950      -246.53864
     6.4450      -246.21294
     6.5950      -245.89433
     6.7450      -245.58397
     6.8950      -245.28045
     7.0450      -244.98228
     7.1950      -244.69225
     7.3450      -244.40606
     7.4950      -244.12698
     7.6450      -243.85052
     7.7950      -243.58037
     7.9450      -243.31485
     8.0950      -243.05105
     8.2450      -242.79578
     8.3950      -242.54444
     8.5450      -242.29715
     8.6950      -242.05216
     8.8450      -241.81322
     8.9950      -241.57616
     9.1450      -241.34387
     9.2950      -241.11345
     9.4450      -240.88721
     9.5950      -240.66523
     9.7450      -240.44609
     9.8950      -240.23069
     10.045      -240.01754
     10.195      -239.80813
     10.345      -239.60165
     10.495      -239.39822
     10.645      -239.19742
     10.795      -238.99971
     10.945      -238.80338
     11.095      -238.60986
     11.245      -238.41832
     11.395      -238.23000
     11.545      -238.04313
     11.695      -237.85989
     11.845      -237.67722
     11.995      -237.49683
     12.145      -237.31931
     12.295      -237.14359
     12.445      -236.96968
     12.595      -236.79815
     12.745      -236.62782
     12.895      -236.45954
     13.045      -236.29322
     13.195      -236.12893
     13.345      -235.96619
     13.495      -235.80567
     13.645      -235.64741
     13.795      -235.49061
     13.945      -235.33461
     14.095      -235.17974
     14.245      -235.02696
     14.395      -234.87607
     14.545      -234.72601
     14.695      -234.57781
     14.845      -234.43198
     14.995      -234.28725
     15.145      -234.14323
     15.295      -234.00043
     15.445      -233.85757
     15.595      -233.71830
     15.745      -233.57999
     15.895      -233.44375
     16.045      -233.30783
     16.195      -233.17334
     16.345      -233.04055
     16.495      -232.90831
     16.645      -232.77605
     16.795      -232.64692
     16.945      -232.51813
     17.095      -232.39121
     17.245      -232.26509
     17.395      -232.13889
     17.545      -232.01303
     17.695      -231.88932
     17.845      -231.76600
     17.995      -231.64316
     18.145      -231.52151
     18.295      -231.40185
     18.445      -231.28406
     18.595      -231.16656
     18.745      -231.04913
     18.895      -230.93322
     19.045      -230.81732
     19.195      -230.70333
     19.345      -230.58981
     19.495      -230.47653
     19.645      -230.36413
     19.795      -230.25356
     19.945      -230.14326
     20.095      -230.03386
     20.245      -229.92653
     20.395      -229.81845
     20.545      -229.71162
     20.695      -229.60588
     20.845      -229.49994
     20.995      -229.39422
     21.145      -229.28981
     21.295      -229.18624
     21.445      -229.08389
     21.595      -228.98072
     21.745      -228.87848
     21.895      -228.77743
     22.045      -228.67724
     22.195      -228.57773
     22.345      -228.47919
     22.495      -228.38102
     22.645      -228.28275
     22.795      -228.18585
     22.945      -228.08855
     23.095      -227.99310
     23.245      -227.89809
     23.395      -227.80329
     23.545      -227.70970
     23.695      -227.61573
     23.845      -227.52207
     23.995      -227.42991
     24.145      -227.33900
     24.295      -227.24788
     24.445      -227.15704
     24.595      -227.06631
     24.745      -226.97738
     24.895      -226.88805
     25.045      -226.79969
     25.195      -226.71189
     25.345      -226.62451
     25.495      -226.53711
     25.645      -226.45016
     25.795      -226.36421
     25.945      -226.27829
     26.095      -226.19369
     26.245      -226.10875
     26.395      -226.02471
     26.545      -225.94130
     26.695      -225.85819
     26.845      -225.77552
     26.995      -225.69348
     27.145      -225.61140
     27.295      -225.53042
     27.445      -225.44988
     27.595      -225.36921
     27.745      -225.28889
     27.895      -225.20912
     28.045      -225.13008
     28.195      -225.05168
     28.345      -224.97373
     28.495      -224.89591
     28.645      -224.81803
     28.795      -224.74067
     28.945      -224.66342
     29.095      -224.58701
     29.245      -224.51070
     29.395      -224.43522
     29.545      -224.35993
     29.695      -224.28517
     29.845      -224.21098
     29.995      -224.13723
     30.145      -224.06420
     30.295      -223.99025
     30.445      -223.91703
     30.595      -223.84451
     30.745      -223.77197
     30.895      -223.69977
     31.045      -223.62737
     31.195      -223.55660
     31.345      -223.48596
     31.495      -223.41480
     31.645      -223.34379
     31.795      -223.27362
     31.945      -223.20445
     32.095      -223.13518
     32.245      -223.06642
     32.395      -222.99753
     32.545      -222.92929
     32.695      -222.86108
     32.845      -222.79308
     32.995      -222.72548
     33.145      -222.65782
     33.295      -222.59112
     33.445      -222.52375
     33.595      -222.45730
     33.745      -222.39186
     33.895      -222.32710
     34.045      -222.26090
     34.195      -222.19528
     34.345      -222.12998
     34.495      -222.06492
     34.645      -222.00078
     34.795      -221.93645
     34.945      -221.87341
     35.095      -221.81000
     35.245      -221.74612
     35.395      -221.68321
     35.545      -221.62027
     35.695      -221.55741
     35.845      -221.49515
     35.995      -221.43296
     36.145      -221.37197
     36.295      -221.31066
     36.445      -221.24970
     36.595      -221.18881
     36.745      -221.12811
     36.895      -221.06757
     37.045      -221.00702
     37.195      -220.94753
     37.345      -220.88781
     37.495      -220.82780
     37.645      -220.76934
     37.795      -220.71027
     37.945      -220.65151
     38.095      -220.59303
     38.245      -220.53506
     38.395      -220.47708
     38.545      -220.41989
     38.695      -220.36241
     38.845      -220.30491
     38.995      -220.24800
     39.145      -220.19093
     39.295      -220.13461
     39.445      -220.07805
     39.595      -220.02207
     39.745      -219.96610
     39.895      -219.91087
     40.045      -219.85465
     40.195      -219.79876
     40.345      -219.74341
     40.495      -219.68805
     40.645      -219.63302
     40.795      -219.57852
     40.945      -219.52388
     41.095      -219.46877
     41.245      -219.41430
     41.395      -219.36142
     41.545      -219.30790
     41.695      -219.25430
     41.845      -219.20073
     41.995      -219.14865
     42.145      -219.09591
     42.295      -219.04415
     42.445      -218.99178
     42.595      -218.93881
     42.745      -218.88630
     42.895      -218.83490
     43.045      -218.78324
     43.195      -218.73204
     43.345      -218.68089
     43.495      -218.62967
     43.645      -218.57838
     43.795      -218.52716
     43.945      -218.47628
     44.095      -218.42558
     44.245      -218.37559
     44.395      -218.32511
     44.545      -218.27490
     44.695      -218.22483
     44.845      -218.17493
     44.995      -218.12442
     45.145      -218.07500
     45.295      -218.02609
     45.445      -217.97691
     45.595      -217.92747
     45.745      -217.87871
     45.895      -217.83019
     46.045      -217.78156
     46.195      -217.73365
     46.345      -217.68503
     46.495      -217.63745
     46.645      -217.59028
     46.795      -217.54239
     46.945      -217.49592
     47.095      -217.44861
     47.245      -217.40171
     47.395      -217.35484
     47.545      -217.30755
     47.695      -217.26099
     47.845      -217.21435
     47.995      -217.16754
     48.145      -217.12110
     48.295      -217.07533
     48.445      -217.02880
     48.595      -216.98291
     48.745      -216.93712
     48.895      -216.89112
     49.045      -216.84570
     49.195      -216.79965
     49.345      -216.75431
     49.495      -216.70904
     49.645      -216.66474
     49.795      -216.62008
     49.945      -216.57556
     50.095      -216.53133
     50.245      -216.48700
     50.395      -216.44278
     50.545      -216.39914
     50.695      -216.35533
     50.845      -216.31186
     50.995      -216.26767
     51.145      -216.22423
     51.295      -216.18032
     51.445      -216.13668
     51.595      -216.09396
     51.745      -216.05095
     51.895      -216.00789
     52.045      -215.96531
     52.195      -215.92262
     52.345      -215.88006
     52.495      -215.83736
     52.645      -215.79505
     52.795      -215.75297
     52.945      -215.71099
     53.095      -215.66888
     53.245      -215.62695
     53.395      -215.58568
     53.545      -215.54447
     53.695      -215.50308
     53.845      -215.46202
     53.995      -215.42106
     54.145      -215.38017
     54.295      -215.33932
     54.445      -215.29824
     54.595      -215.25772
     54.745      -215.21739
     54.895      -215.17730
     55.045      -215.13717
     55.195      -215.09695
     55.345      -215.05710
     55.495      -215.01705
     55.645      -214.97685
     55.795      -214.93671
     55.945      -214.89667
     56.095      -214.85722
     56.245      -214.81756
     56.395      -214.77798
     56.545      -214.73883
     56.695      -214.69996
     56.845      -214.66040
     56.995      -214.62172
     57.145      -214.58244
     57.295      -214.54338
     57.445      -214.50553
     57.595      -214.46682
     57.745      -214.42842
     57.895      -214.38999
     58.045      -214.35210
     58.195      -214.31342
     58.345      -214.27537
     58.495      -214.23757
     58.645      -214.19983
     58.795      -214.16175
     58.945      -214.12381
     59.095      -214.08635
     59.245      -214.04844
     59.395      -214.01099
     59.545      -213.97366
     59.695      -213.93660
     59.845      -213.89925
     59.995      -213.86221
     60.145      -213.82472
     70.939      -209.09419
     97.698      -204.40337
     134.55      -199.76940
     185.30      -195.20940
     255.20      -190.72868
     351.46      -186.32524
     484.04      -182.00781
     666.62      -177.78095
     918.07      -173.64471
     1264.4      -169.60837
     1741.3      -165.66279
     2398.1      -161.81380
     3302.7      -158.05182
     4548.5      -154.37813
     6264.3      -150.78354
     8627.2      -147.28610
     11881.      -143.88217
     16363.      -140.57185
     22535.      -137.36849
     31036.      -134.27056
     42743.      -131.28387
     58866.      -128.41537
     81070.      -125.66742
    0.11165E+06  -123.03702
    0.15377E+06  -120.52186
    0.21177E+06  -118.11411
    0.29165E+06  -115.81561
    0.40166E+06  -113.61904
    0.55317E+06  -111.52605
    0.76182E+06  -109.52940
    0.10492E+07  -107.62550
    0.14449E+07  -105.81035
    0.19900E+07  -104.07849
    0.27406E+07  -102.42682
    0.37744E+07  -100.85581
    0.51981E+07   -99.35705
    0.71589E+07   -97.92873
    0.98593E+07   -96.56749
    0.13578E+08   -95.27120
    0.18700E+08   -94.03404
    0.25754E+08   -92.85715
    0.35468E+08   -91.73891
    0.48847E+08   -90.68660
    0.67273E+08   -89.70407
    0.92648E+08   -88.79199
    0.12760E+09   -87.94158
    0.17573E+09   -87.14599
    0.24201E+09   -86.40007
    0.33330E+09   -85.70254
    0.45902E+09   -85.04660
    0.63217E+09   -84.44732
    0.87062E+09   -83.90208
    0.11990E+10   -83.40069
    0.16513E+10   -82.93912
    0.22742E+10   -82.51337
    0.31320E+10   -82.11934
    0.43134E+10   -81.75634
    0.59405E+10   -81.42118
    0.81813E+10   -81.11178
    0.11267E+11   -80.82637
    0.15517E+11   -80.56386
    0.21371E+11   -80.32056
    0.29432E+11   -80.09590
    0.40534E+11   -79.88897
    0.55823E+11   -79.69743
    0.10000E+12   -77.39677
