    -29.945         0.00000
    -29.795         0.00000
    -29.645         0.00000
    -29.495         0.00000
    -29.345         0.00000
    -29.195         0.00000
    -29.045         0.00000
    -28.895         0.00000
    -28.745         0.00000
    -28.595         0.00000
    -28.445         0.00000
    -28.295         0.00000
    -28.145         0.00000
    -27.995         0.00000
    -27.845         0.00000
    -27.695         0.00000
    -27.545         0.00000
    -27.395         0.00000
    -27.245         0.00000
    -27.095         0.00000
    -26.945         0.00000
    -26.795         0.00000
    -26.645         0.00000
    -26.495         0.00000
    -26.345         0.00000
    -26.195         0.00000
    -26.045         0.00000
    -25.895         0.00000
    -25.745         0.00000
    -25.595         0.00000
    -25.445         0.00000
    -25.295         0.00000
    -25.145         0.00000
    -24.995         0.00000
    -24.845         0.00000
    -24.695         0.00000
    -24.545         0.00000
    -24.395         0.00000
    -24.245         0.00000
    -24.095         0.00000
    -23.945         0.00000
    -23.795         0.00000
    -23.645         0.00000
    -23.495         0.00000
    -23.345         0.00000
    -23.195         0.00000
    -23.045         0.00000
    -22.895         0.00000
    -22.745         0.00000
    -22.595         0.00000
    -22.445         0.00000
    -22.295         0.00000
    -22.145         0.00000
    -21.995         0.00000
    -21.845         0.00000
    -21.695         0.00000
    -21.545         0.00000
    -21.395         0.00000
    -21.245         0.00000
    -21.095         0.00000
    -20.945         0.00000
    -20.795         0.00000
    -20.645         0.00000
    -20.495         0.00000
    -20.345         0.00000
    -20.195         0.00000
    -20.045         0.00000
    -19.895         0.00000
    -19.745         0.00000
    -19.595         0.00000
    -19.445         0.00000
    -19.295         0.00000
    -19.145         0.00000
    -18.995         0.00000
    -18.845         0.00000
    -18.695         0.00000
    -18.545         0.00000
    -18.395         0.00000
    -18.245         0.00000
    -18.095         0.00000
    -17.945         0.00000
    -17.795         0.00000
    -17.645         0.00000
    -17.495         0.00000
    -17.345         0.00000
    -17.195         0.00000
    -17.045         0.00000
    -16.895         0.00000
    -16.745         0.00000
    -16.595        -0.00012
    -16.445        -0.00188
    -16.295        -0.01306
    -16.145        -0.04184
    -15.995        -0.09841
    -15.845        -0.18263
    -15.695        -0.29764
    -15.545        -0.44595
    -15.395        -0.62187
    -15.245        -0.83077
    -15.095        -1.05666
    -14.945        -1.32145
    -14.795        -1.62924
    -14.645        -2.00676
    -14.495        -2.44596
    -14.345        -2.96834
    -14.195        -3.59650
    -14.045        -4.31430
    -13.895        -5.10155
    -13.745        -5.97783
    -13.595        -6.92618
    -13.445        -7.93318
    -13.295        -9.00955
    -13.145       -10.09648
    -12.995       -11.22494
    -12.845       -12.32295
    -12.695       -13.45010
    -12.545       -14.55492
    -12.395       -15.62282
    -12.245       -16.65406
    -12.095       -17.65500
    -11.945       -18.63358
    -11.795       -19.56319
    -11.645       -20.46577
    -11.495       -21.35487
    -11.345       -22.23528
    -11.195       -23.09196
    -11.045       -23.97117
    -10.895       -24.90188
    -10.745       -25.87304
    -10.595       -26.90903
    -10.445       -27.96840
    -10.295       -29.08933
    -10.145       -30.24687
    -9.9950       -31.44562
    -9.8450       -32.69386
    -9.6950       -33.94987
    -9.5450       -35.24472
    -9.3950       -36.57043
    -9.2450       -37.94280
    -9.0950       -39.38046
    -8.9450       -40.88621
    -8.7950       -42.46845
    -8.6450       -44.12976
    -8.4950       -45.87820
    -8.3450       -47.72927
    -8.1950       -49.67313
    -8.0450       -51.72707
    -7.8950       -53.92935
    -7.7450       -56.26919
    -7.5950       -58.75494
    -7.4450       -61.38857
    -7.2950       -64.14810
    -7.1450       -67.01055
    -6.9950       -69.94517
    -6.8450       -72.99236
    -6.6950       -76.09021
    -6.5450       -79.21682
    -6.3950       -82.36742
    -6.2450       -85.46289
    -6.0950       -88.50471
    -5.9450       -91.49530
    -5.7950       -94.43949
    -5.6450       -97.30721
    -5.4950      -100.08002
    -5.3450      -102.80804
    -5.1950      -105.47252
    -5.0450      -108.07729
    -4.8950      -110.66542
    -4.7450      -113.20760
    -4.5950      -115.76486
    -4.4450      -118.33095
    -4.2950      -120.91222
    -4.1450      -123.56041
    -3.9950      -126.27851
    -3.8450      -129.07640
    -3.6950      -132.01035
    -3.5450      -135.06532
    -3.3950      -138.27707
    -3.2450      -141.68560
    -3.0950      -145.29435
    -2.9450      -149.14994
    -2.7950      -153.27260
    -2.6450      -157.67791
    -2.4950      -162.41050
    -2.3450      -167.54783
    -2.1950      -173.16065
    -2.0450      -179.34940
    -1.8950      -186.30776
    -1.7450      -194.19193
    -1.5950      -203.14394
    -1.4450      -213.21619
    -1.2950      -224.35867
    -1.1450      -236.44733
   -0.99500      -249.34531
   -0.84500      -262.91321
   -0.69500      -277.13802
   -0.54500      -292.30475
   -0.39500      -309.35139
   -0.25300      -322.07301
   -0.21500      -322.93317
   -0.20900      -323.80403
   -0.20300      -324.68861
   -0.19700      -325.58369
   -0.19100      -326.49448
   -0.18500      -327.41862
   -0.17900      -328.35793
   -0.17300      -329.31611
   -0.16700      -330.29295
   -0.16100      -331.28771
   -0.15500      -332.30322
   -0.14900      -333.33729
   -0.14300      -334.39546
   -0.13700      -335.47620
   -0.13100      -336.58220
   -0.12500      -337.71616
   -0.11900      -338.87861
   -0.11300      -340.07425
   -0.10700      -341.30373
   -0.10100      -342.57041
   -0.95000E-01  -343.87899
   -0.89000E-01  -345.23438
   -0.83000E-01  -346.64415
   -0.77000E-01  -348.11196
   -0.71000E-01  -349.64991
   -0.65000E-01  -351.26906
   -0.59000E-01  -352.98500
   -0.53000E-01  -354.81824
   -0.47000E-01  -356.79482
   -0.41000E-01  -358.95882
   -0.35000E-01  -361.37603
   -0.29000E-01  -364.15536
   -0.23000E-01  -367.51427
   -0.19700E-01  -367.89180
   -0.19100E-01  -368.27922
   -0.18500E-01  -368.67727
   -0.17900E-01  -369.08726
   -0.17300E-01  -369.50993
   -0.16700E-01  -369.94582
   -0.16100E-01  -370.39640
   -0.15500E-01  -370.86246
   -0.14900E-01  -371.34494
   -0.14300E-01  -371.84424
   -0.13700E-01  -372.36141
   -0.13100E-01  -372.89635
   -0.12500E-01  -373.45009
   -0.11900E-01  -374.02323
   -0.11300E-01  -374.61697
   -0.10700E-01  -375.23196
   -0.10100E-01  -375.86962
   -0.95000E-02  -376.53143
   -0.89000E-02  -377.21964
   -0.83000E-02  -377.93737
   -0.77000E-02  -378.68734
   -0.71000E-02  -379.47053
   -0.65000E-02  -380.28501
   -0.59000E-02  -381.13013
   -0.53000E-02  -382.00485
   -0.47000E-02  -382.90374
   -0.41000E-02  -383.81489
   -0.35000E-02  -384.72106
   -0.29000E-02  -385.59457
   -0.23000E-02  -386.38387
   -0.17000E-02  -387.02332
   -0.11000E-02  -387.46080
   -0.50000E-03  -387.66578
    0.10000E-03  -387.62450
    0.70000E-03  -387.33968
    0.13000E-02  -386.83044
    0.19000E-02  -386.13386
    0.25000E-02  -385.31005
    0.31000E-02  -384.42147
    0.37000E-02  -383.51242
    0.43000E-02  -382.60480
    0.49000E-02  -381.71413
    0.55000E-02  -380.85057
    0.61000E-02  -380.01766
    0.67000E-02  -379.21573
    0.73000E-02  -378.44588
    0.79000E-02  -377.70906
    0.85000E-02  -377.00425
    0.91000E-02  -376.32762
    0.97000E-02  -375.67673
    0.10300E-01  -375.04954
    0.10900E-01  -374.44480
    0.11500E-01  -373.86087
    0.12100E-01  -373.29708
    0.12700E-01  -372.75241
    0.13300E-01  -372.22653
    0.13900E-01  -371.71898
    0.14500E-01  -371.22862
    0.15100E-01  -370.75497
    0.15700E-01  -370.29741
    0.16300E-01  -369.85501
    0.16900E-01  -369.42732
    0.17500E-01  -369.01267
    0.18100E-01  -368.61057
    0.18700E-01  -368.21977
    0.19300E-01  -367.83988
    0.20200E-01  -366.45435
    0.25000E-01  -363.37790
    0.31000E-01  -360.80869
    0.37000E-01  -358.58130
    0.43000E-01  -356.59728
    0.49000E-01  -354.80491
    0.55000E-01  -353.16576
    0.61000E-01  -351.65481
    0.67000E-01  -350.25175
    0.73000E-01  -348.94230
    0.79000E-01  -347.71197
    0.85000E-01  -346.55365
    0.91000E-01  -345.45689
    0.97000E-01  -344.41606
    0.10300      -343.42470
    0.10900      -342.47791
    0.11500      -341.57176
    0.12100      -340.70296
    0.12700      -339.86920
    0.13300      -339.06857
    0.13900      -338.29623
    0.14500      -337.55198
    0.15100      -336.83429
    0.15700      -336.14147
    0.16300      -335.47150
    0.16900      -334.82249
    0.17500      -334.19421
    0.18100      -333.58301
    0.18700      -332.99025
    0.19300      -332.41250
    0.19900      -331.85186
    0.20500      -331.30493
    0.21100      -330.77181
    0.21700      -330.25191
    0.29500      -319.80693
    0.44500      -313.09368
    0.59500      -308.19408
    0.74500      -304.33452
    0.89500      -301.07163
     1.0450      -298.18244
     1.1950      -295.55414
     1.3450      -293.12751
     1.4950      -290.85791
     1.6450      -288.74212
     1.7950      -286.75348
     1.9450      -284.88659
     2.0950      -283.15733
     2.2450      -281.55205
     2.3950      -280.05286
     2.5450      -278.68934
     2.6950      -277.44360
     2.8450      -276.30273
     2.9950      -275.26042
     3.1450      -274.29970
     3.2950      -273.41062
     3.4450      -272.59503
     3.5950      -271.83827
     3.7450      -271.13363
     3.8950      -270.47640
     4.0450      -269.85067
     4.1950      -269.25859
     4.3450      -268.69061
     4.4950      -268.15150
     4.6450      -267.63382
     4.7950      -267.13657
     4.9450      -266.66130
     5.0950      -266.20038
     5.2450      -265.75420
     5.3950      -265.32059
     5.5450      -264.89730
     5.6950      -264.48790
     5.8450      -264.08918
     5.9950      -263.70004
     6.1450      -263.32105
     6.2950      -262.94969
     6.4450      -262.58670
     6.5950      -262.23278
     6.7450      -261.88773
     6.8950      -261.54974
     7.0450      -261.22044
     7.1950      -260.89893
     7.3450      -260.58369
     7.4950      -260.27291
     7.6450      -259.96928
     7.7950      -259.67235
     7.9450      -259.38005
     8.0950      -259.09269
     8.2450      -258.81123
     8.3950      -258.53458
     8.5450      -258.26119
     8.6950      -257.99244
     8.8450      -257.73072
     8.9950      -257.47463
     9.1450      -257.22170
     9.2950      -256.97127
     9.4450      -256.72519
     9.5950      -256.48257
     9.7450      -256.24333
     9.8950      -256.00812
     10.045      -255.77615
     10.195      -255.54613
     10.345      -255.32067
     10.495      -255.09723
     10.645      -254.87711
     10.795      -254.66100
     10.945      -254.44610
     11.095      -254.23610
     11.245      -254.02935
     11.395      -253.82362
     11.545      -253.62119
     11.695      -253.42052
     11.845      -253.22322
     11.995      -253.02777
     12.145      -252.83479
     12.295      -252.64498
     12.445      -252.45646
     12.595      -252.27036
     12.745      -252.08614
     12.895      -251.90508
     13.045      -251.72446
     13.195      -251.54840
     13.345      -251.37256
     13.495      -251.19724
     13.645      -251.02574
     13.795      -250.85692
     13.945      -250.68908
     14.095      -250.52158
     14.245      -250.35719
     14.395      -250.19481
     14.545      -250.03224
     14.695      -249.87276
     14.845      -249.71469
     14.995      -249.55781
     15.145      -249.40309
     15.295      -249.24862
     15.445      -249.09766
     15.595      -248.94744
     15.745      -248.79852
     15.895      -248.65106
     16.045      -248.50487
     16.195      -248.36024
     16.345      -248.21640
     16.495      -248.07311
     16.645      -247.93216
     16.795      -247.79289
     16.945      -247.65497
     17.095      -247.51701
     17.245      -247.38105
     17.395      -247.24597
     17.545      -247.11297
     17.695      -246.98029
     17.845      -246.84840
     17.995      -246.71814
     18.145      -246.58877
     18.295      -246.45981
     18.445      -246.33129
     18.595      -246.20449
     18.745      -246.07924
     18.895      -245.95502
     19.045      -245.83135
     19.195      -245.70893
     19.345      -245.58764
     19.495      -245.46734
     19.645      -245.34790
     19.795      -245.22939
     19.945      -245.11116
     20.095      -244.99360
     20.245      -244.87660
     20.395      -244.76149
     20.545      -244.64696
     20.695      -244.53392
     20.845      -244.42151
     20.995      -244.30857
     21.145      -244.19713
     21.295      -244.08662
     21.445      -243.97617
     21.595      -243.86742
     21.745      -243.75899
     21.895      -243.65063
     22.045      -243.54431
     22.195      -243.43787
     22.345      -243.33226
     22.495      -243.22809
     22.645      -243.12505
     22.795      -243.02285
     22.945      -242.92005
     23.095      -242.81829
     23.245      -242.71735
     23.395      -242.61666
     23.545      -242.51751
     23.695      -242.41863
     23.845      -242.32007
     23.995      -242.22171
     24.145      -242.12381
     24.295      -242.02686
     24.445      -241.92995
     24.595      -241.83536
     24.745      -241.74055
     24.895      -241.64643
     25.045      -241.55290
     25.195      -241.46036
     25.345      -241.36781
     25.495      -241.27572
     25.645      -241.18391
     25.795      -241.09320
     25.945      -241.00290
     26.095      -240.91194
     26.245      -240.82262
     26.395      -240.73263
     26.545      -240.64432
     26.695      -240.55537
     26.845      -240.46759
     26.995      -240.38057
     27.145      -240.29527
     27.295      -240.20948
     27.445      -240.12351
     27.595      -240.03809
     27.745      -239.95412
     27.895      -239.86982
     28.045      -239.78587
     28.195      -239.70266
     28.345      -239.62075
     28.495      -239.53785
     28.645      -239.45560
     28.795      -239.37370
     28.945      -239.29206
     29.095      -239.21063
     29.245      -239.13007
     29.395      -239.05019
     29.545      -238.96965
     29.695      -238.89033
     29.845      -238.81236
     29.995      -238.73413
     30.145      -238.65613
     30.295      -238.57874
     30.445      -238.50118
     30.595      -238.42399
     30.745      -238.34772
     30.895      -238.27138
     31.045      -238.19562
     31.195      -238.12021
     31.345      -238.04502
     31.495      -237.97052
     31.645      -237.89659
     31.795      -237.82253
     31.945      -237.74828
     32.095      -237.67527
     32.245      -237.60140
     32.395      -237.52858
     32.545      -237.45642
     32.695      -237.38434
     32.845      -237.31351
     32.995      -237.24165
     33.145      -237.17124
     33.295      -237.10037
     33.445      -237.03072
     33.595      -236.96098
     33.745      -236.89151
     33.895      -236.82265
     34.045      -236.75395
     34.195      -236.68618
     34.345      -236.61892
     34.495      -236.55014
     34.645      -236.48286
     34.795      -236.41590
     34.945      -236.34848
     35.095      -236.28106
     35.245      -236.21507
     35.395      -236.14890
     35.545      -236.08298
     35.695      -236.01751
     35.845      -235.95199
     35.995      -235.88680
     36.145      -235.82179
     36.295      -235.75676
     36.445      -235.69261
     36.595      -235.62848
     36.745      -235.56448
     36.895      -235.50071
     37.045      -235.43777
     37.195      -235.37454
     37.345      -235.31247
     37.495      -235.25092
     37.645      -235.18856
     37.795      -235.12615
     37.945      -235.06376
     38.095      -235.00320
     38.245      -234.94199
     38.395      -234.88072
     38.545      -234.81971
     38.695      -234.75887
     38.845      -234.69928
     38.995      -234.63888
     39.145      -234.57900
     39.295      -234.51924
     39.445      -234.46026
     39.595      -234.40124
     39.745      -234.34258
     39.895      -234.28304
     40.045      -234.22417
     40.195      -234.16649
     40.345      -234.10840
     40.495      -234.05042
     40.645      -233.99338
     40.795      -233.93663
     40.945      -233.87893
     41.095      -233.82278
     41.245      -233.76614
     41.395      -233.71028
     41.545      -233.65447
     41.695      -233.59800
     41.845      -233.54230
     41.995      -233.48754
     42.145      -233.43247
     42.295      -233.37727
     42.445      -233.32245
     42.595      -233.26686
     42.745      -233.21233
     42.895      -233.15839
     43.045      -233.10419
     43.195      -233.04947
     43.345      -232.99539
     43.495      -232.94122
     43.645      -232.88790
     43.795      -232.83479
     43.945      -232.78184
     44.095      -232.72828
     44.245      -232.67545
     44.395      -232.62314
     44.545      -232.57066
     44.695      -232.51804
     44.845      -232.46600
     44.995      -232.41410
     45.145      -232.36302
     45.295      -232.31054
     45.445      -232.25890
     45.595      -232.20812
     45.745      -232.15687
     45.895      -232.10557
     46.045      -232.05536
     46.195      -232.00538
     46.345      -231.95584
     46.495      -231.90555
     46.645      -231.85492
     46.795      -231.80496
     46.945      -231.75590
     47.095      -231.70669
     47.245      -231.65696
     47.395      -231.60835
     47.545      -231.55919
     47.695      -231.51044
     47.845      -231.46222
     47.995      -231.41346
     48.145      -231.36466
     48.295      -231.31669
     48.445      -231.26853
     48.595      -231.22070
     48.745      -231.17266
     48.895      -231.12564
     49.045      -231.07811
     49.195      -231.03097
     49.345      -230.98392
     49.495      -230.93680
     49.645      -230.89053
     49.795      -230.84383
     49.945      -230.79726
     50.095      -230.75121
     50.245      -230.70463
     50.395      -230.65867
     50.545      -230.61273
     50.695      -230.56699
     50.845      -230.52141
     50.995      -230.47598
     51.145      -230.43051
     51.295      -230.38502
     51.445      -230.33979
     51.595      -230.29449
     51.745      -230.24952
     51.895      -230.20499
     52.045      -230.16030
     52.195      -230.11616
     52.345      -230.07196
     52.495      -230.02813
     52.645      -229.98413
     52.795      -229.94020
     52.945      -229.89611
     53.095      -229.85211
     53.245      -229.80870
     53.395      -229.76455
     53.545      -229.72118
     53.695      -229.67760
     53.845      -229.63525
     53.995      -229.59232
     54.145      -229.54957
     54.295      -229.50716
     54.445      -229.46445
     54.595      -229.42171
     54.745      -229.37898
     54.895      -229.33655
     55.045      -229.29499
     55.195      -229.25256
     55.345      -229.21075
     55.495      -229.16932
     55.645      -229.12775
     55.795      -229.08595
     55.945      -229.04443
     56.095      -229.00320
     56.245      -228.96164
     56.395      -228.92154
     56.545      -228.88042
     56.695      -228.83909
     56.845      -228.79864
     56.995      -228.75775
     57.145      -228.71725
     57.295      -228.67702
     57.445      -228.63687
     57.595      -228.59684
     57.745      -228.55724
     57.895      -228.51725
     58.045      -228.47751
     58.195      -228.43762
     58.345      -228.39776
     58.495      -228.35837
     58.645      -228.31872
     58.795      -228.27909
     58.945      -228.23976
     59.095      -228.20054
     59.245      -228.16147
     59.395      -228.12210
     59.545      -228.08349
     59.695      -228.04481
     59.845      -228.00673
     59.995      -227.96798
     60.145      -227.92958
     70.939      -223.03356
     97.698      -218.20459
     134.55      -213.44402
     185.30      -208.76768
     255.20      -204.18695
     351.46      -199.71514
     484.04      -195.35018
     666.62      -191.09090
     918.07      -186.93452
     1264.4      -182.88322
     1741.3      -178.93097
     2398.1      -175.08016
     3302.7      -171.32392
     4548.5      -167.66532
     6264.3      -164.09438
     8627.2      -160.61885
     11881.      -157.23139
     16363.      -153.93077
     22535.      -150.73276
     31036.      -147.63569
     42743.      -144.64260
     58866.      -141.76667
     81070.      -139.00816
    0.11165E+06  -136.36729
    0.15377E+06  -133.84161
    0.21177E+06  -131.42807
    0.29165E+06  -129.12164
    0.40166E+06  -126.91801
    0.55317E+06  -124.81975
    0.76182E+06  -122.81575
    0.10492E+07  -120.90568
    0.14449E+07  -119.08371
    0.19900E+07  -117.34479
    0.27406E+07  -115.68668
    0.37744E+07  -114.10520
    0.51981E+07  -112.59908
    0.71589E+07  -111.16582
    0.98593E+07  -109.79823
    0.13578E+08  -108.49439
    0.18700E+08  -107.25415
    0.25754E+08  -106.07178
    0.35468E+08  -104.95183
    0.48847E+08  -103.89738
    0.67273E+08  -102.91377
    0.92648E+08  -101.99949
    0.12760E+09  -101.14652
    0.17573E+09  -100.34831
    0.24201E+09   -99.60253
    0.33330E+09   -98.90253
    0.45902E+09   -98.24563
    0.63217E+09   -97.64593
    0.87062E+09   -97.09812
    0.11990E+10   -96.59481
    0.16513E+10   -96.13099
    0.22742E+10   -95.70453
    0.31320E+10   -95.31084
    0.43134E+10   -94.94747
    0.59405E+10   -94.61205
    0.81813E+10   -94.30241
    0.11267E+11   -94.01501
    0.15517E+11   -93.75035
    0.21371E+11   -93.50639
    0.29432E+11   -93.28144
    0.40534E+11   -93.07339
    0.55823E+11   -92.88147
    0.10000E+12   -90.57479
