    -29.945         0.00000
    -29.795         0.00000
    -29.645         0.00000
    -29.495         0.00000
    -29.345         0.00000
    -29.195         0.00000
    -29.045         0.00000
    -28.895         0.00000
    -28.745         0.00000
    -28.595         0.00000
    -28.445         0.00000
    -28.295         0.00000
    -28.145         0.00000
    -27.995         0.00000
    -27.845         0.00000
    -27.695         0.00000
    -27.545         0.00000
    -27.395         0.00000
    -27.245         0.00000
    -27.095         0.00000
    -26.945         0.00000
    -26.795         0.00000
    -26.645         0.00000
    -26.495         0.00000
    -26.345         0.00000
    -26.195         0.00000
    -26.045         0.00000
    -25.895         0.00000
    -25.745         0.00000
    -25.595         0.00000
    -25.445         0.00000
    -25.295         0.00000
    -25.145         0.00000
    -24.995         0.00000
    -24.845         0.00000
    -24.695         0.00000
    -24.545         0.00000
    -24.395         0.00000
    -24.245         0.00000
    -24.095         0.00000
    -23.945         0.00000
    -23.795         0.00000
    -23.645         0.00000
    -23.495         0.00000
    -23.345         0.00000
    -23.195         0.00000
    -23.045         0.00000
    -22.895         0.00000
    -22.745         0.00000
    -22.595         0.00000
    -22.445         0.00000
    -22.295         0.00000
    -22.145         0.00000
    -21.995         0.00000
    -21.845         0.00000
    -21.695         0.00000
    -21.545         0.00000
    -21.395         0.00000
    -21.245         0.00000
    -21.095         0.00000
    -20.945         0.00000
    -20.795         0.00000
    -20.645         0.00000
    -20.495         0.00000
    -20.345         0.00000
    -20.195         0.00000
    -20.045         0.00000
    -19.895         0.00000
    -19.745         0.00000
    -19.595         0.00000
    -19.445         0.00000
    -19.295         0.00000
    -19.145         0.00000
    -18.995         0.00000
    -18.845         0.00000
    -18.695         0.00000
    -18.545         0.00000
    -18.395         0.00000
    -18.245         0.00000
    -18.095         0.00000
    -17.945         0.00000
    -17.795         0.00000
    -17.645         0.00000
    -17.495         0.00000
    -17.345         0.00000
    -17.195         0.00000
    -17.045         0.00000
    -16.895         0.00000
    -16.745         0.00000
    -16.595         0.00000
    -16.445         0.00000
    -16.295         0.00000
    -16.145         0.00000
    -15.995         0.00000
    -15.845         0.00000
    -15.695         0.00000
    -15.545        -0.00011
    -15.395        -0.00161
    -15.245        -0.01430
    -15.095        -0.07279
    -14.945        -0.19508
    -14.795        -0.39644
    -14.645        -0.67159
    -14.495        -1.02610
    -14.345        -1.45131
    -14.195        -1.95646
    -14.045        -2.57309
    -13.895        -3.34131
    -13.745        -4.25184
    -13.595        -5.30887
    -13.445        -6.49386
    -13.295        -7.76966
    -13.145        -9.11592
    -12.995       -10.49588
    -12.845       -11.88590
    -12.695       -13.24138
    -12.545       -14.56313
    -12.395       -15.86267
    -12.245       -17.13788
    -12.095       -18.39468
    -11.945       -19.62035
    -11.795       -20.81829
    -11.645       -21.96965
    -11.495       -23.09329
    -11.345       -24.19045
    -11.195       -25.22615
    -11.045       -26.24107
    -10.895       -27.22760
    -10.745       -28.16655
    -10.595       -29.10031
    -10.445       -30.01016
    -10.295       -30.92634
    -10.145       -31.84077
    -9.9950       -32.79303
    -9.8450       -33.77842
    -9.6950       -34.83746
    -9.5450       -35.96320
    -9.3950       -37.14829
    -9.2450       -38.38987
    -9.0950       -39.68266
    -8.9450       -41.04040
    -8.7950       -42.46462
    -8.6450       -43.95569
    -8.4950       -45.55053
    -8.3450       -47.17471
    -8.1950       -48.95937
    -8.0450       -50.87251
    -7.8950       -52.92511
    -7.7450       -55.11673
    -7.5950       -57.43983
    -7.4450       -59.89197
    -7.2950       -62.45039
    -7.1450       -65.11388
    -6.9950       -67.89210
    -6.8450       -70.74396
    -6.6950       -73.66244
    -6.5450       -76.69286
    -6.3950       -79.75068
    -6.2450       -82.84510
    -6.0950       -86.00103
    -5.9450       -89.16951
    -5.7950       -92.31505
    -5.6450       -95.48454
    -5.4950       -98.63236
    -5.3450      -101.72226
    -5.1950      -104.75433
    -5.0450      -107.74869
    -4.8950      -110.72084
    -4.7450      -113.66312
    -4.5950      -116.59074
    -4.4450      -119.50321
    -4.2950      -122.45446
    -4.1450      -125.44179
    -3.9950      -128.45863
    -3.8450      -131.53198
    -3.6950      -134.68526
    -3.5450      -137.92908
    -3.3950      -141.29198
    -3.2450      -144.83694
    -3.0950      -148.55724
    -2.9450      -152.47822
    -2.7950      -156.66805
    -2.6450      -161.11806
    -2.4950      -165.91085
    -2.3450      -171.07938
    -2.1950      -176.75739
    -2.0450      -183.06356
    -1.8950      -190.21180
    -1.7450      -198.35372
    -1.5950      -207.61346
    -1.4450      -218.03324
    -1.2950      -229.51377
    -1.1450      -241.86038
   -0.99500      -254.88642
   -0.84500      -268.41997
   -0.69500      -282.44481
   -0.54500      -297.29587
   -0.39500      -314.01926
   -0.25300      -326.67472
   -0.21500      -327.53444
   -0.20900      -328.40406
   -0.20300      -329.28630
   -0.19700      -330.18026
   -0.19100      -331.09077
   -0.18500      -332.01044
   -0.17900      -332.94621
   -0.17300      -333.89744
   -0.16700      -334.86374
   -0.16100      -335.84846
   -0.15500      -336.85107
   -0.14900      -337.87563
   -0.14300      -338.92037
   -0.13700      -339.98894
   -0.13100      -341.08332
   -0.12500      -342.20636
   -0.11900      -343.35628
   -0.11300      -344.53558
   -0.10700      -345.74890
   -0.10100      -346.99779
   -0.95000E-01  -348.28535
   -0.89000E-01  -349.61392
   -0.83000E-01  -350.99049
   -0.77000E-01  -352.41840
   -0.71000E-01  -353.90669
   -0.65000E-01  -355.46322
   -0.59000E-01  -357.10033
   -0.53000E-01  -358.83243
   -0.47000E-01  -360.67965
   -0.41000E-01  -362.66836
   -0.35000E-01  -364.84258
   -0.29000E-01  -367.27144
   -0.23000E-01  -370.08745
   -0.19700E-01  -370.39576
   -0.19100E-01  -370.71104
   -0.18500E-01  -371.03361
   -0.17900E-01  -371.36413
   -0.17300E-01  -371.70303
   -0.16700E-01  -372.05101
   -0.16100E-01  -372.40912
   -0.15500E-01  -372.77786
   -0.14900E-01  -373.15843
   -0.14300E-01  -373.55204
   -0.13700E-01  -373.96045
   -0.13100E-01  -374.38464
   -0.12500E-01  -374.82665
   -0.11900E-01  -375.28960
   -0.11300E-01  -375.77588
   -0.10700E-01  -376.28926
   -0.10100E-01  -376.83344
   -0.95000E-02  -377.41078
   -0.89000E-02  -378.02434
   -0.83000E-02  -378.67622
   -0.77000E-02  -379.36320
   -0.71000E-02  -380.08500
   -0.65000E-02  -380.83993
   -0.59000E-02  -381.62204
   -0.53000E-02  -382.42207
   -0.47000E-02  -383.23842
   -0.41000E-02  -384.07206
   -0.35000E-02  -384.93549
   -0.29000E-02  -385.82072
   -0.23000E-02  -386.69188
   -0.17000E-02  -387.46304
   -0.11000E-02  -388.02811
   -0.50000E-03  -388.30430
    0.10000E-03  -388.24806
    0.70000E-03  -387.86825
    0.13000E-02  -387.22399
    0.19000E-02  -386.40795
    0.25000E-02  -385.52605
    0.31000E-02  -384.64659
    0.37000E-02  -383.80022
    0.43000E-02  -383.02410
    0.49000E-02  -382.32343
    0.55000E-02  -381.69751
    0.61000E-02  -381.13587
    0.67000E-02  -380.61931
    0.73000E-02  -380.13999
    0.79000E-02  -379.68990
    0.85000E-02  -379.25936
    0.91000E-02  -378.84327
    0.97000E-02  -378.43645
    0.10300E-01  -378.03602
    0.10900E-01  -377.64313
    0.11500E-01  -377.25731
    0.12100E-01  -376.87873
    0.12700E-01  -376.50732
    0.13300E-01  -376.14410
    0.13900E-01  -375.78799
    0.14500E-01  -375.43824
    0.15100E-01  -375.09593
    0.15700E-01  -374.76097
    0.16300E-01  -374.43218
    0.16900E-01  -374.10967
    0.17500E-01  -373.79381
    0.18100E-01  -373.48408
    0.18700E-01  -373.17963
    0.19300E-01  -372.88102
    0.20200E-01  -371.76999
    0.25000E-01  -369.18709
    0.31000E-01  -366.92338
    0.37000E-01  -364.89151
    0.43000E-01  -363.04040
    0.49000E-01  -361.33577
    0.55000E-01  -359.75380
    0.61000E-01  -358.27672
    0.67000E-01  -356.89115
    0.73000E-01  -355.58568
    0.79000E-01  -354.35138
    0.85000E-01  -353.18139
    0.91000E-01  -352.07018
    0.97000E-01  -351.00916
    0.10300      -349.99789
    0.10900      -349.03030
    0.11500      -348.10271
    0.12100      -347.21254
    0.12700      -346.35642
    0.13300      -345.53333
    0.13900      -344.74131
    0.14500      -343.97699
    0.15100      -343.23765
    0.15700      -342.52216
    0.16300      -341.82877
    0.16900      -341.15597
    0.17500      -340.50380
    0.18100      -339.87021
    0.18700      -339.25522
    0.19300      -338.65751
    0.19900      -338.07678
    0.20500      -337.51056
    0.21100      -336.95906
    0.21700      -336.42287
    0.29500      -325.92647
    0.44500      -319.36748
    0.59500      -314.53000
    0.74500      -310.60193
    0.89500      -307.22331
     1.0450      -304.20379
     1.1950      -301.46714
     1.3450      -298.95189
     1.4950      -296.63083
     1.6450      -294.47959
     1.7950      -292.47864
     1.9450      -290.62500
     2.0950      -288.90672
     2.2450      -287.31686
     2.3950      -285.85102
     2.5450      -284.50062
     2.6950      -283.24845
     2.8450      -282.09624
     2.9950      -281.03029
     3.1450      -280.04243
     3.2950      -279.12730
     3.4450      -278.28082
     3.5950      -277.49664
     3.7450      -276.76614
     3.8950      -276.08259
     4.0450      -275.44280
     4.1950      -274.83195
     4.3450      -274.25252
     4.4950      -273.70112
     4.6450      -273.17658
     4.7950      -272.66321
     4.9450      -272.17319
     5.0950      -271.69663
     5.2450      -271.23659
     5.3950      -270.79092
     5.5450      -270.35951
     5.6950      -269.94464
     5.8450      -269.53944
     5.9950      -269.14600
     6.1450      -268.76300
     6.2950      -268.39065
     6.4450      -268.02397
     6.5950      -267.66727
     6.7450      -267.31800
     6.8950      -266.97676
     7.0450      -266.64194
     7.1950      -266.31767
     7.3450      -265.99834
     7.4950      -265.68341
     7.6450      -265.37318
     7.7950      -265.07268
     7.9450      -264.77773
     8.0950      -264.48681
     8.2450      -264.20389
     8.3950      -263.92619
     8.5450      -263.65220
     8.6950      -263.38296
     8.8450      -263.11844
     8.9950      -262.85710
     9.1450      -262.60039
     9.2950      -262.34720
     9.4450      -262.09760
     9.5950      -261.85379
     9.7450      -261.61283
     9.8950      -261.37564
     10.045      -261.14051
     10.195      -260.90908
     10.345      -260.68118
     10.495      -260.45635
     10.645      -260.23466
     10.795      -260.01662
     10.945      -259.80207
     11.095      -259.58962
     11.245      -259.37904
     11.395      -259.17155
     11.545      -258.96770
     11.695      -258.76583
     11.845      -258.56750
     11.995      -258.37103
     12.145      -258.17540
     12.295      -257.98464
     12.445      -257.79332
     12.595      -257.60679
     12.745      -257.42205
     12.895      -257.23841
     13.045      -257.05864
     13.195      -256.88077
     13.345      -256.70356
     13.495      -256.52714
     13.645      -256.35413
     13.795      -256.18420
     13.945      -256.01436
     14.095      -255.84713
     14.245      -255.68192
     14.395      -255.51812
     14.545      -255.35671
     14.695      -255.19526
     14.845      -255.03538
     14.995      -254.87868
     15.145      -254.72277
     15.295      -254.56853
     15.445      -254.41539
     15.595      -254.26550
     15.745      -254.11582
     15.895      -253.96923
     16.045      -253.82281
     16.195      -253.67806
     16.345      -253.53380
     16.495      -253.39103
     16.645      -253.24780
     16.795      -253.10712
     16.945      -252.96963
     17.095      -252.83077
     17.245      -252.69343
     17.395      -252.55743
     17.545      -252.42206
     17.695      -252.28820
     17.845      -252.15518
     17.995      -252.02438
     18.145      -251.89504
     18.295      -251.76507
     18.445      -251.63760
     18.595      -251.51152
     18.745      -251.38583
     18.895      -251.26110
     19.045      -251.13669
     19.195      -251.01400
     19.345      -250.89272
     19.495      -250.77217
     19.645      -250.65127
     19.795      -250.53212
     19.945      -250.41463
     20.095      -250.29792
     20.245      -250.18209
     20.395      -250.06653
     20.545      -249.95212
     20.695      -249.83857
     20.845      -249.72553
     20.995      -249.61300
     21.145      -249.50031
     21.295      -249.39016
     21.445      -249.27909
     21.595      -249.16939
     21.745      -249.06127
     21.895      -248.95382
     22.045      -248.84732
     22.195      -248.74047
     22.345      -248.63452
     22.495      -248.53038
     22.645      -248.42618
     22.795      -248.32288
     22.945      -248.21891
     23.095      -248.11674
     23.245      -248.01576
     23.395      -247.91583
     23.545      -247.81584
     23.695      -247.71637
     23.845      -247.61701
     23.995      -247.51951
     24.145      -247.42206
     24.295      -247.32492
     24.445      -247.22908
     24.595      -247.13326
     24.745      -247.03797
     24.895      -246.94268
     25.045      -246.84773
     25.195      -246.75498
     25.345      -246.66225
     25.495      -246.56922
     25.645      -246.47754
     25.795      -246.38727
     25.945      -246.29743
     26.095      -246.20733
     26.245      -246.11693
     26.395      -246.02762
     26.545      -245.93858
     26.695      -245.85081
     26.845      -245.76343
     26.995      -245.67701
     27.145      -245.58996
     27.295      -245.50379
     27.445      -245.41784
     27.595      -245.33335
     27.745      -245.24791
     27.895      -245.16408
     28.045      -245.08070
     28.195      -244.99684
     28.345      -244.91387
     28.495      -244.83172
     28.645      -244.74825
     28.795      -244.66606
     28.945      -244.58555
     29.095      -244.50449
     29.245      -244.42418
     29.395      -244.34559
     29.545      -244.26503
     29.695      -244.18651
     29.845      -244.10754
     29.995      -244.02980
     30.145      -243.95248
     30.295      -243.87481
     30.445      -243.79735
     30.595      -243.72080
     30.745      -243.64366
     30.895      -243.56753
     31.045      -243.49229
     31.195      -243.41866
     31.345      -243.34324
     31.495      -243.26855
     31.645      -243.19507
     31.795      -243.12134
     31.945      -243.04796
     32.095      -242.97567
     32.245      -242.90257
     32.395      -242.83014
     32.545      -242.75848
     32.695      -242.68694
     32.845      -242.61518
     32.995      -242.54397
     33.145      -242.47277
     33.295      -242.40323
     33.445      -242.33424
     33.595      -242.26465
     33.745      -242.19484
     33.895      -242.12593
     34.045      -242.05643
     34.195      -241.98796
     34.345      -241.91997
     34.495      -241.85228
     34.645      -241.78432
     34.795      -241.71778
     34.945      -241.64964
     35.095      -241.58225
     35.245      -241.51538
     35.395      -241.44889
     35.545      -241.38180
     35.695      -241.31531
     35.845      -241.24934
     35.995      -241.18446
     36.145      -241.12021
     36.295      -241.05516
     36.445      -240.99049
     36.595      -240.92707
     36.745      -240.86413
     36.895      -240.80115
     37.045      -240.73682
     37.195      -240.67387
     37.345      -240.61048
     37.495      -240.54765
     37.645      -240.48592
     37.795      -240.42416
     37.945      -240.36267
     38.095      -240.30094
     38.245      -240.23953
     38.395      -240.17816
     38.545      -240.11737
     38.695      -240.05673
     38.845      -239.99634
     38.995      -239.93630
     39.145      -239.87694
     39.295      -239.81726
     39.445      -239.75813
     39.595      -239.69923
     39.745      -239.63965
     39.895      -239.58163
     40.045      -239.52370
     40.195      -239.46546
     40.345      -239.40764
     40.495      -239.34920
     40.645      -239.29227
     40.795      -239.23460
     40.945      -239.17729
     41.095      -239.11987
     41.245      -239.06324
     41.395      -239.00699
     41.545      -238.95064
     41.695      -238.89497
     41.845      -238.83866
     41.995      -238.78312
     42.145      -238.72751
     42.295      -238.67257
     42.445      -238.61760
     42.595      -238.56255
     42.745      -238.50778
     42.895      -238.45400
     43.045      -238.39978
     43.195      -238.34575
     43.345      -238.29194
     43.495      -238.23893
     43.645      -238.18537
     43.795      -238.13342
     43.945      -238.08039
     44.095      -238.02736
     44.245      -237.97511
     44.395      -237.92281
     44.545      -237.87057
     44.695      -237.81880
     44.845      -237.76667
     44.995      -237.71415
     45.145      -237.66243
     45.295      -237.61112
     45.445      -237.55994
     45.595      -237.50847
     45.745      -237.45678
     45.895      -237.40630
     46.045      -237.35541
     46.195      -237.30493
     46.345      -237.25565
     46.495      -237.20557
     46.645      -237.15568
     46.795      -237.10611
     46.945      -237.05677
     47.095      -237.00781
     47.245      -236.95845
     47.395      -236.90950
     47.545      -236.86074
     47.695      -236.81197
     47.845      -236.76403
     47.995      -236.71630
     48.145      -236.66776
     48.295      -236.61932
     48.445      -236.57134
     48.595      -236.52326
     48.745      -236.47541
     48.895      -236.42720
     49.045      -236.37923
     49.195      -236.33210
     49.345      -236.28482
     49.495      -236.23710
     49.645      -236.19050
     49.795      -236.14390
     49.945      -236.09737
     50.095      -236.05104
     50.245      -236.00492
     50.395      -235.95870
     50.545      -235.91234
     50.695      -235.86720
     50.845      -235.82114
     50.995      -235.77485
     51.145      -235.72994
     51.295      -235.68520
     51.445      -235.63947
     51.595      -235.59488
     51.745      -235.54959
     51.895      -235.50426
     52.045      -235.46062
     52.195      -235.41612
     52.345      -235.37139
     52.495      -235.32686
     52.645      -235.28248
     52.795      -235.23779
     52.945      -235.19371
     53.095      -235.15043
     53.245      -235.10670
     53.395      -235.06289
     53.545      -235.01998
     53.695      -234.97743
     53.845      -234.93460
     53.995      -234.89153
     54.145      -234.84951
     54.295      -234.80646
     54.445      -234.76384
     54.595      -234.72138
     54.745      -234.67867
     54.895      -234.63604
     55.045      -234.59410
     55.195      -234.55190
     55.345      -234.50928
     55.495      -234.46729
     55.645      -234.42589
     55.795      -234.38421
     55.945      -234.34212
     56.095      -234.30143
     56.245      -234.25921
     56.395      -234.21814
     56.545      -234.17695
     56.695      -234.13691
     56.845      -234.09642
     56.995      -234.05625
     57.145      -234.01580
     57.295      -233.97629
     57.445      -233.93596
     57.595      -233.89631
     57.745      -233.85679
     57.895      -233.81716
     58.045      -233.77789
     58.195      -233.73814
     58.345      -233.69869
     58.495      -233.65951
     58.645      -233.62100
     58.795      -233.58158
     58.945      -233.54295
     59.095      -233.50351
     59.245      -233.46390
     59.395      -233.42503
     59.545      -233.38668
     59.695      -233.34741
     59.845      -233.30938
     59.995      -233.27084
     60.145      -233.23278
     70.939      -228.33867
     97.698      -223.51942
     134.55      -218.78073
     185.30      -214.13043
     255.20      -209.56331
     351.46      -205.10185
     484.04      -200.73881
     666.62      -196.48610
     918.07      -192.33147
     1264.4      -188.27818
     1741.3      -184.33203
     2398.1      -180.48605
     3302.7      -176.73401
     4548.5      -173.07350
     6264.3      -169.50488
     8627.2      -166.02179
     11881.      -162.62429
     16363.      -159.32093
     22535.      -156.11546
     31036.      -153.01556
     42743.      -150.02906
     58866.      -147.15678
     81070.      -144.40284
    0.11165E+06  -141.76896
    0.15377E+06  -139.24576
    0.21177E+06  -136.83139
    0.29165E+06  -134.52825
    0.40166E+06  -132.33148
    0.55317E+06  -130.23325
    0.76182E+06  -128.23053
    0.10492E+07  -126.32443
    0.14449E+07  -124.50151
    0.19900E+07  -122.76501
    0.27406E+07  -121.10636
    0.37744E+07  -119.53059
    0.51981E+07  -118.02520
    0.71589E+07  -116.59112
    0.98593E+07  -115.22496
    0.13578E+08  -113.92324
    0.18700E+08  -112.68249
    0.25754E+08  -111.50488
    0.35468E+08  -110.38398
    0.48847E+08  -109.32996
    0.67273E+08  -108.34875
    0.92648E+08  -107.43525
    0.12760E+09  -106.58320
    0.17573E+09  -105.78661
    0.24201E+09  -105.03915
    0.33330E+09  -104.33812
    0.45902E+09  -103.68174
    0.63217E+09  -103.08158
    0.87062E+09  -102.53415
    0.11990E+10  -102.03085
    0.16513E+10  -101.56928
    0.22742E+10  -101.14295
    0.31320E+10  -100.74865
    0.43134E+10  -100.38528
    0.59405E+10  -100.05077
    0.81813E+10   -99.74045
    0.11267E+11   -99.45526
    0.15517E+11   -99.19162
    0.21371E+11   -98.94721
    0.29432E+11   -98.72100
    0.40534E+11   -98.51319
    0.55823E+11   -98.32128
    0.10000E+12   -96.01521
