    -29.945        1     0.00000
    -29.795        1     0.00000
    -29.645        1     0.00000
    -29.495        1     0.00000
    -29.345        1     0.00000
    -29.195        1     0.00000
    -29.045        1     0.00000
    -28.895        1     0.00000
    -28.745        1     0.00000
    -28.595        1     0.00000
    -28.445        1     0.00000
    -28.295        1     0.00000
    -28.145        1     0.00000
    -27.995        1     0.00000
    -27.845        1     0.00000
    -27.695        1     0.00000
    -27.545        1     0.00000
    -27.395        1     0.00000
    -27.245        1     0.00000
    -27.095        1     0.00000
    -26.945        1     0.00000
    -26.795        1     0.00000
    -26.645        1     0.00000
    -26.495        1     0.00000
    -26.345        1     0.00000
    -26.195        1     0.00000
    -26.045        1     0.00000
    -25.895        1     0.00000
    -25.745        1     0.00000
    -25.595        1     0.00000
    -25.445        1     0.00000
    -25.295        1     0.00000
    -25.145        1     0.00000
    -24.995        1     0.00000
    -24.845        1     0.00000
    -24.695        1     0.00000
    -24.545        1     0.00000
    -24.395        1     0.00000
    -24.245        1     0.00000
    -24.095        1     0.00000
    -23.945        1     0.00000
    -23.795        1     0.00000
    -23.645        1     0.00000
    -23.495        1     0.00000
    -23.345        1     0.00000
    -23.195        1     0.00000
    -23.045        1     0.00000
    -22.895        1     0.00000
    -22.745        1     0.00000
    -22.595        1     0.00000
    -22.445        1     0.00000
    -22.295        1     0.00000
    -22.145        1     0.00000
    -21.995        1     0.00000
    -21.845        1     0.00000
    -21.695        1     0.00000
    -21.545        1     0.00000
    -21.395        1     0.00000
    -21.245        1     0.00000
    -21.095        1     0.00000
    -20.945        1     0.00000
    -20.795        1     0.00000
    -20.645        1     0.00000
    -20.495        1     0.00000
    -20.345        1     0.00000
    -20.195        1     0.00000
    -20.045        1     0.00000
    -19.895        1    -0.00014
    -19.745        1    -0.00014
    -19.595        1    -0.00014
    -19.445        1    -0.00029
    -19.295        1    -0.00086
    -19.145        1    -0.00185
    -18.995        1    -0.00370
    -18.845        1    -0.00726
    -18.695        1    -0.01215
    -18.545        1    -0.01809
    -18.395        1    -0.02625
    -18.245        1    -0.03889
    -18.095        1    -0.05252
    -17.945        1    -0.07152
    -17.795        1    -0.09742
    -17.645        1    -0.13122
    -17.495        1    -0.17574
    -17.345        1    -0.22714
    -17.195        1    -0.28746
    -17.045        1    -0.36085
    -16.895        1    -0.44569
    -16.745        1    -0.55335
    -16.595        1    -0.66810
    -16.445        1    -0.79760
    -16.295        1    -0.95164
    -16.145        1    -1.11743
    -15.995        1    -1.28959
    -15.845        1    -1.48720
    -15.695        1    -1.70988
    -15.545        1    -1.94508
    -15.395        1    -2.19537
    -15.245        1    -2.46409
    -15.095        1    -2.75145
    -14.945        1    -3.05163
    -14.795        1    -3.36727
    -14.645        1    -3.72091
    -14.495        1    -4.10422
    -14.345        1    -4.50328
    -14.195        1    -4.92985
    -14.045        1    -5.38421
    -13.895        1    -5.86952
    -13.745        1    -6.37783
    -13.595        1    -6.91624
    -13.445        1    -7.49118
    -13.295        1    -8.07920
    -13.145        1    -8.69552
    -12.995        1    -9.32519
    -12.845        1    -9.98044
    -12.695        1   -10.66245
    -12.545        1   -11.37345
    -12.395        1   -12.09695
    -12.245        1   -12.80791
    -12.095        1   -13.54029
    -11.945        1   -14.27091
    -11.795        1   -15.00759
    -11.645        1   -15.74939
    -11.495        1   -16.47498
    -11.345        1   -17.19903
    -11.195        1   -17.92340
    -11.045        1   -18.65717
    -10.895        1   -19.38110
    -10.745        1   -20.09730
    -10.595        1   -20.81953
    -10.445        1   -21.50786
    -10.295        1   -22.19906
    -10.145        1   -22.88805
    -9.9950        1   -23.56075
    -9.8450        1   -24.23302
    -9.6950        1   -24.89274
    -9.5450        1   -25.52899
    -9.3950        1   -26.15921
    -9.2450        1   -26.76915
    -9.0950        1   -27.37788
    -8.9450        1   -27.95636
    -8.7950        1   -28.54224
    -8.6450        1   -29.10773
    -8.4950        1   -29.69000
    -8.3450        1   -30.27311
    -8.1950        1   -30.86486
    -8.0450        1   -31.44509
    -7.8950        1   -32.02703
    -7.7450        1   -32.61985
    -7.5950        1   -33.21604
    -7.4450        1   -33.80390
    -7.2950        1   -34.38640
    -7.1450        1   -34.98363
    -6.9950        1   -35.59092
    -6.8450        1   -36.20257
    -6.6950        1   -36.81095
    -6.5450        1   -37.42360
    -6.3950        1   -38.05301
    -6.2450        1   -38.69813
    -6.0950        1   -39.33116
    -5.9450        1   -39.98073
    -5.7950        1   -40.63980
    -5.6450        1   -41.30416
    -5.4950        1   -41.98141
    -5.3450        1   -42.66547
    -5.1950        1   -43.36572
    -5.0450        1   -44.07272
    -4.8950        1   -44.79791
    -4.7450        1   -45.54209
    -4.5950        1   -46.31260
    -4.4450        1   -47.10463
    -4.2950        1   -47.93338
    -4.1450        1   -48.79704
    -3.9950        1   -49.71314
    -3.8450        1   -50.67039
    -3.6950        1   -51.68547
    -3.5450        1   -52.75776
    -3.3950        1   -53.90572
    -3.2450        1   -55.13977
    -3.0950        1   -56.46385
    -2.9450        1   -57.87590
    -2.7950        1   -59.37469
    -2.6450        1   -60.97765
    -2.4950        1   -62.67572
    -2.3450        1   -64.46812
    -2.1950        1   -66.32726
    -2.0450        1   -68.23465
    -1.8950        1   -70.15885
    -1.7450        1   -72.10253
    -1.5950        1   -74.06163
    -1.4450        1   -76.02508
    -1.2950        1   -78.01502
    -1.1450        1   -80.03218
   -0.99500        1   -82.11880
   -0.84500        1   -84.31836
   -0.69500        1   -86.70376
   -0.54500        1   -89.38942
   -0.39500        1   -92.58272
   -0.25300        1   -95.08089
   -0.21500        1   -95.25272
   -0.20900        1   -95.42805
   -0.20300        1   -95.60582
   -0.19700        1   -95.78661
   -0.19100        1   -95.97041
   -0.18500        1   -96.15699
   -0.17900        1   -96.34759
   -0.17300        1   -96.54226
   -0.16700        1   -96.74094
   -0.16100        1   -96.94398
   -0.15500        1   -97.15132
   -0.14900        1   -97.36402
   -0.14300        1   -97.58196
   -0.13700        1   -97.80641
   -0.13100        1   -98.03713
   -0.12500        1   -98.27475
   -0.11900        1   -98.52023
   -0.11300        1   -98.77510
   -0.10700        1   -99.04033
   -0.10100        1   -99.31749
   -0.95000E-01    1   -99.60798
   -0.89000E-01    1   -99.91365
   -0.83000E-01    1  -100.23691
   -0.77000E-01    1  -100.58248
   -0.71000E-01    1  -100.95369
   -0.65000E-01    1  -101.35618
   -0.59000E-01    1  -101.79523
   -0.53000E-01    1  -102.28019
   -0.47000E-01    1  -102.82083
   -0.41000E-01    1  -103.43636
   -0.35000E-01    1  -104.15759
   -0.29000E-01    1  -105.02095
   -0.23000E-01    1  -106.06538
   -0.19700E-01    1  -106.17956
   -0.19100E-01    1  -106.29591
   -0.18500E-01    1  -106.41447
   -0.17900E-01    1  -106.53492
   -0.17300E-01    1  -106.65765
   -0.16700E-01    1  -106.78247
   -0.16100E-01    1  -106.90923
   -0.15500E-01    1  -107.03796
   -0.14900E-01    1  -107.16859
   -0.14300E-01    1  -107.30140
   -0.13700E-01    1  -107.43621
   -0.13100E-01    1  -107.57324
   -0.12500E-01    1  -107.71203
   -0.11900E-01    1  -107.85273
   -0.11300E-01    1  -107.99520
   -0.10700E-01    1  -108.13935
   -0.10100E-01    1  -108.28480
   -0.95000E-02    1  -108.43124
   -0.89000E-02    1  -108.57802
   -0.83000E-02    1  -108.72370
   -0.77000E-02    1  -108.86645
   -0.71000E-02    1  -109.00451
   -0.65000E-02    1  -109.13631
   -0.59000E-02    1  -109.26056
   -0.53000E-02    1  -109.37593
   -0.47000E-02    1  -109.48132
   -0.41000E-02    1  -109.57577
   -0.35000E-02    1  -109.65850
   -0.29000E-02    1  -109.72865
   -0.23000E-02    1  -109.78559
   -0.17000E-02    1  -109.82875
   -0.11000E-02    1  -109.85763
   -0.50000E-03    1  -109.87196
    0.10000E-03    1  -109.87151
    0.70000E-03    1  -109.85605
    0.13000E-02    1  -109.82582
    0.19000E-02    1  -109.78081
    0.25000E-02    1  -109.72149
    0.31000E-02    1  -109.64863
    0.37000E-02    1  -109.56276
    0.43000E-02    1  -109.46505
    0.49000E-02    1  -109.35634
    0.55000E-02    1  -109.23793
    0.61000E-02    1  -109.11111
    0.67000E-02    1  -108.97719
    0.73000E-02    1  -108.83771
    0.79000E-02    1  -108.69406
    0.85000E-02    1  -108.54813
    0.91000E-02    1  -108.40178
    0.97000E-02    1  -108.25603
    0.10300E-01    1  -108.11130
    0.10900E-01    1  -107.96811
    0.11500E-01    1  -107.82648
    0.12100E-01    1  -107.68666
    0.12700E-01    1  -107.54890
    0.13300E-01    1  -107.41305
    0.13900E-01    1  -107.27921
    0.14500E-01    1  -107.14742
    0.15100E-01    1  -107.01764
    0.15700E-01    1  -106.89000
    0.16300E-01    1  -106.76429
    0.16900E-01    1  -106.64066
    0.17500E-01    1  -106.51898
    0.18100E-01    1  -106.39952
    0.18700E-01    1  -106.28231
    0.19300E-01    1  -106.16732
    0.20200E-01    1  -105.73945
    0.25000E-01    1  -104.76430
    0.31000E-01    1  -103.95891
    0.37000E-01    1  -103.28549
    0.43000E-01    1  -102.70657
    0.49000E-01    1  -102.19672
    0.55000E-01    1  -101.74033
    0.61000E-01    1  -101.32742
    0.67000E-01    1  -100.95174
    0.73000E-01    1  -100.60626
    0.79000E-01    1  -100.28771
    0.85000E-01    1   -99.99121
    0.91000E-01    1   -99.71324
    0.97000E-01    1   -99.45152
    0.10300        1   -99.20470
    0.10900        1   -98.97079
    0.11500        1   -98.74972
    0.12100        1   -98.53892
    0.12700        1   -98.33793
    0.13300        1   -98.14627
    0.13900        1   -97.96307
    0.14500        1   -97.78664
    0.15100        1   -97.61852
    0.15700        1   -97.45682
    0.16300        1   -97.30282
    0.16900        1   -97.15463
    0.17500        1   -97.01256
    0.18100        1   -96.87517
    0.18700        1   -96.74366
    0.19300        1   -96.61599
    0.19900        1   -96.49363
    0.20500        1   -96.37522
    0.21100        1   -96.26060
    0.21700        1   -96.14975
    0.29500        1   -94.10131
    0.44500        1   -92.99520
    0.59500        1   -92.29798
    0.74500        1   -91.80704
    0.89500        1   -91.43993
     1.0450        1   -91.14246
     1.1950        1   -90.89102
     1.3450        1   -90.66524
     1.4950        1   -90.46180
     1.6450        1   -90.27717
     1.7950        1   -90.10319
     1.9450        1   -89.94033
     2.0950        1   -89.79018
     2.2450        1   -89.64635
     2.3950        1   -89.51329
     2.5450        1   -89.38861
     2.6950        1   -89.27120
     2.8450        1   -89.16459
     2.9950        1   -89.06550
     3.1450        1   -88.97051
     3.2950        1   -88.88463
     3.4450        1   -88.80265
     3.5950        1   -88.72419
     3.7450        1   -88.65026
     3.8950        1   -88.58323
     4.0450        1   -88.51449
     4.1950        1   -88.44886
     4.3450        1   -88.39002
     4.4950        1   -88.33260
     4.6450        1   -88.27656
     4.7950        1   -88.22532
     4.9450        1   -88.17516
     5.0950        1   -88.12587
     5.2450        1   -88.07815
     5.3950        1   -88.03149
     5.5450        1   -87.98638
     5.6950        1   -87.94217
     5.8450        1   -87.89846
     5.9950        1   -87.85758
     6.1450        1   -87.81653
     6.2950        1   -87.77591
     6.4450        1   -87.73751
     6.5950        1   -87.69906
     6.7450        1   -87.66120
     6.8950        1   -87.62476
     7.0450        1   -87.58842
     7.1950        1   -87.55317
     7.3450        1   -87.51905
     7.4950        1   -87.48514
     7.6450        1   -87.45185
     7.7950        1   -87.41894
     7.9450        1   -87.38670
     8.0950        1   -87.35554
     8.2450        1   -87.32440
     8.3950        1   -87.29383
     8.5450        1   -87.26369
     8.6950        1   -87.23356
     8.8450        1   -87.20466
     8.9950        1   -87.17574
     9.1450        1   -87.14722
     9.2950        1   -87.11852
     9.4450        1   -87.09097
     9.5950        1   -87.06345
     9.7450        1   -87.03631
     9.8950        1   -87.00989
     10.045        1   -86.98341
     10.195        1   -86.95756
     10.345        1   -86.93225
     10.495        1   -86.90742
     10.645        1   -86.88279
     10.795        1   -86.85758
     10.945        1   -86.83334
     11.095        1   -86.80931
     11.245        1   -86.78539
     11.395        1   -86.76200
     11.545        1   -86.73885
     11.695        1   -86.71557
     11.845        1   -86.69314
     11.995        1   -86.67132
     12.145        1   -86.64927
     12.295        1   -86.62771
     12.445        1   -86.60598
     12.595        1   -86.58469
     12.745        1   -86.56303
     12.895        1   -86.54224
     13.045        1   -86.52159
     13.195        1   -86.50116
     13.345        1   -86.48087
     13.495        1   -86.46064
     13.645        1   -86.44034
     13.795        1   -86.42066
     13.945        1   -86.40091
     14.095        1   -86.38091
     14.245        1   -86.36143
     14.395        1   -86.34249
     14.545        1   -86.32353
     14.695        1   -86.30475
     14.845        1   -86.28587
     14.995        1   -86.26777
     15.145        1   -86.24923
     15.295        1   -86.23086
     15.445        1   -86.21254
     15.595        1   -86.19475
     15.745        1   -86.17707
     15.895        1   -86.15938
     16.045        1   -86.14192
     16.195        1   -86.12481
     16.345        1   -86.10791
     16.495        1   -86.09122
     16.645        1   -86.07450
     16.795        1   -86.05812
     16.945        1   -86.04152
     17.095        1   -86.02500
     17.245        1   -86.00850
     17.395        1   -85.99280
     17.545        1   -85.97681
     17.695        1   -85.96104
     17.845        1   -85.94534
     17.995        1   -85.92985
     18.145        1   -85.91469
     18.295        1   -85.89915
     18.445        1   -85.88370
     18.595        1   -85.86837
     18.745        1   -85.85337
     18.895        1   -85.83846
     19.045        1   -85.82351
     19.195        1   -85.80857
     19.345        1   -85.79388
     19.495        1   -85.77900
     19.645        1   -85.76462
     19.795        1   -85.75032
     19.945        1   -85.73605
     20.095        1   -85.72204
     20.245        1   -85.70808
     20.395        1   -85.69386
     20.545        1   -85.67987
     20.695        1   -85.66621
     20.845        1   -85.65250
     20.995        1   -85.63921
     21.145        1   -85.62572
     21.295        1   -85.61201
     21.445        1   -85.59876
     21.595        1   -85.58554
     21.745        1   -85.57239
     21.895        1   -85.55935
     22.045        1   -85.54645
     22.195        1   -85.53330
     22.345        1   -85.52045
     22.495        1   -85.50748
     22.645        1   -85.49485
     22.795        1   -85.48248
     22.945        1   -85.46980
     23.095        1   -85.45793
     23.245        1   -85.44547
     23.395        1   -85.43321
     23.545        1   -85.42106
     23.695        1   -85.40893
     23.845        1   -85.39685
     23.995        1   -85.38507
     24.145        1   -85.37340
     24.295        1   -85.36163
     24.445        1   -85.34974
     24.595        1   -85.33779
     24.745        1   -85.32600
     24.895        1   -85.31447
     25.045        1   -85.30276
     25.195        1   -85.29141
     25.345        1   -85.27992
     25.495        1   -85.26844
     25.645        1   -85.25713
     25.795        1   -85.24576
     25.945        1   -85.23476
     26.095        1   -85.22342
     26.245        1   -85.21238
     26.395        1   -85.20115
     26.545        1   -85.18998
     26.695        1   -85.17929
     26.845        1   -85.16855
     26.995        1   -85.15762
     27.145        1   -85.14689
     27.295        1   -85.13617
     27.445        1   -85.12540
     27.595        1   -85.11470
     27.745        1   -85.10408
     27.895        1   -85.09373
     28.045        1   -85.08351
     28.195        1   -85.07341
     28.345        1   -85.06319
     28.495        1   -85.05272
     28.645        1   -85.04276
     28.795        1   -85.03244
     28.945        1   -85.02253
     29.095        1   -85.01248
     29.245        1   -85.00239
     29.395        1   -84.99258
     29.545        1   -84.98259
     29.695        1   -84.97266
     29.845        1   -84.96305
     29.995        1   -84.95331
     30.145        1   -84.94384
     30.295        1   -84.93420
     30.445        1   -84.92465
     30.595        1   -84.91497
     30.745        1   -84.90560
     30.895        1   -84.89606
     31.045        1   -84.88695
     31.195        1   -84.87750
     31.345        1   -84.86819
     31.495        1   -84.85887
     31.645        1   -84.84978
     31.795        1   -84.84040
     31.945        1   -84.83136
     32.095        1   -84.82209
     32.245        1   -84.81296
     32.395        1   -84.80392
     32.545        1   -84.79477
     32.695        1   -84.78596
     32.845        1   -84.77705
     32.995        1   -84.76831
     33.145        1   -84.75940
     33.295        1   -84.75065
     33.445        1   -84.74170
     33.595        1   -84.73307
     33.745        1   -84.72424
     33.895        1   -84.71574
     34.045        1   -84.70694
     34.195        1   -84.69843
     34.345        1   -84.68982
     34.495        1   -84.68126
     34.645        1   -84.67287
     34.795        1   -84.66432
     34.945        1   -84.65578
     35.095        1   -84.64746
     35.245        1   -84.63907
     35.395        1   -84.63099
     35.545        1   -84.62250
     35.695        1   -84.61427
     35.845        1   -84.60603
     35.995        1   -84.59794
     36.145        1   -84.58957
     36.295        1   -84.58126
     36.445        1   -84.57314
     36.595        1   -84.56488
     36.745        1   -84.55659
     36.895        1   -84.54849
     37.045        1   -84.54044
     37.195        1   -84.53237
     37.345        1   -84.52435
     37.495        1   -84.51648
     37.645        1   -84.50865
     37.795        1   -84.50084
     37.945        1   -84.49304
     38.095        1   -84.48559
     38.245        1   -84.47794
     38.395        1   -84.47025
     38.545        1   -84.46289
     38.695        1   -84.45536
     38.845        1   -84.44769
     38.995        1   -84.44011
     39.145        1   -84.43262
     39.295        1   -84.42520
     39.445        1   -84.41778
     39.595        1   -84.41033
     39.745        1   -84.40297
     39.895        1   -84.39555
     40.045        1   -84.38810
     40.195        1   -84.38078
     40.345        1   -84.37313
     40.495        1   -84.36568
     40.645        1   -84.35839
     40.795        1   -84.35111
     40.945        1   -84.34383
     41.095        1   -84.33676
     41.245        1   -84.32958
     41.395        1   -84.32261
     41.545        1   -84.31557
     41.695        1   -84.30829
     41.845        1   -84.30102
     41.995        1   -84.29395
     42.145        1   -84.28676
     42.295        1   -84.27981
     42.445        1   -84.27276
     42.595        1   -84.26589
     42.745        1   -84.25888
     42.895        1   -84.25218
     43.045        1   -84.24525
     43.195        1   -84.23850
     43.345        1   -84.23160
     43.495        1   -84.22472
     43.645        1   -84.21785
     43.795        1   -84.21117
     43.945        1   -84.20451
     44.095        1   -84.19776
     44.245        1   -84.19114
     44.395        1   -84.18461
     44.545        1   -84.17804
     44.695        1   -84.17133
     44.845        1   -84.16491
     44.995        1   -84.15837
     45.145        1   -84.15167
     45.295        1   -84.14512
     45.445        1   -84.13850
     45.595        1   -84.13185
     45.745        1   -84.12539
     45.895        1   -84.11896
     46.045        1   -84.11256
     46.195        1   -84.10603
     46.345        1   -84.09959
     46.495        1   -84.09315
     46.645        1   -84.08674
     46.795        1   -84.08039
     46.945        1   -84.07403
     47.095        1   -84.06764
     47.245        1   -84.06134
     47.395        1   -84.05503
     47.545        1   -84.04869
     47.695        1   -84.04243
     47.845        1   -84.03616
     47.995        1   -84.02988
     48.145        1   -84.02366
     48.295        1   -84.01772
     48.445        1   -84.01151
     48.595        1   -84.00541
     48.745        1   -83.99930
     48.895        1   -83.99311
     49.045        1   -83.98696
     49.195        1   -83.98098
     49.345        1   -83.97494
     49.495        1   -83.96884
     49.645        1   -83.96297
     49.795        1   -83.95695
     49.945        1   -83.95098
     50.095        1   -83.94499
     50.245        1   -83.93914
     50.395        1   -83.93306
     50.545        1   -83.92725
     50.695        1   -83.92116
     50.845        1   -83.91517
     50.995        1   -83.90940
     51.145        1   -83.90349
     51.295        1   -83.89758
     51.445        1   -83.89185
     51.595        1   -83.88610
     51.745        1   -83.88034
     51.895        1   -83.87470
     52.045        1   -83.86894
     52.195        1   -83.86343
     52.345        1   -83.85776
     52.495        1   -83.85231
     52.645        1   -83.84671
     52.795        1   -83.84107
     52.945        1   -83.83548
     53.095        1   -83.83007
     53.245        1   -83.82444
     53.395        1   -83.81886
     53.545        1   -83.81332
     53.695        1   -83.80792
     53.845        1   -83.80232
     53.995        1   -83.79656
     54.145        1   -83.79114
     54.295        1   -83.78547
     54.445        1   -83.78001
     54.595        1   -83.77444
     54.745        1   -83.76902
     54.895        1   -83.76337
     55.045        1   -83.75785
     55.195        1   -83.75246
     55.345        1   -83.74698
     55.495        1   -83.74175
     55.645        1   -83.73658
     55.795        1   -83.73097
     55.945        1   -83.72567
     56.095        1   -83.72043
     56.245        1   -83.71515
     56.395        1   -83.70968
     56.545        1   -83.70457
     56.695        1   -83.69916
     56.845        1   -83.69395
     56.995        1   -83.68873
     57.145        1   -83.68343
     57.295        1   -83.67825
     57.445        1   -83.67306
     57.595        1   -83.66777
     57.745        1   -83.66243
     57.895        1   -83.65712
     58.045        1   -83.65178
     58.195        1   -83.64669
     58.345        1   -83.64155
     58.495        1   -83.63646
     58.645        1   -83.63133
     58.795        1   -83.62619
     58.945        1   -83.62123
     59.095        1   -83.61617
     59.245        1   -83.61107
     59.395        1   -83.60610
     59.545        1   -83.60120
     59.695        1   -83.59617
     59.845        1   -83.59106
     59.995        1   -83.58602
     60.145        1   -83.58100
     70.939        1   -82.94273
     97.698        1   -82.30407
     134.55        1   -81.66787
     185.30        1   -81.03503
     255.20        1   -80.40956
     351.46        1   -79.79120
     484.04        1   -79.18186
     666.62        1   -78.57986
     918.07        1   -77.98841
     1264.4        1   -77.40716
     1741.3        1   -76.83509
     2398.1        1   -76.27375
     3302.7        1   -75.72099
     4548.5        1   -75.17717
     6264.3        1   -74.64220
     8627.2        1   -74.11604
     11881.        1   -73.59744
     16363.        1   -73.08850
     22535.        1   -72.58743
     31036.        1   -72.09435
     42743.        1   -71.60914
     58866.        1   -71.12983
     81070.        1   -70.65784
    0.11165E+06    1   -70.19285
    0.15377E+06    1   -69.73238
    0.21177E+06    1   -69.27903
    0.29165E+06    1   -68.83026
    0.40166E+06    1   -68.38546
    0.55317E+06    1   -67.94408
    0.76182E+06    1   -67.50463
    0.10492E+07    1   -67.06902
    0.14449E+07    1   -66.63556
    0.19900E+07    1   -66.20311
    0.27406E+07    1   -65.77039
    0.37744E+07    1   -65.33698
    0.51981E+07    1   -64.90094
    0.71589E+07    1   -64.46364
    0.98593E+07    1   -64.02519
    0.13578E+08    1   -63.58453
    0.18700E+08    1   -63.14178
    0.25754E+08    1   -62.69858
    0.35468E+08    1   -62.25808
    0.48847E+08    1   -61.82487
    0.67273E+08    1   -61.40339
    0.92648E+08    1   -60.99242
    0.12760E+09    1   -60.59163
    0.17573E+09    1   -60.20224
    0.24201E+09    1   -59.82515
    0.33330E+09    1   -59.46115
    0.45902E+09    1   -59.11428
    0.63217E+09    1   -58.78720
    0.87062E+09    1   -58.47985
    0.11990E+10    1   -58.19372
    0.16513E+10    1   -57.92691
    0.22742E+10    1   -57.67842
    0.31320E+10    1   -57.44693
    0.43134E+10    1   -57.23129
    0.59405E+10    1   -57.03002
    0.81813E+10    1   -56.84266
    0.11267E+11    1   -56.66839
    0.15517E+11    1   -56.50612
    0.21371E+11    1   -56.35540
    0.29432E+11    1   -56.21514
    0.40534E+11    1   -56.08478
    0.55823E+11    1   -55.96357
    0.10000E+12    1   -54.45140
    -149.95        2     0.00000
    -149.79        2     0.00000
    -149.65        2     0.00000
    -149.49        2     0.00000
    -149.34        2     0.00000
    -149.20        2     0.00000
    -149.04        2     0.00000
    -148.90        2     0.00000
    -148.74        2     0.00000
    -148.59        2     0.00000
    -148.45        2     0.00000
    -148.29        2     0.00000
    -148.15        2     0.00000
    -147.99        2     0.00000
    -147.84        2     0.00000
    -147.70        2     0.00000
    -147.54        2     0.00000
    -147.40        2     0.00000
    -147.24        2     0.00000
    -147.09        2     0.00000
    -146.95        2     0.00000
    -146.79        2     0.00000
    -146.65        2     0.00000
    -146.49        2     0.00000
    -146.34        2     0.00000
    -146.20        2     0.00000
    -146.04        2     0.00000
    -145.90        2     0.00000
    -145.74        2     0.00000
    -145.59        2     0.00000
    -145.45        2     0.00000
    -145.29        2     0.00000
    -145.15        2     0.00000
    -144.99        2     0.00000
    -144.84        2     0.00000
    -144.70        2     0.00000
    -144.54        2     0.00000
    -144.40        2     0.00000
    -144.24        2     0.00000
    -144.09        2     0.00000
    -143.95        2     0.00000
    -143.79        2     0.00000
    -143.65        2     0.00000
    -143.49        2     0.00000
    -143.34        2     0.00000
    -143.20        2     0.00000
    -143.04        2     0.00000
    -142.90        2     0.00000
    -142.74        2     0.00000
    -142.59        2     0.00000
    -142.45        2     0.00000
    -142.29        2     0.00000
    -142.15        2     0.00000
    -141.99        2     0.00000
    -141.84        2     0.00000
    -141.70        2     0.00000
    -141.54        2     0.00000
    -141.40        2     0.00000
    -141.24        2     0.00000
    -141.09        2     0.00000
    -140.95        2     0.00000
    -140.79        2     0.00000
    -140.65        2     0.00000
    -140.49        2     0.00000
    -140.34        2     0.00000
    -140.20        2     0.00000
    -140.04        2     0.00000
    -139.90        2     0.00000
    -139.74        2     0.00000
    -139.59        2     0.00000
    -139.45        2     0.00000
    -139.29        2     0.00000
    -139.15        2     0.00000
    -138.99        2     0.00000
    -138.84        2     0.00000
    -138.70        2     0.00000
    -138.54        2     0.00000
    -138.40        2     0.00000
    -138.24        2     0.00000
    -138.09        2     0.00000
    -137.95        2     0.00000
    -137.79        2     0.00000
    -137.65        2     0.00000
    -137.49        2     0.00000
    -137.34        2     0.00000
    -137.20        2     0.00000
    -137.04        2     0.00000
    -136.90        2     0.00000
    -136.74        2     0.00000
    -136.59        2     0.00000
    -136.45        2     0.00000
    -136.29        2     0.00000
    -136.15        2     0.00000
    -135.99        2     0.00000
    -135.84        2     0.00000
    -135.70        2     0.00000
    -135.54        2     0.00000
    -135.40        2     0.00000
    -135.24        2     0.00000
    -135.09        2     0.00000
    -134.95        2     0.00000
    -134.79        2     0.00000
    -134.65        2     0.00000
    -134.49        2     0.00000
    -134.34        2     0.00000
    -134.20        2     0.00000
    -134.04        2     0.00000
    -133.90        2     0.00000
    -133.74        2     0.00000
    -133.59        2     0.00000
    -133.45        2     0.00000
    -133.29        2     0.00000
    -133.15        2     0.00000
    -132.99        2     0.00000
    -132.84        2     0.00000
    -132.70        2     0.00000
    -132.54        2     0.00000
    -132.40        2     0.00000
    -132.24        2     0.00000
    -132.09        2     0.00000
    -131.95        2     0.00000
    -131.79        2     0.00000
    -131.65        2     0.00000
    -131.49        2     0.00000
    -131.34        2     0.00000
    -131.20        2     0.00000
    -131.04        2     0.00000
    -130.90        2     0.00000
    -130.74        2     0.00000
    -130.59        2     0.00000
    -130.45        2     0.00000
    -130.29        2     0.00000
    -130.15        2     0.00000
    -129.99        2     0.00000
    -129.84        2     0.00000
    -129.70        2     0.00000
    -129.54        2     0.00000
    -129.40        2     0.00000
    -129.24        2     0.00000
    -129.09        2     0.00000
    -128.95        2     0.00000
    -128.79        2     0.00000
    -128.65        2     0.00000
    -128.49        2     0.00000
    -128.34        2     0.00000
    -128.20        2     0.00000
    -128.04        2     0.00000
    -127.89        2     0.00000
    -127.75        2     0.00000
    -127.60        2     0.00000
    -127.44        2     0.00000
    -127.30        2     0.00000
    -127.14        2     0.00000
    -127.00        2     0.00000
    -126.85        2     0.00000
    -126.69        2     0.00000
    -126.55        2     0.00000
    -126.39        2     0.00000
    -126.25        2     0.00000
    -126.10        2     0.00000
    -125.94        2     0.00000
    -125.80        2     0.00000
    -125.64        2     0.00000
    -125.50        2     0.00000
    -125.35        2     0.00000
    -125.19        2     0.00000
    -125.05        2     0.00000
    -124.89        2     0.00000
    -124.75        2     0.00000
    -124.60        2     0.00000
    -124.44        2     0.00000
    -124.30        2     0.00000
    -124.14        2     0.00000
    -124.00        2     0.00000
    -123.85        2     0.00000
    -123.69        2     0.00000
    -123.55        2     0.00000
    -123.39        2     0.00000
    -123.25        2     0.00000
    -123.10        2     0.00000
    -122.94        2     0.00000
    -122.80        2     0.00000
    -122.64        2     0.00000
    -122.50        2     0.00000
    -122.35        2     0.00000
    -122.19        2     0.00000
    -122.05        2     0.00000
    -121.89        2     0.00000
    -121.75        2     0.00000
    -121.60        2     0.00000
    -121.44        2     0.00000
    -121.30        2     0.00000
    -121.14        2     0.00000
    -121.00        2     0.00000
    -120.85        2     0.00000
    -120.69        2     0.00000
    -120.55        2     0.00000
    -120.39        2     0.00000
    -120.25        2     0.00000
    -120.10        2     0.00000
    -119.94        2     0.00000
    -119.80        2     0.00000
    -119.64        2     0.00000
    -119.50        2     0.00000
    -119.35        2     0.00000
    -119.19        2     0.00000
    -119.05        2     0.00000
    -118.89        2     0.00000
    -118.75        2     0.00000
    -118.60        2     0.00000
    -118.44        2     0.00000
    -118.30        2     0.00000
    -118.14        2     0.00000
    -118.00        2     0.00000
    -117.85        2     0.00000
    -117.69        2     0.00000
    -117.55        2     0.00000
    -117.39        2     0.00000
    -117.25        2     0.00000
    -117.10        2     0.00000
    -116.94        2     0.00000
    -116.80        2     0.00000
    -116.64        2     0.00000
    -116.50        2     0.00000
    -116.35        2     0.00000
    -116.19        2     0.00000
    -116.05        2     0.00000
    -115.89        2     0.00000
    -115.75        2     0.00000
    -115.60        2     0.00000
    -115.44        2     0.00000
    -115.30        2     0.00000
    -115.14        2     0.00000
    -115.00        2     0.00000
    -114.85        2     0.00000
    -114.69        2     0.00000
    -114.55        2     0.00000
    -114.39        2     0.00000
    -114.25        2     0.00000
    -114.10        2     0.00000
    -113.94        2     0.00000
    -113.80        2     0.00000
    -113.64        2     0.00000
    -113.50        2     0.00000
    -113.35        2     0.00000
    -113.19        2     0.00000
    -113.05        2     0.00000
    -112.89        2     0.00000
    -112.75        2     0.00000
    -112.60        2     0.00000
    -112.44        2     0.00000
    -112.30        2     0.00000
    -112.14        2     0.00000
    -112.00        2     0.00000
    -111.85        2     0.00000
    -111.69        2     0.00000
    -111.55        2     0.00000
    -111.39        2     0.00000
    -111.25        2     0.00000
    -111.10        2     0.00000
    -110.94        2     0.00000
    -110.80        2     0.00000
    -110.64        2     0.00000
    -110.50        2     0.00000
    -110.35        2     0.00000
    -110.19        2     0.00000
    -110.05        2     0.00000
    -109.89        2     0.00000
    -109.75        2     0.00000
    -109.60        2     0.00000
    -109.44        2     0.00000
    -109.30        2     0.00000
    -109.14        2     0.00000
    -109.00        2     0.00000
    -108.85        2     0.00000
    -108.69        2     0.00000
    -108.55        2     0.00000
    -108.39        2     0.00000
    -108.25        2     0.00000
    -108.10        2     0.00000
    -107.94        2     0.00000
    -107.80        2     0.00000
    -107.64        2     0.00000
    -107.50        2     0.00000
    -107.35        2     0.00000
    -107.19        2     0.00000
    -107.05        2     0.00000
    -106.89        2     0.00000
    -106.75        2     0.00000
    -106.60        2     0.00000
    -106.44        2     0.00000
    -106.30        2     0.00000
    -106.14        2     0.00000
    -106.00        2     0.00000
    -105.85        2     0.00000
    -105.69        2     0.00000
    -105.55        2     0.00000
    -105.39        2     0.00000
    -105.25        2     0.00000
    -105.10        2     0.00000
    -104.94        2     0.00000
    -104.80        2     0.00000
    -104.64        2     0.00000
    -104.50        2     0.00000
    -104.35        2     0.00000
    -104.19        2     0.00000
    -104.05        2     0.00000
    -103.89        2     0.00000
    -103.75        2     0.00000
    -103.60        2     0.00000
    -103.44        2     0.00000
    -103.30        2     0.00000
    -103.14        2     0.00000
    -103.00        2     0.00000
    -102.85        2     0.00000
    -102.69        2     0.00000
    -102.55        2     0.00000
    -102.39        2     0.00000
    -102.25        2     0.00000
    -102.10        2     0.00000
    -101.94        2     0.00000
    -101.80        2     0.00000
    -101.64        2     0.00000
    -101.50        2     0.00000
    -101.35        2     0.00000
    -101.19        2     0.00000
    -101.05        2     0.00000
    -100.89        2     0.00000
    -100.75        2     0.00000
    -100.60        2     0.00000
    -100.44        2     0.00000
    -100.30        2     0.00000
    -100.14        2     0.00000
    -99.995        2     0.00000
    -99.845        2     0.00000
    -99.695        2     0.00000
    -99.545        2     0.00000
    -99.395        2     0.00000
    -99.245        2     0.00000
    -99.095        2     0.00000
    -98.945        2     0.00000
    -98.795        2     0.00000
    -98.645        2     0.00000
    -98.495        2     0.00000
    -98.345        2     0.00000
    -98.195        2     0.00000
    -98.045        2     0.00000
    -97.895        2     0.00000
    -97.745        2     0.00000
    -97.595        2     0.00000
    -97.445        2     0.00000
    -97.295        2     0.00000
    -97.145        2     0.00000
    -96.995        2     0.00000
    -96.845        2     0.00000
    -96.695        2     0.00000
    -96.545        2     0.00000
    -96.395        2     0.00000
    -96.245        2     0.00000
    -96.095        2     0.00000
    -95.945        2     0.00000
    -95.795        2     0.00000
    -95.645        2     0.00000
    -95.495        2     0.00000
    -95.345        2     0.00000
    -95.195        2     0.00000
    -95.045        2     0.00000
    -94.895        2     0.00000
    -94.745        2     0.00000
    -94.595        2     0.00000
    -94.445        2     0.00000
    -94.295        2     0.00000
    -94.145        2     0.00000
    -93.995        2     0.00000
    -93.845        2     0.00000
    -93.695        2     0.00000
    -93.545        2     0.00000
    -93.395        2     0.00000
    -93.245        2     0.00000
    -93.095        2     0.00000
    -92.945        2     0.00000
    -92.795        2     0.00000
    -92.645        2     0.00000
    -92.495        2     0.00000
    -92.345        2     0.00000
    -92.195        2     0.00000
    -92.045        2     0.00000
    -91.895        2     0.00000
    -91.745        2     0.00000
    -91.595        2     0.00000
    -91.445        2     0.00000
    -91.295        2     0.00000
    -91.145        2     0.00000
    -90.995        2     0.00000
    -90.845        2     0.00000
    -90.695        2     0.00000
    -90.545        2     0.00000
    -90.395        2     0.00000
    -90.245        2     0.00000
    -90.095        2     0.00000
    -89.945        2     0.00000
    -89.795        2     0.00000
    -89.645        2     0.00000
    -89.495        2     0.00000
    -89.345        2     0.00000
    -89.195        2     0.00000
    -89.045        2     0.00000
    -88.895        2     0.00000
    -88.745        2     0.00000
    -88.595        2     0.00000
    -88.445        2     0.00000
    -88.295        2     0.00000
    -88.145        2     0.00000
    -87.995        2     0.00000
    -87.845        2     0.00000
    -87.695        2     0.00000
    -87.545        2     0.00000
    -87.395        2     0.00000
    -87.245        2     0.00000
    -87.095        2     0.00000
    -86.945        2     0.00000
    -86.795        2     0.00000
    -86.645        2     0.00000
    -86.495        2     0.00000
    -86.345        2     0.00000
    -86.195        2     0.00000
    -86.045        2     0.00000
    -85.895        2     0.00000
    -85.745        2     0.00000
    -85.595        2     0.00000
    -85.445        2     0.00000
    -85.295        2     0.00000
    -85.145        2     0.00000
    -84.995        2     0.00000
    -84.845        2     0.00000
    -84.695        2     0.00000
    -84.545        2     0.00000
    -84.395        2     0.00000
    -84.245        2     0.00000
    -84.095        2     0.00000
    -83.945        2     0.00000
    -83.795        2     0.00000
    -83.645        2     0.00000
    -83.495        2     0.00000
    -83.345        2     0.00000
    -83.195        2     0.00000
    -83.045        2     0.00000
    -82.895        2     0.00000
    -82.745        2     0.00000
    -82.595        2     0.00000
    -82.445        2     0.00000
    -82.295        2     0.00000
    -82.145        2     0.00000
    -81.995        2     0.00000
    -81.845        2     0.00000
    -81.695        2     0.00000
    -81.545        2     0.00000
    -81.395        2     0.00000
    -81.245        2     0.00000
    -81.095        2     0.00000
    -80.945        2     0.00000
    -80.795        2     0.00000
    -80.645        2     0.00000
    -80.495        2     0.00000
    -80.345        2     0.00000
    -80.195        2     0.00000
    -80.045        2     0.00000
    -79.895        2     0.00000
    -79.745        2     0.00000
    -79.595        2     0.00000
    -79.445        2     0.00000
    -79.295        2     0.00000
    -79.145        2     0.00000
    -78.995        2     0.00000
    -78.845        2     0.00000
    -78.695        2     0.00000
    -78.545        2     0.00000
    -78.395        2     0.00000
    -78.245        2     0.00000
    -78.095        2     0.00000
    -77.945        2     0.00000
    -77.795        2     0.00000
    -77.645        2     0.00000
    -77.495        2     0.00000
    -77.345        2     0.00000
    -77.195        2     0.00000
    -77.045        2     0.00000
    -76.895        2     0.00000
    -76.745        2     0.00000
    -76.595        2     0.00000
    -76.445        2     0.00000
    -76.295        2     0.00000
    -76.145        2     0.00000
    -75.995        2     0.00000
    -75.845        2     0.00000
    -75.695        2     0.00000
    -75.545        2     0.00000
    -75.395        2     0.00000
    -75.245        2     0.00000
    -75.095        2     0.00000
    -74.945        2     0.00000
    -74.795        2     0.00000
    -74.645        2     0.00000
    -74.495        2     0.00000
    -74.345        2     0.00000
    -74.195        2     0.00000
    -74.045        2     0.00000
    -73.895        2     0.00000
    -73.745        2     0.00000
    -73.595        2     0.00000
    -73.445        2     0.00000
    -73.295        2     0.00000
    -73.145        2     0.00000
    -72.995        2     0.00000
    -72.845        2     0.00000
    -72.695        2     0.00000
    -72.545        2     0.00000
    -72.395        2     0.00000
    -72.245        2     0.00000
    -72.095        2     0.00000
    -71.945        2     0.00000
    -71.795        2     0.00000
    -71.645        2     0.00000
    -71.495        2     0.00000
    -71.345        2     0.00000
    -71.195        2     0.00000
    -71.045        2     0.00000
    -70.895        2     0.00000
    -70.745        2     0.00000
    -70.595        2     0.00000
    -70.445        2     0.00000
    -70.295        2     0.00000
    -70.145        2     0.00000
    -69.995        2     0.00000
    -69.845        2     0.00000
    -69.695        2     0.00000
    -69.545        2     0.00000
    -69.395        2     0.00000
    -69.245        2     0.00000
    -69.095        2     0.00000
    -68.945        2     0.00000
    -68.795        2     0.00000
    -68.645        2     0.00000
    -68.495        2     0.00000
    -68.345        2     0.00000
    -68.195        2     0.00000
    -68.045        2     0.00000
    -67.895        2     0.00000
    -67.745        2     0.00000
    -67.595        2     0.00000
    -67.445        2     0.00000
    -67.295        2     0.00000
    -67.145        2     0.00000
    -66.995        2     0.00000
    -66.845        2     0.00000
    -66.695        2     0.00000
    -66.545        2     0.00000
    -66.395        2     0.00000
    -66.245        2     0.00000
    -66.095        2     0.00000
    -65.945        2     0.00000
    -65.795        2     0.00000
    -65.645        2     0.00000
    -65.495        2     0.00000
    -65.345        2     0.00000
    -65.195        2     0.00000
    -65.045        2     0.00000
    -64.895        2     0.00000
    -64.745        2     0.00000
    -64.595        2     0.00000
    -64.445        2     0.00000
    -64.295        2     0.00000
    -64.145        2     0.00000
    -63.995        2     0.00000
    -63.845        2     0.00000
    -63.695        2     0.00000
    -63.545        2     0.00000
    -63.395        2     0.00000
    -63.245        2     0.00000
    -63.095        2     0.00000
    -62.945        2     0.00000
    -62.795        2     0.00000
    -62.645        2     0.00000
    -62.495        2     0.00000
    -62.345        2     0.00000
    -62.195        2     0.00000
    -62.045        2     0.00000
    -61.895        2     0.00000
    -61.745        2     0.00000
    -61.595        2     0.00000
    -61.445        2     0.00000
    -61.295        2     0.00000
    -61.145        2     0.00000
    -60.995        2     0.00000
    -60.845        2     0.00000
    -60.695        2     0.00000
    -60.545        2     0.00000
    -60.395        2     0.00000
    -60.245        2     0.00000
    -60.095        2     0.00000
    -59.945        2     0.00000
    -59.795        2     0.00000
    -59.645        2     0.00000
    -59.495        2     0.00000
    -59.345        2     0.00000
    -59.195        2     0.00000
    -59.045        2     0.00000
    -58.895        2     0.00000
    -58.745        2     0.00000
    -58.595        2     0.00000
    -58.445        2     0.00000
    -58.295        2     0.00000
    -58.145        2     0.00000
    -57.995        2     0.00000
    -57.845        2     0.00000
    -57.695        2     0.00000
    -57.545        2     0.00000
    -57.395        2     0.00000
    -57.245        2     0.00000
    -57.095        2     0.00000
    -56.945        2     0.00000
    -56.795        2     0.00000
    -56.645        2     0.00000
    -56.495        2     0.00000
    -56.345        2     0.00000
    -56.195        2     0.00000
    -56.045        2     0.00000
    -55.895        2     0.00000
    -55.745        2     0.00000
    -55.595        2     0.00000
    -55.445        2     0.00000
    -55.295        2     0.00000
    -55.145        2     0.00000
    -54.995        2     0.00000
    -54.845        2     0.00000
    -54.695        2     0.00000
    -54.545        2     0.00000
    -54.395        2     0.00000
    -54.245        2     0.00000
    -54.095        2     0.00000
    -53.945        2     0.00000
    -53.795        2     0.00000
    -53.645        2     0.00000
    -53.495        2     0.00000
    -53.345        2     0.00000
    -53.195        2     0.00000
    -53.045        2     0.00000
    -52.895        2     0.00000
    -52.745        2     0.00000
    -52.595        2     0.00000
    -52.445        2     0.00000
    -52.295        2     0.00000
    -52.145        2     0.00000
    -51.995        2     0.00000
    -51.845        2     0.00000
    -51.695        2     0.00000
    -51.545        2     0.00000
    -51.395        2     0.00000
    -51.245        2     0.00000
    -51.095        2     0.00000
    -50.945        2     0.00000
    -50.795        2     0.00000
    -50.645        2     0.00000
    -50.495        2     0.00000
    -50.345        2     0.00000
    -50.195        2     0.00000
    -50.045        2     0.00000
    -49.895        2     0.00000
    -49.745        2     0.00000
    -49.595        2     0.00000
    -49.445        2     0.00000
    -49.295        2     0.00000
    -49.145        2     0.00000
    -48.995        2     0.00000
    -48.845        2     0.00000
    -48.695        2     0.00000
    -48.545        2     0.00000
    -48.395        2     0.00000
    -48.245        2     0.00000
    -48.095        2     0.00000
    -47.945        2     0.00000
    -47.795        2     0.00000
    -47.645        2     0.00000
    -47.495        2     0.00000
    -47.345        2     0.00000
    -47.195        2     0.00000
    -47.045        2     0.00000
    -46.895        2     0.00000
    -46.745        2     0.00000
    -46.595        2     0.00000
    -46.445        2     0.00000
    -46.295        2     0.00000
    -46.145        2     0.00000
    -45.995        2     0.00000
    -45.845        2     0.00000
    -45.695        2     0.00000
    -45.545        2     0.00000
    -45.395        2     0.00000
    -45.245        2     0.00000
    -45.095        2     0.00000
    -44.945        2     0.00000
    -44.795        2     0.00000
    -44.645        2     0.00000
    -44.495        2     0.00000
    -44.345        2     0.00000
    -44.195        2     0.00000
    -44.045        2     0.00000
    -43.895        2     0.00000
    -43.745        2     0.00000
    -43.595        2     0.00000
    -43.445        2     0.00000
    -43.295        2     0.00000
    -43.145        2     0.00000
    -42.995        2     0.00000
    -42.845        2     0.00000
    -42.695        2     0.00000
    -42.545        2     0.00000
    -42.395        2     0.00000
    -42.245        2     0.00000
    -42.095        2     0.00000
    -41.945        2     0.00000
    -41.795        2     0.00000
    -41.645        2     0.00000
    -41.495        2     0.00000
    -41.345        2     0.00000
    -41.195        2     0.00000
    -41.045        2     0.00000
    -40.895        2     0.00000
    -40.745        2     0.00000
    -40.595        2     0.00000
    -40.445        2     0.00000
    -40.295        2     0.00000
    -40.145        2     0.00000
    -39.995        2     0.00000
    -39.845        2     0.00000
    -39.695        2     0.00000
    -39.545        2     0.00000
    -39.395        2     0.00000
    -39.245        2     0.00000
    -39.095        2     0.00000
    -38.945        2     0.00000
    -38.795        2     0.00000
    -38.645        2     0.00000
    -38.495        2     0.00000
    -38.345        2     0.00000
    -38.195        2     0.00000
    -38.045        2     0.00000
    -37.895        2     0.00000
    -37.745        2     0.00000
    -37.595        2     0.00000
    -37.445        2     0.00000
    -37.295        2     0.00000
    -37.145        2     0.00000
    -36.995        2     0.00000
    -36.845        2     0.00000
    -36.695        2     0.00000
    -36.545        2     0.00000
    -36.395        2     0.00000
    -36.245        2     0.00000
    -36.095        2     0.00000
    -35.945        2     0.00000
    -35.795        2     0.00000
    -35.645        2     0.00000
    -35.495        2     0.00000
    -35.345        2     0.00000
    -35.195        2     0.00000
    -35.045        2     0.00000
    -34.895        2     0.00000
    -34.745        2     0.00000
    -34.595        2     0.00000
    -34.445        2     0.00000
    -34.295        2     0.00000
    -34.145        2     0.00000
    -33.995        2     0.00000
    -33.845        2     0.00000
    -33.695        2     0.00000
    -33.545        2     0.00000
    -33.395        2     0.00000
    -33.245        2     0.00000
    -33.095        2     0.00000
    -32.945        2     0.00000
    -32.795        2     0.00000
    -32.645        2     0.00000
    -32.495        2     0.00000
    -32.345        2     0.00000
    -32.195        2     0.00000
    -32.045        2     0.00000
    -31.895        2     0.00000
    -31.745        2     0.00000
    -31.595        2     0.00000
    -31.445        2     0.00000
    -31.295        2     0.00000
    -31.145        2     0.00000
    -30.995        2     0.00000
    -30.845        2     0.00000
    -30.695        2     0.00000
    -30.545        2     0.00000
    -30.395        2     0.00000
    -30.245        2     0.00000
    -30.095        2     0.00000
    -29.945        2     0.00000
    -29.795        2     0.00000
    -29.645        2     0.00000
    -29.495        2     0.00000
    -29.345        2     0.00000
    -29.195        2     0.00000
    -29.045        2     0.00000
    -28.895        2     0.00000
    -28.745        2     0.00000
    -28.595        2     0.00000
    -28.445        2     0.00000
    -28.295        2     0.00000
    -28.145        2     0.00000
    -27.995        2     0.00000
    -27.845        2     0.00000
    -27.695        2     0.00000
    -27.545        2     0.00000
    -27.395        2     0.00000
    -27.245        2     0.00000
    -27.095        2     0.00000
    -26.945        2     0.00000
    -26.795        2     0.00000
    -26.645        2     0.00000
    -26.495        2     0.00000
    -26.345        2     0.00000
    -26.195        2     0.00000
    -26.045        2     0.00000
    -25.895        2     0.00000
    -25.745        2     0.00000
    -25.595        2     0.00000
    -25.445        2     0.00000
    -25.295        2     0.00000
    -25.145        2     0.00000
    -24.995        2     0.00000
    -24.845        2     0.00000
    -24.695        2     0.00000
    -24.545        2     0.00000
    -24.395        2     0.00000
    -24.245        2     0.00000
    -24.095        2     0.00000
    -23.945        2     0.00000
    -23.795        2     0.00000
    -23.645        2     0.00000
    -23.495        2     0.00000
    -23.345        2     0.00000
    -23.195        2     0.00000
    -23.045        2     0.00000
    -22.895        2     0.00000
    -22.745        2     0.00000
    -22.595        2     0.00000
    -22.445        2     0.00000
    -22.295        2     0.00000
    -22.145        2     0.00000
    -21.995        2     0.00000
    -21.845        2     0.00000
    -21.695        2     0.00000
    -21.545        2     0.00000
    -21.395        2     0.00000
    -21.245        2     0.00000
    -21.095        2     0.00000
    -20.945        2     0.00000
    -20.795        2     0.00000
    -20.645        2     0.00000
    -20.495        2     0.00000
    -20.345        2     0.00000
    -20.195        2     0.00000
    -20.045        2     0.00000
    -19.895        2     0.00000
    -19.745        2     0.00000
    -19.595        2     0.00000
    -19.445        2     0.00000
    -19.295        2     0.00000
    -19.145        2     0.00000
    -18.995        2     0.00000
    -18.845        2     0.00000
    -18.695        2     0.00000
    -18.545        2     0.00000
    -18.395        2     0.00000
    -18.245        2     0.00000
    -18.095        2     0.00000
    -17.945        2     0.00000
    -17.795        2     0.00000
    -17.645        2     0.00000
    -17.495        2     0.00000
    -17.345        2     0.00000
    -17.195        2     0.00000
    -17.045        2     0.00000
    -16.895        2     0.00000
    -16.745        2     0.00000
    -16.595        2     0.00000
    -16.445        2     0.00000
    -16.295        2     0.00000
    -16.145        2     0.00000
    -15.995        2     0.00000
    -15.845        2     0.00000
    -15.695        2     0.00000
    -15.545        2     0.00000
    -15.395        2     0.00000
    -15.245        2     0.00000
    -15.095        2     0.00000
    -14.945        2     0.00000
    -14.795        2    -0.00209
    -14.645        2    -0.01183
    -14.495        2    -0.02901
    -14.345        2    -0.06529
    -14.195        2    -0.11346
    -14.045        2    -0.17777
    -13.895        2    -0.25655
    -13.745        2    -0.35036
    -13.595        2    -0.46008
    -13.445        2    -0.61391
    -13.295        2    -0.81894
    -13.145        2    -1.11064
    -12.995        2    -1.47421
    -12.845        2    -1.91961
    -12.695        2    -2.42812
    -12.545        2    -3.00583
    -12.395        2    -3.63339
    -12.245        2    -4.29978
    -12.095        2    -4.97984
    -11.945        2    -5.70656
    -11.795        2    -6.43580
    -11.645        2    -7.20979
    -11.495        2    -8.02759
    -11.345        2    -8.88773
    -11.195        2    -9.79282
    -11.045        2   -10.73707
    -10.895        2   -11.70327
    -10.745        2   -12.70596
    -10.595        2   -13.71609
    -10.445        2   -14.76073
    -10.295        2   -15.80833
    -10.145        2   -16.86123
    -9.9950        2   -17.93840
    -9.8450        2   -19.04079
    -9.6950        2   -20.14557
    -9.5450        2   -21.25180
    -9.3950        2   -22.39892
    -9.2450        2   -23.53359
    -9.0950        2   -24.68438
    -8.9450        2   -25.84119
    -8.7950        2   -27.05325
    -8.6450        2   -28.31638
    -8.4950        2   -29.59640
    -8.3450        2   -30.92364
    -8.1950        2   -32.28667
    -8.0450        2   -33.66850
    -7.8950        2   -35.09596
    -7.7450        2   -36.57005
    -7.5950        2   -38.10758
    -7.4450        2   -39.71415
    -7.2950        2   -41.34938
    -7.1450        2   -43.04795
    -6.9950        2   -44.76781
    -6.8450        2   -46.51510
    -6.6950        2   -48.27387
    -6.5450        2   -50.04288
    -6.3950        2   -51.83086
    -6.2450        2   -53.59706
    -6.0950        2   -55.39040
    -5.9450        2   -57.18208
    -5.7950        2   -58.97136
    -5.6450        2   -60.75288
    -5.4950        2   -62.51344
    -5.3450        2   -64.23195
    -5.1950        2   -65.92630
    -5.0450        2   -67.57618
    -4.8950        2   -69.19830
    -4.7450        2   -70.79802
    -4.5950        2   -72.38357
    -4.4450        2   -73.93963
    -4.2950        2   -75.50196
    -4.1450        2   -77.08788
    -3.9950        2   -78.71511
    -3.8450        2   -80.38786
    -3.6950        2   -82.13116
    -3.5450        2   -83.94892
    -3.3950        2   -85.87124
    -3.2450        2   -87.90642
    -3.0950        2   -90.06187
    -2.9450        2   -92.36408
    -2.7950        2   -94.84363
    -2.6450        2   -97.51820
    -2.4950        2  -100.47811
    -2.3450        2  -103.75696
    -2.1950        2  -107.49833
    -2.0450        2  -111.79213
    -1.8950        2  -116.75883
    -1.7450        2  -122.52018
    -1.5950        2  -129.14047
    -1.4450        2  -136.64320
    -1.2950        2  -145.04435
    -1.1450        2  -154.24498
   -0.99500        2  -164.11237
   -0.84500        2  -174.55399
   -0.69500        2  -185.63561
   -0.54500        2  -197.72866
   -0.39500        2  -211.78009
   -0.25300        2  -222.74438
   -0.21500        2  -223.50000
   -0.20900        2  -224.26845
   -0.20300        2  -225.04924
   -0.19700        2  -225.84270
   -0.19100        2  -226.64991
   -0.18500        2  -227.47283
   -0.17900        2  -228.31123
   -0.17300        2  -229.16590
   -0.16700        2  -230.03994
   -0.16100        2  -230.93057
   -0.15500        2  -231.84149
   -0.14900        2  -232.77508
   -0.14300        2  -233.72959
   -0.13700        2  -234.71224
   -0.13100        2  -235.72198
   -0.12500        2  -236.75994
   -0.11900        2  -237.83082
   -0.11300        2  -238.93873
   -0.10700        2  -240.08690
   -0.10100        2  -241.27671
   -0.95000E-01    2  -242.51361
   -0.89000E-01    2  -243.80371
   -0.83000E-01    2  -245.15226
   -0.77000E-01    2  -246.56940
   -0.71000E-01    2  -248.06688
   -0.65000E-01    2  -249.65887
   -0.59000E-01    2  -251.36511
   -0.53000E-01    2  -253.21400
   -0.47000E-01    2  -255.24585
   -0.41000E-01    2  -257.52701
   -0.35000E-01    2  -260.15453
   -0.29000E-01    2  -263.27681
   -0.23000E-01    2  -267.15789
   -0.19700E-01    2  -267.59988
   -0.19100E-01    2  -268.05618
   -0.18500E-01    2  -268.52722
   -0.17900E-01    2  -269.01431
   -0.17300E-01    2  -269.51830
   -0.16700E-01    2  -270.03965
   -0.16100E-01    2  -270.57974
   -0.15500E-01    2  -271.13981
   -0.14900E-01    2  -271.72035
   -0.14300E-01    2  -272.32181
   -0.13700E-01    2  -272.94589
   -0.13100E-01    2  -273.59422
   -0.12500E-01    2  -274.26743
   -0.11900E-01    2  -274.96583
   -0.11300E-01    2  -275.68985
   -0.10700E-01    2  -276.44012
   -0.10100E-01    2  -277.21804
   -0.95000E-02    2  -278.02432
   -0.89000E-02    2  -278.85800
   -0.83000E-02    2  -279.71825
   -0.77000E-02    2  -280.60585
   -0.71000E-02    2  -281.52026
   -0.65000E-02    2  -282.46071
   -0.59000E-02    2  -283.42584
   -0.53000E-02    2  -284.41125
   -0.47000E-02    2  -285.40845
   -0.41000E-02    2  -286.38893
   -0.35000E-02    2  -287.30845
   -0.29000E-02    2  -288.12910
   -0.23000E-02    2  -288.82099
   -0.17000E-02    2  -289.36226
   -0.11000E-02    2  -289.73491
   -0.50000E-03    2  -289.92363
    0.10000E-03    2  -289.91761
    0.70000E-03    2  -289.71239
    0.13000E-02    2  -289.31177
    0.19000E-02    2  -288.73133
    0.25000E-02    2  -287.99691
    0.31000E-02    2  -287.14054
    0.37000E-02    2  -286.19764
    0.43000E-02    2  -285.20862
    0.49000E-02    2  -284.21625
    0.55000E-02    2  -283.23925
    0.61000E-02    2  -282.28447
    0.67000E-02    2  -281.35480
    0.73000E-02    2  -280.45191
    0.79000E-02    2  -279.57638
    0.85000E-02    2  -278.72725
    0.91000E-02    2  -277.90575
    0.97000E-02    2  -277.11208
    0.10300E-01    2  -276.34695
    0.10900E-01    2  -275.60900
    0.11500E-01    2  -274.89709
    0.12100E-01    2  -274.21050
    0.12700E-01    2  -273.54895
    0.13300E-01    2  -272.91146
    0.13900E-01    2  -272.29760
    0.14500E-01    2  -271.70603
    0.15100E-01    2  -271.13575
    0.15700E-01    2  -270.58552
    0.16300E-01    2  -270.05450
    0.16900E-01    2  -269.54200
    0.17500E-01    2  -269.04673
    0.18100E-01    2  -268.56843
    0.18700E-01    2  -268.10526
    0.19300E-01    2  -267.65689
    0.20200E-01    2  -266.03533
    0.25000E-01    2  -262.48873
    0.31000E-01    2  -259.60022
    0.37000E-01    2  -257.15975
    0.43000E-01    2  -255.03961
    0.49000E-01    2  -253.15310
    0.55000E-01    2  -251.44437
    0.61000E-01    2  -249.87886
    0.67000E-01    2  -248.43079
    0.73000E-01    2  -247.08312
    0.79000E-01    2  -245.82126
    0.85000E-01    2  -244.63527
    0.91000E-01    2  -243.51824
    0.97000E-01    2  -242.46420
    0.10300        2  -241.46552
    0.10900        2  -240.51475
    0.11500        2  -239.60868
    0.12100        2  -238.74371
    0.12700        2  -237.91429
    0.13300        2  -237.11741
    0.13900        2  -236.35197
    0.14500        2  -235.61275
    0.15100        2  -234.89988
    0.15700        2  -234.21189
    0.16300        2  -233.54699
    0.16900        2  -232.90463
    0.17500        2  -232.28269
    0.18100        2  -231.68033
    0.18700        2  -231.09603
    0.19300        2  -230.53005
    0.19900        2  -229.97996
    0.20500        2  -229.44516
    0.21100        2  -228.92576
    0.21700        2  -228.42007
    0.29500        2  -218.64093
    0.44500        2  -212.86900
    0.59500        2  -208.92843
    0.74500        2  -205.90845
    0.89500        2  -203.40144
     1.0450        2  -201.22259
     1.1950        2  -199.28177
     1.3450        2  -197.51846
     1.4950        2  -195.90770
     1.6450        2  -194.43176
     1.7950        2  -193.06919
     1.9450        2  -191.81591
     2.0950        2  -190.67150
     2.2450        2  -189.61982
     2.3950        2  -188.66762
     2.5450        2  -187.79833
     2.6950        2  -187.00038
     2.8450        2  -186.27298
     2.9950        2  -185.61033
     3.1450        2  -184.99824
     3.2950        2  -184.42935
     3.4450        2  -183.89371
     3.5950        2  -183.38452
     3.7450        2  -182.90993
     3.8950        2  -182.45646
     4.0450        2  -182.02842
     4.1950        2  -181.61866
     4.3450        2  -181.22827
     4.4950        2  -180.85537
     4.6450        2  -180.49496
     4.7950        2  -180.14519
     4.9450        2  -179.80685
     5.0950        2  -179.47888
     5.2450        2  -179.16137
     5.3950        2  -178.85093
     5.5450        2  -178.55004
     5.6950        2  -178.26029
     5.8450        2  -177.97724
     5.9950        2  -177.70282
     6.1450        2  -177.43557
     6.2950        2  -177.17463
     6.4450        2  -176.91999
     6.5950        2  -176.67121
     6.7450        2  -176.42928
     6.8950        2  -176.19155
     7.0450        2  -175.95813
     7.1950        2  -175.73045
     7.3450        2  -175.50774
     7.4950        2  -175.28978
     7.6450        2  -175.07435
     7.7950        2  -174.86555
     7.9450        2  -174.66046
     8.0950        2  -174.45744
     8.2450        2  -174.25865
     8.3950        2  -174.06318
     8.5450        2  -173.87265
     8.6950        2  -173.68536
     8.8450        2  -173.49861
     8.9950        2  -173.31867
     9.1450        2  -173.14115
     9.2950        2  -172.96626
     9.4450        2  -172.79315
     9.5950        2  -172.62250
     9.7450        2  -172.45328
     9.8950        2  -172.28738
     10.045        2  -172.12508
     10.195        2  -171.96406
     10.345        2  -171.80474
     10.495        2  -171.64850
     10.645        2  -171.49365
     10.795        2  -171.34265
     10.945        2  -171.19410
     11.095        2  -171.04701
     11.245        2  -170.90252
     11.395        2  -170.75842
     11.545        2  -170.61604
     11.695        2  -170.47488
     11.845        2  -170.33751
     11.995        2  -170.20151
     12.145        2  -170.06612
     12.295        2  -169.93303
     12.445        2  -169.80105
     12.595        2  -169.66943
     12.745        2  -169.54132
     12.895        2  -169.41498
     13.045        2  -169.28823
     13.195        2  -169.16330
     13.345        2  -169.04110
     13.495        2  -168.91939
     13.645        2  -168.79902
     13.795        2  -168.68043
     13.945        2  -168.56283
     14.095        2  -168.44633
     14.245        2  -168.33027
     14.395        2  -168.21655
     14.545        2  -168.10296
     14.695        2  -167.99152
     14.845        2  -167.88022
     14.995        2  -167.77129
     15.145        2  -167.66208
     15.295        2  -167.55469
     15.445        2  -167.44910
     15.595        2  -167.34310
     15.745        2  -167.23868
     15.895        2  -167.13432
     16.045        2  -167.03327
     16.195        2  -166.93280
     16.345        2  -166.83148
     16.495        2  -166.73199
     16.645        2  -166.63335
     16.795        2  -166.53498
     16.945        2  -166.43810
     17.095        2  -166.34127
     17.245        2  -166.24549
     17.395        2  -166.15052
     17.545        2  -166.05709
     17.695        2  -165.96370
     17.845        2  -165.87104
     17.995        2  -165.77941
     18.145        2  -165.68865
     18.295        2  -165.59918
     18.445        2  -165.50932
     18.595        2  -165.42142
     18.745        2  -165.33429
     18.895        2  -165.24767
     19.045        2  -165.16135
     19.195        2  -165.07702
     19.345        2  -164.99192
     19.495        2  -164.90749
     19.645        2  -164.82382
     19.795        2  -164.74011
     19.945        2  -164.65722
     20.095        2  -164.57589
     21.836        2  -162.10058
     30.068        2  -158.43315
     42.097        2  -154.78234
     58.937        2  -151.17675
     82.515        2  -147.60983
     115.53        2  -144.10467
     161.74        2  -140.66320
     226.45        2  -137.28984
     317.04        2  -133.98767
     443.87        2  -130.75603
     621.44        2  -127.58856
     870.05        2  -124.49855
     1218.1        2  -121.48264
     1705.4        2  -118.55011
     2387.7        2  -115.69233
     3342.9        2  -112.91180
     4680.2        2  -110.20145
     6552.5        2  -107.56425
     9173.8        2  -104.99541
     12844.        2  -102.49594
     17982.        2  -100.07179
     25176.        2   -97.73513
     35247.        2   -95.48412
     49348.        2   -93.32090
     69090.        2   -91.24839
     96729.        2   -89.26682
    0.13543E+06    2   -87.37409
    0.18960E+06    2   -85.56826
    0.26545E+06    2   -83.84892
    0.37165E+06    2   -82.20989
    0.52033E+06    2   -80.64780
    0.72849E+06    2   -79.16207
    0.10199E+07    2   -77.74623
    0.14279E+07    2   -76.40107
    0.19992E+07    2   -75.12264
    0.27990E+07    2   -73.90569
    0.39187E+07    2   -72.74713
    0.54864E+07    2   -71.64543
    0.76812E+07    2   -70.59971
    0.10754E+08    2   -69.60627
    0.15056E+08    2   -68.66124
    0.21080E+08    2   -67.76321
    0.29513E+08    2   -66.91203
    0.41319E+08    2   -66.11086
    0.57849E+08    2   -65.36601
    0.80991E+08    2   -64.67564
    0.11339E+09    2   -64.03362
    0.15875E+09    2   -63.43386
    0.22226E+09    2   -62.87542
    0.31118E+09    2   -62.35299
    0.43567E+09    2   -61.86446
    0.60996E+09    2   -61.41737
    0.85398E+09    2   -61.01210
    0.11956E+10    2   -60.64187
    0.16739E+10    2   -60.30284
    0.23436E+10    2   -59.99118
    0.32811E+10    2   -59.70476
    0.45937E+10    2   -59.44191
    0.64315E+10    2   -59.19988
    0.90044E+10    2   -58.97766
    0.12607E+11    2   -58.77262
    0.17650E+11    2   -58.58416
    0.24711E+11    2   -58.41101
    0.34596E+11    2   -58.25205
    0.48437E+11    2   -58.10542
    0.67814E+11    2   -57.97054
    0.10000E+12    2   -56.43576
