    -29.945         0.00000
    -29.795         0.00000
    -29.645         0.00000
    -29.495         0.00000
    -29.345         0.00000
    -29.195         0.00000
    -29.045         0.00000
    -28.895         0.00000
    -28.745         0.00000
    -28.595         0.00000
    -28.445         0.00000
    -28.295         0.00000
    -28.145         0.00000
    -27.995         0.00000
    -27.845         0.00000
    -27.695         0.00000
    -27.545         0.00000
    -27.395         0.00000
    -27.245         0.00000
    -27.095         0.00000
    -26.945         0.00000
    -26.795         0.00000
    -26.645         0.00000
    -26.495         0.00000
    -26.345         0.00000
    -26.195         0.00000
    -26.045         0.00000
    -25.895         0.00000
    -25.745         0.00000
    -25.595         0.00000
    -25.445         0.00000
    -25.295         0.00000
    -25.145         0.00000
    -24.995         0.00000
    -24.845         0.00000
    -24.695         0.00000
    -24.545         0.00000
    -24.395         0.00000
    -24.245         0.00000
    -24.095         0.00000
    -23.945         0.00000
    -23.795         0.00000
    -23.645         0.00000
    -23.495         0.00000
    -23.345         0.00000
    -23.195         0.00000
    -23.045         0.00000
    -22.895         0.00000
    -22.745         0.00000
    -22.595         0.00000
    -22.445         0.00000
    -22.295         0.00000
    -22.145         0.00000
    -21.995         0.00000
    -21.845         0.00000
    -21.695         0.00000
    -21.545         0.00000
    -21.395         0.00000
    -21.245         0.00000
    -21.095         0.00000
    -20.945         0.00000
    -20.795         0.00000
    -20.645         0.00000
    -20.495         0.00000
    -20.345         0.00000
    -20.195         0.00000
    -20.045         0.00000
    -19.895         0.00000
    -19.745         0.00000
    -19.595         0.00000
    -19.445         0.00000
    -19.295         0.00000
    -19.145         0.00000
    -18.995         0.00000
    -18.845         0.00000
    -18.695         0.00000
    -18.545         0.00000
    -18.395         0.00000
    -18.245         0.00000
    -18.095         0.00000
    -17.945         0.00000
    -17.795         0.00000
    -17.645         0.00000
    -17.495         0.00000
    -17.345         0.00000
    -17.195         0.00000
    -17.045         0.00000
    -16.895         0.00000
    -16.745         0.00000
    -16.595         0.00000
    -16.445         0.00000
    -16.295         0.00000
    -16.145         0.00000
    -15.995         0.00000
    -15.845         0.00000
    -15.695         0.00000
    -15.545        -0.00069
    -15.395        -0.00737
    -15.245        -0.03587
    -15.095        -0.10542
    -14.945        -0.22432
    -14.795        -0.37394
    -14.645        -0.56221
    -14.495        -0.78343
    -14.345        -1.04549
    -14.195        -1.34543
    -14.045        -1.69599
    -13.895        -2.07988
    -13.745        -2.51286
    -13.595        -3.00788
    -13.445        -3.54981
    -13.295        -4.13939
    -13.145        -4.78443
    -12.995        -5.49883
    -12.845        -6.31994
    -12.695        -7.25671
    -12.545        -8.29913
    -12.395        -9.41465
    -12.245       -10.62948
    -12.095       -11.93540
    -11.945       -13.34776
    -11.795       -14.85741
    -11.645       -16.44624
    -11.495       -18.07085
    -11.345       -19.73646
    -11.195       -21.39621
    -11.045       -23.09602
    -10.895       -24.81115
    -10.745       -26.52040
    -10.595       -28.24190
    -10.445       -29.97206
    -10.295       -31.72388
    -10.145       -33.48981
    -9.9950       -35.31682
    -9.8450       -37.20684
    -9.6950       -39.08512
    -9.5450       -41.01053
    -9.3950       -42.93046
    -9.2450       -44.86417
    -9.0950       -46.84240
    -8.9450       -48.86528
    -8.7950       -50.93655
    -8.6450       -53.01499
    -8.4950       -55.09416
    -8.3450       -57.17670
    -8.1950       -59.24103
    -8.0450       -61.31033
    -7.8950       -63.37951
    -7.7450       -65.49523
    -7.5950       -67.64821
    -7.4450       -69.85770
    -7.2950       -72.10309
    -7.1450       -74.38702
    -6.9950       -76.68136
    -6.8450       -79.03800
    -6.6950       -81.42659
    -6.5450       -83.85673
    -6.3950       -86.32990
    -6.2450       -88.81058
    -6.0950       -91.29689
    -5.9450       -93.77718
    -5.7950       -96.23567
    -5.6450       -98.72284
    -5.4950      -101.21354
    -5.3450      -103.67722
    -5.1950      -106.15555
    -5.0450      -108.61590
    -4.8950      -111.10466
    -4.7450      -113.59834
    -4.5950      -116.13310
    -4.4450      -118.70249
    -4.2950      -121.30659
    -4.1450      -123.99832
    -3.9950      -126.77340
    -3.8450      -129.66096
    -3.6950      -132.64662
    -3.5450      -135.76013
    -3.3950      -138.97046
    -3.2450      -142.32630
    -3.0950      -145.83259
    -2.9450      -149.51704
    -2.7950      -153.37237
    -2.6450      -157.43474
    -2.4950      -161.75653
    -2.3450      -166.35256
    -2.1950      -171.34781
    -2.0450      -176.90389
    -1.8950      -183.18020
    -1.7450      -190.34299
    -1.5950      -198.52988
    -1.4450      -207.68273
    -1.2950      -217.74217
    -1.1450      -228.58356
   -0.99500      -240.05042
   -0.84500      -252.01536
   -0.69500      -264.50489
   -0.54500      -277.83496
   -0.39500      -293.09626
   -0.25300      -304.79047
   -0.21500      -305.58882
   -0.20900      -306.39953
   -0.20300      -307.22214
   -0.19700      -308.05808
   -0.19100      -308.90588
   -0.18500      -309.76937
   -0.17900      -310.64596
   -0.17300      -311.54037
   -0.16700      -312.45138
   -0.16100      -313.38024
   -0.15500      -314.32761
   -0.14900      -315.29603
   -0.14300      -316.28564
   -0.13700      -317.29916
   -0.13100      -318.33748
   -0.12500      -319.40365
   -0.11900      -320.49915
   -0.11300      -321.62886
   -0.10700      -322.79408
   -0.10100      -323.99833
   -0.95000E-01  -325.24773
   -0.89000E-01  -326.54617
   -0.83000E-01  -327.90368
   -0.77000E-01  -329.32680
   -0.71000E-01  -330.82494
   -0.65000E-01  -332.40968
   -0.59000E-01  -334.09580
   -0.53000E-01  -335.90786
   -0.47000E-01  -337.87114
   -0.41000E-01  -340.02645
   -0.35000E-01  -342.43608
   -0.29000E-01  -345.20231
   -0.23000E-01  -348.50395
   -0.19700E-01  -348.87050
   -0.19100E-01  -349.24655
   -0.18500E-01  -349.63241
   -0.17900E-01  -350.02884
   -0.17300E-01  -350.43697
   -0.16700E-01  -350.85761
   -0.16100E-01  -351.29050
   -0.15500E-01  -351.73645
   -0.14900E-01  -352.19631
   -0.14300E-01  -352.67059
   -0.13700E-01  -353.15989
   -0.13100E-01  -353.66557
   -0.12500E-01  -354.18815
   -0.11900E-01  -354.72907
   -0.11300E-01  -355.28951
   -0.10700E-01  -355.87177
   -0.10100E-01  -356.47678
   -0.95000E-02  -357.10611
   -0.89000E-02  -357.76118
   -0.83000E-02  -358.44404
   -0.77000E-02  -359.15677
   -0.71000E-02  -359.90093
   -0.65000E-02  -360.67840
   -0.59000E-02  -361.48960
   -0.53000E-02  -362.33184
   -0.47000E-02  -363.19748
   -0.41000E-02  -364.07596
   -0.35000E-02  -364.94858
   -0.29000E-02  -365.78823
   -0.23000E-02  -366.56258
   -0.17000E-02  -367.22557
   -0.11000E-02  -367.70961
   -0.50000E-03  -367.94553
    0.10000E-03  -367.89747
    0.70000E-03  -367.57291
    0.13000E-02  -367.02088
    0.19000E-02  -366.31396
    0.25000E-02  -365.51578
    0.31000E-02  -364.67290
    0.37000E-02  -363.81254
    0.43000E-02  -362.95284
    0.49000E-02  -362.10681
    0.55000E-02  -361.28363
    0.61000E-02  -360.49134
    0.67000E-02  -359.73277
    0.73000E-02  -359.00552
    0.79000E-02  -358.30900
    0.85000E-02  -357.64045
    0.91000E-02  -356.99759
    0.97000E-02  -356.38010
    0.10300E-01  -355.78612
    0.10900E-01  -355.21429
    0.11500E-01  -354.66335
    0.12100E-01  -354.13096
    0.12700E-01  -353.61701
    0.13300E-01  -353.11941
    0.13900E-01  -352.63752
    0.14500E-01  -352.17096
    0.15100E-01  -351.71865
    0.15700E-01  -351.28010
    0.16300E-01  -350.85467
    0.16900E-01  -350.44163
    0.17500E-01  -350.04012
    0.18100E-01  -349.64959
    0.18700E-01  -349.26995
    0.19300E-01  -348.90058
    0.20200E-01  -347.54525
    0.25000E-01  -344.48936
    0.31000E-01  -341.90596
    0.37000E-01  -339.65031
    0.43000E-01  -337.63915
    0.49000E-01  -335.81921
    0.55000E-01  -334.15951
    0.61000E-01  -332.63188
    0.67000E-01  -331.22012
    0.73000E-01  -329.90646
    0.79000E-01  -328.67804
    0.85000E-01  -327.52321
    0.91000E-01  -326.43378
    0.97000E-01  -325.40160
    0.10300      -324.42072
    0.10900      -323.48624
    0.11500      -322.59310
    0.12100      -321.73874
    0.12700      -320.91801
    0.13300      -320.13029
    0.13900      -319.37146
    0.14500      -318.64031
    0.15100      -317.93422
    0.15700      -317.25202
    0.16300      -316.59143
    0.16900      -315.95241
    0.17500      -315.33362
    0.18100      -314.73406
    0.18700      -314.15065
    0.19300      -313.58544
    0.19900      -313.03410
    0.20500      -312.50056
    0.21100      -311.98032
    0.21700      -311.47468
    0.29500      -301.75891
    0.44500      -295.98078
    0.59500      -291.83230
    0.74500      -288.48619
    0.89500      -285.62609
     1.0450      -283.09748
     1.1950      -280.83006
     1.3450      -278.74863
     1.4950      -276.84281
     1.6450      -275.07169
     1.7950      -273.43122
     1.9450      -271.90768
     2.0950      -270.48668
     2.2450      -269.16626
     2.3950      -267.93894
     2.5450      -266.80797
     2.6950      -265.76851
     2.8450      -264.79910
     2.9950      -263.91135
     3.1450      -263.07702
     3.2950      -262.31310
     3.4450      -261.59577
     3.5950      -260.92021
     3.7450      -260.29248
     3.8950      -259.70038
     4.0450      -259.13596
     4.1950      -258.59544
     4.3450      -258.08054
     4.4950      -257.58763
     4.6450      -257.11367
     4.7950      -256.65669
     4.9450      -256.21256
     5.0950      -255.78670
     5.2450      -255.37600
     5.3950      -254.97425
     5.5450      -254.58420
     5.6950      -254.20571
     5.8450      -253.83468
     5.9950      -253.47397
     6.1450      -253.12130
     6.2950      -252.77872
     6.4450      -252.44440
     6.5950      -252.11773
     6.7450      -251.79810
     6.8950      -251.48701
     7.0450      -251.18245
     7.1950      -250.88136
     7.3450      -250.58800
     7.4950      -250.30197
     7.6450      -250.02037
     7.7950      -249.74436
     7.9450      -249.47552
     8.0950      -249.20759
     8.2450      -248.94663
     8.3950      -248.69101
     8.5450      -248.43826
     8.6950      -248.19110
     8.8450      -247.94627
     8.9950      -247.70676
     9.1450      -247.47107
     9.2950      -247.23896
     9.4450      -247.01006
     9.5950      -246.78440
     9.7450      -246.56248
     9.8950      -246.34390
     10.045      -246.12879
     10.195      -245.91692
     10.345      -245.70963
     10.495      -245.50480
     10.645      -245.30083
     10.795      -245.10035
     10.945      -244.90191
     11.095      -244.70650
     11.245      -244.51352
     11.395      -244.32413
     11.545      -244.13620
     11.695      -243.95101
     11.845      -243.76669
     11.995      -243.58525
     12.145      -243.40620
     12.295      -243.22968
     12.445      -243.05458
     12.595      -242.88205
     12.745      -242.71143
     12.895      -242.54344
     13.045      -242.37608
     13.195      -242.21141
     13.345      -242.04795
     13.495      -241.88617
     13.645      -241.72778
     13.795      -241.57011
     13.945      -241.41472
     14.095      -241.25950
     14.245      -241.10730
     14.395      -240.95484
     14.545      -240.80533
     14.695      -240.65671
     14.845      -240.50963
     14.995      -240.36440
     15.145      -240.22002
     15.295      -240.07754
     15.445      -239.93609
     15.595      -239.79554
     15.745      -239.65621
     15.895      -239.51881
     16.045      -239.38253
     16.195      -239.24760
     16.345      -239.11409
     16.495      -238.98079
     16.645      -238.84912
     16.795      -238.71824
     16.945      -238.58981
     17.095      -238.46218
     17.245      -238.33492
     17.395      -238.20905
     17.545      -238.08460
     17.695      -237.96118
     17.845      -237.83857
     17.995      -237.71645
     18.145      -237.59547
     18.295      -237.47615
     18.445      -237.35686
     18.595      -237.23849
     18.745      -237.12266
     18.895      -237.00712
     19.045      -236.89136
     19.195      -236.77640
     19.345      -236.66202
     19.495      -236.54931
     19.645      -236.43778
     19.795      -236.32666
     19.945      -236.21585
     20.095      -236.10672
     20.245      -235.99800
     20.395      -235.88971
     20.545      -235.78221
     20.695      -235.67552
     20.845      -235.56932
     20.995      -235.46420
     21.145      -235.36042
     21.295      -235.25790
     21.445      -235.15602
     21.595      -235.05385
     21.745      -234.95249
     21.895      -234.85199
     22.045      -234.75255
     22.195      -234.65309
     22.345      -234.55466
     22.495      -234.45769
     22.645      -234.35977
     22.795      -234.26258
     22.945      -234.16671
     23.095      -234.07076
     23.245      -233.97615
     23.395      -233.88144
     23.545      -233.78796
     23.695      -233.69498
     23.845      -233.60255
     23.995      -233.51129
     24.145      -233.41974
     24.295      -233.32917
     24.445      -233.23894
     24.595      -233.14879
     24.745      -233.05956
     24.895      -232.97070
     25.045      -232.88254
     25.195      -232.79595
     25.345      -232.70921
     25.495      -232.62263
     25.645      -232.53645
     25.795      -232.45101
     25.945      -232.36617
     26.095      -232.28166
     26.245      -232.19792
     26.395      -232.11437
     26.545      -232.03115
     26.695      -231.94931
     26.845      -231.86688
     26.995      -231.78545
     27.145      -231.70449
     27.295      -231.62333
     27.445      -231.54379
     27.595      -231.46416
     27.745      -231.38440
     27.895      -231.30544
     28.045      -231.22649
     28.195      -231.14801
     28.345      -231.06958
     28.495      -230.99223
     28.645      -230.91536
     28.795      -230.83914
     28.945      -230.76266
     29.095      -230.68746
     29.245      -230.61190
     29.395      -230.53661
     29.545      -230.46242
     29.695      -230.38792
     29.845      -230.31351
     29.995      -230.24000
     30.145      -230.16684
     30.295      -230.09407
     30.445      -230.02184
     30.595      -229.94931
     30.745      -229.87744
     30.895      -229.80587
     31.045      -229.73471
     31.195      -229.66389
     31.345      -229.59315
     31.495      -229.52303
     31.645      -229.45311
     31.795      -229.38349
     31.945      -229.31417
     32.095      -229.24535
     32.245      -229.17677
     32.395      -229.10889
     32.545      -229.04072
     32.695      -228.97284
     32.845      -228.90643
     32.995      -228.84016
     33.145      -228.77410
     33.295      -228.70758
     33.445      -228.64158
     33.595      -228.57609
     33.745      -228.51097
     33.895      -228.44533
     34.045      -228.38043
     34.195      -228.31600
     34.345      -228.25172
     34.495      -228.18730
     34.645      -228.12310
     34.795      -228.05948
     34.945      -227.99649
     35.095      -227.93312
     35.245      -227.87034
     35.395      -227.80833
     35.545      -227.74637
     35.695      -227.68481
     35.845      -227.62291
     35.995      -227.56149
     36.145      -227.50039
     36.295      -227.43880
     36.445      -227.37772
     36.595      -227.31741
     36.745      -227.25696
     36.895      -227.19666
     37.045      -227.13680
     37.195      -227.07669
     37.345      -227.01739
     37.495      -226.95847
     37.645      -226.90006
     37.795      -226.84176
     37.945      -226.78416
     38.095      -226.72617
     38.245      -226.66824
     38.395      -226.61079
     38.545      -226.55344
     38.695      -226.49614
     38.845      -226.43964
     38.995      -226.38267
     39.145      -226.32620
     39.295      -226.26996
     39.445      -226.21398
     39.595      -226.15799
     39.745      -226.10245
     39.895      -226.04747
     40.045      -225.99227
     40.195      -225.93697
     40.345      -225.88213
     40.495      -225.82695
     40.645      -225.77271
     40.795      -225.71842
     40.945      -225.66442
     41.095      -225.61121
     41.245      -225.55780
     41.395      -225.50443
     41.545      -225.45125
     41.695      -225.39828
     41.845      -225.34527
     41.995      -225.29296
     42.145      -225.24045
     42.295      -225.18838
     42.445      -225.13670
     42.595      -225.08474
     42.745      -225.03323
     42.895      -224.98144
     43.045      -224.93017
     43.195      -224.87926
     43.345      -224.82836
     43.495      -224.77740
     43.645      -224.72653
     43.795      -224.67601
     43.945      -224.62605
     44.095      -224.57540
     44.245      -224.52592
     44.395      -224.47556
     44.545      -224.42652
     44.695      -224.37717
     44.845      -224.32748
     44.995      -224.27911
     45.145      -224.23006
     45.295      -224.18147
     45.445      -224.13258
     45.595      -224.08421
     45.745      -224.03590
     45.895      -223.98765
     46.045      -223.93954
     46.195      -223.89187
     46.345      -223.84370
     46.495      -223.79617
     46.645      -223.74856
     46.795      -223.70114
     46.945      -223.65374
     47.095      -223.60698
     47.245      -223.55998
     47.395      -223.51335
     47.545      -223.46705
     47.695      -223.42086
     47.845      -223.37459
     47.995      -223.32873
     48.145      -223.28317
     48.295      -223.23693
     48.445      -223.19122
     48.595      -223.14598
     48.745      -223.10068
     48.895      -223.05548
     49.045      -223.00945
     49.195      -222.96447
     49.345      -222.91989
     49.495      -222.87530
     49.645      -222.83043
     49.795      -222.78574
     49.945      -222.74131
     50.095      -222.69751
     50.245      -222.65335
     50.395      -222.60945
     50.545      -222.56602
     50.695      -222.52299
     50.845      -222.48006
     50.995      -222.43681
     51.145      -222.39353
     51.295      -222.35060
     51.445      -222.30708
     51.595      -222.26458
     51.745      -222.22162
     51.895      -222.17920
     52.045      -222.13682
     52.195      -222.09480
     52.345      -222.05282
     52.495      -222.01079
     52.645      -221.96899
     52.795      -221.92703
     52.945      -221.88529
     53.095      -221.84381
     53.245      -221.80281
     53.395      -221.76110
     53.545      -221.71977
     53.695      -221.67853
     53.845      -221.63729
     53.995      -221.59662
     54.145      -221.55622
     54.295      -221.51600
     54.445      -221.47532
     54.595      -221.43512
     54.745      -221.39507
     54.895      -221.35496
     55.045      -221.31519
     55.195      -221.27533
     55.345      -221.23561
     55.495      -221.19572
     55.645      -221.15607
     55.795      -221.11689
     55.945      -221.07773
     56.095      -221.03859
     56.245      -220.99891
     56.395      -220.95998
     56.545      -220.92084
     56.695      -220.88215
     56.845      -220.84364
     56.995      -220.80497
     57.145      -220.76623
     57.295      -220.72790
     57.445      -220.68915
     57.595      -220.65115
     57.745      -220.61310
     57.895      -220.57554
     58.045      -220.53726
     58.195      -220.49951
     58.345      -220.46136
     58.495      -220.42392
     58.645      -220.38613
     58.795      -220.34902
     58.945      -220.31164
     59.095      -220.27454
     59.245      -220.23730
     59.395      -220.19964
     59.545      -220.16236
     59.695      -220.12587
     59.845      -220.08882
     59.995      -220.05246
     60.145      -220.01554
     70.939      -215.34892
     97.698      -210.73196
     134.55      -206.17168
     185.30      -201.67431
     255.20      -197.25009
     351.46      -192.89915
     484.04      -188.61177
     666.62      -184.37749
     918.07      -180.22282
     1264.4      -176.15564
     1741.3      -172.17585
     2398.1      -168.28726
     3302.7      -164.49566
     4548.5      -160.79661
     6264.3      -157.18405
     8627.2      -153.66548
     11881.      -150.24173
     16363.      -146.91359
     22535.      -143.69048
     31036.      -140.57058
     42743.      -137.56098
     58866.      -134.66887
     81070.      -131.89765
    0.11165E+06  -129.24637
    0.15377E+06  -126.71271
    0.21177E+06  -124.28912
    0.29165E+06  -121.97596
    0.40166E+06  -119.76708
    0.55317E+06  -117.66127
    0.76182E+06  -115.65200
    0.10492E+07  -113.73409
    0.14449E+07  -111.90588
    0.19900E+07  -110.16314
    0.27406E+07  -108.50188
    0.37744E+07  -106.91705
    0.51981E+07  -105.40811
    0.71589E+07  -103.96937
    0.98593E+07  -102.59815
    0.13578E+08  -101.29320
    0.18700E+08  -100.04959
    0.25754E+08   -98.86533
    0.35468E+08   -97.74131
    0.48847E+08   -96.68575
    0.67273E+08   -95.70307
    0.92648E+08   -94.78886
    0.12760E+09   -93.93697
    0.17573E+09   -93.13898
    0.24201E+09   -92.39129
    0.33330E+09   -91.68970
    0.45902E+09   -91.03286
    0.63217E+09   -90.43152
    0.87062E+09   -89.88348
    0.11990E+10   -89.38146
    0.16513E+10   -88.91820
    0.22742E+10   -88.49108
    0.31320E+10   -88.09707
    0.43134E+10   -87.73210
    0.59405E+10   -87.39666
    0.81813E+10   -87.08672
    0.11267E+11   -86.80067
    0.15517E+11   -86.53653
    0.21371E+11   -86.29293
    0.29432E+11   -86.06750
    0.40534E+11   -85.85986
    0.55823E+11   -85.66754
    0.10000E+12   -83.35967
