    -29.945        1     0.00000
    -29.795        1     0.00000
    -29.645        1     0.00000
    -29.495        1     0.00000
    -29.345        1     0.00000
    -29.195        1     0.00000
    -29.045        1     0.00000
    -28.895        1     0.00000
    -28.745        1     0.00000
    -28.595        1     0.00000
    -28.445        1     0.00000
    -28.295        1     0.00000
    -28.145        1     0.00000
    -27.995        1     0.00000
    -27.845        1     0.00000
    -27.695        1     0.00000
    -27.545        1     0.00000
    -27.395        1     0.00000
    -27.245        1     0.00000
    -27.095        1     0.00000
    -26.945        1     0.00000
    -26.795        1     0.00000
    -26.645        1     0.00000
    -26.495        1     0.00000
    -26.345        1     0.00000
    -26.195        1     0.00000
    -26.045        1     0.00000
    -25.895        1     0.00000
    -25.745        1     0.00000
    -25.595        1     0.00000
    -25.445        1     0.00000
    -25.295        1     0.00000
    -25.145        1     0.00000
    -24.995        1     0.00000
    -24.845        1     0.00000
    -24.695        1     0.00000
    -24.545        1     0.00000
    -24.395        1     0.00000
    -24.245        1     0.00000
    -24.095        1     0.00000
    -23.945        1     0.00000
    -23.795        1     0.00000
    -23.645        1     0.00000
    -23.495        1     0.00000
    -23.345        1     0.00000
    -23.195        1     0.00000
    -23.045        1    -0.00035
    -22.895        1    -0.00053
    -22.745        1    -0.00070
    -22.595        1    -0.00070
    -22.445        1    -0.00070
    -22.295        1    -0.00121
    -22.145        1    -0.00156
    -21.995        1    -0.00258
    -21.845        1    -0.00307
    -21.695        1    -0.00504
    -21.545        1    -0.00571
    -21.395        1    -0.00797
    -21.245        1    -0.01004
    -21.095        1    -0.01293
    -20.945        1    -0.01771
    -20.795        1    -0.02485
    -20.645        1    -0.03405
    -20.495        1    -0.04998
    -20.345        1    -0.06682
    -20.195        1    -0.09207
    -20.045        1    -0.13109
    -19.895        1    -0.17607
    -19.745        1    -0.24801
    -19.595        1    -0.33466
    -19.445        1    -0.44556
    -19.295        1    -0.57894
    -19.145        1    -0.73531
    -18.995        1    -0.91518
    -18.845        1    -1.12269
    -18.695        1    -1.34771
    -18.545        1    -1.60137
    -18.395        1    -1.87048
    -18.245        1    -2.14230
    -18.095        1    -2.44508
    -17.945        1    -2.74586
    -17.795        1    -3.04652
    -17.645        1    -3.33717
    -17.495        1    -3.63502
    -17.345        1    -3.93527
    -17.195        1    -4.22818
    -17.045        1    -4.51175
    -16.895        1    -4.78652
    -16.745        1    -5.06109
    -16.595        1    -5.32557
    -16.445        1    -5.58941
    -16.295        1    -5.84393
    -16.145        1    -6.09994
    -15.995        1    -6.35585
    -15.845        1    -6.60283
    -15.695        1    -6.85389
    -15.545        1    -7.10138
    -15.395        1    -7.34616
    -15.245        1    -7.59289
    -15.095        1    -7.84993
    -14.945        1    -8.10594
    -14.795        1    -8.35647
    -14.645        1    -8.61642
    -14.495        1    -8.87360
    -14.345        1    -9.13220
    -14.195        1    -9.38925
    -14.045        1    -9.64097
    -13.895        1    -9.89141
    -13.745        1   -10.16293
    -13.595        1   -10.41928
    -13.445        1   -10.68245
    -13.295        1   -10.93853
    -13.145        1   -11.20543
    -12.995        1   -11.47401
    -12.845        1   -11.74789
    -12.695        1   -12.01095
    -12.545        1   -12.28938
    -12.395        1   -12.57253
    -12.245        1   -12.87157
    -12.095        1   -13.16410
    -11.945        1   -13.46872
    -11.795        1   -13.76238
    -11.645        1   -14.07394
    -11.495        1   -14.38221
    -11.345        1   -14.69937
    -11.195        1   -15.00270
    -11.045        1   -15.31444
    -10.895        1   -15.62401
    -10.745        1   -15.91979
    -10.595        1   -16.22327
    -10.445        1   -16.52156
    -10.295        1   -16.81845
    -10.145        1   -17.10126
    -9.9950        1   -17.37323
    -9.8450        1   -17.65248
    -9.6950        1   -17.92465
    -9.5450        1   -18.18095
    -9.3950        1   -18.44009
    -9.2450        1   -18.68685
    -9.0950        1   -18.93265
    -8.9450        1   -19.17688
    -8.7950        1   -19.41766
    -8.6450        1   -19.65379
    -8.4950        1   -19.89410
    -8.3450        1   -20.13344
    -8.1950        1   -20.37094
    -8.0450        1   -20.60731
    -7.8950        1   -20.85067
    -7.7450        1   -21.08985
    -7.5950        1   -21.33132
    -7.4450        1   -21.57787
    -7.2950        1   -21.82561
    -7.1450        1   -22.06862
    -6.9950        1   -22.32295
    -6.8450        1   -22.57013
    -6.6950        1   -22.81188
    -6.5450        1   -23.05948
    -6.3950        1   -23.30846
    -6.2450        1   -23.55525
    -6.0950        1   -23.80539
    -5.9450        1   -24.06341
    -5.7950        1   -24.32491
    -5.6450        1   -24.59301
    -5.4950        1   -24.86208
    -5.3450        1   -25.13836
    -5.1950        1   -25.41914
    -5.0450        1   -25.70318
    -4.8950        1   -25.99460
    -4.7450        1   -26.28998
    -4.5950        1   -26.58758
    -4.4450        1   -26.90241
    -4.2950        1   -27.21759
    -4.1450        1   -27.55156
    -3.9950        1   -27.89868
    -3.8450        1   -28.26047
    -3.6950        1   -28.64675
    -3.5450        1   -29.06315
    -3.3950        1   -29.50780
    -3.2450        1   -29.98595
    -3.0950        1   -30.49144
    -2.9450        1   -31.03216
    -2.7950        1   -31.60792
    -2.6450        1   -32.20758
    -2.4950        1   -32.83237
    -2.3450        1   -33.47886
    -2.1950        1   -34.13824
    -2.0450        1   -34.80618
    -1.8950        1   -35.48683
    -1.7450        1   -36.16600
    -1.5950        1   -36.83931
    -1.4450        1   -37.51148
    -1.2950        1   -38.17923
    -1.1450        1   -38.85080
   -0.99500        1   -39.53532
   -0.84500        1   -40.24267
   -0.69500        1   -40.99691
   -0.54500        1   -41.83050
   -0.39500        1   -42.79320
   -0.25300        1   -43.51810
   -0.21500        1   -43.56761
   -0.20900        1   -43.61721
   -0.20300        1   -43.66777
   -0.19700        1   -43.71871
   -0.19100        1   -43.77035
   -0.18500        1   -43.82287
   -0.17900        1   -43.87580
   -0.17300        1   -43.93026
   -0.16700        1   -43.98548
   -0.16100        1   -44.04195
   -0.15500        1   -44.09911
   -0.14900        1   -44.15762
   -0.14300        1   -44.21794
   -0.13700        1   -44.27962
   -0.13100        1   -44.34248
   -0.12500        1   -44.40724
   -0.11900        1   -44.47386
   -0.11300        1   -44.54249
   -0.10700        1   -44.61329
   -0.10100        1   -44.68647
   -0.95000E-01    1   -44.76286
   -0.89000E-01    1   -44.84334
   -0.83000E-01    1   -44.92677
   -0.77000E-01    1   -45.01515
   -0.71000E-01    1   -45.10875
   -0.65000E-01    1   -45.20886
   -0.59000E-01    1   -45.31731
   -0.53000E-01    1   -45.43580
   -0.47000E-01    1   -45.56760
   -0.41000E-01    1   -45.71792
   -0.35000E-01    1   -45.89273
   -0.29000E-01    1   -46.10370
   -0.23000E-01    1   -46.37211
   -0.19700E-01    1   -46.40257
   -0.19100E-01    1   -46.43379
   -0.18500E-01    1   -46.46577
   -0.17900E-01    1   -46.49846
   -0.17300E-01    1   -46.53190
   -0.16700E-01    1   -46.56606
   -0.16100E-01    1   -46.60085
   -0.15500E-01    1   -46.63614
   -0.14900E-01    1   -46.67208
   -0.14300E-01    1   -46.70845
   -0.13700E-01    1   -46.74525
   -0.13100E-01    1   -46.78242
   -0.12500E-01    1   -46.81982
   -0.11900E-01    1   -46.85743
   -0.11300E-01    1   -46.89506
   -0.10700E-01    1   -46.93269
   -0.10100E-01    1   -46.97018
   -0.95000E-02    1   -47.00736
   -0.89000E-02    1   -47.04415
   -0.83000E-02    1   -47.08022
   -0.77000E-02    1   -47.11546
   -0.71000E-02    1   -47.14956
   -0.65000E-02    1   -47.18209
   -0.59000E-02    1   -47.21280
   -0.53000E-02    1   -47.24129
   -0.47000E-02    1   -47.26728
   -0.41000E-02    1   -47.29061
   -0.35000E-02    1   -47.31098
   -0.29000E-02    1   -47.32825
   -0.23000E-02    1   -47.34219
   -0.17000E-02    1   -47.35270
   -0.11000E-02    1   -47.35968
   -0.50000E-03    1   -47.36303
    0.10000E-03    1   -47.36275
    0.70000E-03    1   -47.35875
    0.13000E-02    1   -47.35108
    0.19000E-02    1   -47.33979
    0.25000E-02    1   -47.32511
    0.31000E-02    1   -47.30708
    0.37000E-02    1   -47.28588
    0.43000E-02    1   -47.26178
    0.49000E-02    1   -47.23500
    0.55000E-02    1   -47.20583
    0.61000E-02    1   -47.17455
    0.67000E-02    1   -47.14147
    0.73000E-02    1   -47.10698
    0.79000E-02    1   -47.07144
    0.85000E-02    1   -47.03499
    0.91000E-02    1   -46.99805
    0.97000E-02    1   -46.96073
    0.10300E-01    1   -46.92318
    0.10900E-01    1   -46.88556
    0.11500E-01    1   -46.84795
    0.12100E-01    1   -46.81053
    0.12700E-01    1   -46.77335
    0.13300E-01    1   -46.73639
    0.13900E-01    1   -46.69987
    0.14500E-01    1   -46.66385
    0.15100E-01    1   -46.62827
    0.15700E-01    1   -46.59328
    0.16300E-01    1   -46.55888
    0.16900E-01    1   -46.52512
    0.17500E-01    1   -46.49210
    0.18100E-01    1   -46.45976
    0.18700E-01    1   -46.42821
    0.19300E-01    1   -46.39731
    0.20200E-01    1   -46.28412
    0.25000E-01    1   -46.04028
    0.31000E-01    1   -45.84544
    0.37000E-01    1   -45.68234
    0.43000E-01    1   -45.54183
    0.49000E-01    1   -45.41848
    0.55000E-01    1   -45.30768
    0.61000E-01    1   -45.20664
    0.67000E-01    1   -45.11442
    0.73000E-01    1   -45.02923
    0.79000E-01    1   -44.94979
    0.85000E-01    1   -44.87549
    0.91000E-01    1   -44.80619
    0.97000E-01    1   -44.74069
    0.10300        1   -44.67921
    0.10900        1   -44.62109
    0.11500        1   -44.56580
    0.12100        1   -44.51376
    0.12700        1   -44.46382
    0.13300        1   -44.41667
    0.13900        1   -44.37163
    0.14500        1   -44.32867
    0.15100        1   -44.28761
    0.15700        1   -44.24803
    0.16300        1   -44.21046
    0.16900        1   -44.17449
    0.17500        1   -44.13950
    0.18100        1   -44.10618
    0.18700        1   -44.07414
    0.19300        1   -44.04329
    0.19900        1   -44.01363
    0.20500        1   -43.98506
    0.21100        1   -43.95751
    0.21700        1   -43.93062
    0.29500        1   -43.43758
    0.44500        1   -43.17538
    0.59500        1   -43.00781
    0.74500        1   -42.87954
    0.89500        1   -42.77368
     1.0450        1   -42.68087
     1.1950        1   -42.59670
     1.3450        1   -42.51990
     1.4950        1   -42.44752
     1.6450        1   -42.37998
     1.7950        1   -42.31732
     1.9450        1   -42.25709
     2.0950        1   -42.20155
     2.2450        1   -42.14991
     2.3950        1   -42.10106
     2.5450        1   -42.05571
     2.6950        1   -42.01166
     2.8450        1   -41.97165
     2.9950        1   -41.93366
     3.1450        1   -41.89907
     3.2950        1   -41.86417
     3.4450        1   -41.83279
     3.5950        1   -41.80306
     3.7450        1   -41.77579
     3.8950        1   -41.75004
     4.0450        1   -41.72557
     4.1950        1   -41.70122
     4.3450        1   -41.67860
     4.4950        1   -41.65721
     4.6450        1   -41.63628
     4.7950        1   -41.61714
     4.9450        1   -41.59833
     5.0950        1   -41.57991
     5.2450        1   -41.56370
     5.3950        1   -41.54829
     5.5450        1   -41.53282
     5.6950        1   -41.51744
     5.8450        1   -41.50356
     5.9950        1   -41.48906
     6.1450        1   -41.47567
     6.2950        1   -41.46227
     6.4450        1   -41.44982
     6.5950        1   -41.43752
     6.7450        1   -41.42438
     6.8950        1   -41.41222
     7.0450        1   -41.40069
     7.1950        1   -41.38883
     7.3450        1   -41.37806
     7.4950        1   -41.36715
     7.6450        1   -41.35647
     7.7950        1   -41.34527
     7.9450        1   -41.33482
     8.0950        1   -41.32322
     8.2450        1   -41.31340
     8.3950        1   -41.30334
     8.5450        1   -41.29385
     8.6950        1   -41.28467
     8.8450        1   -41.27448
     8.9950        1   -41.26499
     9.1450        1   -41.25609
     9.2950        1   -41.24705
     9.4450        1   -41.23804
     9.5950        1   -41.22952
     9.7450        1   -41.22094
     9.8950        1   -41.21274
     10.045        1   -41.20429
     10.195        1   -41.19561
     10.345        1   -41.18688
     10.495        1   -41.17898
     10.645        1   -41.17087
     10.795        1   -41.16318
     10.945        1   -41.15516
     11.095        1   -41.14760
     11.245        1   -41.14021
     11.395        1   -41.13254
     11.545        1   -41.12493
     11.695        1   -41.11770
     11.845        1   -41.11029
     11.995        1   -41.10335
     12.145        1   -41.09605
     12.295        1   -41.08930
     12.445        1   -41.08210
     12.595        1   -41.07502
     12.745        1   -41.06795
     12.895        1   -41.06132
     13.045        1   -41.05467
     13.195        1   -41.04780
     13.345        1   -41.04127
     13.495        1   -41.03485
     13.645        1   -41.02868
     13.795        1   -41.02227
     13.945        1   -41.01573
     14.095        1   -41.00965
     14.245        1   -41.00341
     14.395        1   -40.99724
     14.545        1   -40.99135
     14.695        1   -40.98553
     14.845        1   -40.97958
     14.995        1   -40.97399
     15.145        1   -40.96832
     15.295        1   -40.96276
     15.445        1   -40.95716
     15.595        1   -40.95134
     15.745        1   -40.94590
     15.895        1   -40.94003
     16.045        1   -40.93446
     16.195        1   -40.92920
     16.345        1   -40.92367
     16.495        1   -40.91817
     16.645        1   -40.91292
     16.795        1   -40.90775
     16.945        1   -40.90269
     17.095        1   -40.89762
     17.245        1   -40.89228
     17.395        1   -40.88735
     17.545        1   -40.88220
     17.695        1   -40.87699
     17.845        1   -40.87192
     17.995        1   -40.86668
     18.145        1   -40.86141
     18.295        1   -40.85663
     18.445        1   -40.85211
     18.595        1   -40.84690
     18.745        1   -40.84203
     18.895        1   -40.83739
     19.045        1   -40.83298
     19.195        1   -40.82856
     19.345        1   -40.82415
     19.495        1   -40.81933
     19.645        1   -40.81451
     19.795        1   -40.80954
     19.945        1   -40.80498
     20.095        1   -40.80029
     20.245        1   -40.79589
     20.395        1   -40.79151
     20.545        1   -40.78693
     20.695        1   -40.78271
     20.845        1   -40.77837
     20.995        1   -40.77419
     21.145        1   -40.76988
     21.295        1   -40.76538
     21.445        1   -40.76102
     21.595        1   -40.75687
     21.745        1   -40.75296
     21.895        1   -40.74872
     22.045        1   -40.74432
     22.195        1   -40.74027
     22.345        1   -40.73621
     22.495        1   -40.73234
     22.645        1   -40.72828
     22.795        1   -40.72439
     22.945        1   -40.72018
     23.095        1   -40.71612
     23.245        1   -40.71211
     23.395        1   -40.70800
     23.545        1   -40.70432
     23.695        1   -40.70061
     23.845        1   -40.69686
     23.995        1   -40.69323
     24.145        1   -40.68949
     24.295        1   -40.68576
     24.445        1   -40.68222
     24.595        1   -40.67866
     24.745        1   -40.67465
     24.895        1   -40.67083
     25.045        1   -40.66715
     25.195        1   -40.66355
     25.345        1   -40.65974
     25.495        1   -40.65608
     25.645        1   -40.65261
     25.795        1   -40.64874
     25.945        1   -40.64505
     26.095        1   -40.64173
     26.245        1   -40.63836
     26.395        1   -40.63479
     26.545        1   -40.63134
     26.695        1   -40.62792
     26.845        1   -40.62457
     26.995        1   -40.62137
     27.145        1   -40.61778
     27.295        1   -40.61420
     27.445        1   -40.61089
     27.595        1   -40.60756
     27.745        1   -40.60440
     27.895        1   -40.60108
     28.045        1   -40.59771
     28.195        1   -40.59462
     28.345        1   -40.59143
     28.495        1   -40.58811
     28.645        1   -40.58515
     28.795        1   -40.58191
     28.945        1   -40.57888
     29.095        1   -40.57552
     29.245        1   -40.57240
     29.395        1   -40.56934
     29.545        1   -40.56630
     29.695        1   -40.56321
     29.845        1   -40.56007
     29.995        1   -40.55702
     30.145        1   -40.55407
     30.295        1   -40.55085
     30.445        1   -40.54784
     30.595        1   -40.54434
     30.745        1   -40.54149
     30.895        1   -40.53846
     31.045        1   -40.53529
     31.195        1   -40.53238
     31.345        1   -40.52939
     31.495        1   -40.52652
     31.645        1   -40.52360
     31.795        1   -40.52079
     31.945        1   -40.51793
     32.095        1   -40.51494
     32.245        1   -40.51204
     32.395        1   -40.50933
     32.545        1   -40.50630
     32.695        1   -40.50354
     32.845        1   -40.50088
     32.995        1   -40.49798
     33.145        1   -40.49527
     33.295        1   -40.49270
     33.445        1   -40.48992
     33.595        1   -40.48720
     33.745        1   -40.48442
     33.895        1   -40.48181
     34.045        1   -40.47910
     34.195        1   -40.47642
     34.345        1   -40.47372
     34.495        1   -40.47111
     34.645        1   -40.46839
     34.795        1   -40.46582
     34.945        1   -40.46319
     35.095        1   -40.46039
     35.245        1   -40.45780
     35.395        1   -40.45529
     35.545        1   -40.45254
     35.695        1   -40.45009
     35.845        1   -40.44705
     35.995        1   -40.44448
     36.145        1   -40.44163
     36.295        1   -40.43924
     36.445        1   -40.43660
     36.595        1   -40.43393
     36.745        1   -40.43134
     36.895        1   -40.42883
     37.045        1   -40.42622
     37.195        1   -40.42371
     37.345        1   -40.42127
     37.495        1   -40.41870
     37.645        1   -40.41598
     37.795        1   -40.41363
     37.945        1   -40.41086
     38.095        1   -40.40863
     38.245        1   -40.40620
     38.395        1   -40.40362
     38.545        1   -40.40112
     38.695        1   -40.39879
     38.845        1   -40.39635
     38.995        1   -40.39402
     39.145        1   -40.39150
     39.295        1   -40.38893
     39.445        1   -40.38648
     39.595        1   -40.38413
     39.745        1   -40.38167
     39.895        1   -40.37946
     40.045        1   -40.37711
     40.195        1   -40.37471
     40.345        1   -40.37224
     40.495        1   -40.36983
     40.645        1   -40.36756
     40.795        1   -40.36527
     40.945        1   -40.36289
     41.095        1   -40.36057
     41.245        1   -40.35841
     41.395        1   -40.35614
     41.545        1   -40.35397
     41.695        1   -40.35151
     41.845        1   -40.34943
     41.995        1   -40.34721
     42.145        1   -40.34487
     42.295        1   -40.34249
     42.445        1   -40.34029
     42.595        1   -40.33802
     42.745        1   -40.33587
     42.895        1   -40.33380
     43.045        1   -40.33151
     43.195        1   -40.32924
     43.345        1   -40.32694
     43.495        1   -40.32490
     43.645        1   -40.32281
     43.795        1   -40.32062
     43.945        1   -40.31856
     44.095        1   -40.31628
     44.245        1   -40.31417
     44.395        1   -40.31202
     44.545        1   -40.30995
     44.695        1   -40.30793
     44.845        1   -40.30580
     44.995        1   -40.30379
     45.145        1   -40.30161
     45.295        1   -40.29944
     45.445        1   -40.29738
     45.595        1   -40.29541
     45.745        1   -40.29339
     45.895        1   -40.29141
     46.045        1   -40.28945
     46.195        1   -40.28740
     46.345        1   -40.28526
     46.495        1   -40.28273
     46.645        1   -40.28068
     46.795        1   -40.27854
     46.945        1   -40.27656
     47.095        1   -40.27472
     47.245        1   -40.27273
     47.395        1   -40.27075
     47.545        1   -40.26885
     47.695        1   -40.26690
     47.845        1   -40.26489
     47.995        1   -40.26301
     48.145        1   -40.26105
     48.295        1   -40.25909
     48.445        1   -40.25731
     48.595        1   -40.25527
     48.745        1   -40.25339
     48.895        1   -40.25160
     49.045        1   -40.24969
     49.195        1   -40.24780
     49.345        1   -40.24598
     49.495        1   -40.24388
     49.645        1   -40.24185
     49.795        1   -40.23994
     49.945        1   -40.23797
     50.095        1   -40.23623
     50.245        1   -40.23436
     50.395        1   -40.23242
     50.545        1   -40.23058
     50.695        1   -40.22881
     50.845        1   -40.22684
     50.995        1   -40.22515
     51.145        1   -40.22324
     51.295        1   -40.22135
     51.445        1   -40.21948
     51.595        1   -40.21763
     51.745        1   -40.21573
     51.895        1   -40.21387
     52.045        1   -40.21198
     52.195        1   -40.21027
     52.345        1   -40.20854
     52.495        1   -40.20673
     52.645        1   -40.20496
     52.795        1   -40.20310
     52.945        1   -40.20115
     53.095        1   -40.19946
     53.245        1   -40.19779
     53.395        1   -40.19599
     53.545        1   -40.19426
     53.695        1   -40.19229
     53.845        1   -40.19060
     53.995        1   -40.18900
     54.145        1   -40.18716
     54.295        1   -40.18541
     54.445        1   -40.18380
     54.595        1   -40.18216
     54.745        1   -40.18026
     54.895        1   -40.17852
     55.045        1   -40.17673
     55.195        1   -40.17506
     55.345        1   -40.17331
     55.495        1   -40.17163
     55.645        1   -40.16995
     55.795        1   -40.16822
     55.945        1   -40.16647
     56.095        1   -40.16480
     56.245        1   -40.16318
     56.395        1   -40.16166
     56.545        1   -40.15988
     56.695        1   -40.15822
     56.845        1   -40.15634
     56.995        1   -40.15468
     57.145        1   -40.15286
     57.295        1   -40.15125
     57.445        1   -40.14970
     57.595        1   -40.14786
     57.745        1   -40.14599
     57.895        1   -40.14432
     58.045        1   -40.14279
     58.195        1   -40.14123
     58.345        1   -40.13967
     58.495        1   -40.13812
     58.645        1   -40.13652
     58.795        1   -40.13495
     58.945        1   -40.13345
     59.095        1   -40.13187
     59.245        1   -40.13024
     59.395        1   -40.12868
     59.545        1   -40.12724
     59.695        1   -40.12571
     59.845        1   -40.12396
     59.995        1   -40.12248
     60.145        1   -40.12097
     70.939        1   -39.91679
     97.698        1   -39.71212
     134.55        1   -39.50929
     185.30        1   -39.30663
     255.20        1   -39.10604
     351.46        1   -38.90768
     484.04        1   -38.71187
     666.62        1   -38.51951
     918.07        1   -38.33045
     1264.4        1   -38.14378
     1741.3        1   -37.95919
     2398.1        1   -37.77778
     3302.7        1   -37.60061
     4548.5        1   -37.42581
     6264.3        1   -37.25438
     8627.2        1   -37.08502
     11881.        1   -36.91718
     16363.        1   -36.75287
     22535.        1   -36.58917
     31036.        1   -36.42935
     42743.        1   -36.27161
     58866.        1   -36.11512
     81070.        1   -35.96155
    0.11165E+06    1   -35.80947
    0.15377E+06    1   -35.65936
    0.21177E+06    1   -35.51125
    0.29165E+06    1   -35.36411
    0.40166E+06    1   -35.21864
    0.55317E+06    1   -35.07480
    0.76182E+06    1   -34.93194
    0.10492E+07    1   -34.78910
    0.14449E+07    1   -34.64718
    0.19900E+07    1   -34.50540
    0.27406E+07    1   -34.36389
    0.37744E+07    1   -34.22194
    0.51981E+07    1   -34.07901
    0.71589E+07    1   -33.93620
    0.98593E+07    1   -33.79246
    0.13578E+08    1   -33.64806
    0.18700E+08    1   -33.50301
    0.25754E+08    1   -33.35723
    0.35468E+08    1   -33.21254
    0.48847E+08    1   -33.07051
    0.67273E+08    1   -32.93139
    0.92648E+08    1   -32.79616
    0.12760E+09    1   -32.66455
    0.17573E+09    1   -32.53662
    0.24201E+09    1   -32.41252
    0.33330E+09    1   -32.29305
    0.45902E+09    1   -32.17887
    0.63217E+09    1   -32.07137
    0.87062E+09    1   -31.97003
    0.11990E+10    1   -31.87554
    0.16513E+10    1   -31.78756
    0.22742E+10    1   -31.70582
    0.31320E+10    1   -31.62908
    0.43134E+10    1   -31.55799
    0.59405E+10    1   -31.49164
    0.81813E+10    1   -31.43011
    0.11267E+11    1   -31.37299
    0.15517E+11    1   -31.31951
    0.21371E+11    1   -31.27000
    0.29432E+11    1   -31.22351
    0.40534E+11    1   -31.18055
    0.55823E+11    1   -31.14059
    0.10000E+12    1   -30.64330
    -149.95        2     0.00000
    -149.80        2     0.00000
    -149.65        2     0.00000
    -149.49        2     0.00000
    -149.34        2     0.00000
    -149.20        2     0.00000
    -149.05        2     0.00000
    -148.90        2     0.00000
    -148.74        2     0.00000
    -148.59        2     0.00000
    -148.45        2     0.00000
    -148.30        2     0.00000
    -148.15        2     0.00000
    -147.99        2     0.00000
    -147.84        2     0.00000
    -147.70        2     0.00000
    -147.55        2     0.00000
    -147.40        2     0.00000
    -147.24        2     0.00000
    -147.09        2     0.00000
    -146.95        2     0.00000
    -146.80        2     0.00000
    -146.65        2     0.00000
    -146.49        2     0.00000
    -146.34        2     0.00000
    -146.20        2     0.00000
    -146.05        2     0.00000
    -145.90        2     0.00000
    -145.74        2     0.00000
    -145.59        2     0.00000
    -145.45        2     0.00000
    -145.30        2     0.00000
    -145.15        2     0.00000
    -144.99        2     0.00000
    -144.84        2     0.00000
    -144.70        2     0.00000
    -144.55        2     0.00000
    -144.40        2     0.00000
    -144.24        2     0.00000
    -144.09        2     0.00000
    -143.95        2     0.00000
    -143.80        2     0.00000
    -143.65        2     0.00000
    -143.49        2     0.00000
    -143.34        2     0.00000
    -143.20        2     0.00000
    -143.05        2     0.00000
    -142.90        2     0.00000
    -142.74        2     0.00000
    -142.59        2     0.00000
    -142.45        2     0.00000
    -142.30        2     0.00000
    -142.15        2     0.00000
    -141.99        2     0.00000
    -141.84        2     0.00000
    -141.70        2     0.00000
    -141.55        2     0.00000
    -141.40        2     0.00000
    -141.24        2     0.00000
    -141.09        2     0.00000
    -140.95        2     0.00000
    -140.80        2     0.00000
    -140.65        2     0.00000
    -140.49        2     0.00000
    -140.34        2     0.00000
    -140.20        2     0.00000
    -140.05        2     0.00000
    -139.90        2     0.00000
    -139.74        2     0.00000
    -139.59        2     0.00000
    -139.45        2     0.00000
    -139.30        2     0.00000
    -139.15        2     0.00000
    -138.99        2     0.00000
    -138.84        2     0.00000
    -138.70        2     0.00000
    -138.55        2     0.00000
    -138.40        2     0.00000
    -138.24        2     0.00000
    -138.09        2     0.00000
    -137.95        2     0.00000
    -137.80        2     0.00000
    -137.65        2     0.00000
    -137.49        2     0.00000
    -137.34        2     0.00000
    -137.20        2     0.00000
    -137.05        2     0.00000
    -136.90        2     0.00000
    -136.74        2     0.00000
    -136.59        2     0.00000
    -136.45        2     0.00000
    -136.30        2     0.00000
    -136.15        2     0.00000
    -135.99        2     0.00000
    -135.84        2     0.00000
    -135.70        2     0.00000
    -135.55        2     0.00000
    -135.40        2     0.00000
    -135.24        2     0.00000
    -135.09        2     0.00000
    -134.95        2     0.00000
    -134.80        2     0.00000
    -134.65        2     0.00000
    -134.49        2     0.00000
    -134.34        2     0.00000
    -134.20        2     0.00000
    -134.05        2     0.00000
    -133.90        2     0.00000
    -133.74        2     0.00000
    -133.59        2     0.00000
    -133.45        2     0.00000
    -133.30        2     0.00000
    -133.15        2     0.00000
    -132.99        2     0.00000
    -132.84        2     0.00000
    -132.70        2     0.00000
    -132.55        2     0.00000
    -132.40        2     0.00000
    -132.24        2     0.00000
    -132.09        2     0.00000
    -131.95        2     0.00000
    -131.80        2     0.00000
    -131.65        2     0.00000
    -131.49        2     0.00000
    -131.34        2     0.00000
    -131.20        2     0.00000
    -131.05        2     0.00000
    -130.90        2     0.00000
    -130.74        2     0.00000
    -130.59        2     0.00000
    -130.45        2     0.00000
    -130.30        2     0.00000
    -130.15        2     0.00000
    -129.99        2     0.00000
    -129.84        2     0.00000
    -129.70        2     0.00000
    -129.55        2     0.00000
    -129.40        2     0.00000
    -129.24        2     0.00000
    -129.09        2     0.00000
    -128.95        2     0.00000
    -128.80        2     0.00000
    -128.65        2     0.00000
    -128.49        2     0.00000
    -128.34        2     0.00000
    -128.20        2     0.00000
    -128.05        2     0.00000
    -127.89        2     0.00000
    -127.75        2     0.00000
    -127.60        2     0.00000
    -127.44        2     0.00000
    -127.30        2     0.00000
    -127.14        2     0.00000
    -127.00        2     0.00000
    -126.85        2     0.00000
    -126.69        2     0.00000
    -126.55        2     0.00000
    -126.39        2     0.00000
    -126.25        2     0.00000
    -126.10        2     0.00000
    -125.94        2     0.00000
    -125.80        2     0.00000
    -125.64        2     0.00000
    -125.50        2     0.00000
    -125.35        2     0.00000
    -125.19        2     0.00000
    -125.05        2     0.00000
    -124.89        2     0.00000
    -124.75        2     0.00000
    -124.60        2     0.00000
    -124.44        2     0.00000
    -124.30        2     0.00000
    -124.14        2     0.00000
    -124.00        2     0.00000
    -123.85        2     0.00000
    -123.69        2     0.00000
    -123.55        2     0.00000
    -123.39        2     0.00000
    -123.25        2     0.00000
    -123.10        2     0.00000
    -122.94        2     0.00000
    -122.80        2     0.00000
    -122.64        2     0.00000
    -122.50        2     0.00000
    -122.35        2     0.00000
    -122.19        2     0.00000
    -122.05        2     0.00000
    -121.89        2     0.00000
    -121.75        2     0.00000
    -121.60        2     0.00000
    -121.44        2     0.00000
    -121.30        2     0.00000
    -121.14        2     0.00000
    -121.00        2     0.00000
    -120.85        2     0.00000
    -120.69        2     0.00000
    -120.55        2     0.00000
    -120.39        2     0.00000
    -120.25        2     0.00000
    -120.10        2     0.00000
    -119.94        2     0.00000
    -119.80        2     0.00000
    -119.64        2     0.00000
    -119.50        2     0.00000
    -119.35        2     0.00000
    -119.19        2     0.00000
    -119.05        2     0.00000
    -118.89        2     0.00000
    -118.75        2     0.00000
    -118.60        2     0.00000
    -118.44        2     0.00000
    -118.30        2     0.00000
    -118.14        2     0.00000
    -118.00        2     0.00000
    -117.85        2     0.00000
    -117.69        2     0.00000
    -117.55        2     0.00000
    -117.39        2     0.00000
    -117.25        2     0.00000
    -117.10        2     0.00000
    -116.94        2     0.00000
    -116.80        2     0.00000
    -116.64        2     0.00000
    -116.50        2     0.00000
    -116.35        2     0.00000
    -116.19        2     0.00000
    -116.05        2     0.00000
    -115.89        2     0.00000
    -115.75        2     0.00000
    -115.60        2     0.00000
    -115.44        2     0.00000
    -115.30        2     0.00000
    -115.14        2     0.00000
    -115.00        2     0.00000
    -114.85        2     0.00000
    -114.69        2     0.00000
    -114.55        2     0.00000
    -114.39        2     0.00000
    -114.25        2     0.00000
    -114.10        2     0.00000
    -113.94        2     0.00000
    -113.80        2     0.00000
    -113.64        2     0.00000
    -113.50        2     0.00000
    -113.35        2     0.00000
    -113.19        2     0.00000
    -113.05        2     0.00000
    -112.89        2     0.00000
    -112.75        2     0.00000
    -112.60        2     0.00000
    -112.44        2     0.00000
    -112.30        2     0.00000
    -112.14        2     0.00000
    -112.00        2     0.00000
    -111.85        2     0.00000
    -111.69        2     0.00000
    -111.55        2     0.00000
    -111.39        2     0.00000
    -111.25        2     0.00000
    -111.10        2     0.00000
    -110.94        2     0.00000
    -110.80        2     0.00000
    -110.64        2     0.00000
    -110.50        2     0.00000
    -110.35        2     0.00000
    -110.19        2     0.00000
    -110.05        2     0.00000
    -109.89        2     0.00000
    -109.75        2     0.00000
    -109.60        2     0.00000
    -109.44        2     0.00000
    -109.30        2     0.00000
    -109.14        2     0.00000
    -109.00        2     0.00000
    -108.85        2     0.00000
    -108.69        2     0.00000
    -108.55        2     0.00000
    -108.39        2     0.00000
    -108.25        2     0.00000
    -108.10        2     0.00000
    -107.94        2     0.00000
    -107.80        2     0.00000
    -107.64        2     0.00000
    -107.50        2     0.00000
    -107.35        2     0.00000
    -107.19        2     0.00000
    -107.05        2     0.00000
    -106.89        2     0.00000
    -106.75        2     0.00000
    -106.60        2     0.00000
    -106.44        2     0.00000
    -106.30        2     0.00000
    -106.14        2     0.00000
    -106.00        2     0.00000
    -105.85        2     0.00000
    -105.69        2     0.00000
    -105.55        2     0.00000
    -105.39        2     0.00000
    -105.25        2     0.00000
    -105.10        2     0.00000
    -104.94        2     0.00000
    -104.80        2     0.00000
    -104.64        2     0.00000
    -104.50        2     0.00000
    -104.35        2     0.00000
    -104.19        2     0.00000
    -104.05        2     0.00000
    -103.89        2     0.00000
    -103.75        2     0.00000
    -103.60        2     0.00000
    -103.44        2     0.00000
    -103.30        2     0.00000
    -103.14        2     0.00000
    -103.00        2     0.00000
    -102.85        2     0.00000
    -102.69        2     0.00000
    -102.55        2     0.00000
    -102.39        2     0.00000
    -102.25        2     0.00000
    -102.10        2     0.00000
    -101.94        2     0.00000
    -101.80        2     0.00000
    -101.64        2     0.00000
    -101.50        2     0.00000
    -101.35        2     0.00000
    -101.19        2     0.00000
    -101.05        2     0.00000
    -100.89        2     0.00000
    -100.75        2     0.00000
    -100.60        2     0.00000
    -100.44        2     0.00000
    -100.30        2     0.00000
    -100.14        2     0.00000
    -99.995        2     0.00000
    -99.845        2     0.00000
    -99.695        2     0.00000
    -99.545        2     0.00000
    -99.395        2     0.00000
    -99.245        2     0.00000
    -99.095        2     0.00000
    -98.945        2     0.00000
    -98.795        2     0.00000
    -98.645        2     0.00000
    -98.495        2     0.00000
    -98.345        2     0.00000
    -98.195        2     0.00000
    -98.045        2     0.00000
    -97.895        2     0.00000
    -97.745        2     0.00000
    -97.595        2     0.00000
    -97.445        2     0.00000
    -97.295        2     0.00000
    -97.145        2     0.00000
    -96.995        2     0.00000
    -96.845        2     0.00000
    -96.695        2     0.00000
    -96.545        2     0.00000
    -96.395        2     0.00000
    -96.245        2     0.00000
    -96.095        2     0.00000
    -95.945        2     0.00000
    -95.795        2     0.00000
    -95.645        2     0.00000
    -95.495        2     0.00000
    -95.345        2     0.00000
    -95.195        2     0.00000
    -95.045        2     0.00000
    -94.895        2     0.00000
    -94.745        2     0.00000
    -94.595        2     0.00000
    -94.445        2     0.00000
    -94.295        2     0.00000
    -94.145        2     0.00000
    -93.995        2     0.00000
    -93.845        2     0.00000
    -93.695        2     0.00000
    -93.545        2     0.00000
    -93.395        2     0.00000
    -93.245        2     0.00000
    -93.095        2     0.00000
    -92.945        2     0.00000
    -92.795        2     0.00000
    -92.645        2     0.00000
    -92.495        2     0.00000
    -92.345        2     0.00000
    -92.195        2     0.00000
    -92.045        2     0.00000
    -91.895        2     0.00000
    -91.745        2     0.00000
    -91.595        2     0.00000
    -91.445        2     0.00000
    -91.295        2     0.00000
    -91.145        2     0.00000
    -90.995        2     0.00000
    -90.845        2     0.00000
    -90.695        2     0.00000
    -90.545        2     0.00000
    -90.395        2     0.00000
    -90.245        2     0.00000
    -90.095        2     0.00000
    -89.945        2     0.00000
    -89.795        2     0.00000
    -89.645        2     0.00000
    -89.495        2     0.00000
    -89.345        2     0.00000
    -89.195        2     0.00000
    -89.045        2     0.00000
    -88.895        2     0.00000
    -88.745        2     0.00000
    -88.595        2     0.00000
    -88.445        2     0.00000
    -88.295        2     0.00000
    -88.145        2     0.00000
    -87.995        2     0.00000
    -87.845        2     0.00000
    -87.695        2     0.00000
    -87.545        2     0.00000
    -87.395        2     0.00000
    -87.245        2     0.00000
    -87.095        2     0.00000
    -86.945        2     0.00000
    -86.795        2     0.00000
    -86.645        2     0.00000
    -86.495        2     0.00000
    -86.345        2     0.00000
    -86.195        2     0.00000
    -86.045        2     0.00000
    -85.895        2     0.00000
    -85.745        2     0.00000
    -85.595        2     0.00000
    -85.445        2     0.00000
    -85.295        2     0.00000
    -85.145        2     0.00000
    -84.995        2     0.00000
    -84.845        2     0.00000
    -84.695        2     0.00000
    -84.545        2     0.00000
    -84.395        2     0.00000
    -84.245        2     0.00000
    -84.095        2     0.00000
    -83.945        2     0.00000
    -83.795        2     0.00000
    -83.645        2     0.00000
    -83.495        2     0.00000
    -83.345        2     0.00000
    -83.195        2     0.00000
    -83.045        2     0.00000
    -82.895        2     0.00000
    -82.745        2     0.00000
    -82.595        2     0.00000
    -82.445        2     0.00000
    -82.295        2     0.00000
    -82.145        2     0.00000
    -81.995        2     0.00000
    -81.845        2     0.00000
    -81.695        2     0.00000
    -81.545        2     0.00000
    -81.395        2     0.00000
    -81.245        2     0.00000
    -81.095        2     0.00000
    -80.945        2     0.00000
    -80.795        2     0.00000
    -80.645        2     0.00000
    -80.495        2     0.00000
    -80.345        2     0.00000
    -80.195        2     0.00000
    -80.045        2     0.00000
    -79.895        2     0.00000
    -79.745        2     0.00000
    -79.595        2     0.00000
    -79.445        2     0.00000
    -79.295        2     0.00000
    -79.145        2     0.00000
    -78.995        2     0.00000
    -78.845        2     0.00000
    -78.695        2     0.00000
    -78.545        2     0.00000
    -78.395        2     0.00000
    -78.245        2     0.00000
    -78.095        2     0.00000
    -77.945        2     0.00000
    -77.795        2     0.00000
    -77.645        2     0.00000
    -77.495        2     0.00000
    -77.345        2     0.00000
    -77.195        2     0.00000
    -77.045        2     0.00000
    -76.895        2     0.00000
    -76.745        2     0.00000
    -76.595        2     0.00000
    -76.445        2     0.00000
    -76.295        2     0.00000
    -76.145        2     0.00000
    -75.995        2     0.00000
    -75.845        2     0.00000
    -75.695        2     0.00000
    -75.545        2     0.00000
    -75.395        2     0.00000
    -75.245        2     0.00000
    -75.095        2     0.00000
    -74.945        2     0.00000
    -74.795        2     0.00000
    -74.645        2     0.00000
    -74.495        2     0.00000
    -74.345        2     0.00000
    -74.195        2     0.00000
    -74.045        2     0.00000
    -73.895        2     0.00000
    -73.745        2     0.00000
    -73.595        2     0.00000
    -73.445        2     0.00000
    -73.295        2     0.00000
    -73.145        2     0.00000
    -72.995        2     0.00000
    -72.845        2     0.00000
    -72.695        2     0.00000
    -72.545        2     0.00000
    -72.395        2     0.00000
    -72.245        2     0.00000
    -72.095        2     0.00000
    -71.945        2     0.00000
    -71.795        2     0.00000
    -71.645        2     0.00000
    -71.495        2     0.00000
    -71.345        2     0.00000
    -71.195        2     0.00000
    -71.045        2     0.00000
    -70.895        2     0.00000
    -70.745        2     0.00000
    -70.595        2     0.00000
    -70.445        2     0.00000
    -70.295        2     0.00000
    -70.145        2     0.00000
    -69.995        2     0.00000
    -69.845        2     0.00000
    -69.695        2     0.00000
    -69.545        2     0.00000
    -69.395        2     0.00000
    -69.245        2     0.00000
    -69.095        2     0.00000
    -68.945        2     0.00000
    -68.795        2     0.00000
    -68.645        2     0.00000
    -68.495        2     0.00000
    -68.345        2     0.00000
    -68.195        2     0.00000
    -68.045        2     0.00000
    -67.895        2     0.00000
    -67.745        2     0.00000
    -67.595        2     0.00000
    -67.445        2     0.00000
    -67.295        2     0.00000
    -67.145        2     0.00000
    -66.995        2     0.00000
    -66.845        2     0.00000
    -66.695        2     0.00000
    -66.545        2     0.00000
    -66.395        2     0.00000
    -66.245        2     0.00000
    -66.095        2     0.00000
    -65.945        2     0.00000
    -65.795        2     0.00000
    -65.645        2     0.00000
    -65.495        2     0.00000
    -65.345        2     0.00000
    -65.195        2     0.00000
    -65.045        2     0.00000
    -64.895        2     0.00000
    -64.745        2     0.00000
    -64.595        2     0.00000
    -64.445        2     0.00000
    -64.295        2     0.00000
    -64.145        2     0.00000
    -63.995        2     0.00000
    -63.845        2     0.00000
    -63.695        2     0.00000
    -63.545        2     0.00000
    -63.395        2     0.00000
    -63.245        2     0.00000
    -63.095        2     0.00000
    -62.945        2     0.00000
    -62.795        2     0.00000
    -62.645        2     0.00000
    -62.495        2     0.00000
    -62.345        2     0.00000
    -62.195        2     0.00000
    -62.045        2     0.00000
    -61.895        2     0.00000
    -61.745        2     0.00000
    -61.595        2     0.00000
    -61.445        2     0.00000
    -61.295        2     0.00000
    -61.145        2     0.00000
    -60.995        2     0.00000
    -60.845        2     0.00000
    -60.695        2     0.00000
    -60.545        2     0.00000
    -60.395        2     0.00000
    -60.245        2     0.00000
    -60.095        2     0.00000
    -59.945        2     0.00000
    -59.795        2     0.00000
    -59.645        2     0.00000
    -59.495        2     0.00000
    -59.345        2     0.00000
    -59.195        2     0.00000
    -59.045        2     0.00000
    -58.895        2     0.00000
    -58.745        2     0.00000
    -58.595        2     0.00000
    -58.445        2     0.00000
    -58.295        2     0.00000
    -58.145        2     0.00000
    -57.995        2     0.00000
    -57.845        2     0.00000
    -57.695        2     0.00000
    -57.545        2     0.00000
    -57.395        2     0.00000
    -57.245        2     0.00000
    -57.095        2     0.00000
    -56.945        2     0.00000
    -56.795        2     0.00000
    -56.645        2     0.00000
    -56.495        2     0.00000
    -56.345        2     0.00000
    -56.195        2     0.00000
    -56.045        2     0.00000
    -55.895        2     0.00000
    -55.745        2     0.00000
    -55.595        2     0.00000
    -55.445        2     0.00000
    -55.295        2     0.00000
    -55.145        2     0.00000
    -54.995        2     0.00000
    -54.845        2     0.00000
    -54.695        2     0.00000
    -54.545        2     0.00000
    -54.395        2     0.00000
    -54.245        2     0.00000
    -54.095        2     0.00000
    -53.945        2     0.00000
    -53.795        2     0.00000
    -53.645        2     0.00000
    -53.495        2     0.00000
    -53.345        2     0.00000
    -53.195        2     0.00000
    -53.045        2     0.00000
    -52.895        2     0.00000
    -52.745        2     0.00000
    -52.595        2     0.00000
    -52.445        2     0.00000
    -52.295        2     0.00000
    -52.145        2     0.00000
    -51.995        2     0.00000
    -51.845        2     0.00000
    -51.695        2     0.00000
    -51.545        2     0.00000
    -51.395        2     0.00000
    -51.245        2     0.00000
    -51.095        2     0.00000
    -50.945        2     0.00000
    -50.795        2     0.00000
    -50.645        2     0.00000
    -50.495        2     0.00000
    -50.345        2     0.00000
    -50.195        2     0.00000
    -50.045        2     0.00000
    -49.895        2     0.00000
    -49.745        2     0.00000
    -49.595        2     0.00000
    -49.445        2     0.00000
    -49.295        2     0.00000
    -49.145        2     0.00000
    -48.995        2     0.00000
    -48.845        2     0.00000
    -48.695        2     0.00000
    -48.545        2     0.00000
    -48.395        2     0.00000
    -48.245        2     0.00000
    -48.095        2     0.00000
    -47.945        2     0.00000
    -47.795        2     0.00000
    -47.645        2     0.00000
    -47.495        2     0.00000
    -47.345        2     0.00000
    -47.195        2     0.00000
    -47.045        2     0.00000
    -46.895        2     0.00000
    -46.745        2     0.00000
    -46.595        2     0.00000
    -46.445        2     0.00000
    -46.295        2     0.00000
    -46.145        2     0.00000
    -45.995        2     0.00000
    -45.845        2     0.00000
    -45.695        2     0.00000
    -45.545        2     0.00000
    -45.395        2     0.00000
    -45.245        2     0.00000
    -45.095        2     0.00000
    -44.945        2     0.00000
    -44.795        2     0.00000
    -44.645        2     0.00000
    -44.495        2     0.00000
    -44.345        2     0.00000
    -44.195        2     0.00000
    -44.045        2     0.00000
    -43.895        2     0.00000
    -43.745        2     0.00000
    -43.595        2     0.00000
    -43.445        2     0.00000
    -43.295        2     0.00000
    -43.145        2     0.00000
    -42.995        2     0.00000
    -42.845        2     0.00000
    -42.695        2     0.00000
    -42.545        2     0.00000
    -42.395        2     0.00000
    -42.245        2     0.00000
    -42.095        2     0.00000
    -41.945        2     0.00000
    -41.795        2     0.00000
    -41.645        2     0.00000
    -41.495        2     0.00000
    -41.345        2     0.00000
    -41.195        2     0.00000
    -41.045        2     0.00000
    -40.895        2     0.00000
    -40.745        2     0.00000
    -40.595        2     0.00000
    -40.445        2     0.00000
    -40.295        2     0.00000
    -40.145        2     0.00000
    -39.995        2     0.00000
    -39.845        2     0.00000
    -39.695        2     0.00000
    -39.545        2     0.00000
    -39.395        2     0.00000
    -39.245        2     0.00000
    -39.095        2     0.00000
    -38.945        2     0.00000
    -38.795        2     0.00000
    -38.645        2     0.00000
    -38.495        2     0.00000
    -38.345        2     0.00000
    -38.195        2     0.00000
    -38.045        2     0.00000
    -37.895        2     0.00000
    -37.745        2     0.00000
    -37.595        2     0.00000
    -37.445        2     0.00000
    -37.295        2     0.00000
    -37.145        2     0.00000
    -36.995        2     0.00000
    -36.845        2     0.00000
    -36.695        2     0.00000
    -36.545        2     0.00000
    -36.395        2     0.00000
    -36.245        2     0.00000
    -36.095        2     0.00000
    -35.945        2     0.00000
    -35.795        2     0.00000
    -35.645        2     0.00000
    -35.495        2     0.00000
    -35.345        2     0.00000
    -35.195        2     0.00000
    -35.045        2     0.00000
    -34.895        2     0.00000
    -34.745        2     0.00000
    -34.595        2     0.00000
    -34.445        2     0.00000
    -34.295        2     0.00000
    -34.145        2     0.00000
    -33.995        2     0.00000
    -33.845        2     0.00000
    -33.695        2     0.00000
    -33.545        2     0.00000
    -33.395        2     0.00000
    -33.245        2     0.00000
    -33.095        2     0.00000
    -32.945        2     0.00000
    -32.795        2     0.00000
    -32.645        2     0.00000
    -32.495        2     0.00000
    -32.345        2     0.00000
    -32.195        2     0.00000
    -32.045        2     0.00000
    -31.895        2     0.00000
    -31.745        2     0.00000
    -31.595        2     0.00000
    -31.445        2     0.00000
    -31.295        2     0.00000
    -31.145        2     0.00000
    -30.995        2     0.00000
    -30.845        2     0.00000
    -30.695        2     0.00000
    -30.545        2     0.00000
    -30.395        2     0.00000
    -30.245        2     0.00000
    -30.095        2     0.00000
    -29.945        2     0.00000
    -29.795        2     0.00000
    -29.645        2     0.00000
    -29.495        2     0.00000
    -29.345        2     0.00000
    -29.195        2     0.00000
    -29.045        2     0.00000
    -28.895        2     0.00000
    -28.745        2     0.00000
    -28.595        2     0.00000
    -28.445        2     0.00000
    -28.295        2     0.00000
    -28.145        2     0.00000
    -27.995        2     0.00000
    -27.845        2     0.00000
    -27.695        2     0.00000
    -27.545        2     0.00000
    -27.395        2     0.00000
    -27.245        2     0.00000
    -27.095        2     0.00000
    -26.945        2     0.00000
    -26.795        2     0.00000
    -26.645        2     0.00000
    -26.495        2     0.00000
    -26.345        2     0.00000
    -26.195        2     0.00000
    -26.045        2     0.00000
    -25.895        2     0.00000
    -25.745        2     0.00000
    -25.595        2     0.00000
    -25.445        2     0.00000
    -25.295        2     0.00000
    -25.145        2     0.00000
    -24.995        2     0.00000
    -24.845        2     0.00000
    -24.695        2     0.00000
    -24.545        2     0.00000
    -24.395        2     0.00000
    -24.245        2     0.00000
    -24.095        2     0.00000
    -23.945        2     0.00000
    -23.795        2     0.00000
    -23.645        2     0.00000
    -23.495        2     0.00000
    -23.345        2     0.00000
    -23.195        2     0.00000
    -23.045        2     0.00000
    -22.895        2     0.00000
    -22.745        2     0.00000
    -22.595        2     0.00000
    -22.445        2     0.00000
    -22.295        2     0.00000
    -22.145        2     0.00000
    -21.995        2     0.00000
    -21.845        2     0.00000
    -21.695        2     0.00000
    -21.545        2     0.00000
    -21.395        2     0.00000
    -21.245        2     0.00000
    -21.095        2     0.00000
    -20.945        2     0.00000
    -20.795        2     0.00000
    -20.645        2     0.00000
    -20.495        2     0.00000
    -20.345        2     0.00000
    -20.195        2     0.00000
    -20.045        2     0.00000
    -19.895        2     0.00000
    -19.745        2     0.00000
    -19.595        2     0.00000
    -19.445        2     0.00000
    -19.295        2     0.00000
    -19.145        2     0.00000
    -18.995        2     0.00000
    -18.845        2     0.00000
    -18.695        2     0.00000
    -18.545        2     0.00000
    -18.395        2     0.00000
    -18.245        2     0.00000
    -18.095        2     0.00000
    -17.945        2     0.00000
    -17.795        2     0.00000
    -17.645        2     0.00000
    -17.495        2     0.00000
    -17.345        2     0.00000
    -17.195        2     0.00000
    -17.045        2     0.00000
    -16.895        2     0.00000
    -16.745        2     0.00000
    -16.595        2    -0.00492
    -16.445        2    -0.03262
    -16.295        2    -0.09445
    -16.145        2    -0.22145
    -15.995        2    -0.40099
    -15.845        2    -0.63064
    -15.695        2    -0.87695
    -15.545        2    -1.16496
    -15.395        2    -1.45706
    -15.245        2    -1.76013
    -15.095        2    -2.07951
    -14.945        2    -2.43474
    -14.795        2    -2.83973
    -14.645        2    -3.31227
    -14.495        2    -3.84850
    -14.345        2    -4.45306
    -14.195        2    -5.08634
    -14.045        2    -5.74951
    -13.895        2    -6.42868
    -13.745        2    -7.08170
    -13.595        2    -7.73157
    -13.445        2    -8.36980
    -13.295        2    -9.00262
    -13.145        2    -9.63082
    -12.995        2   -10.27266
    -12.845        2   -10.94257
    -12.695        2   -11.62008
    -12.545        2   -12.33104
    -12.395        2   -13.08373
    -12.245        2   -13.88420
    -12.095        2   -14.74435
    -11.945        2   -15.63103
    -11.795        2   -16.56067
    -11.645        2   -17.52085
    -11.495        2   -18.49703
    -11.345        2   -19.46049
    -11.195        2   -20.42317
    -11.045        2   -21.37878
    -10.895        2   -22.29384
    -10.745        2   -23.19373
    -10.595        2   -24.06193
    -10.445        2   -24.92295
    -10.295        2   -25.74738
    -10.145        2   -26.55695
    -9.9950        2   -27.36681
    -9.8450        2   -28.18641
    -9.6950        2   -29.04298
    -9.5450        2   -29.89874
    -9.3950        2   -30.80148
    -9.2450        2   -31.72622
    -9.0950        2   -32.71182
    -8.9450        2   -33.77424
    -8.7950        2   -34.90002
    -8.6450        2   -36.12218
    -8.4950        2   -37.42444
    -8.3450        2   -38.79839
    -8.1950        2   -40.25609
    -8.0450        2   -41.79410
    -7.8950        2   -43.44470
    -7.7450        2   -45.16003
    -7.5950        2   -46.95557
    -7.4450        2   -48.82413
    -7.2950        2   -50.74608
    -7.1450        2   -52.70726
    -6.9950        2   -54.70847
    -6.8450        2   -56.78335
    -6.6950        2   -58.89024
    -6.5450        2   -61.01483
    -6.3950        2   -63.17092
    -6.2450        2   -65.36760
    -6.0950        2   -67.60064
    -5.9450        2   -69.87566
    -5.7950        2   -72.17762
    -5.6450        2   -74.50658
    -5.4950        2   -76.86855
    -5.3450        2   -79.23010
    -5.1950        2   -81.57092
    -5.0450        2   -83.88627
    -4.8950        2   -86.20739
    -4.7450        2   -88.49654
    -4.5950        2   -90.76964
    -4.4450        2   -93.00606
    -4.2950        2   -95.23345
    -4.1450        2   -97.46860
    -3.9950        2   -99.72579
    -3.8450        2  -102.03296
    -3.6950        2  -104.41487
    -3.5450        2  -106.88815
    -3.3950        2  -109.45316
    -3.2450        2  -112.17477
    -3.0950        2  -115.05793
    -2.9450        2  -118.13072
    -2.7950        2  -121.41509
    -2.6450        2  -124.94837
    -2.4950        2  -128.79589
    -2.3450        2  -133.01603
    -2.1950        2  -137.71750
    -2.0450        2  -143.05662
    -1.8950        2  -149.21187
    -1.7450        2  -156.31266
    -1.5950        2  -164.42187
    -1.4450        2  -173.56175
    -1.2950        2  -183.72775
    -1.1450        2  -194.82050
   -0.99500        2  -206.65154
   -0.84500        2  -219.04403
   -0.69500        2  -232.03677
   -0.54500        2  -245.95852
   -0.39500        2  -261.83783
   -0.25300        2  -273.91485
   -0.21500        2  -274.73486
   -0.20900        2  -275.56852
   -0.20300        2  -276.41234
   -0.19700        2  -277.26765
   -0.19100        2  -278.13667
   -0.18500        2  -279.02169
   -0.17900        2  -279.92055
   -0.17300        2  -280.83419
   -0.16700        2  -281.76293
   -0.16100        2  -282.70887
   -0.15500        2  -283.67346
   -0.14900        2  -284.65823
   -0.14300        2  -285.66420
   -0.13700        2  -286.69238
   -0.13100        2  -287.74497
   -0.12500        2  -288.82349
   -0.11900        2  -289.93165
   -0.11300        2  -291.07060
   -0.10700        2  -292.24815
   -0.10100        2  -293.46564
   -0.95000E-01    2  -294.72896
   -0.89000E-01    2  -296.04394
   -0.83000E-01    2  -297.41505
   -0.77000E-01    2  -298.85177
   -0.71000E-01    2  -300.36261
   -0.65000E-01    2  -301.96196
   -0.59000E-01    2  -303.66681
   -0.53000E-01    2  -305.50080
   -0.47000E-01    2  -307.49899
   -0.41000E-01    2  -309.71337
   -0.35000E-01    2  -312.22351
   -0.29000E-01    2  -315.16262
   -0.23000E-01    2  -318.81419
   -0.19700E-01    2  -319.23199
   -0.19100E-01    2  -319.66259
   -0.18500E-01    2  -320.10684
   -0.17900E-01    2  -320.56606
   -0.17300E-01    2  -321.04147
   -0.16700E-01    2  -321.53321
   -0.16100E-01    2  -322.04289
   -0.15500E-01    2  -322.57210
   -0.14900E-01    2  -323.12247
   -0.14300E-01    2  -323.69580
   -0.13700E-01    2  -324.29469
   -0.13100E-01    2  -324.92137
   -0.12500E-01    2  -325.58035
   -0.11900E-01    2  -326.27656
   -0.11300E-01    2  -327.01161
   -0.10700E-01    2  -327.78570
   -0.10100E-01    2  -328.59912
   -0.95000E-02    2  -329.45199
   -0.89000E-02    2  -330.34481
   -0.83000E-02    2  -331.27355
   -0.77000E-02    2  -332.23380
   -0.71000E-02    2  -333.21947
   -0.65000E-02    2  -334.22282
   -0.59000E-02    2  -335.23550
   -0.53000E-02    2  -336.24694
   -0.47000E-02    2  -337.24218
   -0.41000E-02    2  -338.20258
   -0.35000E-02    2  -339.10125
   -0.29000E-02    2  -339.90221
   -0.23000E-02    2  -340.57457
   -0.17000E-02    2  -341.09415
   -0.11000E-02    2  -341.44200
   -0.50000E-03    2  -341.60497
    0.10000E-03    2  -341.57659
    0.70000E-03    2  -341.35646
    0.13000E-02    2  -340.95262
    0.19000E-02    2  -340.38083
    0.25000E-02    2  -339.66307
    0.31000E-02    2  -338.82640
    0.37000E-02    2  -337.90460
    0.43000E-02    2  -336.93168
    0.49000E-02    2  -335.93046
    0.55000E-02    2  -334.91929
    0.61000E-02    2  -333.91114
    0.67000E-02    2  -332.91499
    0.73000E-02    2  -331.93960
    0.79000E-02    2  -330.99152
    0.85000E-02    2  -330.07605
    0.91000E-02    2  -329.19843
    0.97000E-02    2  -328.36151
    0.10300E-01    2  -327.56350
    0.10900E-01    2  -326.80480
    0.11500E-01    2  -326.08508
    0.12100E-01    2  -325.40438
    0.12700E-01    2  -324.76067
    0.13300E-01    2  -324.14930
    0.13900E-01    2  -323.56607
    0.14500E-01    2  -323.00743
    0.15100E-01    2  -322.47092
    0.15700E-01    2  -321.95483
    0.16300E-01    2  -321.45692
    0.16900E-01    2  -320.97669
    0.17500E-01    2  -320.51252
    0.18100E-01    2  -320.06317
    0.18700E-01    2  -319.62873
    0.19300E-01    2  -319.20730
    0.20200E-01    2  -317.68234
    0.25000E-01    2  -314.35676
    0.31000E-01    2  -311.63049
    0.37000E-01    2  -309.29478
    0.43000E-01    2  -307.24187
    0.49000E-01    2  -305.40436
    0.55000E-01    2  -303.73412
    0.61000E-01    2  -302.20084
    0.67000E-01    2  -300.78383
    0.73000E-01    2  -299.46543
    0.79000E-01    2  -298.23174
    0.85000E-01    2  -297.07318
    0.91000E-01    2  -295.98176
    0.97000E-01    2  -294.94843
    0.10300        2  -293.96805
    0.10900        2  -293.03694
    0.11500        2  -292.14742
    0.12100        2  -291.29623
    0.12700        2  -290.47997
    0.13300        2  -289.69512
    0.13900        2  -288.93994
    0.14500        2  -288.21200
    0.15100        2  -287.50847
    0.15700        2  -286.82730
    0.16300        2  -286.16985
    0.16900        2  -285.53149
    0.17500        2  -284.91195
    0.18100        2  -284.31084
    0.18700        2  -283.72587
    0.19300        2  -283.15826
    0.19900        2  -282.60464
    0.20500        2  -282.06591
    0.21100        2  -281.54028
    0.21700        2  -281.02877
    0.29500        2  -270.87172
    0.44500        2  -264.56709
    0.59500        2  -259.99971
    0.74500        2  -256.36512
    0.89500        2  -253.28686
     1.0450        2  -250.56624
     1.1950        2  -248.10670
     1.3450        2  -245.85660
     1.4950        2  -243.78079
     1.6450        2  -241.85908
     1.7950        2  -240.10017
     1.9450        2  -238.47712
     2.0950        2  -236.99122
     2.2450        2  -235.62388
     2.3950        2  -234.37165
     2.5450        2  -233.22560
     2.6950        2  -232.17936
     2.8450        2  -231.21000
     2.9950        2  -230.33455
     3.1450        2  -229.51874
     3.2950        2  -228.74958
     3.4450        2  -228.04473
     3.5950        2  -227.39110
     3.7450        2  -226.77924
     3.8950        2  -226.19705
     4.0450        2  -225.64354
     4.1950        2  -225.12737
     4.3450        2  -224.63133
     4.4950        2  -224.15869
     4.6450        2  -223.70275
     4.7950        2  -223.26523
     4.9450        2  -222.83930
     5.0950        2  -222.42397
     5.2450        2  -222.02882
     5.3950        2  -221.64173
     5.5450        2  -221.26864
     5.6950        2  -220.90788
     5.8450        2  -220.55915
     5.9950        2  -220.21764
     6.1450        2  -219.88815
     6.2950        2  -219.56083
     6.4450        2  -219.24122
     6.5950        2  -218.93737
     6.7450        2  -218.63756
     6.8950        2  -218.34305
     7.0450        2  -218.05288
     7.1950        2  -217.77034
     7.3450        2  -217.49156
     7.4950        2  -217.22360
     7.6450        2  -216.95247
     7.7950        2  -216.69064
     7.9450        2  -216.43385
     8.0950        2  -216.18139
     8.2450        2  -215.93325
     8.3950        2  -215.69109
     8.5450        2  -215.45393
     8.6950        2  -215.21745
     8.8450        2  -214.98638
     8.9950        2  -214.76036
     9.1450        2  -214.54016
     9.2950        2  -214.32277
     9.4450        2  -214.10435
     9.5950        2  -213.89112
     9.7450        2  -213.67950
     9.8950        2  -213.47512
     10.045        2  -213.27414
     10.195        2  -213.07615
     10.345        2  -212.87845
     10.495        2  -212.68558
     10.645        2  -212.49433
     10.795        2  -212.30458
     10.945        2  -212.11851
     11.095        2  -211.93449
     11.245        2  -211.75156
     11.395        2  -211.57092
     11.545        2  -211.39299
     11.695        2  -211.21809
     11.845        2  -211.04640
     11.995        2  -210.87526
     12.145        2  -210.70732
     12.295        2  -210.54164
     12.445        2  -210.37661
     12.595        2  -210.21145
     12.745        2  -210.05152
     12.895        2  -209.89057
     13.045        2  -209.73194
     13.195        2  -209.57597
     13.345        2  -209.42371
     13.495        2  -209.27023
     13.645        2  -209.12046
     13.795        2  -208.97181
     13.945        2  -208.82388
     14.095        2  -208.67607
     14.245        2  -208.53084
     14.395        2  -208.38906
     14.545        2  -208.25000
     14.695        2  -208.10815
     14.845        2  -207.97132
     14.995        2  -207.83407
     15.145        2  -207.70131
     15.295        2  -207.56864
     15.445        2  -207.43698
     15.595        2  -207.30492
     15.745        2  -207.17418
     15.895        2  -207.04392
     16.045        2  -206.91666
     16.195        2  -206.78813
     16.345        2  -206.66184
     16.495        2  -206.54004
     16.645        2  -206.41578
     16.795        2  -206.29096
     16.945        2  -206.17018
     17.095        2  -206.04892
     17.245        2  -205.93039
     17.395        2  -205.81342
     17.545        2  -205.69904
     17.695        2  -205.58227
     17.845        2  -205.46698
     17.995        2  -205.35432
     18.145        2  -205.24117
     18.295        2  -205.12789
     18.445        2  -205.01741
     18.595        2  -204.90639
     18.745        2  -204.79508
     18.895        2  -204.68556
     19.045        2  -204.57766
     19.195        2  -204.46839
     19.345        2  -204.36338
     19.495        2  -204.25735
     19.645        2  -204.15214
     19.795        2  -204.04668
     19.945        2  -203.94380
     20.095        2  -203.84104
     21.836        2  -200.73920
     30.068        2  -196.14063
     42.097        2  -191.56698
     58.937        2  -187.02919
     82.515        2  -182.54846
     115.53        2  -178.12947
     161.74        2  -173.79508
     226.45        2  -169.53202
     317.04        2  -165.33882
     443.87        2  -161.23290
     621.44        2  -157.21465
     870.05        2  -153.29036
     1218.1        2  -149.45040
     1705.4        2  -145.68768
     2387.7        2  -142.00256
     3342.9        2  -138.41458
     4680.2        2  -134.90843
     6552.5        2  -131.51138
     9173.8        2  -128.20878
     12844.        2  -124.99713
     17982.        2  -121.89329
     25176.        2  -118.88248
     35247.        2  -115.98029
     49348.        2  -113.18928
     69090.        2  -110.52292
     96729.        2  -107.97633
    0.13543E+06    2  -105.54585
    0.18960E+06    2  -103.22394
    0.26545E+06    2  -101.00483
    0.37165E+06    2   -98.89835
    0.52033E+06    2   -96.89037
    0.72849E+06    2   -94.97954
    0.10199E+07    2   -93.16500
    0.14279E+07    2   -91.43513
    0.19992E+07    2   -89.79216
    0.27990E+07    2   -88.22855
    0.39187E+07    2   -86.74022
    0.54864E+07    2   -85.32486
    0.76812E+07    2   -83.97861
    0.10754E+08    2   -82.70032
    0.15056E+08    2   -81.48435
    0.21080E+08    2   -80.32763
    0.29513E+08    2   -79.23318
    0.41319E+08    2   -78.19872
    0.57849E+08    2   -77.23575
    0.80991E+08    2   -76.34667
    0.11339E+09    2   -75.51713
    0.15875E+09    2   -74.74712
    0.22226E+09    2   -74.02782
    0.31118E+09    2   -73.35379
    0.43567E+09    2   -72.72332
    0.60996E+09    2   -72.14911
    0.85398E+09    2   -71.62807
    0.11956E+10    2   -71.15272
    0.16739E+10    2   -70.71572
    0.23436E+10    2   -70.31330
    0.32811E+10    2   -69.94573
    0.45937E+10    2   -69.60571
    0.64315E+10    2   -69.29485
    0.90044E+10    2   -69.01016
    0.12607E+11    2   -68.74769
    0.17650E+11    2   -68.50680
    0.24711E+11    2   -68.28452
    0.34596E+11    2   -68.07936
    0.48437E+11    2   -67.89139
    0.67814E+11    2   -67.71822
    0.10000E+12    2   -65.74787
