    -29.945        1     0.00000
    -29.795        1     0.00000
    -29.645        1     0.00000
    -29.495        1     0.00000
    -29.345        1     0.00000
    -29.195        1     0.00000
    -29.045        1     0.00000
    -28.895        1     0.00000
    -28.745        1     0.00000
    -28.595        1     0.00000
    -28.445        1     0.00000
    -28.295        1     0.00000
    -28.145        1     0.00000
    -27.995        1     0.00000
    -27.845        1     0.00000
    -27.695        1     0.00000
    -27.545        1     0.00000
    -27.395        1     0.00000
    -27.245        1     0.00000
    -27.095        1     0.00000
    -26.945        1     0.00000
    -26.795        1     0.00000
    -26.645        1     0.00000
    -26.495        1     0.00000
    -26.345        1     0.00000
    -26.195        1     0.00000
    -26.045        1     0.00000
    -25.895        1     0.00000
    -25.745        1     0.00000
    -25.595        1     0.00000
    -25.445        1     0.00000
    -25.295        1     0.00000
    -25.145        1     0.00000
    -24.995        1     0.00000
    -24.845        1     0.00000
    -24.695        1     0.00000
    -24.545        1     0.00000
    -24.395        1     0.00000
    -24.245        1     0.00000
    -24.095        1     0.00000
    -23.945        1     0.00000
    -23.795        1     0.00000
    -23.645        1     0.00000
    -23.495        1    -0.00031
    -23.345        1    -0.00047
    -23.195        1    -0.00110
    -23.045        1    -0.00299
    -22.895        1    -0.00689
    -22.745        1    -0.00968
    -22.595        1    -0.01571
    -22.445        1    -0.02573
    -22.295        1    -0.03971
    -22.145        1    -0.06186
    -21.995        1    -0.09306
    -21.845        1    -0.12851
    -21.695        1    -0.18000
    -21.545        1    -0.25719
    -21.395        1    -0.34558
    -21.245        1    -0.45212
    -21.095        1    -0.57448
    -20.945        1    -0.72666
    -20.795        1    -0.89274
    -20.645        1    -1.07615
    -20.495        1    -1.27260
    -20.345        1    -1.47636
    -20.195        1    -1.70364
    -20.045        1    -1.93081
    -19.895        1    -2.17292
    -19.745        1    -2.41436
    -19.595        1    -2.65952
    -19.445        1    -2.90464
    -19.295        1    -3.15397
    -19.145        1    -3.38873
    -18.995        1    -3.61788
    -18.845        1    -3.84698
    -18.695        1    -4.06446
    -18.545        1    -4.28051
    -18.395        1    -4.49514
    -18.245        1    -4.71491
    -18.095        1    -4.93673
    -17.945        1    -5.16517
    -17.795        1    -5.40180
    -17.645        1    -5.65974
    -17.495        1    -5.95531
    -17.345        1    -6.25940
    -17.195        1    -6.59336
    -17.045        1    -6.95812
    -16.895        1    -7.33674
    -16.745        1    -7.73542
    -16.595        1    -8.14459
    -16.445        1    -8.56255
    -16.295        1    -8.96891
    -16.145        1    -9.37280
    -15.995        1    -9.77128
    -15.845        1   -10.14817
    -15.695        1   -10.51732
    -15.545        1   -10.86510
    -15.395        1   -11.20359
    -15.245        1   -11.53647
    -15.095        1   -11.84979
    -14.945        1   -12.13986
    -14.795        1   -12.42700
    -14.645        1   -12.71875
    -14.495        1   -12.99755
    -14.345        1   -13.28507
    -14.195        1   -13.57244
    -14.045        1   -13.86058
    -13.895        1   -14.14822
    -13.745        1   -14.44333
    -13.595        1   -14.73707
    -13.445        1   -15.04565
    -13.295        1   -15.34356
    -13.145        1   -15.66207
    -12.995        1   -15.98524
    -12.845        1   -16.30738
    -12.695        1   -16.63165
    -12.545        1   -16.95738
    -12.395        1   -17.28551
    -12.245        1   -17.60880
    -12.095        1   -17.93870
    -11.945        1   -18.27769
    -11.795        1   -18.60951
    -11.645        1   -18.93448
    -11.495        1   -19.25049
    -11.345        1   -19.56388
    -11.195        1   -19.86703
    -11.045        1   -20.17092
    -10.895        1   -20.46263
    -10.745        1   -20.74807
    -10.595        1   -21.03327
    -10.445        1   -21.30646
    -10.295        1   -21.57000
    -10.145        1   -21.82565
    -9.9950        1   -22.07365
    -9.8450        1   -22.31414
    -9.6950        1   -22.55334
    -9.5450        1   -22.79405
    -9.3950        1   -23.02130
    -9.2450        1   -23.24042
    -9.0950        1   -23.45775
    -8.9450        1   -23.67044
    -8.7950        1   -23.88868
    -8.6450        1   -24.09774
    -8.4950        1   -24.30377
    -8.3450        1   -24.51569
    -8.1950        1   -24.72146
    -8.0450        1   -24.93243
    -7.8950        1   -25.14398
    -7.7450        1   -25.35687
    -7.5950        1   -25.56638
    -7.4450        1   -25.78664
    -7.2950        1   -26.00254
    -7.1450        1   -26.22769
    -6.9950        1   -26.45386
    -6.8450        1   -26.68500
    -6.6950        1   -26.92479
    -6.5450        1   -27.15852
    -6.3950        1   -27.40304
    -6.2450        1   -27.64411
    -6.0950        1   -27.89226
    -5.9450        1   -28.14850
    -5.7950        1   -28.40046
    -5.6450        1   -28.66443
    -5.4950        1   -28.92560
    -5.3450        1   -29.19616
    -5.1950        1   -29.45619
    -5.0450        1   -29.72836
    -4.8950        1   -30.00776
    -4.7450        1   -30.29733
    -4.5950        1   -30.59427
    -4.4450        1   -30.89978
    -4.2950        1   -31.21467
    -4.1450        1   -31.54258
    -3.9950        1   -31.87911
    -3.8450        1   -32.23891
    -3.6950        1   -32.61082
    -3.5450        1   -33.01237
    -3.3950        1   -33.43388
    -3.2450        1   -33.87385
    -3.0950        1   -34.33856
    -2.9450        1   -34.83678
    -2.7950        1   -35.36120
    -2.6450        1   -35.91894
    -2.4950        1   -36.50453
    -2.3450        1   -37.10983
    -2.1950        1   -37.73417
    -2.0450        1   -38.37373
    -1.8950        1   -39.01758
    -1.7450        1   -39.66340
    -1.5950        1   -40.30580
    -1.4450        1   -40.94512
    -1.2950        1   -41.57404
    -1.1450        1   -42.20839
   -0.99500        1   -42.85006
   -0.84500        1   -43.51276
   -0.69500        1   -44.21408
   -0.54500        1   -44.98604
   -0.39500        1   -45.88509
   -0.25300        1   -46.56180
   -0.21500        1   -46.60710
   -0.20900        1   -46.65378
   -0.20300        1   -46.70084
   -0.19700        1   -46.74835
   -0.19100        1   -46.79658
   -0.18500        1   -46.84521
   -0.17900        1   -46.89439
   -0.17300        1   -46.94508
   -0.16700        1   -46.99622
   -0.16100        1   -47.04801
   -0.15500        1   -47.10065
   -0.14900        1   -47.15474
   -0.14300        1   -47.20980
   -0.13700        1   -47.26573
   -0.13100        1   -47.32336
   -0.12500        1   -47.38228
   -0.11900        1   -47.44296
   -0.11300        1   -47.50529
   -0.10700        1   -47.56957
   -0.10100        1   -47.63611
   -0.95000E-01    1   -47.70527
   -0.89000E-01    1   -47.77683
   -0.83000E-01    1   -47.85210
   -0.77000E-01    1   -47.93064
   -0.71000E-01    1   -48.01305
   -0.65000E-01    1   -48.10090
   -0.59000E-01    1   -48.19463
   -0.53000E-01    1   -48.29515
   -0.47000E-01    1   -48.40459
   -0.41000E-01    1   -48.52523
   -0.35000E-01    1   -48.66081
   -0.29000E-01    1   -48.81672
   -0.23000E-01    1   -49.00392
   -0.19700E-01    1   -49.02487
   -0.19100E-01    1   -49.04639
   -0.18500E-01    1   -49.06852
   -0.17900E-01    1   -49.09133
   -0.17300E-01    1   -49.11474
   -0.16700E-01    1   -49.13883
   -0.16100E-01    1   -49.16367
   -0.15500E-01    1   -49.18921
   -0.14900E-01    1   -49.21559
   -0.14300E-01    1   -49.24279
   -0.13700E-01    1   -49.27073
   -0.13100E-01    1   -49.29956
   -0.12500E-01    1   -49.32934
   -0.11900E-01    1   -49.36006
   -0.11300E-01    1   -49.39168
   -0.10700E-01    1   -49.42427
   -0.10100E-01    1   -49.45764
   -0.95000E-02    1   -49.49183
   -0.89000E-02    1   -49.52677
   -0.83000E-02    1   -49.56235
   -0.77000E-02    1   -49.59854
   -0.71000E-02    1   -49.63521
   -0.65000E-02    1   -49.67207
   -0.59000E-02    1   -49.70850
   -0.53000E-02    1   -49.74388
   -0.47000E-02    1   -49.77741
   -0.41000E-02    1   -49.80815
   -0.35000E-02    1   -49.83535
   -0.29000E-02    1   -49.85855
   -0.23000E-02    1   -49.87733
   -0.17000E-02    1   -49.89143
   -0.11000E-02    1   -49.90068
   -0.50000E-03    1   -49.90496
    0.10000E-03    1   -49.90420
    0.70000E-03    1   -49.89839
    0.13000E-02    1   -49.88763
    0.19000E-02    1   -49.87201
    0.25000E-02    1   -49.85172
    0.31000E-02    1   -49.82714
    0.37000E-02    1   -49.79873
    0.43000E-02    1   -49.76701
    0.49000E-02    1   -49.73281
    0.55000E-02    1   -49.69702
    0.61000E-02    1   -49.66038
    0.67000E-02    1   -49.62362
    0.73000E-02    1   -49.58717
    0.79000E-02    1   -49.55121
    0.85000E-02    1   -49.51579
    0.91000E-02    1   -49.48114
    0.97000E-02    1   -49.44717
    0.10300E-01    1   -49.41400
    0.10900E-01    1   -49.38168
    0.11500E-01    1   -49.35042
    0.12100E-01    1   -49.31996
    0.12700E-01    1   -49.29052
    0.13300E-01    1   -49.26204
    0.13900E-01    1   -49.23441
    0.14500E-01    1   -49.20765
    0.15100E-01    1   -49.18165
    0.15700E-01    1   -49.15641
    0.16300E-01    1   -49.13186
    0.16900E-01    1   -49.10810
    0.17500E-01    1   -49.08494
    0.18100E-01    1   -49.06252
    0.18700E-01    1   -49.04068
    0.19300E-01    1   -49.01948
    0.20200E-01    1   -48.94229
    0.25000E-01    1   -48.76863
    0.31000E-01    1   -48.62173
    0.37000E-01    1   -48.49337
    0.43000E-01    1   -48.37870
    0.49000E-01    1   -48.27505
    0.55000E-01    1   -48.18017
    0.61000E-01    1   -48.09306
    0.67000E-01    1   -48.01232
    0.73000E-01    1   -47.93704
    0.79000E-01    1   -47.86687
    0.85000E-01    1   -47.80141
    0.91000E-01    1   -47.73978
    0.97000E-01    1   -47.68190
    0.10300        1   -47.62739
    0.10900        1   -47.57635
    0.11500        1   -47.52807
    0.12100        1   -47.48237
    0.12700        1   -47.43967
    0.13300        1   -47.39918
    0.13900        1   -47.36051
    0.14500        1   -47.32378
    0.15100        1   -47.28875
    0.15700        1   -47.25531
    0.16300        1   -47.22359
    0.16900        1   -47.19330
    0.17500        1   -47.16454
    0.18100        1   -47.13664
    0.18700        1   -47.10995
    0.19300        1   -47.08457
    0.19900        1   -47.05978
    0.20500        1   -47.03588
    0.21100        1   -47.01287
    0.21700        1   -46.99077
    0.29500        1   -46.58571
    0.44500        1   -46.36611
    0.59500        1   -46.22046
    0.74500        1   -46.10839
    0.89500        1   -46.01394
     1.0450        1   -45.93062
     1.1950        1   -45.85599
     1.3450        1   -45.78793
     1.4950        1   -45.72605
     1.6450        1   -45.66849
     1.7950        1   -45.61433
     1.9450        1   -45.56386
     2.0950        1   -45.51667
     2.2450        1   -45.47178
     2.3950        1   -45.43050
     2.5450        1   -45.39171
     2.6950        1   -45.35469
     2.8450        1   -45.31847
     2.9950        1   -45.28364
     3.1450        1   -45.24990
     3.2950        1   -45.22041
     3.4450        1   -45.19152
     3.5950        1   -45.16417
     3.7450        1   -45.13750
     3.8950        1   -45.11362
     4.0450        1   -45.09120
     4.1950        1   -45.06938
     4.3450        1   -45.04858
     4.4950        1   -45.02850
     4.6450        1   -45.00980
     4.7950        1   -44.99035
     4.9450        1   -44.97406
     5.0950        1   -44.95638
     5.2450        1   -44.94166
     5.3950        1   -44.92681
     5.5450        1   -44.91323
     5.6950        1   -44.89862
     5.8450        1   -44.88599
     5.9950        1   -44.87288
     6.1450        1   -44.86019
     6.2950        1   -44.84858
     6.4450        1   -44.83647
     6.5950        1   -44.82429
     6.7450        1   -44.81291
     6.8950        1   -44.80156
     7.0450        1   -44.79049
     7.1950        1   -44.77802
     7.3450        1   -44.76690
     7.4950        1   -44.75618
     7.6450        1   -44.74660
     7.7950        1   -44.73699
     7.9450        1   -44.72707
     8.0950        1   -44.71755
     8.2450        1   -44.70841
     8.3950        1   -44.69868
     8.5450        1   -44.68941
     8.6950        1   -44.68002
     8.8450        1   -44.67082
     8.9950        1   -44.66190
     9.1450        1   -44.65344
     9.2950        1   -44.64511
     9.4450        1   -44.63656
     9.5950        1   -44.62886
     9.7450        1   -44.62081
     9.8950        1   -44.61289
     10.045        1   -44.60487
     10.195        1   -44.59778
     10.345        1   -44.58991
     10.495        1   -44.58195
     10.645        1   -44.57336
     10.795        1   -44.56595
     10.945        1   -44.55874
     11.095        1   -44.55121
     11.245        1   -44.54342
     11.395        1   -44.53614
     11.545        1   -44.52920
     11.695        1   -44.52218
     11.845        1   -44.51504
     11.995        1   -44.50788
     12.145        1   -44.50127
     12.295        1   -44.49481
     12.445        1   -44.48786
     12.595        1   -44.48130
     12.745        1   -44.47449
     12.895        1   -44.46815
     13.045        1   -44.46180
     13.195        1   -44.45587
     13.345        1   -44.44962
     13.495        1   -44.44337
     13.645        1   -44.43636
     13.795        1   -44.43013
     13.945        1   -44.42405
     14.095        1   -44.41805
     14.245        1   -44.41207
     14.395        1   -44.40661
     14.545        1   -44.40036
     14.695        1   -44.39474
     14.845        1   -44.38917
     14.995        1   -44.38364
     15.145        1   -44.37763
     15.295        1   -44.37168
     15.445        1   -44.36613
     15.595        1   -44.36066
     15.745        1   -44.35545
     15.895        1   -44.35010
     16.045        1   -44.34522
     16.195        1   -44.34007
     16.345        1   -44.33472
     16.495        1   -44.32924
     16.645        1   -44.32400
     16.795        1   -44.31831
     16.945        1   -44.31314
     17.095        1   -44.30701
     17.245        1   -44.30187
     17.395        1   -44.29710
     17.545        1   -44.29191
     17.695        1   -44.28680
     17.845        1   -44.28205
     17.995        1   -44.27750
     18.145        1   -44.27298
     18.295        1   -44.26836
     18.445        1   -44.26344
     18.595        1   -44.25822
     18.745        1   -44.25327
     18.895        1   -44.24863
     19.045        1   -44.24420
     19.195        1   -44.23975
     19.345        1   -44.23510
     19.495        1   -44.23088
     19.645        1   -44.22641
     19.795        1   -44.22152
     19.945        1   -44.21692
     20.095        1   -44.21269
     20.245        1   -44.20764
     20.395        1   -44.20313
     20.545        1   -44.19853
     20.695        1   -44.19431
     20.845        1   -44.19000
     20.995        1   -44.18580
     21.145        1   -44.18144
     21.295        1   -44.17753
     21.445        1   -44.17349
     21.595        1   -44.16938
     21.745        1   -44.16550
     21.895        1   -44.16152
     22.045        1   -44.15754
     22.195        1   -44.15354
     22.345        1   -44.14951
     22.495        1   -44.14565
     22.645        1   -44.14206
     22.795        1   -44.13823
     22.945        1   -44.13434
     23.095        1   -44.13081
     23.245        1   -44.12698
     23.395        1   -44.12307
     23.545        1   -44.11931
     23.695        1   -44.11563
     23.845        1   -44.11178
     23.995        1   -44.10779
     24.145        1   -44.10341
     24.295        1   -44.09963
     24.445        1   -44.09581
     24.595        1   -44.09199
     24.745        1   -44.08827
     24.895        1   -44.08476
     25.045        1   -44.08122
     25.195        1   -44.07755
     25.345        1   -44.07398
     25.495        1   -44.07010
     25.645        1   -44.06667
     25.795        1   -44.06335
     25.945        1   -44.05955
     26.095        1   -44.05642
     26.245        1   -44.05307
     26.395        1   -44.04986
     26.545        1   -44.04612
     26.695        1   -44.04297
     26.845        1   -44.03994
     26.995        1   -44.03646
     27.145        1   -44.03262
     27.295        1   -44.02915
     27.445        1   -44.02599
     27.595        1   -44.02183
     27.745        1   -44.01882
     27.895        1   -44.01553
     28.045        1   -44.01233
     28.195        1   -44.00891
     28.345        1   -44.00520
     28.495        1   -44.00206
     28.645        1   -43.99884
     28.795        1   -43.99552
     28.945        1   -43.99239
     29.095        1   -43.98920
     29.245        1   -43.98602
     29.395        1   -43.98312
     29.545        1   -43.98018
     29.695        1   -43.97737
     29.845        1   -43.97442
     29.995        1   -43.97087
     30.145        1   -43.96792
     30.295        1   -43.96481
     30.445        1   -43.96165
     30.595        1   -43.95867
     30.745        1   -43.95590
     30.895        1   -43.95258
     31.045        1   -43.94956
     31.195        1   -43.94688
     31.345        1   -43.94391
     31.495        1   -43.94114
     31.645        1   -43.93826
     31.795        1   -43.93542
     31.945        1   -43.93251
     32.095        1   -43.92981
     32.245        1   -43.92697
     32.395        1   -43.92424
     32.545        1   -43.92156
     32.695        1   -43.91893
     32.845        1   -43.91627
     32.995        1   -43.91366
     33.145        1   -43.91081
     33.295        1   -43.90786
     33.445        1   -43.90509
     33.595        1   -43.90245
     33.745        1   -43.89964
     33.895        1   -43.89672
     34.045        1   -43.89423
     34.195        1   -43.89162
     34.345        1   -43.88925
     34.495        1   -43.88678
     34.645        1   -43.88420
     34.795        1   -43.88133
     34.945        1   -43.87869
     35.095        1   -43.87614
     35.245        1   -43.87358
     35.395        1   -43.87091
     35.545        1   -43.86835
     35.695        1   -43.86591
     35.845        1   -43.86344
     35.995        1   -43.86086
     36.145        1   -43.85839
     36.295        1   -43.85587
     36.445        1   -43.85276
     36.595        1   -43.85038
     36.745        1   -43.84797
     36.895        1   -43.84560
     37.045        1   -43.84312
     37.195        1   -43.84065
     37.345        1   -43.83847
     37.495        1   -43.83607
     37.645        1   -43.83379
     37.795        1   -43.83128
     37.945        1   -43.82787
     38.095        1   -43.82550
     38.245        1   -43.82301
     38.395        1   -43.82061
     38.545        1   -43.81815
     38.695        1   -43.81577
     38.845        1   -43.81342
     38.995        1   -43.81100
     39.145        1   -43.80867
     39.295        1   -43.80647
     39.445        1   -43.80416
     39.595        1   -43.80189
     39.745        1   -43.79952
     39.895        1   -43.79716
     40.045        1   -43.79469
     40.195        1   -43.79233
     40.345        1   -43.79005
     40.495        1   -43.78790
     40.645        1   -43.78572
     40.795        1   -43.78333
     40.945        1   -43.78108
     41.095        1   -43.77869
     41.245        1   -43.77657
     41.395        1   -43.77428
     41.545        1   -43.77209
     41.695        1   -43.76981
     41.845        1   -43.76763
     41.995        1   -43.76552
     42.145        1   -43.76337
     42.295        1   -43.76105
     42.445        1   -43.75896
     42.595        1   -43.75689
     42.745        1   -43.75482
     42.895        1   -43.75287
     43.045        1   -43.75086
     43.195        1   -43.74824
     43.345        1   -43.74612
     43.495        1   -43.74415
     43.645        1   -43.74208
     43.795        1   -43.73988
     43.945        1   -43.73788
     44.095        1   -43.73606
     44.245        1   -43.73398
     44.395        1   -43.73194
     44.545        1   -43.72991
     44.695        1   -43.72792
     44.845        1   -43.72574
     44.995        1   -43.72366
     45.145        1   -43.72163
     45.295        1   -43.71952
     45.445        1   -43.71762
     45.595        1   -43.71549
     45.745        1   -43.71361
     45.895        1   -43.71168
     46.045        1   -43.70988
     46.195        1   -43.70751
     46.345        1   -43.70544
     46.495        1   -43.70332
     46.645        1   -43.70135
     46.795        1   -43.69937
     46.945        1   -43.69738
     47.095        1   -43.69556
     47.245        1   -43.69362
     47.395        1   -43.69168
     47.545        1   -43.68970
     47.695        1   -43.68771
     47.845        1   -43.68585
     47.995        1   -43.68385
     48.145        1   -43.68192
     48.295        1   -43.67978
     48.445        1   -43.67796
     48.595        1   -43.67612
     48.745        1   -43.67431
     48.895        1   -43.67244
     49.045        1   -43.67016
     49.195        1   -43.66836
     49.345        1   -43.66654
     49.495        1   -43.66467
     49.645        1   -43.66282
     49.795        1   -43.66088
     49.945        1   -43.65907
     50.095        1   -43.65718
     50.245        1   -43.65521
     50.395        1   -43.65312
     50.545        1   -43.65127
     50.695        1   -43.64946
     50.845        1   -43.64769
     50.995        1   -43.64610
     51.145        1   -43.64431
     51.295        1   -43.64262
     51.445        1   -43.64081
     51.595        1   -43.63901
     51.745        1   -43.63725
     51.895        1   -43.63554
     52.045        1   -43.63386
     52.195        1   -43.63192
     52.345        1   -43.62997
     52.495        1   -43.62820
     52.645        1   -43.62649
     52.795        1   -43.62486
     52.945        1   -43.62314
     53.095        1   -43.62110
     53.245        1   -43.61950
     53.395        1   -43.61788
     53.545        1   -43.61618
     53.695        1   -43.61462
     53.845        1   -43.61295
     53.995        1   -43.61110
     54.145        1   -43.60946
     54.295        1   -43.60772
     54.445        1   -43.60591
     54.595        1   -43.60415
     54.745        1   -43.60232
     54.895        1   -43.60069
     55.045        1   -43.59863
     55.195        1   -43.59696
     55.345        1   -43.59520
     55.495        1   -43.59366
     55.645        1   -43.59185
     55.795        1   -43.59013
     55.945        1   -43.58852
     56.095        1   -43.58680
     56.245        1   -43.58524
     56.395        1   -43.58312
     56.545        1   -43.58163
     56.695        1   -43.58011
     56.845        1   -43.57848
     56.995        1   -43.57696
     57.145        1   -43.57538
     57.295        1   -43.57323
     57.445        1   -43.57164
     57.595        1   -43.56977
     57.745        1   -43.56825
     57.895        1   -43.56672
     58.045        1   -43.56515
     58.195        1   -43.56348
     58.345        1   -43.56200
     58.495        1   -43.56039
     58.645        1   -43.55866
     58.795        1   -43.55709
     58.945        1   -43.55554
     59.095        1   -43.55385
     59.245        1   -43.55235
     59.395        1   -43.55085
     59.545        1   -43.54939
     59.695        1   -43.54745
     59.845        1   -43.54585
     59.995        1   -43.54421
     60.145        1   -43.54261
     70.939        1   -43.34002
     97.698        1   -43.13654
     134.55        1   -42.93372
     185.30        1   -42.73134
     255.20        1   -42.52904
     351.46        1   -42.33262
     484.04        1   -42.13905
     666.62        1   -41.94611
     918.07        1   -41.75693
     1264.4        1   -41.56963
     1741.3        1   -41.38516
     2398.1        1   -41.20247
     3302.7        1   -41.02359
     4548.5        1   -40.84706
     6264.3        1   -40.67349
     8627.2        1   -40.50187
     11881.        1   -40.33216
     16363.        1   -40.16588
     22535.        1   -40.00162
     31036.        1   -39.84077
     42743.        1   -39.68172
     58866.        1   -39.52399
     81070.        1   -39.36798
    0.11165E+06    1   -39.21501
    0.15377E+06    1   -39.06400
    0.21177E+06    1   -38.91420
    0.29165E+06    1   -38.76655
    0.40166E+06    1   -38.61978
    0.55317E+06    1   -38.47433
    0.76182E+06    1   -38.32979
    0.10492E+07    1   -38.18602
    0.14449E+07    1   -38.04367
    0.19900E+07    1   -37.90179
    0.27406E+07    1   -37.75853
    0.37744E+07    1   -37.61630
    0.51981E+07    1   -37.47344
    0.71589E+07    1   -37.32883
    0.98593E+07    1   -37.18554
    0.13578E+08    1   -37.04113
    0.18700E+08    1   -36.89516
    0.25754E+08    1   -36.74897
    0.35468E+08    1   -36.60431
    0.48847E+08    1   -36.46097
    0.67273E+08    1   -36.32177
    0.92648E+08    1   -36.18661
    0.12760E+09    1   -36.05521
    0.17573E+09    1   -35.92646
    0.24201E+09    1   -35.80186
    0.33330E+09    1   -35.68197
    0.45902E+09    1   -35.56761
    0.63217E+09    1   -35.45934
    0.87062E+09    1   -35.35867
    0.11990E+10    1   -35.26469
    0.16513E+10    1   -35.17617
    0.22742E+10    1   -35.09462
    0.31320E+10    1   -35.01856
    0.43134E+10    1   -34.94709
    0.59405E+10    1   -34.88090
    0.81813E+10    1   -34.81846
    0.11267E+11    1   -34.76091
    0.15517E+11    1   -34.70773
    0.21371E+11    1   -34.65832
    0.29432E+11    1   -34.61139
    0.40534E+11    1   -34.56877
    0.55823E+11    1   -34.52891
    0.10000E+12    1   -34.03004
    -149.95        2     0.00000
    -149.80        2     0.00000
    -149.65        2     0.00000
    -149.49        2     0.00000
    -149.34        2     0.00000
    -149.20        2     0.00000
    -149.05        2     0.00000
    -148.90        2     0.00000
    -148.74        2     0.00000
    -148.59        2     0.00000
    -148.45        2     0.00000
    -148.30        2     0.00000
    -148.15        2     0.00000
    -147.99        2     0.00000
    -147.84        2     0.00000
    -147.70        2     0.00000
    -147.55        2     0.00000
    -147.40        2     0.00000
    -147.24        2     0.00000
    -147.09        2     0.00000
    -146.95        2     0.00000
    -146.80        2     0.00000
    -146.65        2     0.00000
    -146.49        2     0.00000
    -146.34        2     0.00000
    -146.20        2     0.00000
    -146.05        2     0.00000
    -145.90        2     0.00000
    -145.74        2     0.00000
    -145.59        2     0.00000
    -145.45        2     0.00000
    -145.30        2     0.00000
    -145.15        2     0.00000
    -144.99        2     0.00000
    -144.84        2     0.00000
    -144.70        2     0.00000
    -144.55        2     0.00000
    -144.40        2     0.00000
    -144.24        2     0.00000
    -144.09        2     0.00000
    -143.95        2     0.00000
    -143.80        2     0.00000
    -143.65        2     0.00000
    -143.49        2     0.00000
    -143.34        2     0.00000
    -143.20        2     0.00000
    -143.05        2     0.00000
    -142.90        2     0.00000
    -142.74        2     0.00000
    -142.59        2     0.00000
    -142.45        2     0.00000
    -142.30        2     0.00000
    -142.15        2     0.00000
    -141.99        2     0.00000
    -141.84        2     0.00000
    -141.70        2     0.00000
    -141.55        2     0.00000
    -141.40        2     0.00000
    -141.24        2     0.00000
    -141.09        2     0.00000
    -140.95        2     0.00000
    -140.80        2     0.00000
    -140.65        2     0.00000
    -140.49        2     0.00000
    -140.34        2     0.00000
    -140.20        2     0.00000
    -140.05        2     0.00000
    -139.90        2     0.00000
    -139.74        2     0.00000
    -139.59        2     0.00000
    -139.45        2     0.00000
    -139.30        2     0.00000
    -139.15        2     0.00000
    -138.99        2     0.00000
    -138.84        2     0.00000
    -138.70        2     0.00000
    -138.55        2     0.00000
    -138.40        2     0.00000
    -138.24        2     0.00000
    -138.09        2     0.00000
    -137.95        2     0.00000
    -137.80        2     0.00000
    -137.65        2     0.00000
    -137.49        2     0.00000
    -137.34        2     0.00000
    -137.20        2     0.00000
    -137.05        2     0.00000
    -136.90        2     0.00000
    -136.74        2     0.00000
    -136.59        2     0.00000
    -136.45        2     0.00000
    -136.30        2     0.00000
    -136.15        2     0.00000
    -135.99        2     0.00000
    -135.84        2     0.00000
    -135.70        2     0.00000
    -135.55        2     0.00000
    -135.40        2     0.00000
    -135.24        2     0.00000
    -135.09        2     0.00000
    -134.95        2     0.00000
    -134.80        2     0.00000
    -134.65        2     0.00000
    -134.49        2     0.00000
    -134.34        2     0.00000
    -134.20        2     0.00000
    -134.05        2     0.00000
    -133.90        2     0.00000
    -133.74        2     0.00000
    -133.59        2     0.00000
    -133.45        2     0.00000
    -133.30        2     0.00000
    -133.15        2     0.00000
    -132.99        2     0.00000
    -132.84        2     0.00000
    -132.70        2     0.00000
    -132.55        2     0.00000
    -132.40        2     0.00000
    -132.24        2     0.00000
    -132.09        2     0.00000
    -131.95        2     0.00000
    -131.80        2     0.00000
    -131.65        2     0.00000
    -131.49        2     0.00000
    -131.34        2     0.00000
    -131.20        2     0.00000
    -131.05        2     0.00000
    -130.90        2     0.00000
    -130.74        2     0.00000
    -130.59        2     0.00000
    -130.45        2     0.00000
    -130.30        2     0.00000
    -130.15        2     0.00000
    -129.99        2     0.00000
    -129.84        2     0.00000
    -129.70        2     0.00000
    -129.55        2     0.00000
    -129.40        2     0.00000
    -129.24        2     0.00000
    -129.09        2     0.00000
    -128.95        2     0.00000
    -128.80        2     0.00000
    -128.65        2     0.00000
    -128.49        2     0.00000
    -128.34        2     0.00000
    -128.20        2     0.00000
    -128.05        2     0.00000
    -127.89        2     0.00000
    -127.75        2     0.00000
    -127.60        2     0.00000
    -127.44        2     0.00000
    -127.30        2     0.00000
    -127.14        2     0.00000
    -127.00        2     0.00000
    -126.85        2     0.00000
    -126.69        2     0.00000
    -126.55        2     0.00000
    -126.39        2     0.00000
    -126.25        2     0.00000
    -126.10        2     0.00000
    -125.94        2     0.00000
    -125.80        2     0.00000
    -125.64        2     0.00000
    -125.50        2     0.00000
    -125.35        2     0.00000
    -125.19        2     0.00000
    -125.05        2     0.00000
    -124.89        2     0.00000
    -124.75        2     0.00000
    -124.60        2     0.00000
    -124.44        2     0.00000
    -124.30        2     0.00000
    -124.14        2     0.00000
    -124.00        2     0.00000
    -123.85        2     0.00000
    -123.69        2     0.00000
    -123.55        2     0.00000
    -123.39        2     0.00000
    -123.25        2     0.00000
    -123.10        2     0.00000
    -122.94        2     0.00000
    -122.80        2     0.00000
    -122.64        2     0.00000
    -122.50        2     0.00000
    -122.35        2     0.00000
    -122.19        2     0.00000
    -122.05        2     0.00000
    -121.89        2     0.00000
    -121.75        2     0.00000
    -121.60        2     0.00000
    -121.44        2     0.00000
    -121.30        2     0.00000
    -121.14        2     0.00000
    -121.00        2     0.00000
    -120.85        2     0.00000
    -120.69        2     0.00000
    -120.55        2     0.00000
    -120.39        2     0.00000
    -120.25        2     0.00000
    -120.10        2     0.00000
    -119.94        2     0.00000
    -119.80        2     0.00000
    -119.64        2     0.00000
    -119.50        2     0.00000
    -119.35        2     0.00000
    -119.19        2     0.00000
    -119.05        2     0.00000
    -118.89        2     0.00000
    -118.75        2     0.00000
    -118.60        2     0.00000
    -118.44        2     0.00000
    -118.30        2     0.00000
    -118.14        2     0.00000
    -118.00        2     0.00000
    -117.85        2     0.00000
    -117.69        2     0.00000
    -117.55        2     0.00000
    -117.39        2     0.00000
    -117.25        2     0.00000
    -117.10        2     0.00000
    -116.94        2     0.00000
    -116.80        2     0.00000
    -116.64        2     0.00000
    -116.50        2     0.00000
    -116.35        2     0.00000
    -116.19        2     0.00000
    -116.05        2     0.00000
    -115.89        2     0.00000
    -115.75        2     0.00000
    -115.60        2     0.00000
    -115.44        2     0.00000
    -115.30        2     0.00000
    -115.14        2     0.00000
    -115.00        2     0.00000
    -114.85        2     0.00000
    -114.69        2     0.00000
    -114.55        2     0.00000
    -114.39        2     0.00000
    -114.25        2     0.00000
    -114.10        2     0.00000
    -113.94        2     0.00000
    -113.80        2     0.00000
    -113.64        2     0.00000
    -113.50        2     0.00000
    -113.35        2     0.00000
    -113.19        2     0.00000
    -113.05        2     0.00000
    -112.89        2     0.00000
    -112.75        2     0.00000
    -112.60        2     0.00000
    -112.44        2     0.00000
    -112.30        2     0.00000
    -112.14        2     0.00000
    -112.00        2     0.00000
    -111.85        2     0.00000
    -111.69        2     0.00000
    -111.55        2     0.00000
    -111.39        2     0.00000
    -111.25        2     0.00000
    -111.10        2     0.00000
    -110.94        2     0.00000
    -110.80        2     0.00000
    -110.64        2     0.00000
    -110.50        2     0.00000
    -110.35        2     0.00000
    -110.19        2     0.00000
    -110.05        2     0.00000
    -109.89        2     0.00000
    -109.75        2     0.00000
    -109.60        2     0.00000
    -109.44        2     0.00000
    -109.30        2     0.00000
    -109.14        2     0.00000
    -109.00        2     0.00000
    -108.85        2     0.00000
    -108.69        2     0.00000
    -108.55        2     0.00000
    -108.39        2     0.00000
    -108.25        2     0.00000
    -108.10        2     0.00000
    -107.94        2     0.00000
    -107.80        2     0.00000
    -107.64        2     0.00000
    -107.50        2     0.00000
    -107.35        2     0.00000
    -107.19        2     0.00000
    -107.05        2     0.00000
    -106.89        2     0.00000
    -106.75        2     0.00000
    -106.60        2     0.00000
    -106.44        2     0.00000
    -106.30        2     0.00000
    -106.14        2     0.00000
    -106.00        2     0.00000
    -105.85        2     0.00000
    -105.69        2     0.00000
    -105.55        2     0.00000
    -105.39        2     0.00000
    -105.25        2     0.00000
    -105.10        2     0.00000
    -104.94        2     0.00000
    -104.80        2     0.00000
    -104.64        2     0.00000
    -104.50        2     0.00000
    -104.35        2     0.00000
    -104.19        2     0.00000
    -104.05        2     0.00000
    -103.89        2     0.00000
    -103.75        2     0.00000
    -103.60        2     0.00000
    -103.44        2     0.00000
    -103.30        2     0.00000
    -103.14        2     0.00000
    -103.00        2     0.00000
    -102.85        2     0.00000
    -102.69        2     0.00000
    -102.55        2     0.00000
    -102.39        2     0.00000
    -102.25        2     0.00000
    -102.10        2     0.00000
    -101.94        2     0.00000
    -101.80        2     0.00000
    -101.64        2     0.00000
    -101.50        2     0.00000
    -101.35        2     0.00000
    -101.19        2     0.00000
    -101.05        2     0.00000
    -100.89        2     0.00000
    -100.75        2     0.00000
    -100.60        2     0.00000
    -100.44        2     0.00000
    -100.30        2     0.00000
    -100.14        2     0.00000
    -99.995        2     0.00000
    -99.845        2     0.00000
    -99.695        2     0.00000
    -99.545        2     0.00000
    -99.395        2     0.00000
    -99.245        2     0.00000
    -99.095        2     0.00000
    -98.945        2     0.00000
    -98.795        2     0.00000
    -98.645        2     0.00000
    -98.495        2     0.00000
    -98.345        2     0.00000
    -98.195        2     0.00000
    -98.045        2     0.00000
    -97.895        2     0.00000
    -97.745        2     0.00000
    -97.595        2     0.00000
    -97.445        2     0.00000
    -97.295        2     0.00000
    -97.145        2     0.00000
    -96.995        2     0.00000
    -96.845        2     0.00000
    -96.695        2     0.00000
    -96.545        2     0.00000
    -96.395        2     0.00000
    -96.245        2     0.00000
    -96.095        2     0.00000
    -95.945        2     0.00000
    -95.795        2     0.00000
    -95.645        2     0.00000
    -95.495        2     0.00000
    -95.345        2     0.00000
    -95.195        2     0.00000
    -95.045        2     0.00000
    -94.895        2     0.00000
    -94.745        2     0.00000
    -94.595        2     0.00000
    -94.445        2     0.00000
    -94.295        2     0.00000
    -94.145        2     0.00000
    -93.995        2     0.00000
    -93.845        2     0.00000
    -93.695        2     0.00000
    -93.545        2     0.00000
    -93.395        2     0.00000
    -93.245        2     0.00000
    -93.095        2     0.00000
    -92.945        2     0.00000
    -92.795        2     0.00000
    -92.645        2     0.00000
    -92.495        2     0.00000
    -92.345        2     0.00000
    -92.195        2     0.00000
    -92.045        2     0.00000
    -91.895        2     0.00000
    -91.745        2     0.00000
    -91.595        2     0.00000
    -91.445        2     0.00000
    -91.295        2     0.00000
    -91.145        2     0.00000
    -90.995        2     0.00000
    -90.845        2     0.00000
    -90.695        2     0.00000
    -90.545        2     0.00000
    -90.395        2     0.00000
    -90.245        2     0.00000
    -90.095        2     0.00000
    -89.945        2     0.00000
    -89.795        2     0.00000
    -89.645        2     0.00000
    -89.495        2     0.00000
    -89.345        2     0.00000
    -89.195        2     0.00000
    -89.045        2     0.00000
    -88.895        2     0.00000
    -88.745        2     0.00000
    -88.595        2     0.00000
    -88.445        2     0.00000
    -88.295        2     0.00000
    -88.145        2     0.00000
    -87.995        2     0.00000
    -87.845        2     0.00000
    -87.695        2     0.00000
    -87.545        2     0.00000
    -87.395        2     0.00000
    -87.245        2     0.00000
    -87.095        2     0.00000
    -86.945        2     0.00000
    -86.795        2     0.00000
    -86.645        2     0.00000
    -86.495        2     0.00000
    -86.345        2     0.00000
    -86.195        2     0.00000
    -86.045        2     0.00000
    -85.895        2     0.00000
    -85.745        2     0.00000
    -85.595        2     0.00000
    -85.445        2     0.00000
    -85.295        2     0.00000
    -85.145        2     0.00000
    -84.995        2     0.00000
    -84.845        2     0.00000
    -84.695        2     0.00000
    -84.545        2     0.00000
    -84.395        2     0.00000
    -84.245        2     0.00000
    -84.095        2     0.00000
    -83.945        2     0.00000
    -83.795        2     0.00000
    -83.645        2     0.00000
    -83.495        2     0.00000
    -83.345        2     0.00000
    -83.195        2     0.00000
    -83.045        2     0.00000
    -82.895        2     0.00000
    -82.745        2     0.00000
    -82.595        2     0.00000
    -82.445        2     0.00000
    -82.295        2     0.00000
    -82.145        2     0.00000
    -81.995        2     0.00000
    -81.845        2     0.00000
    -81.695        2     0.00000
    -81.545        2     0.00000
    -81.395        2     0.00000
    -81.245        2     0.00000
    -81.095        2     0.00000
    -80.945        2     0.00000
    -80.795        2     0.00000
    -80.645        2     0.00000
    -80.495        2     0.00000
    -80.345        2     0.00000
    -80.195        2     0.00000
    -80.045        2     0.00000
    -79.895        2     0.00000
    -79.745        2     0.00000
    -79.595        2     0.00000
    -79.445        2     0.00000
    -79.295        2     0.00000
    -79.145        2     0.00000
    -78.995        2     0.00000
    -78.845        2     0.00000
    -78.695        2     0.00000
    -78.545        2     0.00000
    -78.395        2     0.00000
    -78.245        2     0.00000
    -78.095        2     0.00000
    -77.945        2     0.00000
    -77.795        2     0.00000
    -77.645        2     0.00000
    -77.495        2     0.00000
    -77.345        2     0.00000
    -77.195        2     0.00000
    -77.045        2     0.00000
    -76.895        2     0.00000
    -76.745        2     0.00000
    -76.595        2     0.00000
    -76.445        2     0.00000
    -76.295        2     0.00000
    -76.145        2     0.00000
    -75.995        2     0.00000
    -75.845        2     0.00000
    -75.695        2     0.00000
    -75.545        2     0.00000
    -75.395        2     0.00000
    -75.245        2     0.00000
    -75.095        2     0.00000
    -74.945        2     0.00000
    -74.795        2     0.00000
    -74.645        2     0.00000
    -74.495        2     0.00000
    -74.345        2     0.00000
    -74.195        2     0.00000
    -74.045        2     0.00000
    -73.895        2     0.00000
    -73.745        2     0.00000
    -73.595        2     0.00000
    -73.445        2     0.00000
    -73.295        2     0.00000
    -73.145        2     0.00000
    -72.995        2     0.00000
    -72.845        2     0.00000
    -72.695        2     0.00000
    -72.545        2     0.00000
    -72.395        2     0.00000
    -72.245        2     0.00000
    -72.095        2     0.00000
    -71.945        2     0.00000
    -71.795        2     0.00000
    -71.645        2     0.00000
    -71.495        2     0.00000
    -71.345        2     0.00000
    -71.195        2     0.00000
    -71.045        2     0.00000
    -70.895        2     0.00000
    -70.745        2     0.00000
    -70.595        2     0.00000
    -70.445        2     0.00000
    -70.295        2     0.00000
    -70.145        2     0.00000
    -69.995        2     0.00000
    -69.845        2     0.00000
    -69.695        2     0.00000
    -69.545        2     0.00000
    -69.395        2     0.00000
    -69.245        2     0.00000
    -69.095        2     0.00000
    -68.945        2     0.00000
    -68.795        2     0.00000
    -68.645        2     0.00000
    -68.495        2     0.00000
    -68.345        2     0.00000
    -68.195        2     0.00000
    -68.045        2     0.00000
    -67.895        2     0.00000
    -67.745        2     0.00000
    -67.595        2     0.00000
    -67.445        2     0.00000
    -67.295        2     0.00000
    -67.145        2     0.00000
    -66.995        2     0.00000
    -66.845        2     0.00000
    -66.695        2     0.00000
    -66.545        2     0.00000
    -66.395        2     0.00000
    -66.245        2     0.00000
    -66.095        2     0.00000
    -65.945        2     0.00000
    -65.795        2     0.00000
    -65.645        2     0.00000
    -65.495        2     0.00000
    -65.345        2     0.00000
    -65.195        2     0.00000
    -65.045        2     0.00000
    -64.895        2     0.00000
    -64.745        2     0.00000
    -64.595        2     0.00000
    -64.445        2     0.00000
    -64.295        2     0.00000
    -64.145        2     0.00000
    -63.995        2     0.00000
    -63.845        2     0.00000
    -63.695        2     0.00000
    -63.545        2     0.00000
    -63.395        2     0.00000
    -63.245        2     0.00000
    -63.095        2     0.00000
    -62.945        2     0.00000
    -62.795        2     0.00000
    -62.645        2     0.00000
    -62.495        2     0.00000
    -62.345        2     0.00000
    -62.195        2     0.00000
    -62.045        2     0.00000
    -61.895        2     0.00000
    -61.745        2     0.00000
    -61.595        2     0.00000
    -61.445        2     0.00000
    -61.295        2     0.00000
    -61.145        2     0.00000
    -60.995        2     0.00000
    -60.845        2     0.00000
    -60.695        2     0.00000
    -60.545        2     0.00000
    -60.395        2     0.00000
    -60.245        2     0.00000
    -60.095        2     0.00000
    -59.945        2     0.00000
    -59.795        2     0.00000
    -59.645        2     0.00000
    -59.495        2     0.00000
    -59.345        2     0.00000
    -59.195        2     0.00000
    -59.045        2     0.00000
    -58.895        2     0.00000
    -58.745        2     0.00000
    -58.595        2     0.00000
    -58.445        2     0.00000
    -58.295        2     0.00000
    -58.145        2     0.00000
    -57.995        2     0.00000
    -57.845        2     0.00000
    -57.695        2     0.00000
    -57.545        2     0.00000
    -57.395        2     0.00000
    -57.245        2     0.00000
    -57.095        2     0.00000
    -56.945        2     0.00000
    -56.795        2     0.00000
    -56.645        2     0.00000
    -56.495        2     0.00000
    -56.345        2     0.00000
    -56.195        2     0.00000
    -56.045        2     0.00000
    -55.895        2     0.00000
    -55.745        2     0.00000
    -55.595        2     0.00000
    -55.445        2     0.00000
    -55.295        2     0.00000
    -55.145        2     0.00000
    -54.995        2     0.00000
    -54.845        2     0.00000
    -54.695        2     0.00000
    -54.545        2     0.00000
    -54.395        2     0.00000
    -54.245        2     0.00000
    -54.095        2     0.00000
    -53.945        2     0.00000
    -53.795        2     0.00000
    -53.645        2     0.00000
    -53.495        2     0.00000
    -53.345        2     0.00000
    -53.195        2     0.00000
    -53.045        2     0.00000
    -52.895        2     0.00000
    -52.745        2     0.00000
    -52.595        2     0.00000
    -52.445        2     0.00000
    -52.295        2     0.00000
    -52.145        2     0.00000
    -51.995        2     0.00000
    -51.845        2     0.00000
    -51.695        2     0.00000
    -51.545        2     0.00000
    -51.395        2     0.00000
    -51.245        2     0.00000
    -51.095        2     0.00000
    -50.945        2     0.00000
    -50.795        2     0.00000
    -50.645        2     0.00000
    -50.495        2     0.00000
    -50.345        2     0.00000
    -50.195        2     0.00000
    -50.045        2     0.00000
    -49.895        2     0.00000
    -49.745        2     0.00000
    -49.595        2     0.00000
    -49.445        2     0.00000
    -49.295        2     0.00000
    -49.145        2     0.00000
    -48.995        2     0.00000
    -48.845        2     0.00000
    -48.695        2     0.00000
    -48.545        2     0.00000
    -48.395        2     0.00000
    -48.245        2     0.00000
    -48.095        2     0.00000
    -47.945        2     0.00000
    -47.795        2     0.00000
    -47.645        2     0.00000
    -47.495        2     0.00000
    -47.345        2     0.00000
    -47.195        2     0.00000
    -47.045        2     0.00000
    -46.895        2     0.00000
    -46.745        2     0.00000
    -46.595        2     0.00000
    -46.445        2     0.00000
    -46.295        2     0.00000
    -46.145        2     0.00000
    -45.995        2     0.00000
    -45.845        2     0.00000
    -45.695        2     0.00000
    -45.545        2     0.00000
    -45.395        2     0.00000
    -45.245        2     0.00000
    -45.095        2     0.00000
    -44.945        2     0.00000
    -44.795        2     0.00000
    -44.645        2     0.00000
    -44.495        2     0.00000
    -44.345        2     0.00000
    -44.195        2     0.00000
    -44.045        2     0.00000
    -43.895        2     0.00000
    -43.745        2     0.00000
    -43.595        2     0.00000
    -43.445        2     0.00000
    -43.295        2     0.00000
    -43.145        2     0.00000
    -42.995        2     0.00000
    -42.845        2     0.00000
    -42.695        2     0.00000
    -42.545        2     0.00000
    -42.395        2     0.00000
    -42.245        2     0.00000
    -42.095        2     0.00000
    -41.945        2     0.00000
    -41.795        2     0.00000
    -41.645        2     0.00000
    -41.495        2     0.00000
    -41.345        2     0.00000
    -41.195        2     0.00000
    -41.045        2     0.00000
    -40.895        2     0.00000
    -40.745        2     0.00000
    -40.595        2     0.00000
    -40.445        2     0.00000
    -40.295        2     0.00000
    -40.145        2     0.00000
    -39.995        2     0.00000
    -39.845        2     0.00000
    -39.695        2     0.00000
    -39.545        2     0.00000
    -39.395        2     0.00000
    -39.245        2     0.00000
    -39.095        2     0.00000
    -38.945        2     0.00000
    -38.795        2     0.00000
    -38.645        2     0.00000
    -38.495        2     0.00000
    -38.345        2     0.00000
    -38.195        2     0.00000
    -38.045        2     0.00000
    -37.895        2     0.00000
    -37.745        2     0.00000
    -37.595        2     0.00000
    -37.445        2     0.00000
    -37.295        2     0.00000
    -37.145        2     0.00000
    -36.995        2     0.00000
    -36.845        2     0.00000
    -36.695        2     0.00000
    -36.545        2     0.00000
    -36.395        2     0.00000
    -36.245        2     0.00000
    -36.095        2     0.00000
    -35.945        2     0.00000
    -35.795        2     0.00000
    -35.645        2     0.00000
    -35.495        2     0.00000
    -35.345        2     0.00000
    -35.195        2     0.00000
    -35.045        2     0.00000
    -34.895        2     0.00000
    -34.745        2     0.00000
    -34.595        2     0.00000
    -34.445        2     0.00000
    -34.295        2     0.00000
    -34.145        2     0.00000
    -33.995        2     0.00000
    -33.845        2     0.00000
    -33.695        2     0.00000
    -33.545        2     0.00000
    -33.395        2     0.00000
    -33.245        2     0.00000
    -33.095        2     0.00000
    -32.945        2     0.00000
    -32.795        2     0.00000
    -32.645        2     0.00000
    -32.495        2     0.00000
    -32.345        2     0.00000
    -32.195        2     0.00000
    -32.045        2     0.00000
    -31.895        2     0.00000
    -31.745        2     0.00000
    -31.595        2     0.00000
    -31.445        2     0.00000
    -31.295        2     0.00000
    -31.145        2     0.00000
    -30.995        2     0.00000
    -30.845        2     0.00000
    -30.695        2     0.00000
    -30.545        2     0.00000
    -30.395        2     0.00000
    -30.245        2     0.00000
    -30.095        2     0.00000
    -29.945        2     0.00000
    -29.795        2     0.00000
    -29.645        2     0.00000
    -29.495        2     0.00000
    -29.345        2     0.00000
    -29.195        2     0.00000
    -29.045        2     0.00000
    -28.895        2     0.00000
    -28.745        2     0.00000
    -28.595        2     0.00000
    -28.445        2     0.00000
    -28.295        2     0.00000
    -28.145        2     0.00000
    -27.995        2     0.00000
    -27.845        2     0.00000
    -27.695        2     0.00000
    -27.545        2     0.00000
    -27.395        2     0.00000
    -27.245        2     0.00000
    -27.095        2     0.00000
    -26.945        2     0.00000
    -26.795        2     0.00000
    -26.645        2     0.00000
    -26.495        2     0.00000
    -26.345        2     0.00000
    -26.195        2     0.00000
    -26.045        2     0.00000
    -25.895        2     0.00000
    -25.745        2     0.00000
    -25.595        2     0.00000
    -25.445        2     0.00000
    -25.295        2     0.00000
    -25.145        2     0.00000
    -24.995        2     0.00000
    -24.845        2     0.00000
    -24.695        2     0.00000
    -24.545        2     0.00000
    -24.395        2     0.00000
    -24.245        2     0.00000
    -24.095        2     0.00000
    -23.945        2     0.00000
    -23.795        2     0.00000
    -23.645        2     0.00000
    -23.495        2     0.00000
    -23.345        2     0.00000
    -23.195        2     0.00000
    -23.045        2     0.00000
    -22.895        2     0.00000
    -22.745        2     0.00000
    -22.595        2     0.00000
    -22.445        2     0.00000
    -22.295        2     0.00000
    -22.145        2     0.00000
    -21.995        2     0.00000
    -21.845        2     0.00000
    -21.695        2     0.00000
    -21.545        2     0.00000
    -21.395        2     0.00000
    -21.245        2     0.00000
    -21.095        2     0.00000
    -20.945        2     0.00000
    -20.795        2     0.00000
    -20.645        2     0.00000
    -20.495        2     0.00000
    -20.345        2     0.00000
    -20.195        2     0.00000
    -20.045        2     0.00000
    -19.895        2     0.00000
    -19.745        2     0.00000
    -19.595        2     0.00000
    -19.445        2     0.00000
    -19.295        2     0.00000
    -19.145        2     0.00000
    -18.995        2     0.00000
    -18.845        2     0.00000
    -18.695        2     0.00000
    -18.545        2     0.00000
    -18.395        2     0.00000
    -18.245        2     0.00000
    -18.095        2     0.00000
    -17.945        2     0.00000
    -17.795        2     0.00000
    -17.645        2     0.00000
    -17.495        2     0.00000
    -17.345        2     0.00000
    -17.195        2     0.00000
    -17.045        2     0.00000
    -16.895        2     0.00000
    -16.745        2     0.00000
    -16.595        2     0.00000
    -16.445        2     0.00000
    -16.295        2     0.00000
    -16.145        2     0.00000
    -15.995        2     0.00000
    -15.845        2     0.00000
    -15.695        2     0.00000
    -15.545        2    -0.00056
    -15.395        2    -0.01010
    -15.245        2    -0.04429
    -15.095        2    -0.12727
    -14.945        2    -0.28194
    -14.795        2    -0.52066
    -14.645        2    -0.89673
    -14.495        2    -1.41352
    -14.345        2    -2.06106
    -14.195        2    -2.82800
    -14.045        2    -3.69735
    -13.895        2    -4.62458
    -13.745        2    -5.61031
    -13.595        2    -6.59538
    -13.445        2    -7.56009
    -13.295        2    -8.53487
    -13.145        2    -9.51030
    -12.995        2   -10.47667
    -12.845        2   -11.42065
    -12.695        2   -12.37737
    -12.545        2   -13.32742
    -12.395        2   -14.25668
    -12.245        2   -15.18809
    -12.095        2   -16.08543
    -11.945        2   -16.95493
    -11.795        2   -17.78975
    -11.645        2   -18.59424
    -11.495        2   -19.36839
    -11.345        2   -20.10313
    -11.195        2   -20.80930
    -11.045        2   -21.49320
    -10.895        2   -22.15728
    -10.745        2   -22.80977
    -10.595        2   -23.45193
    -10.445        2   -24.08401
    -10.295        2   -24.72945
    -10.145        2   -25.37428
    -9.9950        2   -26.03006
    -9.8450        2   -26.70534
    -9.6950        2   -27.43335
    -9.5450        2   -28.19525
    -9.3950        2   -29.01478
    -9.2450        2   -29.89050
    -9.0950        2   -30.87149
    -8.9450        2   -31.92036
    -8.7950        2   -33.05329
    -8.6450        2   -34.26776
    -8.4950        2   -35.54751
    -8.3450        2   -36.90513
    -8.1950        2   -38.34031
    -8.0450        2   -39.85418
    -7.8950        2   -41.44716
    -7.7450        2   -43.13325
    -7.5950        2   -44.90401
    -7.4450        2   -46.78486
    -7.2950        2   -48.73733
    -7.1450        2   -50.74981
    -6.9950        2   -52.82145
    -6.8450        2   -54.92073
    -6.6950        2   -57.05643
    -6.5450        2   -59.17888
    -6.3950        2   -61.31742
    -6.2450        2   -63.45755
    -6.0950        2   -65.58682
    -5.9450        2   -67.70935
    -5.7950        2   -69.83680
    -5.6450        2   -71.93955
    -5.4950        2   -74.04433
    -5.3450        2   -76.15747
    -5.1950        2   -78.25911
    -5.0450        2   -80.37991
    -4.8950        2   -82.48911
    -4.7450        2   -84.60756
    -4.5950        2   -86.78522
    -4.4450        2   -88.97290
    -4.2950        2   -91.17264
    -4.1450        2   -93.41182
    -3.9950        2   -95.67298
    -3.8450        2   -97.97753
    -3.6950        2  -100.33919
    -3.5450        2  -102.76931
    -3.3950        2  -105.34685
    -3.2450        2  -108.04889
    -3.0950        2  -110.93550
    -2.9450        2  -114.04443
    -2.7950        2  -117.42556
    -2.6450        2  -121.10047
    -2.4950        2  -125.12663
    -2.3450        2  -129.56022
    -2.1950        2  -134.49773
    -2.0450        2  -140.02335
    -1.8950        2  -146.28273
    -1.7450        2  -153.39990
    -1.5950        2  -161.51352
    -1.4450        2  -170.64188
    -1.2950        2  -180.71821
    -1.1450        2  -191.66109
   -0.99500        2  -203.28967
   -0.84500        2  -215.41972
   -0.69500        2  -228.05109
   -0.54500        2  -241.47170
   -0.39500        2  -256.53903
   -0.25300        2  -267.87558
   -0.21500        2  -268.64637
   -0.20900        2  -269.42626
   -0.20300        2  -270.21983
   -0.19700        2  -271.02350
   -0.19100        2  -271.84010
   -0.18500        2  -272.67031
   -0.17900        2  -273.51421
   -0.17300        2  -274.37256
   -0.16700        2  -275.24749
   -0.16100        2  -276.13754
   -0.15500        2  -277.04706
   -0.14900        2  -277.97398
   -0.14300        2  -278.92210
   -0.13700        2  -279.89124
   -0.13100        2  -280.88132
   -0.12500        2  -281.89897
   -0.11900        2  -282.94362
   -0.11300        2  -284.01883
   -0.10700        2  -285.12536
   -0.10100        2  -286.27081
   -0.95000E-01    2  -287.45525
   -0.89000E-01    2  -288.68608
   -0.83000E-01    2  -289.96856
   -0.77000E-01    2  -291.30947
   -0.71000E-01    2  -292.72042
   -0.65000E-01    2  -294.20954
   -0.59000E-01    2  -295.79409
   -0.53000E-01    2  -297.49402
   -0.47000E-01    2  -299.33574
   -0.41000E-01    2  -301.35252
   -0.35000E-01    2  -303.59980
   -0.29000E-01    2  -306.16208
   -0.23000E-01    2  -309.19406
   -0.19700E-01    2  -309.52852
   -0.19100E-01    2  -309.87067
   -0.18500E-01    2  -310.22088
   -0.17900E-01    2  -310.57981
   -0.17300E-01    2  -310.94776
   -0.16700E-01    2  -311.32507
   -0.16100E-01    2  -311.71290
   -0.15500E-01    2  -312.11194
   -0.14900E-01    2  -312.52276
   -0.14300E-01    2  -312.94634
   -0.13700E-01    2  -313.38374
   -0.13100E-01    2  -313.83641
   -0.12500E-01    2  -314.30569
   -0.11900E-01    2  -314.79280
   -0.11300E-01    2  -315.29997
   -0.10700E-01    2  -315.82979
   -0.10100E-01    2  -316.38620
   -0.95000E-02    2  -316.97330
   -0.89000E-02    2  -317.59489
   -0.83000E-02    2  -318.25276
   -0.77000E-02    2  -318.94930
   -0.71000E-02    2  -319.68790
   -0.65000E-02    2  -320.47390
   -0.59000E-02    2  -321.30857
   -0.53000E-02    2  -322.19076
   -0.47000E-02    2  -323.11476
   -0.41000E-02    2  -324.07201
   -0.35000E-02    2  -325.05384
   -0.29000E-02    2  -326.01842
   -0.23000E-02    2  -326.89057
   -0.17000E-02    2  -327.58778
   -0.11000E-02    2  -328.05861
   -0.50000E-03    2  -328.27720
    0.10000E-03    2  -328.23361
    0.70000E-03    2  -327.92940
    0.13000E-02    2  -327.37938
    0.19000E-02    2  -326.61696
    0.25000E-02    2  -325.70487
    0.31000E-02    2  -324.72848
    0.37000E-02    2  -323.75394
    0.43000E-02    2  -322.80812
    0.49000E-02    2  -321.89850
    0.55000E-02    2  -321.03282
    0.61000E-02    2  -320.21568
    0.67000E-02    2  -319.44727
    0.73000E-02    2  -318.72497
    0.79000E-02    2  -318.04341
    0.85000E-02    2  -317.39958
    0.91000E-02    2  -316.79147
    0.97000E-02    2  -316.21772
    0.10300E-01    2  -315.67316
    0.10900E-01    2  -315.15429
    0.11500E-01    2  -314.65688
    0.12100E-01    2  -314.17849
    0.12700E-01    2  -313.71728
    0.13300E-01    2  -313.27198
    0.13900E-01    2  -312.84126
    0.14500E-01    2  -312.42383
    0.15100E-01    2  -312.01908
    0.15700E-01    2  -311.62560
    0.16300E-01    2  -311.24325
    0.16900E-01    2  -310.87089
    0.17500E-01    2  -310.50802
    0.18100E-01    2  -310.15419
    0.18700E-01    2  -309.80865
    0.19300E-01    2  -309.47129
    0.20200E-01    2  -308.22854
    0.25000E-01    2  -305.40884
    0.31000E-01    2  -303.00776
    0.37000E-01    2  -300.90746
    0.43000E-01    2  -299.03854
    0.49000E-01    2  -297.35320
    0.55000E-01    2  -295.82323
    0.61000E-01    2  -294.42381
    0.67000E-01    2  -293.13729
    0.73000E-01    2  -291.94581
    0.79000E-01    2  -290.83515
    0.85000E-01    2  -289.79307
    0.91000E-01    2  -288.81242
    0.97000E-01    2  -287.88568
    0.10300        2  -287.00580
    0.10900        2  -286.16863
    0.11500        2  -285.36855
    0.12100        2  -284.60214
    0.12700        2  -283.86811
    0.13300        2  -283.16055
    0.13900        2  -282.47810
    0.14500        2  -281.82280
    0.15100        2  -281.18876
    0.15700        2  -280.57712
    0.16300        2  -279.98392
    0.16900        2  -279.40929
    0.17500        2  -278.85228
    0.18100        2  -278.31083
    0.18700        2  -277.78597
    0.19300        2  -277.27555
    0.19900        2  -276.77815
    0.20500        2  -276.29315
    0.21100        2  -275.82227
    0.21700        2  -275.36233
    0.29500        2  -266.21382
    0.44500        2  -260.38288
    0.59500        2  -256.09945
    0.74500        2  -252.64690
    0.89500        2  -249.69075
     1.0450        2  -247.08189
     1.1950        2  -244.72477
     1.3450        2  -242.58618
     1.4950        2  -240.62690
     1.6450        2  -238.81831
     1.7950        2  -237.16107
     1.9450        2  -235.62835
     2.0950        2  -234.19255
     2.2450        2  -232.88853
     2.3950        2  -231.67827
     2.5450        2  -230.57153
     2.6950        2  -229.55948
     2.8450        2  -228.62479
     2.9950        2  -227.75871
     3.1450        2  -226.95776
     3.2950        2  -226.22059
     3.4450        2  -225.53824
     3.5950        2  -224.90373
     3.7450        2  -224.30608
     3.8950        2  -223.74114
     4.0450        2  -223.20246
     4.1950        2  -222.67765
     4.3450        2  -222.19268
     4.4950        2  -221.72666
     4.6450        2  -221.27189
     4.7950        2  -220.84365
     4.9450        2  -220.41673
     5.0950        2  -220.01363
     5.2450        2  -219.62512
     5.3950        2  -219.23834
     5.5450        2  -218.86883
     5.6950        2  -218.50703
     5.8450        2  -218.15449
     5.9950        2  -217.81489
     6.1450        2  -217.48509
     6.2950        2  -217.15816
     6.4450        2  -216.84001
     6.5950        2  -216.53347
     6.7450        2  -216.24080
     6.8950        2  -215.94553
     7.0450        2  -215.65845
     7.1950        2  -215.37943
     7.3450        2  -215.10198
     7.4950        2  -214.82876
     7.6450        2  -214.56160
     7.7950        2  -214.30090
     7.9450        2  -214.04564
     8.0950        2  -213.79636
     8.2450        2  -213.54708
     8.3950        2  -213.30798
     8.5450        2  -213.07132
     8.6950        2  -212.83508
     8.8450        2  -212.60248
     8.9950        2  -212.37667
     9.1450        2  -212.14372
     9.2950        2  -211.91997
     9.4450        2  -211.70099
     9.5950        2  -211.48712
     9.7450        2  -211.27893
     9.8950        2  -211.07271
     10.045        2  -210.87083
     10.195        2  -210.67410
     10.345        2  -210.47519
     10.495        2  -210.28441
     10.645        2  -210.09057
     10.795        2  -209.90246
     10.945        2  -209.71325
     11.095        2  -209.52846
     11.245        2  -209.34963
     11.395        2  -209.16820
     11.545        2  -208.99218
     11.695        2  -208.81915
     11.845        2  -208.64847
     11.995        2  -208.47909
     12.145        2  -208.30746
     12.295        2  -208.13827
     12.445        2  -207.97345
     12.595        2  -207.80898
     12.745        2  -207.64574
     12.895        2  -207.48427
     13.045        2  -207.32544
     13.195        2  -207.17389
     13.345        2  -207.01737
     13.495        2  -206.86470
     13.645        2  -206.71308
     13.795        2  -206.56557
     13.945        2  -206.41674
     14.095        2  -206.26977
     14.245        2  -206.12719
     14.395        2  -205.98278
     14.545        2  -205.84280
     14.695        2  -205.70574
     14.845        2  -205.56632
     14.995        2  -205.42389
     15.145        2  -205.28493
     15.295        2  -205.15244
     15.445        2  -205.02068
     15.595        2  -204.89272
     15.745        2  -204.76047
     15.895        2  -204.63322
     16.045        2  -204.50730
     16.195        2  -204.38380
     16.345        2  -204.25473
     16.495        2  -204.13368
     16.645        2  -204.00896
     16.795        2  -203.88535
     16.945        2  -203.76272
     17.095        2  -203.64162
     17.245        2  -203.51868
     17.395        2  -203.39971
     17.545        2  -203.28214
     17.695        2  -203.16531
     17.845        2  -203.05164
     17.995        2  -202.93684
     18.145        2  -202.82567
     18.295        2  -202.70913
     18.445        2  -202.59760
     18.595        2  -202.48586
     18.745        2  -202.37529
     18.895        2  -202.26802
     19.045        2  -202.16037
     19.195        2  -202.05415
     19.345        2  -201.94491
     19.495        2  -201.84139
     19.645        2  -201.73913
     19.795        2  -201.63509
     19.945        2  -201.53186
     20.095        2  -201.42797
     21.836        2  -198.30672
     30.068        2  -193.68155
     42.097        2  -189.06392
     58.937        2  -184.48976
     82.515        2  -179.95495
     115.53        2  -175.46390
     161.74        2  -171.04391
     226.45        2  -166.69861
     317.04        2  -162.44123
     443.87        2  -158.28512
     621.44        2  -154.22027
     870.05        2  -150.25455
     1218.1        2  -146.38684
     1705.4        2  -142.61189
     2387.7        2  -138.94158
     3342.9        2  -135.36246
     4680.2        2  -131.88859
     6552.5        2  -128.50424
     9173.8        2  -125.19582
     12844.        2  -121.99227
     17982.        2  -118.88661
     25176.        2  -115.88892
     35247.        2  -112.99351
     49348.        2  -110.21984
     69090.        2  -107.55098
     96729.        2  -105.00558
    0.13543E+06    2  -102.57484
    0.18960E+06    2  -100.24641
    0.26545E+06    2   -98.03783
    0.37165E+06    2   -95.92982
    0.52033E+06    2   -93.91823
    0.72849E+06    2   -92.01176
    0.10199E+07    2   -90.19378
    0.14279E+07    2   -88.45915
    0.19992E+07    2   -86.81159
    0.27990E+07    2   -85.23759
    0.39187E+07    2   -83.74349
    0.54864E+07    2   -82.33320
    0.76812E+07    2   -80.98393
    0.10754E+08    2   -79.70647
    0.15056E+08    2   -78.48657
    0.21080E+08    2   -77.33147
    0.29513E+08    2   -76.23563
    0.41319E+08    2   -75.19750
    0.57849E+08    2   -74.23167
    0.80991E+08    2   -73.33328
    0.11339E+09    2   -72.50553
    0.15875E+09    2   -71.73024
    0.22226E+09    2   -71.00674
    0.31118E+09    2   -70.33499
    0.43567E+09    2   -69.70596
    0.60996E+09    2   -69.12709
    0.85398E+09    2   -68.60671
    0.11956E+10    2   -68.12763
    0.16739E+10    2   -67.68809
    0.23436E+10    2   -67.28337
    0.32811E+10    2   -66.91462
    0.45937E+10    2   -66.57459
    0.64315E+10    2   -66.26303
    0.90044E+10    2   -65.97550
    0.12607E+11    2   -65.71249
    0.17650E+11    2   -65.46896
    0.24711E+11    2   -65.24517
    0.34596E+11    2   -65.03810
    0.48437E+11    2   -64.85149
    0.67814E+11    2   -64.67904
    0.10000E+12    2   -62.69898
