    -29.945         0.00000
    -29.795         0.00000
    -29.645         0.00000
    -29.495         0.00000
    -29.345         0.00000
    -29.195         0.00000
    -29.045         0.00000
    -28.895         0.00000
    -28.745         0.00000
    -28.595         0.00000
    -28.445         0.00000
    -28.295         0.00000
    -28.145         0.00000
    -27.995         0.00000
    -27.845         0.00000
    -27.695         0.00000
    -27.545         0.00000
    -27.395         0.00000
    -27.245         0.00000
    -27.095         0.00000
    -26.945         0.00000
    -26.795         0.00000
    -26.645         0.00000
    -26.495         0.00000
    -26.345         0.00000
    -26.195         0.00000
    -26.045         0.00000
    -25.895         0.00000
    -25.745         0.00000
    -25.595         0.00000
    -25.445         0.00000
    -25.295         0.00000
    -25.145         0.00000
    -24.995         0.00000
    -24.845         0.00000
    -24.695         0.00000
    -24.545         0.00000
    -24.395         0.00000
    -24.245         0.00000
    -24.095         0.00000
    -23.945         0.00000
    -23.795         0.00000
    -23.645         0.00000
    -23.495         0.00000
    -23.345         0.00000
    -23.195         0.00000
    -23.045         0.00000
    -22.895         0.00000
    -22.745         0.00000
    -22.595         0.00000
    -22.445         0.00000
    -22.295         0.00000
    -22.145         0.00000
    -21.995         0.00000
    -21.845         0.00000
    -21.695         0.00000
    -21.545         0.00000
    -21.395         0.00000
    -21.245         0.00000
    -21.095         0.00000
    -20.945         0.00000
    -20.795         0.00000
    -20.645         0.00000
    -20.495         0.00000
    -20.345         0.00000
    -20.195         0.00000
    -20.045         0.00000
    -19.895         0.00000
    -19.745         0.00000
    -19.595         0.00000
    -19.445         0.00000
    -19.295         0.00000
    -19.145         0.00000
    -18.995         0.00000
    -18.845         0.00000
    -18.695         0.00000
    -18.545         0.00000
    -18.395         0.00000
    -18.245         0.00000
    -18.095         0.00000
    -17.945         0.00000
    -17.795         0.00000
    -17.645         0.00000
    -17.495         0.00000
    -17.345         0.00000
    -17.195         0.00000
    -17.045         0.00000
    -16.895         0.00000
    -16.745         0.00000
    -16.595         0.00000
    -16.445         0.00000
    -16.295         0.00000
    -16.145         0.00000
    -15.995         0.00000
    -15.845         0.00000
    -15.695         0.00000
    -15.545         0.00000
    -15.395         0.00000
    -15.245         0.00000
    -15.095         0.00000
    -14.945         0.00000
    -14.795         0.00000
    -14.645         0.00000
    -14.495         0.00000
    -14.345        -0.00106
    -14.195        -0.01009
    -14.045        -0.03388
    -13.895        -0.07277
    -13.745        -0.15064
    -13.595        -0.27789
    -13.445        -0.46228
    -13.295        -0.69022
    -13.145        -0.95720
    -12.995        -1.25679
    -12.845        -1.59328
    -12.695        -1.97389
    -12.545        -2.38360
    -12.395        -2.83697
    -12.245        -3.33024
    -12.095        -3.88171
    -11.945        -4.46488
    -11.795        -5.09819
    -11.645        -5.77100
    -11.495        -6.48740
    -11.345        -7.21921
    -11.195        -7.98489
    -11.045        -8.77386
    -10.895        -9.59333
    -10.745       -10.45594
    -10.595       -11.34434
    -10.445       -12.27225
    -10.295       -13.23751
    -10.145       -14.24705
    -9.9950       -15.32383
    -9.8450       -16.46190
    -9.6950       -17.67343
    -9.5450       -18.92377
    -9.3950       -20.24281
    -9.2450       -21.62327
    -9.0950       -23.08246
    -8.9450       -24.62433
    -8.7950       -26.28522
    -8.6450       -28.05102
    -8.4950       -29.93394
    -8.3450       -31.95957
    -8.1950       -34.14037
    -8.0450       -36.47793
    -7.8950       -38.99717
    -7.7450       -41.67623
    -7.5950       -44.51185
    -7.4450       -47.48897
    -7.2950       -50.58841
    -7.1450       -53.76786
    -6.9950       -56.99841
    -6.8450       -60.27380
    -6.6950       -63.55863
    -6.5450       -66.82230
    -6.3950       -70.10806
    -6.2450       -73.39869
    -6.0950       -76.68587
    -5.9450       -79.92778
    -5.7950       -83.10673
    -5.6450       -86.24448
    -5.4950       -89.31217
    -5.3450       -92.29376
    -5.1950       -95.22494
    -5.0450       -98.06190
    -4.8950      -100.85454
    -4.7450      -103.58144
    -4.5950      -106.26066
    -4.4450      -108.93928
    -4.2950      -111.56952
    -4.1450      -114.23264
    -3.9950      -116.88781
    -3.8450      -119.60832
    -3.6950      -122.39629
    -3.5450      -125.30271
    -3.3950      -128.37147
    -3.2450      -131.63924
    -3.0950      -135.16015
    -2.9450      -138.98322
    -2.7950      -143.13836
    -2.6450      -147.67570
    -2.4950      -152.63045
    -2.3450      -158.07076
    -2.1950      -164.08142
    -2.0450      -170.79363
    -1.8950      -178.36183
    -1.7450      -186.96832
    -1.5950      -196.75143
    -1.4450      -207.76615
    -1.2950      -219.93477
    -1.1450      -233.08155
   -0.99500      -247.01090
   -0.84500      -261.59747
   -0.69500      -276.82103
   -0.54500      -293.02308
   -0.39500      -311.31029
   -0.25300      -325.31442
   -0.21500      -326.27463
   -0.20900      -327.24426
   -0.20300      -328.22967
   -0.19700      -329.22805
   -0.19100      -330.24298
   -0.18500      -331.27414
   -0.17900      -332.32473
   -0.17300      -333.39166
   -0.16700      -334.47699
   -0.16100      -335.58406
   -0.15500      -336.71086
   -0.14900      -337.86077
   -0.14300      -339.03381
   -0.13700      -340.23371
   -0.13100      -341.46249
   -0.12500      -342.72094
   -0.11900      -344.01212
   -0.11300      -345.33817
   -0.10700      -346.70184
   -0.10100      -348.10779
   -0.95000E-01  -349.55800
   -0.89000E-01  -351.06186
   -0.83000E-01  -352.62227
   -0.77000E-01  -354.24720
   -0.71000E-01  -355.94573
   -0.65000E-01  -357.72955
   -0.59000E-01  -359.61775
   -0.53000E-01  -361.62769
   -0.47000E-01  -363.78707
   -0.41000E-01  -366.13311
   -0.35000E-01  -368.72336
   -0.29000E-01  -371.65551
   -0.23000E-01  -375.09985
   -0.19700E-01  -375.47779
   -0.19100E-01  -375.86354
   -0.18500E-01  -376.25784
   -0.17900E-01  -376.66113
   -0.17300E-01  -377.07413
   -0.16700E-01  -377.49650
   -0.16100E-01  -377.92967
   -0.15500E-01  -378.37387
   -0.14900E-01  -378.82977
   -0.14300E-01  -379.29842
   -0.13700E-01  -379.77988
   -0.13100E-01  -380.27556
   -0.12500E-01  -380.78637
   -0.11900E-01  -381.31350
   -0.11300E-01  -381.85793
   -0.10700E-01  -382.42152
   -0.10100E-01  -383.00624
   -0.95000E-02  -383.61464
   -0.89000E-02  -384.24940
   -0.83000E-02  -384.91287
   -0.77000E-02  -385.60885
   -0.71000E-02  -386.33871
   -0.65000E-02  -387.10246
   -0.59000E-02  -387.90001
   -0.53000E-02  -388.73086
   -0.47000E-02  -389.59026
   -0.41000E-02  -390.46508
   -0.35000E-02  -391.33559
   -0.29000E-02  -392.17276
   -0.23000E-02  -392.93704
   -0.17000E-02  -393.57834
   -0.11000E-02  -394.04034
   -0.50000E-03  -394.26604
    0.10000E-03  -394.22011
    0.70000E-03  -393.90996
    0.13000E-02  -393.38189
    0.19000E-02  -392.69415
    0.25000E-02  -391.90127
    0.31000E-02  -391.05046
    0.37000E-02  -390.17745
    0.43000E-02  -389.30742
    0.49000E-02  -388.45852
    0.55000E-02  -387.64026
    0.61000E-02  -386.85586
    0.67000E-02  -386.10531
    0.73000E-02  -385.38862
    0.79000E-02  -384.70627
    0.85000E-02  -384.05529
    0.91000E-02  -383.43255
    0.97000E-02  -382.83537
    0.10300E-01  -382.26084
    0.10900E-01  -381.70730
    0.11500E-01  -381.17215
    0.12100E-01  -380.65426
    0.12700E-01  -380.15221
    0.13300E-01  -379.66464
    0.13900E-01  -379.19146
    0.14500E-01  -378.73088
    0.15100E-01  -378.28260
    0.15700E-01  -377.84616
    0.16300E-01  -377.42048
    0.16900E-01  -377.00491
    0.17500E-01  -376.59898
    0.18100E-01  -376.20287
    0.18700E-01  -375.81559
    0.19300E-01  -375.43703
    0.20200E-01  -374.03780
    0.25000E-01  -370.85480
    0.31000E-01  -368.13724
    0.37000E-01  -365.74534
    0.43000E-01  -363.60158
    0.49000E-01  -361.65503
    0.55000E-01  -359.87523
    0.61000E-01  -358.23297
    0.67000E-01  -356.70557
    0.73000E-01  -355.27926
    0.79000E-01  -353.93721
    0.85000E-01  -352.66898
    0.91000E-01  -351.46726
    0.97000E-01  -350.32420
    0.10300      -349.23352
    0.10900      -348.19091
    0.11500      -347.19111
    0.12100      -346.23255
    0.12700      -345.31031
    0.13300      -344.42102
    0.13900      -343.56351
    0.14500      -342.73460
    0.15100      -341.93412
    0.15700      -341.15920
    0.16300      -340.40842
    0.16900      -339.67991
    0.17500      -338.97225
    0.18100      -338.28591
    0.18700      -337.61870
    0.19300      -336.97020
    0.19900      -336.33941
    0.20500      -335.72469
    0.21100      -335.12653
    0.21700      -334.54563
    0.29500      -323.06958
    0.44500      -315.78360
    0.59500      -310.37888
    0.74500      -306.03657
    0.89500      -302.33077
     1.0450      -299.04690
     1.1950      -296.04564
     1.3450      -293.26247
     1.4950      -290.66986
     1.6450      -288.25997
     1.7950      -286.00144
     1.9450      -283.90356
     2.0950      -281.96473
     2.2450      -280.17826
     2.3950      -278.54597
     2.5450      -277.05571
     2.6950      -275.69914
     2.8450      -274.47282
     2.9950      -273.37614
     3.1450      -272.37510
     3.2950      -271.46509
     3.4450      -270.62444
     3.5950      -269.84602
     3.7450      -269.12263
     3.8950      -268.44392
     4.0450      -267.79639
     4.1950      -267.19206
     4.3450      -266.60976
     4.4950      -266.05570
     4.6450      -265.52419
     4.7950      -265.01447
     4.9450      -264.52379
     5.0950      -264.04792
     5.2450      -263.58976
     5.3950      -263.14456
     5.5450      -262.71069
     5.6950      -262.28991
     5.8450      -261.88265
     5.9950      -261.48517
     6.1450      -261.09888
     6.2950      -260.71975
     6.4450      -260.34999
     6.5950      -259.99035
     6.7450      -259.63970
     6.8950      -259.29497
     7.0450      -258.95880
     7.1950      -258.62877
     7.3450      -258.30820
     7.4950      -257.99173
     7.6450      -257.68241
     7.7950      -257.37899
     7.9450      -257.08064
     8.0950      -256.78778
     8.2450      -256.50114
     8.3950      -256.21908
     8.5450      -255.94095
     8.6950      -255.66991
     8.8450      -255.40391
     8.9950      -255.14031
     9.1450      -254.88226
     9.2950      -254.62849
     9.4450      -254.37714
     9.5950      -254.12954
     9.7450      -253.88669
     9.8950      -253.64715
     10.045      -253.41188
     10.195      -253.18049
     10.345      -252.95279
     10.495      -252.72700
     10.645      -252.50428
     10.795      -252.28571
     10.945      -252.06833
     11.095      -251.85497
     11.245      -251.64463
     11.395      -251.43588
     11.545      -251.23057
     11.695      -251.02796
     11.845      -250.82688
     11.995      -250.62982
     12.145      -250.43495
     12.295      -250.24188
     12.445      -250.05211
     12.595      -249.86440
     12.745      -249.67727
     12.895      -249.49333
     13.045      -249.31140
     13.195      -249.13231
     13.345      -248.95500
     13.495      -248.77964
     13.645      -248.60462
     13.795      -248.43228
     13.945      -248.26236
     14.095      -248.09307
     14.245      -247.92557
     14.395      -247.76042
     14.545      -247.59762
     14.695      -247.43601
     14.845      -247.27576
     14.995      -247.11707
     15.145      -246.95984
     15.295      -246.80469
     15.445      -246.65155
     15.595      -246.50020
     15.745      -246.34878
     15.895      -246.19861
     16.045      -246.04975
     16.195      -245.90312
     16.345      -245.75775
     16.495      -245.61389
     16.645      -245.47091
     16.795      -245.32972
     16.945      -245.18983
     17.095      -245.05147
     17.245      -244.91302
     17.395      -244.77667
     17.545      -244.64074
     17.695      -244.50661
     17.845      -244.37353
     17.995      -244.24180
     18.145      -244.11131
     18.295      -243.98147
     18.445      -243.85253
     18.595      -243.72524
     18.745      -243.59850
     18.895      -243.47334
     19.045      -243.34858
     19.195      -243.22536
     19.345      -243.10179
     19.495      -242.97973
     19.645      -242.85895
     19.795      -242.73848
     19.945      -242.61925
     20.095      -242.50134
     20.245      -242.38354
     20.395      -242.26646
     20.545      -242.15086
     20.695      -242.03605
     20.845      -241.92284
     20.995      -241.80909
     21.145      -241.69662
     21.295      -241.58529
     21.445      -241.47422
     21.595      -241.36388
     21.745      -241.25469
     21.895      -241.14624
     22.045      -241.03779
     22.195      -240.93060
     22.345      -240.82439
     22.495      -240.71898
     22.645      -240.61428
     22.795      -240.51059
     22.945      -240.40747
     23.095      -240.30488
     23.245      -240.20282
     23.395      -240.10170
     23.545      -240.00045
     23.695      -239.89998
     23.845      -239.80049
     23.995      -239.70179
     24.145      -239.60399
     24.295      -239.50636
     24.445      -239.40898
     24.595      -239.31263
     24.745      -239.21664
     24.895      -239.12225
     25.045      -239.02723
     25.195      -238.93327
     25.345      -238.84034
     25.495      -238.74750
     25.645      -238.65408
     25.795      -238.56207
     25.945      -238.47099
     26.095      -238.37953
     26.245      -238.28911
     26.395      -238.19902
     26.545      -238.10954
     26.695      -238.02077
     26.845      -237.93252
     26.995      -237.84427
     27.145      -237.75691
     27.295      -237.67036
     27.445      -237.58385
     27.595      -237.49803
     27.745      -237.41258
     27.895      -237.32717
     28.045      -237.24236
     28.195      -237.15853
     28.345      -237.07464
     28.495      -236.99112
     28.645      -236.90796
     28.795      -236.82561
     28.945      -236.74325
     29.095      -236.66185
     29.245      -236.58021
     29.395      -236.49947
     29.545      -236.41923
     29.695      -236.33947
     29.845      -236.26096
     29.995      -236.18195
     30.145      -236.10340
     30.295      -236.02543
     30.445      -235.94759
     30.595      -235.87010
     30.745      -235.79315
     30.895      -235.71674
     31.045      -235.64071
     31.195      -235.56501
     31.345      -235.48940
     31.495      -235.41398
     31.645      -235.33942
     31.795      -235.26505
     31.945      -235.19102
     32.095      -235.11736
     32.245      -235.04417
     32.395      -234.97126
     32.545      -234.89886
     32.695      -234.82683
     32.845      -234.75473
     32.995      -234.68309
     33.145      -234.61157
     33.295      -234.54059
     33.445      -234.47055
     33.595      -234.40027
     33.745      -234.33045
     33.895      -234.26087
     34.045      -234.19156
     34.195      -234.12251
     34.345      -234.05421
     34.495      -233.98595
     34.645      -233.91795
     34.795      -233.85010
     34.945      -233.78269
     35.095      -233.71520
     35.245      -233.64784
     35.395      -233.58158
     35.545      -233.51553
     35.695      -233.44946
     35.845      -233.38356
     35.995      -233.31773
     36.145      -233.25219
     36.295      -233.18699
     36.445      -233.12247
     36.595      -233.05840
     36.745      -232.99468
     36.895      -232.93076
     37.045      -232.86727
     37.195      -232.80388
     37.345      -232.74036
     37.495      -232.67758
     37.645      -232.61538
     37.795      -232.55226
     37.945      -232.49033
     38.095      -232.42822
     38.245      -232.36640
     38.395      -232.30505
     38.545      -232.24453
     38.695      -232.18368
     38.845      -232.12298
     38.995      -232.06245
     39.145      -232.00274
     39.295      -231.94275
     39.445      -231.88299
     39.595      -231.82392
     39.745      -231.76493
     39.895      -231.70630
     40.045      -231.64735
     40.195      -231.58891
     40.345      -231.53052
     40.495      -231.47244
     40.645      -231.41455
     40.795      -231.35716
     40.945      -231.29996
     41.095      -231.24250
     41.245      -231.18523
     41.395      -231.12840
     41.545      -231.07172
     41.695      -231.01507
     41.845      -230.95908
     41.995      -230.90252
     42.145      -230.84704
     42.295      -230.79146
     42.445      -230.73614
     42.595      -230.68137
     42.745      -230.62663
     42.895      -230.57195
     43.045      -230.51797
     43.195      -230.46341
     43.345      -230.40947
     43.495      -230.35581
     43.645      -230.30217
     43.795      -230.24857
     43.945      -230.19532
     44.095      -230.14191
     44.245      -230.08930
     44.395      -230.03626
     44.545      -229.98372
     44.695      -229.93148
     44.845      -229.87934
     44.995      -229.82683
     45.145      -229.77455
     45.295      -229.72319
     45.445      -229.67158
     45.595      -229.62054
     45.745      -229.56945
     45.895      -229.51847
     46.045      -229.46752
     46.195      -229.41702
     46.345      -229.36627
     46.495      -229.31552
     46.645      -229.26503
     46.795      -229.21528
     46.945      -229.16548
     47.095      -229.11594
     47.245      -229.06655
     47.395      -229.01708
     47.545      -228.96811
     47.695      -228.91886
     47.845      -228.86964
     47.995      -228.82054
     48.145      -228.77215
     48.295      -228.72423
     48.445      -228.67593
     48.595      -228.62775
     48.745      -228.57997
     48.895      -228.53202
     49.045      -228.48431
     49.195      -228.43666
     49.345      -228.38945
     49.495      -228.34201
     49.645      -228.29507
     49.795      -228.24793
     49.945      -228.20134
     50.095      -228.15501
     50.245      -228.10855
     50.395      -228.06225
     50.545      -228.01608
     50.695      -227.96976
     50.845      -227.92394
     50.995      -227.87804
     51.145      -227.83255
     51.295      -227.78691
     51.445      -227.74154
     51.595      -227.69631
     51.745      -227.65098
     51.895      -227.60577
     52.045      -227.56097
     52.195      -227.51663
     52.345      -227.47196
     52.495      -227.42788
     52.645      -227.38360
     52.795      -227.33939
     52.945      -227.29501
     53.095      -227.25110
     53.245      -227.20749
     53.395      -227.16353
     53.545      -227.12010
     53.695      -227.07645
     53.845      -227.03331
     53.995      -226.99012
     54.145      -226.94738
     54.295      -226.90435
     54.445      -226.86148
     54.595      -226.81853
     54.745      -226.77555
     54.895      -226.73327
     55.045      -226.69104
     55.195      -226.64854
     55.345      -226.60609
     55.495      -226.56413
     55.645      -226.52225
     55.795      -226.48056
     55.945      -226.43895
     56.095      -226.39745
     56.245      -226.35573
     56.395      -226.31459
     56.545      -226.27341
     56.695      -226.23195
     56.845      -226.19133
     56.995      -226.15087
     57.145      -226.11040
     57.295      -226.06998
     57.445      -226.02939
     57.595      -225.98866
     57.745      -225.94823
     57.895      -225.90795
     58.045      -225.86795
     58.195      -225.82819
     58.345      -225.78807
     58.495      -225.74841
     58.645      -225.70862
     58.795      -225.66900
     58.945      -225.62979
     59.095      -225.59068
     59.245      -225.55157
     59.395      -225.51274
     59.545      -225.47355
     59.695      -225.43490
     59.845      -225.39611
     59.995      -225.35752
     60.145      -225.31927
     70.939      -220.40199
     97.698      -215.56189
     134.55      -210.80247
     185.30      -206.13849
     255.20      -201.57125
     351.46      -197.10052
     484.04      -192.73616
     666.62      -188.47372
     918.07      -184.31397
     1264.4      -180.25504
     1741.3      -176.29789
     2398.1      -172.44259
     3302.7      -168.68350
     4548.5      -165.01784
     6264.3      -161.44473
     8627.2      -157.96613
     11881.      -154.58034
     16363.      -151.28732
     22535.      -148.09176
     31036.      -144.99914
     42743.      -142.01676
     58866.      -139.14772
     81070.      -136.39490
    0.11165E+06  -133.75836
    0.15377E+06  -131.23768
    0.21177E+06  -128.82748
    0.29165E+06  -126.52488
    0.40166E+06  -124.32695
    0.55317E+06  -122.22792
    0.76182E+06  -120.22705
    0.10492E+07  -118.31808
    0.14449E+07  -116.49824
    0.19900E+07  -114.76246
    0.27406E+07  -113.10685
    0.37744E+07  -111.53010
    0.51981E+07  -110.02613
    0.71589E+07  -108.59478
    0.98593E+07  -107.22963
    0.13578E+08  -105.92929
    0.18700E+08  -104.69071
    0.25754E+08  -103.51080
    0.35468E+08  -102.39016
    0.48847E+08  -101.33573
    0.67273E+08  -100.35253
    0.92648E+08   -99.44032
    0.12760E+09   -98.58860
    0.17573E+09   -97.79076
    0.24201E+09   -97.04330
    0.33330E+09   -96.34285
    0.45902E+09   -95.68591
    0.63217E+09   -95.08472
    0.87062E+09   -94.53735
    0.11990E+10   -94.03468
    0.16513E+10   -93.57202
    0.22742E+10   -93.14479
    0.31320E+10   -92.75091
    0.43134E+10   -92.38706
    0.59405E+10   -92.05170
    0.81813E+10   -91.74163
    0.11267E+11   -91.45582
    0.15517E+11   -91.19160
    0.21371E+11   -90.94792
    0.29432E+11   -90.72277
    0.40534E+11   -90.51550
    0.55823E+11   -90.32377
    0.10000E+12   -88.01986
