    -29.945        1     0.00000
    -29.795        1     0.00000
    -29.645        1     0.00000
    -29.495        1     0.00000
    -29.345        1     0.00000
    -29.195        1     0.00000
    -29.045        1     0.00000
    -28.895        1     0.00000
    -28.745        1     0.00000
    -28.595        1     0.00000
    -28.445        1     0.00000
    -28.295        1     0.00000
    -28.145        1     0.00000
    -27.995        1     0.00000
    -27.845        1     0.00000
    -27.695        1     0.00000
    -27.545        1     0.00000
    -27.395        1     0.00000
    -27.245        1     0.00000
    -27.095        1     0.00000
    -26.945        1     0.00000
    -26.795        1     0.00000
    -26.645        1     0.00000
    -26.495        1     0.00000
    -26.345        1     0.00000
    -26.195        1     0.00000
    -26.045        1     0.00000
    -25.895        1     0.00000
    -25.745        1     0.00000
    -25.595        1     0.00000
    -25.445        1     0.00000
    -25.295        1     0.00000
    -25.145        1     0.00000
    -24.995        1     0.00000
    -24.845        1     0.00000
    -24.695        1     0.00000
    -24.545        1     0.00000
    -24.395        1     0.00000
    -24.245        1     0.00000
    -24.095        1     0.00000
    -23.945        1     0.00000
    -23.795        1     0.00000
    -23.645        1     0.00000
    -23.495        1     0.00000
    -23.345        1     0.00000
    -23.195        1     0.00000
    -23.045        1     0.00000
    -22.895        1     0.00000
    -22.745        1     0.00000
    -22.595        1    -0.00051
    -22.445        1    -0.00051
    -22.295        1    -0.00068
    -22.145        1    -0.00167
    -21.995        1    -0.00185
    -21.845        1    -0.00233
    -21.695        1    -0.00381
    -21.545        1    -0.00525
    -21.395        1    -0.00653
    -21.245        1    -0.00798
    -21.095        1    -0.01052
    -20.945        1    -0.01433
    -20.795        1    -0.01901
    -20.645        1    -0.02534
    -20.495        1    -0.03333
    -20.345        1    -0.04382
    -20.195        1    -0.05749
    -20.045        1    -0.07600
    -19.895        1    -0.10477
    -19.745        1    -0.14045
    -19.595        1    -0.18683
    -19.445        1    -0.24650
    -19.295        1    -0.31001
    -19.145        1    -0.40140
    -18.995        1    -0.49926
    -18.845        1    -0.60953
    -18.695        1    -0.73570
    -18.545        1    -0.87478
    -18.395        1    -1.02571
    -18.245        1    -1.18875
    -18.095        1    -1.36115
    -17.945        1    -1.56055
    -17.795        1    -1.76579
    -17.645        1    -1.97387
    -17.495        1    -2.20406
    -17.345        1    -2.44767
    -17.195        1    -2.70804
    -17.045        1    -2.98786
    -16.895        1    -3.28291
    -16.745        1    -3.58720
    -16.595        1    -3.92364
    -16.445        1    -4.26913
    -16.295        1    -4.62445
    -16.145        1    -4.98274
    -15.995        1    -5.36074
    -15.845        1    -5.75647
    -15.695        1    -6.14416
    -15.545        1    -6.53770
    -15.395        1    -6.93009
    -15.245        1    -7.33493
    -15.095        1    -7.74199
    -14.945        1    -8.12876
    -14.795        1    -8.53886
    -14.645        1    -8.93499
    -14.495        1    -9.34807
    -14.345        1    -9.74842
    -14.195        1   -10.16162
    -14.045        1   -10.57847
    -13.895        1   -11.00295
    -13.745        1   -11.42598
    -13.595        1   -11.86370
    -13.445        1   -12.30816
    -13.295        1   -12.77365
    -13.145        1   -13.25583
    -12.995        1   -13.74094
    -12.845        1   -14.24109
    -12.695        1   -14.75292
    -12.545        1   -15.28732
    -12.395        1   -15.83344
    -12.245        1   -16.39094
    -12.095        1   -16.97481
    -11.945        1   -17.57579
    -11.795        1   -18.18511
    -11.645        1   -18.83049
    -11.495        1   -19.47867
    -11.345        1   -20.13719
    -11.195        1   -20.78690
    -11.045        1   -21.43600
    -10.895        1   -22.10609
    -10.745        1   -22.77060
    -10.595        1   -23.42358
    -10.445        1   -24.07189
    -10.295        1   -24.71821
    -10.145        1   -25.35110
    -9.9950        1   -25.97546
    -9.8450        1   -26.58450
    -9.6950        1   -27.19164
    -9.5450        1   -27.79025
    -9.3950        1   -28.39071
    -9.2450        1   -28.97187
    -9.0950        1   -29.54721
    -8.9450        1   -30.12190
    -8.7950        1   -30.68165
    -8.6450        1   -31.23927
    -8.4950        1   -31.79848
    -8.3450        1   -32.36380
    -8.1950        1   -32.92508
    -8.0450        1   -33.49621
    -7.8950        1   -34.07067
    -7.7450        1   -34.64932
    -7.5950        1   -35.23747
    -7.4450        1   -35.81913
    -7.2950        1   -36.40642
    -7.1450        1   -37.00079
    -6.9950        1   -37.60503
    -6.8450        1   -38.20193
    -6.6950        1   -38.81199
    -6.5450        1   -39.42276
    -6.3950        1   -40.05768
    -6.2450        1   -40.69583
    -6.0950        1   -41.34638
    -5.9450        1   -42.00433
    -5.7950        1   -42.67459
    -5.6450        1   -43.34997
    -5.4950        1   -44.04297
    -5.3450        1   -44.74274
    -5.1950        1   -45.46054
    -5.0450        1   -46.19935
    -4.8950        1   -46.95013
    -4.7450        1   -47.72036
    -4.5950        1   -48.51495
    -4.4450        1   -49.33465
    -4.2950        1   -50.18910
    -4.1450        1   -51.08851
    -3.9950        1   -52.02684
    -3.8450        1   -53.02496
    -3.6950        1   -54.07301
    -3.5450        1   -55.20922
    -3.3950        1   -56.43036
    -3.2450        1   -57.73236
    -3.0950        1   -59.12928
    -2.9450        1   -60.63022
    -2.7950        1   -62.22649
    -2.6450        1   -63.91425
    -2.4950        1   -65.68870
    -2.3450        1   -67.54526
    -2.1950        1   -69.46953
    -2.0450        1   -71.44225
    -1.8950        1   -73.43685
    -1.7450        1   -75.44683
    -1.5950        1   -77.45185
    -1.4450        1   -79.45272
    -1.2950        1   -81.45535
    -1.1450        1   -83.48780
   -0.99500        1   -85.58201
   -0.84500        1   -87.78411
   -0.69500        1   -90.18443
   -0.54500        1   -92.88745
   -0.39500        1   -96.10784
   -0.25300        1   -98.65015
   -0.21500        1   -98.82641
   -0.20900        1   -99.00697
   -0.20300        1   -99.19117
   -0.19700        1   -99.37805
   -0.19100        1   -99.56936
   -0.18500        1   -99.76426
   -0.17900        1   -99.96401
   -0.17300        1  -100.16878
   -0.16700        1  -100.37789
   -0.16100        1  -100.59215
   -0.15500        1  -100.81165
   -0.14900        1  -101.03803
   -0.14300        1  -101.27123
   -0.13700        1  -101.51354
   -0.13100        1  -101.76276
   -0.12500        1  -102.02094
   -0.11900        1  -102.28976
   -0.11300        1  -102.56808
   -0.10700        1  -102.85927
   -0.10100        1  -103.16406
   -0.95000E-01    1  -103.48476
   -0.89000E-01    1  -103.82316
   -0.83000E-01    1  -104.18253
   -0.77000E-01    1  -104.56564
   -0.71000E-01    1  -104.97598
   -0.65000E-01    1  -105.41921
   -0.59000E-01    1  -105.90168
   -0.53000E-01    1  -106.43007
   -0.47000E-01    1  -107.01482
   -0.41000E-01    1  -107.67372
   -0.35000E-01    1  -108.43616
   -0.29000E-01    1  -109.35597
   -0.23000E-01    1  -110.46130
   -0.19700E-01    1  -110.58122
   -0.19100E-01    1  -110.70263
   -0.18500E-01    1  -110.82583
   -0.17900E-01    1  -110.95105
   -0.17300E-01    1  -111.07801
   -0.16700E-01    1  -111.20652
   -0.16100E-01    1  -111.33676
   -0.15500E-01    1  -111.46842
   -0.14900E-01    1  -111.60167
   -0.14300E-01    1  -111.73636
   -0.13700E-01    1  -111.87246
   -0.13100E-01    1  -112.00986
   -0.12500E-01    1  -112.14840
   -0.11900E-01    1  -112.28827
   -0.11300E-01    1  -112.42888
   -0.10700E-01    1  -112.57031
   -0.10100E-01    1  -112.71216
   -0.95000E-02    1  -112.85377
   -0.89000E-02    1  -112.99442
   -0.83000E-02    1  -113.13293
   -0.77000E-02    1  -113.26812
   -0.71000E-02    1  -113.39864
   -0.65000E-02    1  -113.52325
   -0.59000E-02    1  -113.64072
   -0.53000E-02    1  -113.74991
   -0.47000E-02    1  -113.84972
   -0.41000E-02    1  -113.93923
   -0.35000E-02    1  -114.01766
   -0.29000E-02    1  -114.08414
   -0.23000E-02    1  -114.13792
   -0.17000E-02    1  -114.17842
   -0.11000E-02    1  -114.20518
   -0.50000E-03    1  -114.21781
    0.10000E-03    1  -114.21617
    0.70000E-03    1  -114.20035
    0.13000E-02    1  -114.17040
    0.19000E-02    1  -114.12664
    0.25000E-02    1  -114.06952
    0.31000E-02    1  -113.99970
    0.37000E-02    1  -113.91797
    0.43000E-02    1  -113.82500
    0.49000E-02    1  -113.72200
    0.55000E-02    1  -113.61005
    0.61000E-02    1  -113.49009
    0.67000E-02    1  -113.36329
    0.73000E-02    1  -113.23099
    0.79000E-02    1  -113.09451
    0.85000E-02    1  -112.95536
    0.91000E-02    1  -112.81454
    0.97000E-02    1  -112.67283
    0.10300E-01    1  -112.53108
    0.10900E-01    1  -112.38977
    0.11500E-01    1  -112.24909
    0.12100E-01    1  -112.10964
    0.12700E-01    1  -111.97133
    0.13300E-01    1  -111.83441
    0.13900E-01    1  -111.69882
    0.14500E-01    1  -111.56434
    0.15100E-01    1  -111.43164
    0.15700E-01    1  -111.30033
    0.16300E-01    1  -111.17086
    0.16900E-01    1  -111.04329
    0.17500E-01    1  -110.91719
    0.18100E-01    1  -110.79305
    0.18700E-01    1  -110.67067
    0.19300E-01    1  -110.55005
    0.20200E-01    1  -110.09864
    0.25000E-01    1  -109.06019
    0.31000E-01    1  -108.20309
    0.37000E-01    1  -107.48671
    0.43000E-01    1  -106.86342
    0.49000E-01    1  -106.30949
    0.55000E-01    1  -105.81034
    0.61000E-01    1  -105.35652
    0.67000E-01    1  -104.94146
    0.73000E-01    1  -104.55953
    0.79000E-01    1  -104.20624
    0.85000E-01    1  -103.87787
    0.91000E-01    1  -103.57075
    0.97000E-01    1  -103.28237
    0.10300        1  -103.00997
    0.10900        1  -102.75244
    0.11500        1  -102.50990
    0.12100        1  -102.27941
    0.12700        1  -102.06019
    0.13300        1  -101.85141
    0.13900        1  -101.65274
    0.14500        1  -101.46397
    0.15100        1  -101.28284
    0.15700        1  -101.11009
    0.16300        1  -100.94406
    0.16900        1  -100.78533
    0.17500        1  -100.63298
    0.18100        1  -100.48720
    0.18700        1  -100.34715
    0.19300        1  -100.21237
    0.19900        1  -100.08310
    0.20500        1   -99.95905
    0.21100        1   -99.83886
    0.21700        1   -99.72232
    0.29500        1   -97.61205
    0.44500        1   -96.51445
    0.59500        1   -95.80252
    0.74500        1   -95.25771
    0.89500        1   -94.80191
     1.0450        1   -94.41021
     1.1950        1   -94.06112
     1.3450        1   -93.75224
     1.4950        1   -93.47389
     1.6450        1   -93.22236
     1.7950        1   -92.99756
     1.9450        1   -92.79396
     2.0950        1   -92.60905
     2.2450        1   -92.44409
     2.3950        1   -92.29050
     2.5450        1   -92.15542
     2.6950        1   -92.02751
     2.8450        1   -91.90783
     2.9950        1   -91.79685
     3.1450        1   -91.69467
     3.2950        1   -91.60208
     3.4450        1   -91.51352
     3.5950        1   -91.42944
     3.7450        1   -91.35383
     3.8950        1   -91.28123
     4.0450        1   -91.21311
     4.1950        1   -91.14990
     4.3450        1   -91.08772
     4.4950        1   -91.02961
     4.6450        1   -90.97377
     4.7950        1   -90.91883
     4.9450        1   -90.86847
     5.0950        1   -90.81792
     5.2450        1   -90.77096
     5.3950        1   -90.72379
     5.5450        1   -90.67868
     5.6950        1   -90.63444
     5.8450        1   -90.59291
     5.9950        1   -90.55234
     6.1450        1   -90.51346
     6.2950        1   -90.47471
     6.4450        1   -90.43713
     6.5950        1   -90.39917
     6.7450        1   -90.36279
     6.8950        1   -90.32678
     7.0450        1   -90.29157
     7.1950        1   -90.25709
     7.3450        1   -90.22211
     7.4950        1   -90.18910
     7.6450        1   -90.15568
     7.7950        1   -90.12303
     7.9450        1   -90.09216
     8.0950        1   -90.06098
     8.2450        1   -90.02958
     8.3950        1   -89.99947
     8.5450        1   -89.96993
     8.6950        1   -89.94090
     8.8450        1   -89.91120
     8.9950        1   -89.88261
     9.1450        1   -89.85427
     9.2950        1   -89.82651
     9.4450        1   -89.79947
     9.5950        1   -89.77294
     9.7450        1   -89.74693
     9.8950        1   -89.72089
     10.045        1   -89.69566
     10.195        1   -89.67021
     10.345        1   -89.64438
     10.495        1   -89.61944
     10.645        1   -89.59545
     10.795        1   -89.57158
     10.945        1   -89.54739
     11.095        1   -89.52372
     11.245        1   -89.50014
     11.395        1   -89.47662
     11.545        1   -89.45366
     11.695        1   -89.43133
     11.845        1   -89.40907
     11.995        1   -89.38679
     12.145        1   -89.36472
     12.295        1   -89.34376
     12.445        1   -89.32167
     12.595        1   -89.30103
     12.745        1   -89.28028
     12.895        1   -89.25978
     13.045        1   -89.23892
     13.195        1   -89.21846
     13.345        1   -89.19880
     13.495        1   -89.17896
     13.645        1   -89.15943
     13.795        1   -89.14073
     13.945        1   -89.12091
     14.095        1   -89.10106
     14.245        1   -89.08180
     14.395        1   -89.06318
     14.545        1   -89.04428
     14.695        1   -89.02602
     14.845        1   -89.00816
     14.995        1   -88.99032
     15.145        1   -88.97295
     15.295        1   -88.95532
     15.445        1   -88.93758
     15.595        1   -88.91995
     15.745        1   -88.90261
     15.895        1   -88.88526
     16.045        1   -88.86831
     16.195        1   -88.85133
     16.345        1   -88.83415
     16.495        1   -88.81764
     16.645        1   -88.80112
     16.795        1   -88.78494
     16.945        1   -88.76861
     17.095        1   -88.75239
     17.245        1   -88.73658
     17.395        1   -88.72098
     17.545        1   -88.70570
     17.695        1   -88.69000
     17.845        1   -88.67471
     17.995        1   -88.65879
     18.145        1   -88.64375
     18.295        1   -88.62802
     18.445        1   -88.61301
     18.595        1   -88.59797
     18.745        1   -88.58309
     18.895        1   -88.56872
     19.045        1   -88.55390
     19.195        1   -88.53920
     19.345        1   -88.52469
     19.495        1   -88.51013
     19.645        1   -88.49568
     19.795        1   -88.48145
     19.945        1   -88.46790
     20.095        1   -88.45413
     20.245        1   -88.44025
     20.395        1   -88.42675
     20.545        1   -88.41315
     20.695        1   -88.39928
     20.845        1   -88.38572
     20.995        1   -88.37227
     21.145        1   -88.35854
     21.295        1   -88.34559
     21.445        1   -88.33268
     21.595        1   -88.31973
     21.745        1   -88.30696
     21.895        1   -88.29419
     22.045        1   -88.28146
     22.195        1   -88.26890
     22.345        1   -88.25603
     22.495        1   -88.24358
     22.645        1   -88.23141
     22.795        1   -88.21887
     22.945        1   -88.20647
     23.095        1   -88.19384
     23.245        1   -88.18177
     23.395        1   -88.16943
     23.545        1   -88.15729
     23.695        1   -88.14478
     23.845        1   -88.13314
     23.995        1   -88.12133
     24.145        1   -88.10962
     24.295        1   -88.09802
     24.445        1   -88.08613
     24.595        1   -88.07429
     24.745        1   -88.06277
     24.895        1   -88.05160
     25.045        1   -88.04024
     25.195        1   -88.02911
     25.345        1   -88.01745
     25.495        1   -88.00641
     25.645        1   -87.99525
     25.795        1   -87.98414
     25.945        1   -87.97329
     26.095        1   -87.96269
     26.245        1   -87.95218
     26.395        1   -87.94124
     26.545        1   -87.93029
     26.695        1   -87.91954
     26.845        1   -87.90863
     26.995        1   -87.89820
     27.145        1   -87.88787
     27.295        1   -87.87734
     27.445        1   -87.86681
     27.595        1   -87.85637
     27.745        1   -87.84575
     27.895        1   -87.83552
     28.045        1   -87.82562
     28.195        1   -87.81531
     28.345        1   -87.80513
     28.495        1   -87.79471
     28.645        1   -87.78456
     28.795        1   -87.77417
     28.945        1   -87.76415
     29.095        1   -87.75426
     29.245        1   -87.74409
     29.395        1   -87.73422
     29.545        1   -87.72429
     29.695        1   -87.71436
     29.845        1   -87.70477
     29.995        1   -87.69518
     30.145        1   -87.68568
     30.295        1   -87.67598
     30.445        1   -87.66646
     30.595        1   -87.65710
     30.745        1   -87.64778
     30.895        1   -87.63836
     31.045        1   -87.62898
     31.195        1   -87.61967
     31.345        1   -87.61071
     31.495        1   -87.60118
     31.645        1   -87.59258
     31.795        1   -87.58346
     31.945        1   -87.57446
     32.095        1   -87.56572
     32.245        1   -87.55678
     32.395        1   -87.54782
     32.545        1   -87.53873
     32.695        1   -87.52988
     32.845        1   -87.52084
     32.995        1   -87.51198
     33.145        1   -87.50339
     33.295        1   -87.49462
     33.445        1   -87.48586
     33.595        1   -87.47684
     33.745        1   -87.46815
     33.895        1   -87.45945
     34.045        1   -87.45091
     34.195        1   -87.44239
     34.345        1   -87.43398
     34.495        1   -87.42574
     34.645        1   -87.41730
     34.795        1   -87.40896
     34.945        1   -87.40064
     35.095        1   -87.39214
     35.245        1   -87.38386
     35.395        1   -87.37545
     35.545        1   -87.36728
     35.695        1   -87.35909
     35.845        1   -87.35106
     35.995        1   -87.34294
     36.145        1   -87.33484
     36.295        1   -87.32694
     36.445        1   -87.31886
     36.595        1   -87.31086
     36.745        1   -87.30260
     36.895        1   -87.29468
     37.045        1   -87.28679
     37.195        1   -87.27888
     37.345        1   -87.27108
     37.495        1   -87.26352
     37.645        1   -87.25574
     37.795        1   -87.24823
     37.945        1   -87.24053
     38.095        1   -87.23326
     38.245        1   -87.22539
     38.395        1   -87.21810
     38.545        1   -87.21059
     38.695        1   -87.20334
     38.845        1   -87.19571
     38.995        1   -87.18797
     39.145        1   -87.18072
     39.295        1   -87.17358
     39.445        1   -87.16584
     39.595        1   -87.15828
     39.745        1   -87.15095
     39.895        1   -87.14365
     40.045        1   -87.13653
     40.195        1   -87.12928
     40.345        1   -87.12216
     40.495        1   -87.11472
     40.645        1   -87.10718
     40.795        1   -87.10020
     40.945        1   -87.09301
     41.095        1   -87.08587
     41.245        1   -87.07874
     41.395        1   -87.07176
     41.545        1   -87.06472
     41.695        1   -87.05752
     41.845        1   -87.05069
     41.995        1   -87.04353
     42.145        1   -87.03654
     42.295        1   -87.02965
     42.445        1   -87.02295
     42.595        1   -87.01571
     42.745        1   -87.00897
     42.895        1   -87.00244
     43.045        1   -86.99577
     43.195        1   -86.98896
     43.345        1   -86.98215
     43.495        1   -86.97537
     43.645        1   -86.96863
     43.795        1   -86.96199
     43.945        1   -86.95501
     44.095        1   -86.94849
     44.245        1   -86.94157
     44.395        1   -86.93488
     44.545        1   -86.92836
     44.695        1   -86.92187
     44.845        1   -86.91567
     44.995        1   -86.90897
     45.145        1   -86.90259
     45.295        1   -86.89620
     45.445        1   -86.88996
     45.595        1   -86.88361
     45.745        1   -86.87734
     45.895        1   -86.87098
     46.045        1   -86.86470
     46.195        1   -86.85843
     46.345        1   -86.85216
     46.495        1   -86.84586
     46.645        1   -86.83947
     46.795        1   -86.83319
     46.945        1   -86.82707
     47.095        1   -86.82061
     47.245        1   -86.81432
     47.395        1   -86.80817
     47.545        1   -86.80184
     47.695        1   -86.79606
     47.845        1   -86.79008
     47.995        1   -86.78399
     48.145        1   -86.77794
     48.295        1   -86.77183
     48.445        1   -86.76585
     48.595        1   -86.75975
     48.745        1   -86.75361
     48.895        1   -86.74751
     49.045        1   -86.74157
     49.195        1   -86.73570
     49.345        1   -86.72962
     49.495        1   -86.72374
     49.645        1   -86.71797
     49.795        1   -86.71226
     49.945        1   -86.70641
     50.095        1   -86.70039
     50.245        1   -86.69450
     50.395        1   -86.68868
     50.545        1   -86.68278
     50.695        1   -86.67686
     50.845        1   -86.67101
     50.995        1   -86.66517
     51.145        1   -86.65936
     51.295        1   -86.65398
     51.445        1   -86.64838
     51.595        1   -86.64262
     51.745        1   -86.63631
     51.895        1   -86.63054
     52.045        1   -86.62482
     52.195        1   -86.61925
     52.345        1   -86.61372
     52.495        1   -86.60792
     52.645        1   -86.60219
     52.795        1   -86.59666
     52.945        1   -86.59080
     53.095        1   -86.58513
     53.245        1   -86.57951
     53.395        1   -86.57410
     53.545        1   -86.56867
     53.695        1   -86.56327
     53.845        1   -86.55756
     53.995        1   -86.55208
     54.145        1   -86.54663
     54.295        1   -86.54111
     54.445        1   -86.53562
     54.595        1   -86.53018
     54.745        1   -86.52498
     54.895        1   -86.51938
     55.045        1   -86.51409
     55.195        1   -86.50886
     55.345        1   -86.50346
     55.495        1   -86.49794
     55.645        1   -86.49244
     55.795        1   -86.48719
     55.945        1   -86.48176
     56.095        1   -86.47652
     56.245        1   -86.47145
     56.395        1   -86.46638
     56.545        1   -86.46125
     56.695        1   -86.45612
     56.845        1   -86.45079
     56.995        1   -86.44559
     57.145        1   -86.44029
     57.295        1   -86.43516
     57.445        1   -86.43005
     57.595        1   -86.42493
     57.745        1   -86.41970
     57.895        1   -86.41467
     58.045        1   -86.40958
     58.195        1   -86.40420
     58.345        1   -86.39912
     58.495        1   -86.39396
     58.645        1   -86.38877
     58.795        1   -86.38359
     58.945        1   -86.37880
     59.095        1   -86.37385
     59.245        1   -86.36915
     59.395        1   -86.36418
     59.545        1   -86.35912
     59.695        1   -86.35401
     59.845        1   -86.34905
     59.995        1   -86.34421
     60.145        1   -86.33914
     70.939        1   -85.70330
     97.698        1   -85.06964
     134.55        1   -84.43714
     185.30        1   -83.80583
     255.20        1   -83.18032
     351.46        1   -82.56300
     484.04        1   -81.95318
     666.62        1   -81.35233
     918.07        1   -80.76019
     1264.4        1   -80.17783
     1741.3        1   -79.60473
     2398.1        1   -79.04009
     3302.7        1   -78.48607
     4548.5        1   -77.94168
     6264.3        1   -77.40600
     8627.2        1   -76.87798
     11881.        1   -76.35852
     16363.        1   -75.84918
     22535.        1   -75.34758
     31036.        1   -74.85474
     42743.        1   -74.37073
     58866.        1   -73.89308
     81070.        1   -73.42257
    0.11165E+06    1   -72.95831
    0.15377E+06    1   -72.50017
    0.21177E+06    1   -72.04830
    0.29165E+06    1   -71.60119
    0.40166E+06    1   -71.15845
    0.55317E+06    1   -70.71916
    0.76182E+06    1   -70.28266
    0.10492E+07    1   -69.85017
    0.14449E+07    1   -69.42086
    0.19900E+07    1   -68.99208
    0.27406E+07    1   -68.56369
    0.37744E+07    1   -68.13440
    0.51981E+07    1   -67.70273
    0.71589E+07    1   -67.26921
    0.98593E+07    1   -66.83496
    0.13578E+08    1   -66.39872
    0.18700E+08    1   -65.96064
    0.25754E+08    1   -65.52193
    0.35468E+08    1   -65.08574
    0.48847E+08    1   -64.65714
    0.67273E+08    1   -64.23780
    0.92648E+08    1   -63.82917
    0.12760E+09    1   -63.43065
    0.17573E+09    1   -63.04377
    0.24201E+09    1   -62.66806
    0.33330E+09    1   -62.30598
    0.45902E+09    1   -61.96049
    0.63217E+09    1   -61.63476
    0.87062E+09    1   -61.32987
    0.11990E+10    1   -61.04489
    0.16513E+10    1   -60.78010
    0.22742E+10    1   -60.53325
    0.31320E+10    1   -60.30243
    0.43134E+10    1   -60.08761
    0.59405E+10    1   -59.88679
    0.81813E+10    1   -59.70048
    0.11267E+11    1   -59.52675
    0.15517E+11    1   -59.36519
    0.21371E+11    1   -59.21465
    0.29432E+11    1   -59.07481
    0.40534E+11    1   -58.94533
    0.55823E+11    1   -58.82462
    0.10000E+12    1   -57.31575
    -149.95        2     0.00000
    -149.80        2     0.00000
    -149.65        2     0.00000
    -149.49        2     0.00000
    -149.34        2     0.00000
    -149.20        2     0.00000
    -149.05        2     0.00000
    -148.90        2     0.00000
    -148.74        2     0.00000
    -148.59        2     0.00000
    -148.45        2     0.00000
    -148.30        2     0.00000
    -148.15        2     0.00000
    -147.99        2     0.00000
    -147.84        2     0.00000
    -147.70        2     0.00000
    -147.55        2     0.00000
    -147.40        2     0.00000
    -147.24        2     0.00000
    -147.09        2     0.00000
    -146.95        2     0.00000
    -146.80        2     0.00000
    -146.65        2     0.00000
    -146.49        2     0.00000
    -146.34        2     0.00000
    -146.20        2     0.00000
    -146.05        2     0.00000
    -145.90        2     0.00000
    -145.74        2     0.00000
    -145.59        2     0.00000
    -145.45        2     0.00000
    -145.30        2     0.00000
    -145.15        2     0.00000
    -144.99        2     0.00000
    -144.84        2     0.00000
    -144.70        2     0.00000
    -144.55        2     0.00000
    -144.40        2     0.00000
    -144.24        2     0.00000
    -144.09        2     0.00000
    -143.95        2     0.00000
    -143.80        2     0.00000
    -143.65        2     0.00000
    -143.49        2     0.00000
    -143.34        2     0.00000
    -143.20        2     0.00000
    -143.05        2     0.00000
    -142.90        2     0.00000
    -142.74        2     0.00000
    -142.59        2     0.00000
    -142.45        2     0.00000
    -142.30        2     0.00000
    -142.15        2     0.00000
    -141.99        2     0.00000
    -141.84        2     0.00000
    -141.70        2     0.00000
    -141.55        2     0.00000
    -141.40        2     0.00000
    -141.24        2     0.00000
    -141.09        2     0.00000
    -140.95        2     0.00000
    -140.80        2     0.00000
    -140.65        2     0.00000
    -140.49        2     0.00000
    -140.34        2     0.00000
    -140.20        2     0.00000
    -140.05        2     0.00000
    -139.90        2     0.00000
    -139.74        2     0.00000
    -139.59        2     0.00000
    -139.45        2     0.00000
    -139.30        2     0.00000
    -139.15        2     0.00000
    -138.99        2     0.00000
    -138.84        2     0.00000
    -138.70        2     0.00000
    -138.55        2     0.00000
    -138.40        2     0.00000
    -138.24        2     0.00000
    -138.09        2     0.00000
    -137.95        2     0.00000
    -137.80        2     0.00000
    -137.65        2     0.00000
    -137.49        2     0.00000
    -137.34        2     0.00000
    -137.20        2     0.00000
    -137.05        2     0.00000
    -136.90        2     0.00000
    -136.74        2     0.00000
    -136.59        2     0.00000
    -136.45        2     0.00000
    -136.30        2     0.00000
    -136.15        2     0.00000
    -135.99        2     0.00000
    -135.84        2     0.00000
    -135.70        2     0.00000
    -135.55        2     0.00000
    -135.40        2     0.00000
    -135.24        2     0.00000
    -135.09        2     0.00000
    -134.95        2     0.00000
    -134.80        2     0.00000
    -134.65        2     0.00000
    -134.49        2     0.00000
    -134.34        2     0.00000
    -134.20        2     0.00000
    -134.05        2     0.00000
    -133.90        2     0.00000
    -133.74        2     0.00000
    -133.59        2     0.00000
    -133.45        2     0.00000
    -133.30        2     0.00000
    -133.15        2     0.00000
    -132.99        2     0.00000
    -132.84        2     0.00000
    -132.70        2     0.00000
    -132.55        2     0.00000
    -132.40        2     0.00000
    -132.24        2     0.00000
    -132.09        2     0.00000
    -131.95        2     0.00000
    -131.80        2     0.00000
    -131.65        2     0.00000
    -131.49        2     0.00000
    -131.34        2     0.00000
    -131.20        2     0.00000
    -131.05        2     0.00000
    -130.90        2     0.00000
    -130.74        2     0.00000
    -130.59        2     0.00000
    -130.45        2     0.00000
    -130.30        2     0.00000
    -130.15        2     0.00000
    -129.99        2     0.00000
    -129.84        2     0.00000
    -129.70        2     0.00000
    -129.55        2     0.00000
    -129.40        2     0.00000
    -129.24        2     0.00000
    -129.09        2     0.00000
    -128.95        2     0.00000
    -128.80        2     0.00000
    -128.65        2     0.00000
    -128.49        2     0.00000
    -128.34        2     0.00000
    -128.20        2     0.00000
    -128.05        2     0.00000
    -127.89        2     0.00000
    -127.75        2     0.00000
    -127.60        2     0.00000
    -127.44        2     0.00000
    -127.30        2     0.00000
    -127.14        2     0.00000
    -127.00        2     0.00000
    -126.85        2     0.00000
    -126.69        2     0.00000
    -126.55        2     0.00000
    -126.39        2     0.00000
    -126.25        2     0.00000
    -126.10        2     0.00000
    -125.94        2     0.00000
    -125.80        2     0.00000
    -125.64        2     0.00000
    -125.50        2     0.00000
    -125.35        2     0.00000
    -125.19        2     0.00000
    -125.05        2     0.00000
    -124.89        2     0.00000
    -124.75        2     0.00000
    -124.60        2     0.00000
    -124.44        2     0.00000
    -124.30        2     0.00000
    -124.14        2     0.00000
    -124.00        2     0.00000
    -123.85        2     0.00000
    -123.69        2     0.00000
    -123.55        2     0.00000
    -123.39        2     0.00000
    -123.25        2     0.00000
    -123.10        2     0.00000
    -122.94        2     0.00000
    -122.80        2     0.00000
    -122.64        2     0.00000
    -122.50        2     0.00000
    -122.35        2     0.00000
    -122.19        2     0.00000
    -122.05        2     0.00000
    -121.89        2     0.00000
    -121.75        2     0.00000
    -121.60        2     0.00000
    -121.44        2     0.00000
    -121.30        2     0.00000
    -121.14        2     0.00000
    -121.00        2     0.00000
    -120.85        2     0.00000
    -120.69        2     0.00000
    -120.55        2     0.00000
    -120.39        2     0.00000
    -120.25        2     0.00000
    -120.10        2     0.00000
    -119.94        2     0.00000
    -119.80        2     0.00000
    -119.64        2     0.00000
    -119.50        2     0.00000
    -119.35        2     0.00000
    -119.19        2     0.00000
    -119.05        2     0.00000
    -118.89        2     0.00000
    -118.75        2     0.00000
    -118.60        2     0.00000
    -118.44        2     0.00000
    -118.30        2     0.00000
    -118.14        2     0.00000
    -118.00        2     0.00000
    -117.85        2     0.00000
    -117.69        2     0.00000
    -117.55        2     0.00000
    -117.39        2     0.00000
    -117.25        2     0.00000
    -117.10        2     0.00000
    -116.94        2     0.00000
    -116.80        2     0.00000
    -116.64        2     0.00000
    -116.50        2     0.00000
    -116.35        2     0.00000
    -116.19        2     0.00000
    -116.05        2     0.00000
    -115.89        2     0.00000
    -115.75        2     0.00000
    -115.60        2     0.00000
    -115.44        2     0.00000
    -115.30        2     0.00000
    -115.14        2     0.00000
    -115.00        2     0.00000
    -114.85        2     0.00000
    -114.69        2     0.00000
    -114.55        2     0.00000
    -114.39        2     0.00000
    -114.25        2     0.00000
    -114.10        2     0.00000
    -113.94        2     0.00000
    -113.80        2     0.00000
    -113.64        2     0.00000
    -113.50        2     0.00000
    -113.35        2     0.00000
    -113.19        2     0.00000
    -113.05        2     0.00000
    -112.89        2     0.00000
    -112.75        2     0.00000
    -112.60        2     0.00000
    -112.44        2     0.00000
    -112.30        2     0.00000
    -112.14        2     0.00000
    -112.00        2     0.00000
    -111.85        2     0.00000
    -111.69        2     0.00000
    -111.55        2     0.00000
    -111.39        2     0.00000
    -111.25        2     0.00000
    -111.10        2     0.00000
    -110.94        2     0.00000
    -110.80        2     0.00000
    -110.64        2     0.00000
    -110.50        2     0.00000
    -110.35        2     0.00000
    -110.19        2     0.00000
    -110.05        2     0.00000
    -109.89        2     0.00000
    -109.75        2     0.00000
    -109.60        2     0.00000
    -109.44        2     0.00000
    -109.30        2     0.00000
    -109.14        2     0.00000
    -109.00        2     0.00000
    -108.85        2     0.00000
    -108.69        2     0.00000
    -108.55        2     0.00000
    -108.39        2     0.00000
    -108.25        2     0.00000
    -108.10        2     0.00000
    -107.94        2     0.00000
    -107.80        2     0.00000
    -107.64        2     0.00000
    -107.50        2     0.00000
    -107.35        2     0.00000
    -107.19        2     0.00000
    -107.05        2     0.00000
    -106.89        2     0.00000
    -106.75        2     0.00000
    -106.60        2     0.00000
    -106.44        2     0.00000
    -106.30        2     0.00000
    -106.14        2     0.00000
    -106.00        2     0.00000
    -105.85        2     0.00000
    -105.69        2     0.00000
    -105.55        2     0.00000
    -105.39        2     0.00000
    -105.25        2     0.00000
    -105.10        2     0.00000
    -104.94        2     0.00000
    -104.80        2     0.00000
    -104.64        2     0.00000
    -104.50        2     0.00000
    -104.35        2     0.00000
    -104.19        2     0.00000
    -104.05        2     0.00000
    -103.89        2     0.00000
    -103.75        2     0.00000
    -103.60        2     0.00000
    -103.44        2     0.00000
    -103.30        2     0.00000
    -103.14        2     0.00000
    -103.00        2     0.00000
    -102.85        2     0.00000
    -102.69        2     0.00000
    -102.55        2     0.00000
    -102.39        2     0.00000
    -102.25        2     0.00000
    -102.10        2     0.00000
    -101.94        2     0.00000
    -101.80        2     0.00000
    -101.64        2     0.00000
    -101.50        2     0.00000
    -101.35        2     0.00000
    -101.19        2     0.00000
    -101.05        2     0.00000
    -100.89        2     0.00000
    -100.75        2     0.00000
    -100.60        2     0.00000
    -100.44        2     0.00000
    -100.30        2     0.00000
    -100.14        2     0.00000
    -99.995        2     0.00000
    -99.845        2     0.00000
    -99.695        2     0.00000
    -99.545        2     0.00000
    -99.395        2     0.00000
    -99.245        2     0.00000
    -99.095        2     0.00000
    -98.945        2     0.00000
    -98.795        2     0.00000
    -98.645        2     0.00000
    -98.495        2     0.00000
    -98.345        2     0.00000
    -98.195        2     0.00000
    -98.045        2     0.00000
    -97.895        2     0.00000
    -97.745        2     0.00000
    -97.595        2     0.00000
    -97.445        2     0.00000
    -97.295        2     0.00000
    -97.145        2     0.00000
    -96.995        2     0.00000
    -96.845        2     0.00000
    -96.695        2     0.00000
    -96.545        2     0.00000
    -96.395        2     0.00000
    -96.245        2     0.00000
    -96.095        2     0.00000
    -95.945        2     0.00000
    -95.795        2     0.00000
    -95.645        2     0.00000
    -95.495        2     0.00000
    -95.345        2     0.00000
    -95.195        2     0.00000
    -95.045        2     0.00000
    -94.895        2     0.00000
    -94.745        2     0.00000
    -94.595        2     0.00000
    -94.445        2     0.00000
    -94.295        2     0.00000
    -94.145        2     0.00000
    -93.995        2     0.00000
    -93.845        2     0.00000
    -93.695        2     0.00000
    -93.545        2     0.00000
    -93.395        2     0.00000
    -93.245        2     0.00000
    -93.095        2     0.00000
    -92.945        2     0.00000
    -92.795        2     0.00000
    -92.645        2     0.00000
    -92.495        2     0.00000
    -92.345        2     0.00000
    -92.195        2     0.00000
    -92.045        2     0.00000
    -91.895        2     0.00000
    -91.745        2     0.00000
    -91.595        2     0.00000
    -91.445        2     0.00000
    -91.295        2     0.00000
    -91.145        2     0.00000
    -90.995        2     0.00000
    -90.845        2     0.00000
    -90.695        2     0.00000
    -90.545        2     0.00000
    -90.395        2     0.00000
    -90.245        2     0.00000
    -90.095        2     0.00000
    -89.945        2     0.00000
    -89.795        2     0.00000
    -89.645        2     0.00000
    -89.495        2     0.00000
    -89.345        2     0.00000
    -89.195        2     0.00000
    -89.045        2     0.00000
    -88.895        2     0.00000
    -88.745        2     0.00000
    -88.595        2     0.00000
    -88.445        2     0.00000
    -88.295        2     0.00000
    -88.145        2     0.00000
    -87.995        2     0.00000
    -87.845        2     0.00000
    -87.695        2     0.00000
    -87.545        2     0.00000
    -87.395        2     0.00000
    -87.245        2     0.00000
    -87.095        2     0.00000
    -86.945        2     0.00000
    -86.795        2     0.00000
    -86.645        2     0.00000
    -86.495        2     0.00000
    -86.345        2     0.00000
    -86.195        2     0.00000
    -86.045        2     0.00000
    -85.895        2     0.00000
    -85.745        2     0.00000
    -85.595        2     0.00000
    -85.445        2     0.00000
    -85.295        2     0.00000
    -85.145        2     0.00000
    -84.995        2     0.00000
    -84.845        2     0.00000
    -84.695        2     0.00000
    -84.545        2     0.00000
    -84.395        2     0.00000
    -84.245        2     0.00000
    -84.095        2     0.00000
    -83.945        2     0.00000
    -83.795        2     0.00000
    -83.645        2     0.00000
    -83.495        2     0.00000
    -83.345        2     0.00000
    -83.195        2     0.00000
    -83.045        2     0.00000
    -82.895        2     0.00000
    -82.745        2     0.00000
    -82.595        2     0.00000
    -82.445        2     0.00000
    -82.295        2     0.00000
    -82.145        2     0.00000
    -81.995        2     0.00000
    -81.845        2     0.00000
    -81.695        2     0.00000
    -81.545        2     0.00000
    -81.395        2     0.00000
    -81.245        2     0.00000
    -81.095        2     0.00000
    -80.945        2     0.00000
    -80.795        2     0.00000
    -80.645        2     0.00000
    -80.495        2     0.00000
    -80.345        2     0.00000
    -80.195        2     0.00000
    -80.045        2     0.00000
    -79.895        2     0.00000
    -79.745        2     0.00000
    -79.595        2     0.00000
    -79.445        2     0.00000
    -79.295        2     0.00000
    -79.145        2     0.00000
    -78.995        2     0.00000
    -78.845        2     0.00000
    -78.695        2     0.00000
    -78.545        2     0.00000
    -78.395        2     0.00000
    -78.245        2     0.00000
    -78.095        2     0.00000
    -77.945        2     0.00000
    -77.795        2     0.00000
    -77.645        2     0.00000
    -77.495        2     0.00000
    -77.345        2     0.00000
    -77.195        2     0.00000
    -77.045        2     0.00000
    -76.895        2     0.00000
    -76.745        2     0.00000
    -76.595        2     0.00000
    -76.445        2     0.00000
    -76.295        2     0.00000
    -76.145        2     0.00000
    -75.995        2     0.00000
    -75.845        2     0.00000
    -75.695        2     0.00000
    -75.545        2     0.00000
    -75.395        2     0.00000
    -75.245        2     0.00000
    -75.095        2     0.00000
    -74.945        2     0.00000
    -74.795        2     0.00000
    -74.645        2     0.00000
    -74.495        2     0.00000
    -74.345        2     0.00000
    -74.195        2     0.00000
    -74.045        2     0.00000
    -73.895        2     0.00000
    -73.745        2     0.00000
    -73.595        2     0.00000
    -73.445        2     0.00000
    -73.295        2     0.00000
    -73.145        2     0.00000
    -72.995        2     0.00000
    -72.845        2     0.00000
    -72.695        2     0.00000
    -72.545        2     0.00000
    -72.395        2     0.00000
    -72.245        2     0.00000
    -72.095        2     0.00000
    -71.945        2     0.00000
    -71.795        2     0.00000
    -71.645        2     0.00000
    -71.495        2     0.00000
    -71.345        2     0.00000
    -71.195        2     0.00000
    -71.045        2     0.00000
    -70.895        2     0.00000
    -70.745        2     0.00000
    -70.595        2     0.00000
    -70.445        2     0.00000
    -70.295        2     0.00000
    -70.145        2     0.00000
    -69.995        2     0.00000
    -69.845        2     0.00000
    -69.695        2     0.00000
    -69.545        2     0.00000
    -69.395        2     0.00000
    -69.245        2     0.00000
    -69.095        2     0.00000
    -68.945        2     0.00000
    -68.795        2     0.00000
    -68.645        2     0.00000
    -68.495        2     0.00000
    -68.345        2     0.00000
    -68.195        2     0.00000
    -68.045        2     0.00000
    -67.895        2     0.00000
    -67.745        2     0.00000
    -67.595        2     0.00000
    -67.445        2     0.00000
    -67.295        2     0.00000
    -67.145        2     0.00000
    -66.995        2     0.00000
    -66.845        2     0.00000
    -66.695        2     0.00000
    -66.545        2     0.00000
    -66.395        2     0.00000
    -66.245        2     0.00000
    -66.095        2     0.00000
    -65.945        2     0.00000
    -65.795        2     0.00000
    -65.645        2     0.00000
    -65.495        2     0.00000
    -65.345        2     0.00000
    -65.195        2     0.00000
    -65.045        2     0.00000
    -64.895        2     0.00000
    -64.745        2     0.00000
    -64.595        2     0.00000
    -64.445        2     0.00000
    -64.295        2     0.00000
    -64.145        2     0.00000
    -63.995        2     0.00000
    -63.845        2     0.00000
    -63.695        2     0.00000
    -63.545        2     0.00000
    -63.395        2     0.00000
    -63.245        2     0.00000
    -63.095        2     0.00000
    -62.945        2     0.00000
    -62.795        2     0.00000
    -62.645        2     0.00000
    -62.495        2     0.00000
    -62.345        2     0.00000
    -62.195        2     0.00000
    -62.045        2     0.00000
    -61.895        2     0.00000
    -61.745        2     0.00000
    -61.595        2     0.00000
    -61.445        2     0.00000
    -61.295        2     0.00000
    -61.145        2     0.00000
    -60.995        2     0.00000
    -60.845        2     0.00000
    -60.695        2     0.00000
    -60.545        2     0.00000
    -60.395        2     0.00000
    -60.245        2     0.00000
    -60.095        2     0.00000
    -59.945        2     0.00000
    -59.795        2     0.00000
    -59.645        2     0.00000
    -59.495        2     0.00000
    -59.345        2     0.00000
    -59.195        2     0.00000
    -59.045        2     0.00000
    -58.895        2     0.00000
    -58.745        2     0.00000
    -58.595        2     0.00000
    -58.445        2     0.00000
    -58.295        2     0.00000
    -58.145        2     0.00000
    -57.995        2     0.00000
    -57.845        2     0.00000
    -57.695        2     0.00000
    -57.545        2     0.00000
    -57.395        2     0.00000
    -57.245        2     0.00000
    -57.095        2     0.00000
    -56.945        2     0.00000
    -56.795        2     0.00000
    -56.645        2     0.00000
    -56.495        2     0.00000
    -56.345        2     0.00000
    -56.195        2     0.00000
    -56.045        2     0.00000
    -55.895        2     0.00000
    -55.745        2     0.00000
    -55.595        2     0.00000
    -55.445        2     0.00000
    -55.295        2     0.00000
    -55.145        2     0.00000
    -54.995        2     0.00000
    -54.845        2     0.00000
    -54.695        2     0.00000
    -54.545        2     0.00000
    -54.395        2     0.00000
    -54.245        2     0.00000
    -54.095        2     0.00000
    -53.945        2     0.00000
    -53.795        2     0.00000
    -53.645        2     0.00000
    -53.495        2     0.00000
    -53.345        2     0.00000
    -53.195        2     0.00000
    -53.045        2     0.00000
    -52.895        2     0.00000
    -52.745        2     0.00000
    -52.595        2     0.00000
    -52.445        2     0.00000
    -52.295        2     0.00000
    -52.145        2     0.00000
    -51.995        2     0.00000
    -51.845        2     0.00000
    -51.695        2     0.00000
    -51.545        2     0.00000
    -51.395        2     0.00000
    -51.245        2     0.00000
    -51.095        2     0.00000
    -50.945        2     0.00000
    -50.795        2     0.00000
    -50.645        2     0.00000
    -50.495        2     0.00000
    -50.345        2     0.00000
    -50.195        2     0.00000
    -50.045        2     0.00000
    -49.895        2     0.00000
    -49.745        2     0.00000
    -49.595        2     0.00000
    -49.445        2     0.00000
    -49.295        2     0.00000
    -49.145        2     0.00000
    -48.995        2     0.00000
    -48.845        2     0.00000
    -48.695        2     0.00000
    -48.545        2     0.00000
    -48.395        2     0.00000
    -48.245        2     0.00000
    -48.095        2     0.00000
    -47.945        2     0.00000
    -47.795        2     0.00000
    -47.645        2     0.00000
    -47.495        2     0.00000
    -47.345        2     0.00000
    -47.195        2     0.00000
    -47.045        2     0.00000
    -46.895        2     0.00000
    -46.745        2     0.00000
    -46.595        2     0.00000
    -46.445        2     0.00000
    -46.295        2     0.00000
    -46.145        2     0.00000
    -45.995        2     0.00000
    -45.845        2     0.00000
    -45.695        2     0.00000
    -45.545        2     0.00000
    -45.395        2     0.00000
    -45.245        2     0.00000
    -45.095        2     0.00000
    -44.945        2     0.00000
    -44.795        2     0.00000
    -44.645        2     0.00000
    -44.495        2     0.00000
    -44.345        2     0.00000
    -44.195        2     0.00000
    -44.045        2     0.00000
    -43.895        2     0.00000
    -43.745        2     0.00000
    -43.595        2     0.00000
    -43.445        2     0.00000
    -43.295        2     0.00000
    -43.145        2     0.00000
    -42.995        2     0.00000
    -42.845        2     0.00000
    -42.695        2     0.00000
    -42.545        2     0.00000
    -42.395        2     0.00000
    -42.245        2     0.00000
    -42.095        2     0.00000
    -41.945        2     0.00000
    -41.795        2     0.00000
    -41.645        2     0.00000
    -41.495        2     0.00000
    -41.345        2     0.00000
    -41.195        2     0.00000
    -41.045        2     0.00000
    -40.895        2     0.00000
    -40.745        2     0.00000
    -40.595        2     0.00000
    -40.445        2     0.00000
    -40.295        2     0.00000
    -40.145        2     0.00000
    -39.995        2     0.00000
    -39.845        2     0.00000
    -39.695        2     0.00000
    -39.545        2     0.00000
    -39.395        2     0.00000
    -39.245        2     0.00000
    -39.095        2     0.00000
    -38.945        2     0.00000
    -38.795        2     0.00000
    -38.645        2     0.00000
    -38.495        2     0.00000
    -38.345        2     0.00000
    -38.195        2     0.00000
    -38.045        2     0.00000
    -37.895        2     0.00000
    -37.745        2     0.00000
    -37.595        2     0.00000
    -37.445        2     0.00000
    -37.295        2     0.00000
    -37.145        2     0.00000
    -36.995        2     0.00000
    -36.845        2     0.00000
    -36.695        2     0.00000
    -36.545        2     0.00000
    -36.395        2     0.00000
    -36.245        2     0.00000
    -36.095        2     0.00000
    -35.945        2     0.00000
    -35.795        2     0.00000
    -35.645        2     0.00000
    -35.495        2     0.00000
    -35.345        2     0.00000
    -35.195        2     0.00000
    -35.045        2     0.00000
    -34.895        2     0.00000
    -34.745        2     0.00000
    -34.595        2     0.00000
    -34.445        2     0.00000
    -34.295        2     0.00000
    -34.145        2     0.00000
    -33.995        2     0.00000
    -33.845        2     0.00000
    -33.695        2     0.00000
    -33.545        2     0.00000
    -33.395        2     0.00000
    -33.245        2     0.00000
    -33.095        2     0.00000
    -32.945        2     0.00000
    -32.795        2     0.00000
    -32.645        2     0.00000
    -32.495        2     0.00000
    -32.345        2     0.00000
    -32.195        2     0.00000
    -32.045        2     0.00000
    -31.895        2     0.00000
    -31.745        2     0.00000
    -31.595        2     0.00000
    -31.445        2     0.00000
    -31.295        2     0.00000
    -31.145        2     0.00000
    -30.995        2     0.00000
    -30.845        2     0.00000
    -30.695        2     0.00000
    -30.545        2     0.00000
    -30.395        2     0.00000
    -30.245        2     0.00000
    -30.095        2     0.00000
    -29.945        2     0.00000
    -29.795        2     0.00000
    -29.645        2     0.00000
    -29.495        2     0.00000
    -29.345        2     0.00000
    -29.195        2     0.00000
    -29.045        2     0.00000
    -28.895        2     0.00000
    -28.745        2     0.00000
    -28.595        2     0.00000
    -28.445        2     0.00000
    -28.295        2     0.00000
    -28.145        2     0.00000
    -27.995        2     0.00000
    -27.845        2     0.00000
    -27.695        2     0.00000
    -27.545        2     0.00000
    -27.395        2     0.00000
    -27.245        2     0.00000
    -27.095        2     0.00000
    -26.945        2     0.00000
    -26.795        2     0.00000
    -26.645        2     0.00000
    -26.495        2     0.00000
    -26.345        2     0.00000
    -26.195        2     0.00000
    -26.045        2     0.00000
    -25.895        2     0.00000
    -25.745        2     0.00000
    -25.595        2     0.00000
    -25.445        2     0.00000
    -25.295        2     0.00000
    -25.145        2     0.00000
    -24.995        2     0.00000
    -24.845        2     0.00000
    -24.695        2     0.00000
    -24.545        2     0.00000
    -24.395        2     0.00000
    -24.245        2     0.00000
    -24.095        2     0.00000
    -23.945        2     0.00000
    -23.795        2     0.00000
    -23.645        2     0.00000
    -23.495        2     0.00000
    -23.345        2     0.00000
    -23.195        2     0.00000
    -23.045        2     0.00000
    -22.895        2     0.00000
    -22.745        2     0.00000
    -22.595        2     0.00000
    -22.445        2     0.00000
    -22.295        2     0.00000
    -22.145        2     0.00000
    -21.995        2     0.00000
    -21.845        2     0.00000
    -21.695        2     0.00000
    -21.545        2     0.00000
    -21.395        2     0.00000
    -21.245        2     0.00000
    -21.095        2     0.00000
    -20.945        2     0.00000
    -20.795        2     0.00000
    -20.645        2     0.00000
    -20.495        2     0.00000
    -20.345        2     0.00000
    -20.195        2     0.00000
    -20.045        2     0.00000
    -19.895        2     0.00000
    -19.745        2     0.00000
    -19.595        2     0.00000
    -19.445        2     0.00000
    -19.295        2     0.00000
    -19.145        2     0.00000
    -18.995        2     0.00000
    -18.845        2     0.00000
    -18.695        2     0.00000
    -18.545        2     0.00000
    -18.395        2     0.00000
    -18.245        2     0.00000
    -18.095        2     0.00000
    -17.945        2     0.00000
    -17.795        2     0.00000
    -17.645        2     0.00000
    -17.495        2     0.00000
    -17.345        2     0.00000
    -17.195        2     0.00000
    -17.045        2     0.00000
    -16.895        2     0.00000
    -16.745        2     0.00000
    -16.595        2     0.00000
    -16.445        2    -0.00196
    -16.295        2    -0.01772
    -16.145        2    -0.07037
    -15.995        2    -0.17945
    -15.845        2    -0.33653
    -15.695        2    -0.53650
    -15.545        2    -0.77582
    -15.395        2    -1.04032
    -15.245        2    -1.33637
    -15.095        2    -1.65673
    -14.945        2    -2.01495
    -14.795        2    -2.42191
    -14.645        2    -2.87608
    -14.495        2    -3.36041
    -14.345        2    -3.89677
    -14.195        2    -4.49089
    -14.045        2    -5.14312
    -13.895        2    -5.86239
    -13.745        2    -6.59686
    -13.595        2    -7.34559
    -13.445        2    -8.12611
    -13.295        2    -8.92001
    -13.145        2    -9.72365
    -12.995        2   -10.53336
    -12.845        2   -11.38514
    -12.695        2   -12.21534
    -12.545        2   -13.08441
    -12.395        2   -13.97021
    -12.245        2   -14.89135
    -12.095        2   -15.78957
    -11.945        2   -16.68302
    -11.795        2   -17.59655
    -11.645        2   -18.48311
    -11.495        2   -19.37838
    -11.345        2   -20.24766
    -11.195        2   -21.10229
    -11.045        2   -21.94508
    -10.895        2   -22.76215
    -10.745        2   -23.56224
    -10.595        2   -24.33200
    -10.445        2   -25.07740
    -10.295        2   -25.78735
    -10.145        2   -26.48911
    -9.9950        2   -27.19010
    -9.8450        2   -27.91227
    -9.6950        2   -28.66038
    -9.5450        2   -29.42573
    -9.3950        2   -30.22497
    -9.2450        2   -31.06317
    -9.0950        2   -31.94176
    -8.9450        2   -32.85372
    -8.7950        2   -33.79394
    -8.6450        2   -34.79094
    -8.4950        2   -35.81630
    -8.3450        2   -36.89413
    -8.1950        2   -37.98943
    -8.0450        2   -39.15160
    -7.8950        2   -40.35400
    -7.7450        2   -41.60990
    -7.5950        2   -42.91313
    -7.4450        2   -44.25259
    -7.2950        2   -45.61926
    -7.1450        2   -47.02755
    -6.9950        2   -48.48098
    -6.8450        2   -49.93953
    -6.6950        2   -51.41068
    -6.5450        2   -52.89092
    -6.3950        2   -54.40483
    -6.2450        2   -55.91182
    -6.0950        2   -57.42699
    -5.9450        2   -58.95195
    -5.7950        2   -60.47652
    -5.6450        2   -62.03933
    -5.4950        2   -63.61592
    -5.3450        2   -65.22804
    -5.1950        2   -66.86230
    -5.0450        2   -68.53204
    -4.8950        2   -70.22678
    -4.7450        2   -71.94289
    -4.5950        2   -73.66880
    -4.4450        2   -75.42905
    -4.2950        2   -77.22342
    -4.1450        2   -79.05779
    -3.9950        2   -80.93619
    -3.8450        2   -82.87161
    -3.6950        2   -84.85813
    -3.5450        2   -86.89718
    -3.3950        2   -89.01203
    -3.2450        2   -91.22349
    -3.0950        2   -93.54458
    -2.9450        2   -96.01147
    -2.7950        2   -98.62596
    -2.6450        2  -101.44551
    -2.4950        2  -104.50706
    -2.3450        2  -107.87564
    -2.1950        2  -111.65780
    -2.0450        2  -115.99455
    -1.8950        2  -121.02682
    -1.7450        2  -126.85675
    -1.5950        2  -133.58427
    -1.4450        2  -141.27417
    -1.2950        2  -149.93388
    -1.1450        2  -159.47838
   -0.99500        2  -169.69298
   -0.84500        2  -180.46368
   -0.69500        2  -191.78125
   -0.54500        2  -203.96963
   -0.39500        2  -217.99174
   -0.25300        2  -228.87290
   -0.21500        2  -229.62274
   -0.20900        2  -230.38647
   -0.20300        2  -231.16173
   -0.19700        2  -231.95191
   -0.19100        2  -232.75668
   -0.18500        2  -233.57463
   -0.17900        2  -234.41003
   -0.17300        2  -235.26064
   -0.16700        2  -236.13083
   -0.16100        2  -237.01924
   -0.15500        2  -237.92790
   -0.14900        2  -238.85859
   -0.14300        2  -239.81345
   -0.13700        2  -240.79491
   -0.13100        2  -241.80658
   -0.12500        2  -242.84948
   -0.11900        2  -243.92900
   -0.11300        2  -245.04662
   -0.10700        2  -246.20747
   -0.10100        2  -247.41656
   -0.95000E-01    2  -248.68218
   -0.89000E-01    2  -250.01172
   -0.83000E-01    2  -251.41167
   -0.77000E-01    2  -252.89567
   -0.71000E-01    2  -254.47472
   -0.65000E-01    2  -256.16758
   -0.59000E-01    2  -257.99618
   -0.53000E-01    2  -259.99231
   -0.47000E-01    2  -262.20068
   -0.41000E-01    2  -264.68887
   -0.35000E-01    2  -267.55650
   -0.29000E-01    2  -270.94113
   -0.23000E-01    2  -275.08812
   -0.19700E-01    2  -275.55543
   -0.19100E-01    2  -276.03612
   -0.18500E-01    2  -276.53070
   -0.17900E-01    2  -277.04133
   -0.17300E-01    2  -277.56909
   -0.16700E-01    2  -278.11541
   -0.16100E-01    2  -278.68316
   -0.15500E-01    2  -279.27422
   -0.14900E-01    2  -279.88930
   -0.14300E-01    2  -280.52821
   -0.13700E-01    2  -281.19098
   -0.13100E-01    2  -281.87814
   -0.12500E-01    2  -282.58906
   -0.11900E-01    2  -283.32499
   -0.11300E-01    2  -284.08606
   -0.10700E-01    2  -284.87210
   -0.10100E-01    2  -285.68347
   -0.95000E-02    2  -286.51914
   -0.89000E-02    2  -287.37916
   -0.83000E-02    2  -288.26192
   -0.77000E-02    2  -289.16586
   -0.71000E-02    2  -290.08944
   -0.65000E-02    2  -291.03203
   -0.59000E-02    2  -291.99001
   -0.53000E-02    2  -292.95746
   -0.47000E-02    2  -293.92164
   -0.41000E-02    2  -294.85894
   -0.35000E-02    2  -295.73544
   -0.29000E-02    2  -296.51780
   -0.23000E-02    2  -297.17732
   -0.17000E-02    2  -297.68996
   -0.11000E-02    2  -298.03571
   -0.50000E-03    2  -298.20001
    0.10000E-03    2  -298.17472
    0.70000E-03    2  -297.95954
    0.13000E-02    2  -297.56266
    0.19000E-02    2  -297.00083
    0.25000E-02    2  -296.29780
    0.31000E-02    2  -295.48093
    0.37000E-02    2  -294.58079
    0.43000E-02    2  -293.63231
    0.49000E-02    2  -292.66604
    0.55000E-02    2  -291.70250
    0.61000E-02    2  -290.75070
    0.67000E-02    2  -289.81570
    0.73000E-02    2  -288.90059
    0.79000E-02    2  -288.00572
    0.85000E-02    2  -287.13297
    0.91000E-02    2  -286.28371
    0.97000E-02    2  -285.45903
    0.10300E-01    2  -284.65923
    0.10900E-01    2  -283.88433
    0.11500E-01    2  -283.13545
    0.12100E-01    2  -282.41064
    0.12700E-01    2  -281.71053
    0.13300E-01    2  -281.03528
    0.13900E-01    2  -280.38431
    0.14500E-01    2  -279.75692
    0.15100E-01    2  -279.15355
    0.15700E-01    2  -278.57353
    0.16300E-01    2  -278.01668
    0.16900E-01    2  -277.47996
    0.17500E-01    2  -276.96177
    0.18100E-01    2  -276.45972
    0.18700E-01    2  -275.97287
    0.19300E-01    2  -275.50045
    0.20200E-01    2  -273.77879
    0.25000E-01    2  -269.96366
    0.31000E-01    2  -266.81840
    0.37000E-01    2  -264.14793
    0.43000E-01    2  -261.82997
    0.49000E-01    2  -259.77785
    0.55000E-01    2  -257.92857
    0.61000E-01    2  -256.24654
    0.67000E-01    2  -254.70116
    0.73000E-01    2  -253.27255
    0.79000E-01    2  -251.94486
    0.85000E-01    2  -250.70698
    0.91000E-01    2  -249.54464
    0.97000E-01    2  -248.45276
    0.10300        2  -247.42248
    0.10900        2  -246.44625
    0.11500        2  -245.51973
    0.12100        2  -244.63600
    0.12700        2  -243.79217
    0.13300        2  -242.98403
    0.13900        2  -242.20983
    0.14500        2  -241.46467
    0.15100        2  -240.74716
    0.15700        2  -240.05563
    0.16300        2  -239.38913
    0.16900        2  -238.74517
    0.17500        2  -238.12278
    0.18100        2  -237.52092
    0.18700        2  -236.93724
    0.19300        2  -236.37186
    0.19900        2  -235.82304
    0.20500        2  -235.28985
    0.21100        2  -234.77078
    0.21700        2  -234.26735
    0.29500        2  -224.44667
    0.44500        2  -218.46596
    0.59500        2  -214.12683
    0.74500        2  -210.67306
    0.89500        2  -207.78274
     1.0450        2  -205.31379
     1.1950        2  -203.16955
     1.3450        2  -201.27081
     1.4950        2  -199.57715
     1.6450        2  -198.05458
     1.7950        2  -196.66096
     1.9450        2  -195.38513
     2.0950        2  -194.22449
     2.2450        2  -193.17014
     2.3950        2  -192.19157
     2.5450        2  -191.30272
     2.6950        2  -190.50466
     2.8450        2  -189.76291
     2.9950        2  -189.08924
     3.1450        2  -188.46056
     3.2950        2  -187.87850
     3.4450        2  -187.34405
     3.5950        2  -186.84021
     3.7450        2  -186.35867
     3.8950        2  -185.90721
     4.0450        2  -185.47441
     4.1950        2  -185.05848
     4.3450        2  -184.66378
     4.4950        2  -184.28667
     4.6450        2  -183.92105
     4.7950        2  -183.57509
     4.9450        2  -183.23571
     5.0950        2  -182.90900
     5.2450        2  -182.59403
     5.3950        2  -182.28823
     5.5450        2  -181.98857
     5.6950        2  -181.70148
     5.8450        2  -181.41582
     5.9950        2  -181.13566
     6.1450        2  -180.86749
     6.2950        2  -180.60335
     6.4450        2  -180.34780
     6.5950        2  -180.10069
     6.7450        2  -179.85820
     6.8950        2  -179.61777
     7.0450        2  -179.38638
     7.1950        2  -179.15781
     7.3450        2  -178.93308
     7.4950        2  -178.71042
     7.6450        2  -178.49980
     7.7950        2  -178.29013
     7.9450        2  -178.08373
     8.0950        2  -177.88023
     8.2450        2  -177.68121
     8.3950        2  -177.48588
     8.5450        2  -177.29470
     8.6950        2  -177.10653
     8.8450        2  -176.91977
     8.9950        2  -176.73623
     9.1450        2  -176.55452
     9.2950        2  -176.37711
     9.4450        2  -176.20228
     9.5950        2  -176.03002
     9.7450        2  -175.86146
     9.8950        2  -175.69430
     10.045        2  -175.53001
     10.195        2  -175.36971
     10.345        2  -175.21106
     10.495        2  -175.05312
     10.645        2  -174.89734
     10.795        2  -174.74383
     10.945        2  -174.59500
     11.095        2  -174.44597
     11.245        2  -174.30078
     11.395        2  -174.15516
     11.545        2  -174.01092
     11.695        2  -173.86959
     11.845        2  -173.72782
     11.995        2  -173.59238
     12.145        2  -173.45580
     12.295        2  -173.32164
     12.445        2  -173.18999
     12.595        2  -173.05928
     12.745        2  -172.92877
     12.895        2  -172.80199
     13.045        2  -172.67583
     13.195        2  -172.55055
     13.345        2  -172.42819
     13.495        2  -172.30544
     13.645        2  -172.18489
     13.795        2  -172.06379
     13.945        2  -171.94553
     14.095        2  -171.82715
     14.245        2  -171.70923
     14.395        2  -171.59474
     14.545        2  -171.48149
     14.695        2  -171.37095
     14.845        2  -171.25944
     14.995        2  -171.14928
     15.145        2  -171.04023
     15.295        2  -170.93111
     15.445        2  -170.82258
     15.595        2  -170.71677
     15.745        2  -170.61212
     15.895        2  -170.50936
     16.045        2  -170.40683
     16.195        2  -170.30551
     16.345        2  -170.20451
     16.495        2  -170.10418
     16.645        2  -170.00456
     16.795        2  -169.90688
     16.945        2  -169.80901
     17.095        2  -169.71345
     17.245        2  -169.61850
     17.395        2  -169.52327
     17.545        2  -169.42994
     17.695        2  -169.33588
     17.845        2  -169.24248
     17.995        2  -169.15006
     18.145        2  -169.05766
     18.295        2  -168.96674
     18.445        2  -168.87871
     18.595        2  -168.78866
     18.745        2  -168.70097
     18.895        2  -168.61260
     19.045        2  -168.52594
     19.195        2  -168.44022
     19.345        2  -168.35517
     19.495        2  -168.27156
     19.645        2  -168.18752
     19.795        2  -168.10364
     19.945        2  -168.02019
     20.095        2  -167.93863
     21.836        2  -165.44307
     30.068        2  -161.75077
     42.097        2  -158.08913
     58.937        2  -154.46403
     82.515        2  -150.89122
     115.53        2  -147.38139
     161.74        2  -143.94394
     226.45        2  -140.57286
     317.04        2  -137.27973
     443.87        2  -134.06983
     621.44        2  -130.94102
     870.05        2  -127.89892
     1218.1        2  -124.93730
     1705.4        2  -122.05769
     2387.7        2  -119.24888
     3342.9        2  -116.51473
     4680.2        2  -113.84990
     6552.5        2  -111.25310
     9173.8        2  -108.72957
     12844.        2  -106.27471
     17982.        2  -103.89269
     25176.        2  -101.58066
     35247.        2   -99.34579
     49348.        2   -97.19437
     69090.        2   -95.13234
     96729.        2   -93.15866
    0.13543E+06    2   -91.27415
    0.18960E+06    2   -89.47768
    0.26545E+06    2   -87.76529
    0.37165E+06    2   -86.13229
    0.52033E+06    2   -84.57874
    0.72849E+06    2   -83.09871
    0.10199E+07    2   -81.69163
    0.14279E+07    2   -80.35136
    0.19992E+07    2   -79.07603
    0.27990E+07    2   -77.86593
    0.39187E+07    2   -76.71496
    0.54864E+07    2   -75.61990
    0.76812E+07    2   -74.57673
    0.10754E+08    2   -73.58670
    0.15056E+08    2   -72.64201
    0.21080E+08    2   -71.74796
    0.29513E+08    2   -70.89917
    0.41319E+08    2   -70.10296
    0.57849E+08    2   -69.35763
    0.80991E+08    2   -68.66518
    0.11339E+09    2   -68.02089
    0.15875E+09    2   -67.42181
    0.22226E+09    2   -66.86238
    0.31118E+09    2   -66.34114
    0.43567E+09    2   -65.85215
    0.60996E+09    2   -65.40583
    0.85398E+09    2   -65.00128
    0.11956E+10    2   -64.63120
    0.16739E+10    2   -64.29142
    0.23436E+10    2   -63.98048
    0.32811E+10    2   -63.69457
    0.45937E+10    2   -63.43117
    0.64315E+10    2   -63.18855
    0.90044E+10    2   -62.96616
    0.12607E+11    2   -62.76193
    0.17650E+11    2   -62.57490
    0.24711E+11    2   -62.40220
    0.34596E+11    2   -62.24340
    0.48437E+11    2   -62.09775
    0.67814E+11    2   -61.96398
    0.10000E+12    2   -60.43157
