    -29.945         0.00000
    -29.795         0.00000
    -29.645         0.00000
    -29.495         0.00000
    -29.345         0.00000
    -29.195         0.00000
    -29.045         0.00000
    -28.895         0.00000
    -28.745         0.00000
    -28.595         0.00000
    -28.445         0.00000
    -28.295         0.00000
    -28.145         0.00000
    -27.995         0.00000
    -27.845         0.00000
    -27.695         0.00000
    -27.545         0.00000
    -27.395         0.00000
    -27.245         0.00000
    -27.095         0.00000
    -26.945         0.00000
    -26.795         0.00000
    -26.645         0.00000
    -26.495         0.00000
    -26.345         0.00000
    -26.195         0.00000
    -26.045         0.00000
    -25.895         0.00000
    -25.745         0.00000
    -25.595         0.00000
    -25.445         0.00000
    -25.295         0.00000
    -25.145         0.00000
    -24.995         0.00000
    -24.845         0.00000
    -24.695         0.00000
    -24.545         0.00000
    -24.395         0.00000
    -24.245         0.00000
    -24.095         0.00000
    -23.945         0.00000
    -23.795         0.00000
    -23.645         0.00000
    -23.495         0.00000
    -23.345         0.00000
    -23.195         0.00000
    -23.045         0.00000
    -22.895         0.00000
    -22.745         0.00000
    -22.595         0.00000
    -22.445         0.00000
    -22.295         0.00000
    -22.145         0.00000
    -21.995         0.00000
    -21.845         0.00000
    -21.695         0.00000
    -21.545         0.00000
    -21.395         0.00000
    -21.245         0.00000
    -21.095         0.00000
    -20.945         0.00000
    -20.795         0.00000
    -20.645         0.00000
    -20.495         0.00000
    -20.345         0.00000
    -20.195         0.00000
    -20.045         0.00000
    -19.895         0.00000
    -19.745         0.00000
    -19.595         0.00000
    -19.445         0.00000
    -19.295         0.00000
    -19.145         0.00000
    -18.995         0.00000
    -18.845         0.00000
    -18.695         0.00000
    -18.545         0.00000
    -18.395         0.00000
    -18.245         0.00000
    -18.095         0.00000
    -17.945         0.00000
    -17.795         0.00000
    -17.645         0.00000
    -17.495         0.00000
    -17.345         0.00000
    -17.195         0.00000
    -17.045         0.00000
    -16.895         0.00000
    -16.745         0.00000
    -16.595         0.00000
    -16.445        -0.00023
    -16.295        -0.00315
    -16.145        -0.01824
    -15.995        -0.05253
    -15.845        -0.12209
    -15.695        -0.22597
    -15.545        -0.35898
    -15.395        -0.53358
    -15.245        -0.73216
    -15.095        -0.94669
    -14.945        -1.18033
    -14.795        -1.44479
    -14.645        -1.77145
    -14.495        -2.15985
    -14.345        -2.60753
    -14.195        -3.14169
    -14.045        -3.76763
    -13.895        -4.46210
    -13.745        -5.21515
    -13.595        -6.01467
    -13.445        -6.86344
    -13.295        -7.75383
    -13.145        -8.70014
    -12.995        -9.70044
    -12.845       -10.73260
    -12.695       -11.79521
    -12.545       -12.88423
    -12.395       -13.96876
    -12.245       -15.07591
    -12.095       -16.14736
    -11.945       -17.22315
    -11.795       -18.30760
    -11.645       -19.40243
    -11.495       -20.49618
    -11.345       -21.63017
    -11.195       -22.78933
    -11.045       -23.98101
    -10.895       -25.19709
    -10.745       -26.44758
    -10.595       -27.71979
    -10.445       -29.03144
    -10.295       -30.37161
    -10.145       -31.76854
    -9.9950       -33.21706
    -9.8450       -34.73955
    -9.6950       -36.35009
    -9.5450       -38.04549
    -9.3950       -39.84906
    -9.2450       -41.69625
    -9.0950       -43.62595
    -8.9450       -45.61091
    -8.7950       -47.67712
    -8.6450       -49.81869
    -8.4950       -51.99266
    -8.3450       -54.18907
    -8.1950       -56.44765
    -8.0450       -58.74941
    -7.8950       -61.08905
    -7.7450       -63.47751
    -7.5950       -65.91585
    -7.4450       -68.38770
    -7.2950       -70.96094
    -7.1450       -73.60231
    -6.9950       -76.30822
    -6.8450       -79.05230
    -6.6950       -81.86622
    -6.5450       -84.71096
    -6.3950       -87.59936
    -6.2450       -90.52440
    -6.0950       -93.46320
    -5.9450       -96.41936
    -5.7950       -99.37080
    -5.6450      -102.33605
    -5.4950      -105.28941
    -5.3450      -108.25612
    -5.1950      -111.19495
    -5.0450      -114.14188
    -4.8950      -117.07363
    -4.7450      -120.03206
    -4.5950      -123.01672
    -4.4450      -126.02441
    -4.2950      -129.08450
    -4.1450      -132.21541
    -3.9950      -135.42190
    -3.8450      -138.69908
    -3.6950      -142.07685
    -3.5450      -145.58761
    -3.3950      -149.29054
    -3.2450      -153.18200
    -3.0950      -157.26512
    -2.9450      -161.58313
    -2.7950      -166.14399
    -2.6450      -170.98774
    -2.4950      -176.14697
    -2.3450      -181.66200
    -2.1950      -187.65799
    -2.0450      -194.26288
    -1.8950      -201.68860
    -1.7450      -210.04353
    -1.5950      -219.43473
    -1.4450      -229.84100
    -1.2950      -241.21398
    -1.1450      -253.44826
   -0.99500      -266.37252
   -0.84500      -279.84658
   -0.69500      -293.89763
   -0.54500      -308.78319
   -0.39500      -325.51260
   -0.25300      -338.15206
   -0.21500      -339.01003
   -0.20900      -339.88195
   -0.20300      -340.76492
   -0.19700      -341.66063
   -0.19100      -342.56988
   -0.18500      -343.49356
   -0.17900      -344.43138
   -0.17300      -345.38563
   -0.16700      -346.35556
   -0.16100      -347.34254
   -0.15500      -348.34781
   -0.14900      -349.37407
   -0.14300      -350.42152
   -0.13700      -351.49157
   -0.13100      -352.58711
   -0.12500      -353.70772
   -0.11900      -354.85633
   -0.11300      -356.03461
   -0.10700      -357.24669
   -0.10100      -358.49371
   -0.95000E-01  -359.77973
   -0.89000E-01  -361.10929
   -0.83000E-01  -362.48820
   -0.77000E-01  -363.92186
   -0.71000E-01  -365.41983
   -0.65000E-01  -366.99113
   -0.59000E-01  -368.64963
   -0.53000E-01  -370.41589
   -0.47000E-01  -372.31676
   -0.41000E-01  -374.39397
   -0.35000E-01  -376.71148
   -0.29000E-01  -379.34162
   -0.23000E-01  -382.41000
   -0.19700E-01  -382.74503
   -0.19100E-01  -383.08663
   -0.18500E-01  -383.43548
   -0.17900E-01  -383.79197
   -0.17300E-01  -384.15673
   -0.16700E-01  -384.53019
   -0.16100E-01  -384.91308
   -0.15500E-01  -385.30608
   -0.14900E-01  -385.71009
   -0.14300E-01  -386.12635
   -0.13700E-01  -386.55558
   -0.13100E-01  -386.99954
   -0.12500E-01  -387.45977
   -0.11900E-01  -387.93823
   -0.11300E-01  -388.43668
   -0.10700E-01  -388.95756
   -0.10100E-01  -389.50332
   -0.95000E-02  -390.07621
   -0.89000E-02  -390.67887
   -0.83000E-02  -391.31265
   -0.77000E-02  -391.97970
   -0.71000E-02  -392.68195
   -0.65000E-02  -393.42089
   -0.59000E-02  -394.19938
   -0.53000E-02  -395.02057
   -0.47000E-02  -395.88114
   -0.41000E-02  -396.77789
   -0.35000E-02  -397.69614
   -0.29000E-02  -398.59977
   -0.23000E-02  -399.43687
   -0.17000E-02  -400.14000
   -0.11000E-02  -400.63770
   -0.50000E-03  -400.87490
    0.10000E-03  -400.82697
    0.70000E-03  -400.49866
    0.13000E-02  -399.92540
    0.19000E-02  -399.16922
    0.25000E-02  -398.30402
    0.31000E-02  -397.39100
    0.37000E-02  -396.47834
    0.43000E-02  -395.59408
    0.49000E-02  -394.74762
    0.55000E-02  -393.94260
    0.61000E-02  -393.18051
    0.67000E-02  -392.45751
    0.73000E-02  -391.77053
    0.79000E-02  -391.11822
    0.85000E-02  -390.49880
    0.91000E-02  -389.91048
    0.97000E-02  -389.35068
    0.10300E-01  -388.81736
    0.10900E-01  -388.30832
    0.11500E-01  -387.82014
    0.12100E-01  -387.35142
    0.12700E-01  -386.89968
    0.13300E-01  -386.46396
    0.13900E-01  -386.04225
    0.14500E-01  -385.63309
    0.15100E-01  -385.23528
    0.15700E-01  -384.84810
    0.16300E-01  -384.47068
    0.16900E-01  -384.10231
    0.17500E-01  -383.74288
    0.18100E-01  -383.39128
    0.18700E-01  -383.04743
    0.19300E-01  -382.71078
    0.20200E-01  -381.46270
    0.25000E-01  -378.59865
    0.31000E-01  -376.13735
    0.37000E-01  -373.97860
    0.43000E-01  -372.05608
    0.49000E-01  -370.31425
    0.55000E-01  -368.71498
    0.61000E-01  -367.23514
    0.67000E-01  -365.85736
    0.73000E-01  -364.56770
    0.79000E-01  -363.35460
    0.85000E-01  -362.20681
    0.91000E-01  -361.12173
    0.97000E-01  -360.08950
    0.10300      -359.10743
    0.10900      -358.16871
    0.11500      -357.27069
    0.12100      -356.40942
    0.12700      -355.58096
    0.13300      -354.78435
    0.13900      -354.01668
    0.14500      -353.27487
    0.15100      -352.55905
    0.15700      -351.86477
    0.16300      -351.19374
    0.16900      -350.54126
    0.17500      -349.90990
    0.18100      -349.29638
    0.18700      -348.69947
    0.19300      -348.12035
    0.19900      -347.55591
    0.20500      -347.00547
    0.21100      -346.46995
    0.21700      -345.94662
    0.29500      -335.59314
    0.44500      -328.93014
    0.59500      -323.89838
    0.74500      -319.80310
    0.89500      -316.27379
     1.0450      -313.12533
     1.1950      -310.24303
     1.3450      -307.55867
     1.4950      -305.05430
     1.6450      -302.71184
     1.7950      -300.50290
     1.9450      -298.43389
     2.0950      -296.50532
     2.2450      -294.71295
     2.3950      -293.05553
     2.5450      -291.53389
     2.6950      -290.12621
     2.8450      -288.85586
     2.9950      -287.66863
     3.1450      -286.58442
     3.2950      -285.59307
     3.4450      -284.69285
     3.5950      -283.85669
     3.7450      -283.08848
     3.8950      -282.37039
     4.0450      -281.70117
     4.1950      -281.07105
     4.3450      -280.47518
     4.4950      -279.90766
     4.6450      -279.37034
     4.7950      -278.85570
     4.9450      -278.35951
     5.0950      -277.88394
     5.2450      -277.42681
     5.3950      -276.98554
     5.5450      -276.55571
     5.6950      -276.13882
     5.8450      -275.73458
     5.9950      -275.34294
     6.1450      -274.95891
     6.2950      -274.58953
     6.4450      -274.22740
     6.5950      -273.87231
     6.7450      -273.52496
     6.8950      -273.18707
     7.0450      -272.85490
     7.1950      -272.53315
     7.3450      -272.21563
     7.4950      -271.90363
     7.6450      -271.60070
     7.7950      -271.30210
     7.9450      -271.00856
     8.0950      -270.72190
     8.2450      -270.44052
     8.3950      -270.16179
     8.5450      -269.89082
     8.6950      -269.62096
     8.8450      -269.35677
     8.9950      -269.09949
     9.1450      -268.84516
     9.2950      -268.59506
     9.4450      -268.34802
     9.5950      -268.10482
     9.7450      -267.86497
     9.8950      -267.63055
     10.045      -267.39907
     10.195      -267.16999
     10.345      -266.94490
     10.495      -266.72159
     10.645      -266.50362
     10.795      -266.28894
     10.945      -266.07574
     11.095      -265.86465
     11.245      -265.65848
     11.395      -265.45438
     11.545      -265.25116
     11.695      -265.05103
     11.845      -264.85228
     11.995      -264.65683
     12.145      -264.46415
     12.295      -264.27395
     12.445      -264.08600
     12.595      -263.89981
     12.745      -263.71574
     12.895      -263.53361
     13.045      -263.35588
     13.195      -263.17873
     13.345      -263.00406
     13.495      -262.83013
     13.645      -262.65855
     13.795      -262.48896
     13.945      -262.32058
     14.095      -262.15453
     14.245      -261.99074
     14.395      -261.82882
     14.545      -261.66703
     14.695      -261.50732
     14.845      -261.34944
     14.995      -261.19351
     15.145      -261.03801
     15.295      -260.88506
     15.445      -260.73344
     15.595      -260.58366
     15.745      -260.43457
     15.895      -260.28646
     16.045      -260.14108
     16.195      -259.99723
     16.345      -259.85416
     16.495      -259.71226
     16.645      -259.57181
     16.795      -259.43213
     16.945      -259.29378
     17.095      -259.15637
     17.245      -259.02002
     17.395      -258.88518
     17.545      -258.75067
     17.695      -258.61820
     17.845      -258.48718
     17.995      -258.35777
     18.145      -258.22929
     18.295      -258.10110
     18.445      -257.97366
     18.595      -257.84832
     18.745      -257.72219
     18.895      -257.59815
     19.045      -257.47490
     19.195      -257.35310
     19.345      -257.23104
     19.495      -257.11020
     19.645      -256.99095
     19.795      -256.87175
     19.945      -256.75552
     20.095      -256.63867
     20.245      -256.52279
     20.395      -256.40752
     20.545      -256.29435
     20.695      -256.18068
     20.845      -256.06875
     20.995      -255.95714
     21.145      -255.84563
     21.295      -255.73538
     21.445      -255.62615
     21.595      -255.51805
     21.745      -255.41042
     21.895      -255.30297
     22.045      -255.19589
     22.195      -255.09011
     22.345      -254.98433
     22.495      -254.87923
     22.645      -254.77632
     22.795      -254.67322
     22.945      -254.57025
     23.095      -254.46828
     23.245      -254.36674
     23.395      -254.26609
     23.545      -254.16682
     23.695      -254.06700
     23.845      -253.96933
     23.995      -253.87155
     24.145      -253.77539
     24.295      -253.67834
     24.445      -253.58267
     24.595      -253.48748
     24.745      -253.39273
     24.895      -253.29850
     25.045      -253.20509
     25.195      -253.11212
     25.345      -253.01968
     25.495      -252.92730
     25.645      -252.83562
     25.795      -252.74451
     25.945      -252.65442
     26.095      -252.56441
     26.245      -252.47404
     26.395      -252.38522
     26.545      -252.29719
     26.695      -252.20862
     26.845      -252.12147
     26.995      -252.03442
     27.145      -251.94752
     27.295      -251.86209
     27.445      -251.77701
     27.595      -251.69226
     27.745      -251.60683
     27.895      -251.52271
     28.045      -251.43864
     28.195      -251.35539
     28.345      -251.27376
     28.495      -251.19262
     28.645      -251.11097
     28.795      -251.02883
     28.945      -250.94761
     29.095      -250.86710
     29.245      -250.78718
     29.395      -250.70716
     29.545      -250.62912
     29.695      -250.55038
     29.845      -250.47132
     29.995      -250.39298
     30.145      -250.31520
     30.295      -250.23793
     30.445      -250.16069
     30.595      -250.08393
     30.745      -250.00785
     30.895      -249.93327
     31.045      -249.85859
     31.195      -249.78356
     31.345      -249.70937
     31.495      -249.63563
     31.645      -249.56252
     31.795      -249.48936
     31.945      -249.41548
     32.095      -249.34297
     32.245      -249.27067
     32.395      -249.19958
     32.545      -249.12778
     32.695      -249.05674
     32.845      -248.98579
     32.995      -248.91498
     33.145      -248.84534
     33.295      -248.77504
     33.445      -248.70576
     33.595      -248.63635
     33.745      -248.56672
     33.895      -248.49769
     34.045      -248.42920
     34.195      -248.36148
     34.345      -248.29416
     34.495      -248.22666
     34.645      -248.15957
     34.795      -248.09260
     34.945      -248.02639
     35.095      -247.96030
     35.245      -247.89469
     35.395      -247.82864
     35.545      -247.76291
     35.695      -247.69673
     35.845      -247.63171
     35.995      -247.56697
     36.145      -247.50252
     36.295      -247.43924
     36.445      -247.37487
     36.595      -247.31125
     36.745      -247.24801
     36.895      -247.18514
     37.045      -247.12229
     37.195      -247.05994
     37.345      -246.99813
     37.495      -246.93595
     37.645      -246.87449
     37.795      -246.81310
     37.945      -246.75175
     38.095      -246.69036
     38.245      -246.62961
     38.395      -246.56905
     38.545      -246.50892
     38.695      -246.44881
     38.845      -246.38924
     38.995      -246.32976
     39.145      -246.26942
     39.295      -246.20971
     39.445      -246.15098
     39.595      -246.09195
     39.745      -246.03336
     39.895      -245.97500
     40.045      -245.91704
     40.195      -245.85915
     40.345      -245.80187
     40.495      -245.74373
     40.645      -245.68634
     40.795      -245.62910
     40.945      -245.57171
     41.095      -245.51512
     41.245      -245.45832
     41.395      -245.40316
     41.545      -245.34693
     41.695      -245.29095
     41.845      -245.23590
     41.995      -245.18066
     42.145      -245.12563
     42.295      -245.07054
     42.445      -245.01486
     42.595      -244.96027
     42.745      -244.90622
     42.895      -244.85173
     43.045      -244.79819
     43.195      -244.74500
     43.345      -244.69170
     43.495      -244.63857
     43.645      -244.58565
     43.795      -244.53314
     43.945      -244.48071
     44.095      -244.42805
     44.245      -244.37553
     44.395      -244.32335
     44.545      -244.27149
     44.695      -244.21926
     44.845      -244.16741
     44.995      -244.11605
     45.145      -244.06560
     45.295      -244.01467
     45.445      -243.96358
     45.595      -243.91270
     45.745      -243.86245
     45.895      -243.81144
     46.045      -243.76082
     46.195      -243.71102
     46.345      -243.66096
     46.495      -243.61087
     46.645      -243.56046
     46.795      -243.51117
     46.945      -243.46158
     47.095      -243.41241
     47.245      -243.36304
     47.395      -243.31426
     47.545      -243.26509
     47.695      -243.21629
     47.845      -243.16762
     47.995      -243.11920
     48.145      -243.07100
     48.295      -243.02315
     48.445      -242.97550
     48.595      -242.92828
     48.745      -242.88087
     48.895      -242.83404
     49.045      -242.78672
     49.195      -242.73956
     49.345      -242.69263
     49.495      -242.64604
     49.645      -242.59987
     49.795      -242.55379
     49.945      -242.50745
     50.095      -242.46174
     50.245      -242.41575
     50.395      -242.36990
     50.545      -242.32452
     50.695      -242.27931
     50.845      -242.23375
     50.995      -242.18877
     51.145      -242.14353
     51.295      -242.09854
     51.445      -242.05374
     51.595      -242.00893
     51.745      -241.96450
     51.895      -241.91998
     52.045      -241.87589
     52.195      -241.83198
     52.345      -241.78742
     52.495      -241.74387
     52.645      -241.70089
     52.795      -241.65723
     52.945      -241.61344
     53.095      -241.57012
     53.245      -241.52655
     53.395      -241.48301
     53.545      -241.43962
     53.695      -241.39664
     53.845      -241.35384
     53.995      -241.31119
     54.145      -241.26861
     54.295      -241.22622
     54.445      -241.18450
     54.595      -241.14259
     54.745      -241.10066
     54.895      -241.05893
     55.045      -241.01717
     55.195      -240.97539
     55.345      -240.93352
     55.495      -240.89097
     55.645      -240.84985
     55.795      -240.80833
     55.945      -240.76743
     56.095      -240.72691
     56.245      -240.68582
     56.395      -240.64482
     56.545      -240.60409
     56.695      -240.56388
     56.845      -240.52319
     56.995      -240.48311
     57.145      -240.44309
     57.295      -240.40318
     57.445      -240.36300
     57.595      -240.32325
     57.745      -240.28268
     57.895      -240.24283
     58.045      -240.20298
     58.195      -240.16315
     58.345      -240.12387
     58.495      -240.08486
     58.645      -240.04577
     58.795      -240.00678
     58.945      -239.96794
     59.095      -239.92934
     59.245      -239.89112
     59.395      -239.85220
     59.545      -239.81357
     59.695      -239.77557
     59.845      -239.73656
     59.995      -239.69809
     60.145      -239.66021
     70.939      -234.78855
     97.698      -229.99550
     134.55      -225.27949
     185.30      -220.64775
     255.20      -216.10915
     351.46      -211.66330
     484.04      -207.31813
     666.62      -203.06508
     918.07      -198.91994
     1264.4      -194.87566
     1741.3      -190.92780
     2398.1      -187.07633
     3302.7      -183.32479
     4548.5      -179.66019
     6264.3      -176.08902
     8627.2      -172.61067
     11881.      -169.22994
     16363.      -165.94443
     22535.      -162.75957
     31036.      -159.67027
     42743.      -156.68768
     58866.      -153.82045
     81070.      -151.06819
    0.11165E+06  -148.43445
    0.15377E+06  -145.91314
    0.21177E+06  -143.50485
    0.29165E+06  -141.20386
    0.40166E+06  -139.00721
    0.55317E+06  -136.90915
    0.76182E+06  -134.90894
    0.10492E+07  -132.99923
    0.14449E+07  -131.17932
    0.19900E+07  -129.44408
    0.27406E+07  -127.78919
    0.37744E+07  -126.20986
    0.51981E+07  -124.70402
    0.71589E+07  -123.26948
    0.98593E+07  -121.90378
    0.13578E+08  -120.60160
    0.18700E+08  -119.36267
    0.25754E+08  -118.18233
    0.35468E+08  -117.06239
    0.48847E+08  -116.00972
    0.67273E+08  -115.02678
    0.92648E+08  -114.11295
    0.12760E+09  -113.26212
    0.17573E+09  -112.46704
    0.24201E+09  -111.72006
    0.33330E+09  -111.02064
    0.45902E+09  -110.36512
    0.63217E+09  -109.76571
    0.87062E+09  -109.21969
    0.11990E+10  -108.71791
    0.16513E+10  -108.25575
    0.22742E+10  -107.82953
    0.31320E+10  -107.43641
    0.43134E+10  -107.07329
    0.59405E+10  -106.73813
    0.81813E+10  -106.42923
    0.11267E+11  -106.14326
    0.15517E+11  -105.88024
    0.21371E+11  -105.63699
    0.29432E+11  -105.41161
    0.40534E+11  -105.20385
    0.55823E+11  -105.01231
    0.10000E+12  -102.71000
