    -29.945         0.00000
    -29.795         0.00000
    -29.645         0.00000
    -29.495         0.00000
    -29.345         0.00000
    -29.195         0.00000
    -29.045         0.00000
    -28.895         0.00000
    -28.745         0.00000
    -28.595         0.00000
    -28.445         0.00000
    -28.295         0.00000
    -28.145         0.00000
    -27.995         0.00000
    -27.845         0.00000
    -27.695         0.00000
    -27.545         0.00000
    -27.395         0.00000
    -27.245         0.00000
    -27.095         0.00000
    -26.945         0.00000
    -26.795         0.00000
    -26.645         0.00000
    -26.495         0.00000
    -26.345         0.00000
    -26.195         0.00000
    -26.045         0.00000
    -25.895         0.00000
    -25.745         0.00000
    -25.595         0.00000
    -25.445         0.00000
    -25.295         0.00000
    -25.145         0.00000
    -24.995         0.00000
    -24.845         0.00000
    -24.695         0.00000
    -24.545         0.00000
    -24.395         0.00000
    -24.245         0.00000
    -24.095         0.00000
    -23.945         0.00000
    -23.795         0.00000
    -23.645         0.00000
    -23.495         0.00000
    -23.345         0.00000
    -23.195         0.00000
    -23.045         0.00000
    -22.895         0.00000
    -22.745         0.00000
    -22.595         0.00000
    -22.445         0.00000
    -22.295         0.00000
    -22.145         0.00000
    -21.995         0.00000
    -21.845         0.00000
    -21.695         0.00000
    -21.545         0.00000
    -21.395         0.00000
    -21.245         0.00000
    -21.095         0.00000
    -20.945         0.00000
    -20.795         0.00000
    -20.645         0.00000
    -20.495         0.00000
    -20.345         0.00000
    -20.195         0.00000
    -20.045         0.00000
    -19.895         0.00000
    -19.745         0.00000
    -19.595         0.00000
    -19.445         0.00000
    -19.295         0.00000
    -19.145         0.00000
    -18.995         0.00000
    -18.845         0.00000
    -18.695         0.00000
    -18.545         0.00000
    -18.395         0.00000
    -18.245         0.00000
    -18.095         0.00000
    -17.945         0.00000
    -17.795         0.00000
    -17.645         0.00000
    -17.495         0.00000
    -17.345         0.00000
    -17.195         0.00000
    -17.045         0.00000
    -16.895         0.00000
    -16.745         0.00000
    -16.595         0.00000
    -16.445         0.00000
    -16.295         0.00000
    -16.145         0.00000
    -15.995         0.00000
    -15.845         0.00000
    -15.695         0.00000
    -15.545        -0.00065
    -15.395        -0.00327
    -15.245        -0.01932
    -15.095        -0.05629
    -14.945        -0.11678
    -14.795        -0.21009
    -14.645        -0.31910
    -14.495        -0.45365
    -14.345        -0.60050
    -14.195        -0.76516
    -14.045        -0.93715
    -13.895        -1.12186
    -13.745        -1.31308
    -13.595        -1.49960
    -13.445        -1.68881
    -13.295        -1.88488
    -13.145        -2.10910
    -12.995        -2.36405
    -12.845        -2.67772
    -12.695        -3.06053
    -12.545        -3.51922
    -12.395        -4.05250
    -12.245        -4.67814
    -12.095        -5.41385
    -11.945        -6.23676
    -11.795        -7.15075
    -11.645        -8.17227
    -11.495        -9.28225
    -11.345       -10.47862
    -11.195       -11.76553
    -11.045       -13.09772
    -10.895       -14.45305
    -10.745       -15.85308
    -10.595       -17.24702
    -10.445       -18.65714
    -10.295       -20.06628
    -10.145       -21.47519
    -9.9950       -22.87173
    -9.8450       -24.29751
    -9.6950       -25.76175
    -9.5450       -27.26902
    -9.3950       -28.80732
    -9.2450       -30.37328
    -9.0950       -32.01215
    -8.9450       -33.68665
    -8.7950       -35.41540
    -8.6450       -37.20633
    -8.4950       -39.07266
    -8.3450       -40.98143
    -8.1950       -42.91259
    -8.0450       -44.92823
    -7.8950       -46.97373
    -7.7450       -49.07657
    -7.5950       -51.27023
    -7.4450       -53.51758
    -7.2950       -55.86011
    -7.1450       -58.29510
    -6.9950       -60.80615
    -6.8450       -63.40256
    -6.6950       -66.10199
    -6.5450       -68.87728
    -6.3950       -71.77579
    -6.2450       -74.73556
    -6.0950       -77.77442
    -5.9450       -80.88821
    -5.7950       -84.08413
    -5.6450       -87.33230
    -5.4950       -90.62486
    -5.3450       -93.89892
    -5.1950       -97.12362
    -5.0450      -100.31750
    -4.8950      -103.47974
    -4.7450      -106.60828
    -4.5950      -109.71406
    -4.4450      -112.82585
    -4.2950      -115.96322
    -4.1450      -119.14642
    -3.9950      -122.39595
    -3.8450      -125.75967
    -3.6950      -129.23066
    -3.5450      -132.84053
    -3.3950      -136.60006
    -3.2450      -140.52418
    -3.0950      -144.65616
    -2.9450      -149.00537
    -2.7950      -153.60048
    -2.6450      -158.46666
    -2.4950      -163.69435
    -2.3450      -169.35105
    -2.1950      -175.50949
    -2.0450      -182.28317
    -1.8950      -189.77743
    -1.7450      -198.02422
    -1.5950      -207.12337
    -1.4450      -217.11951
    -1.2950      -228.00268
    -1.1450      -239.75724
   -0.99500      -252.27695
   -0.84500      -265.43370
   -0.69500      -279.16794
   -0.54500      -293.71585
   -0.39500      -309.83055
   -0.25300      -321.69565
   -0.21500      -322.49207
   -0.20900      -323.30083
   -0.20300      -324.11833
   -0.19700      -324.94695
   -0.19100      -325.78813
   -0.18500      -326.64089
   -0.17900      -327.50613
   -0.17300      -328.38637
   -0.16700      -329.28196
   -0.16100      -330.19234
   -0.15500      -331.11995
   -0.14900      -332.06495
   -0.14300      -333.02814
   -0.13700      -334.01333
   -0.13100      -335.02037
   -0.12500      -336.05078
   -0.11900      -337.10867
   -0.11300      -338.19667
   -0.10700      -339.31594
   -0.10100      -340.47205
   -0.95000E-01  -341.66695
   -0.89000E-01  -342.90576
   -0.83000E-01  -344.19617
   -0.77000E-01  -345.54565
   -0.71000E-01  -346.96422
   -0.65000E-01  -348.46388
   -0.59000E-01  -350.06343
   -0.53000E-01  -351.78769
   -0.47000E-01  -353.67639
   -0.41000E-01  -355.79116
   -0.35000E-01  -358.23917
   -0.29000E-01  -361.20994
   -0.23000E-01  -365.01954
   -0.19700E-01  -365.45916
   -0.19100E-01  -365.91325
   -0.18500E-01  -366.38388
   -0.17900E-01  -366.87138
   -0.17300E-01  -367.37648
   -0.16700E-01  -367.90022
   -0.16100E-01  -368.44218
   -0.15500E-01  -369.00302
   -0.14900E-01  -369.58293
   -0.14300E-01  -370.18346
   -0.13700E-01  -370.80456
   -0.13100E-01  -371.44723
   -0.12500E-01  -372.11157
   -0.11900E-01  -372.79935
   -0.11300E-01  -373.51148
   -0.10700E-01  -374.24981
   -0.10100E-01  -375.01510
   -0.95000E-02  -375.80832
   -0.89000E-02  -376.63015
   -0.83000E-02  -377.48077
   -0.77000E-02  -378.36025
   -0.71000E-02  -379.26979
   -0.65000E-02  -380.21116
   -0.59000E-02  -381.18079
   -0.53000E-02  -382.16961
   -0.47000E-02  -383.16186
   -0.41000E-02  -384.13639
   -0.35000E-02  -385.05895
   -0.29000E-02  -385.88719
   -0.23000E-02  -386.58479
   -0.17000E-02  -387.12308
   -0.11000E-02  -387.48213
   -0.50000E-03  -387.64876
    0.10000E-03  -387.61717
    0.70000E-03  -387.38770
    0.13000E-02  -386.96807
    0.19000E-02  -386.37427
    0.25000E-02  -385.62960
    0.31000E-02  -384.76598
    0.37000E-02  -383.82162
    0.43000E-02  -382.83935
    0.49000E-02  -381.84724
    0.55000E-02  -380.86464
    0.61000E-02  -379.90517
    0.67000E-02  -378.97629
    0.73000E-02  -378.07932
    0.79000E-02  -377.21179
    0.85000E-02  -376.37324
    0.91000E-02  -375.56304
    0.97000E-02  -374.78142
    0.10300E-01  -374.02765
    0.10900E-01  -373.30101
    0.11500E-01  -372.60009
    0.12100E-01  -371.92330
    0.12700E-01  -371.26957
    0.13300E-01  -370.63781
    0.13900E-01  -370.02721
    0.14500E-01  -369.43744
    0.15100E-01  -368.86738
    0.15700E-01  -368.31716
    0.16300E-01  -367.78536
    0.16900E-01  -367.27200
    0.17500E-01  -366.77687
    0.18100E-01  -366.29947
    0.18700E-01  -365.83935
    0.19300E-01  -365.39500
    0.20200E-01  -363.79563
    0.25000E-01  -360.37676
    0.31000E-01  -357.69494
    0.37000E-01  -355.48796
    0.43000E-01  -353.59763
    0.49000E-01  -351.93447
    0.55000E-01  -350.44309
    0.61000E-01  -349.08761
    0.67000E-01  -347.84132
    0.73000E-01  -346.68435
    0.79000E-01  -345.60360
    0.85000E-01  -344.58747
    0.91000E-01  -343.62880
    0.97000E-01  -342.71910
    0.10300      -341.85272
    0.10900      -341.02517
    0.11500      -340.23307
    0.12100      -339.47157
    0.12700      -338.74057
    0.13300      -338.03591
    0.13900      -337.35517
    0.14500      -336.69530
    0.15100      -336.05913
    0.15700      -335.44198
    0.16300      -334.84423
    0.16900      -334.26372
    0.17500      -333.69748
    0.18100      -333.14669
    0.18700      -332.60972
    0.19300      -332.08575
    0.19900      -331.57514
    0.20500      -331.07537
    0.21100      -330.58832
    0.21700      -330.11285
    0.29500      -320.29874
    0.44500      -313.72992
    0.59500      -308.76111
    0.74500      -304.72662
    0.89500      -301.26825
     1.0450      -298.21280
     1.1950      -295.45239
     1.3450      -292.92041
     1.4950      -290.57050
     1.6450      -288.40479
     1.7950      -286.38655
     1.9450      -284.52534
     2.0950      -282.79754
     2.2450      -281.22143
     2.3950      -279.76112
     2.5450      -278.43539
     2.6950      -277.20886
     2.8450      -276.08878
     2.9950      -275.05452
     3.1450      -274.10444
     3.2950      -273.22791
     3.4450      -272.41286
     3.5950      -271.66522
     3.7450      -270.95639
     3.8950      -270.29538
     4.0450      -269.66869
     4.1950      -269.07113
     4.3450      -268.50510
     4.4950      -267.97162
     4.6450      -267.45998
     4.7950      -266.97060
     4.9450      -266.49772
     5.0950      -266.04290
     5.2450      -265.60046
     5.3950      -265.17273
     5.5450      -264.75851
     5.6950      -264.35629
     5.8450      -263.96498
     5.9950      -263.58430
     6.1450      -263.21323
     6.2950      -262.85133
     6.4450      -262.49762
     6.5950      -262.15277
     6.7450      -261.81795
     6.8950      -261.48833
     7.0450      -261.16381
     7.1950      -260.85074
     7.3450      -260.54180
     7.4950      -260.24054
     7.6450      -259.94468
     7.7950      -259.65376
     7.9450      -259.36985
     8.0950      -259.09007
     8.2450      -258.81535
     8.3950      -258.54587
     8.5450      -258.28168
     8.6950      -258.02190
     8.8450      -257.76638
     8.9950      -257.51514
     9.1450      -257.26688
     9.2950      -257.02497
     9.4450      -256.78529
     9.5950      -256.54945
     9.7450      -256.31721
     9.8950      -256.08693
     10.045      -255.86232
     10.195      -255.63858
     10.345      -255.41888
     10.495      -255.20357
     10.645      -254.99100
     10.795      -254.78154
     10.945      -254.57398
     11.095      -254.36992
     11.245      -254.16783
     11.395      -253.96872
     11.545      -253.77230
     11.695      -253.57865
     11.845      -253.38699
     11.995      -253.19928
     12.145      -253.01290
     12.295      -252.82858
     12.445      -252.64566
     12.595      -252.46515
     12.745      -252.28844
     12.895      -252.11215
     13.045      -251.93798
     13.195      -251.76532
     13.345      -251.59526
     13.495      -251.42676
     13.645      -251.25905
     13.795      -251.09452
     13.945      -250.93076
     14.095      -250.76859
     14.245      -250.60820
     14.395      -250.45036
     14.545      -250.29208
     14.695      -250.13710
     14.845      -249.98367
     14.995      -249.83159
     15.145      -249.68104
     15.295      -249.53229
     15.445      -249.38437
     15.595      -249.23756
     15.745      -249.09342
     15.895      -248.95025
     16.045      -248.80821
     16.195      -248.66811
     16.345      -248.52835
     16.495      -248.39157
     16.645      -248.25524
     16.795      -248.11950
     16.945      -247.98501
     17.095      -247.85108
     17.245      -247.71926
     17.395      -247.58798
     17.545      -247.45772
     17.695      -247.32904
     17.845      -247.20011
     17.995      -247.07379
     18.145      -246.94791
     18.295      -246.82335
     18.445      -246.69894
     18.595      -246.57656
     18.745      -246.45505
     18.895      -246.33383
     19.045      -246.21352
     19.195      -246.09441
     19.345      -245.97767
     19.495      -245.86063
     19.645      -245.74465
     19.795      -245.62943
     19.945      -245.51540
     20.095      -245.40147
     20.245      -245.28905
     20.395      -245.17708
     20.545      -245.06575
     20.695      -244.95545
     20.845      -244.84596
     20.995      -244.73714
     21.145      -244.62892
     21.295      -244.52181
     21.445      -244.41478
     21.595      -244.30979
     21.745      -244.20520
     21.895      -244.10057
     22.045      -243.99665
     22.195      -243.89345
     22.345      -243.79142
     22.495      -243.69030
     22.645      -243.59015
     22.795      -243.48910
     22.945      -243.38990
     23.095      -243.29130
     23.245      -243.19363
     23.395      -243.09632
     23.545      -242.99936
     23.695      -242.90314
     23.845      -242.80753
     23.995      -242.71223
     24.145      -242.61757
     24.295      -242.52371
     24.445      -242.43047
     24.595      -242.33750
     24.745      -242.24549
     24.895      -242.15373
     25.045      -242.06268
     25.195      -241.97177
     25.345      -241.88184
     25.495      -241.79318
     25.645      -241.70422
     25.795      -241.61565
     25.945      -241.52711
     26.095      -241.44004
     26.245      -241.35337
     26.395      -241.26704
     26.545      -241.18036
     26.695      -241.09459
     26.845      -241.00963
     26.995      -240.92523
     27.145      -240.84102
     27.295      -240.75756
     27.445      -240.67430
     27.595      -240.59150
     27.745      -240.50929
     27.895      -240.42713
     28.045      -240.34513
     28.195      -240.26401
     28.345      -240.18302
     28.495      -240.10297
     28.645      -240.02279
     28.795      -239.94382
     28.945      -239.86530
     29.095      -239.78698
     29.245      -239.70926
     29.395      -239.63189
     29.545      -239.55563
     29.695      -239.47888
     29.845      -239.40206
     29.995      -239.32657
     30.145      -239.25063
     30.295      -239.17523
     30.445      -239.10030
     30.595      -239.02607
     30.745      -238.95240
     30.895      -238.87858
     31.045      -238.80535
     31.195      -238.73236
     31.345      -238.65938
     31.495      -238.58738
     31.645      -238.51528
     31.795      -238.44381
     31.945      -238.37197
     32.095      -238.30104
     32.245      -238.23020
     32.395      -238.15984
     32.545      -238.08936
     32.695      -238.01905
     32.845      -237.95013
     32.995      -237.88159
     33.145      -237.81298
     33.295      -237.74523
     33.445      -237.67688
     33.595      -237.60955
     33.745      -237.54208
     33.895      -237.47479
     34.045      -237.40777
     34.195      -237.34113
     34.345      -237.27550
     34.495      -237.20930
     34.645      -237.14317
     34.795      -237.07789
     34.945      -237.01233
     35.095      -236.94696
     35.245      -236.88181
     35.395      -236.81789
     35.545      -236.75371
     35.695      -236.69027
     35.845      -236.62718
     35.995      -236.56366
     36.145      -236.50106
     36.295      -236.43823
     36.445      -236.37602
     36.595      -236.31377
     36.745      -236.25152
     36.895      -236.18981
     37.045      -236.12840
     37.195      -236.06708
     37.345      -236.00615
     37.495      -235.94526
     37.645      -235.88524
     37.795      -235.82499
     37.945      -235.76497
     38.095      -235.70581
     38.245      -235.64645
     38.395      -235.58702
     38.545      -235.52781
     38.695      -235.46880
     38.845      -235.41051
     38.995      -235.35227
     39.145      -235.29423
     39.295      -235.23592
     39.445      -235.17797
     39.595      -235.12094
     39.745      -235.06391
     39.895      -235.00676
     40.045      -234.94996
     40.195      -234.89366
     40.345      -234.83800
     40.495      -234.78183
     40.645      -234.72631
     40.795      -234.67051
     40.945      -234.61542
     41.095      -234.56005
     41.245      -234.50486
     41.395      -234.45041
     41.545      -234.39630
     41.695      -234.34227
     41.845      -234.28809
     41.995      -234.23373
     42.145      -234.17991
     42.295      -234.12610
     42.445      -234.07279
     42.595      -234.01969
     42.745      -233.96676
     42.895      -233.91374
     43.045      -233.86139
     43.195      -233.80875
     43.345      -233.75625
     43.495      -233.70447
     43.645      -233.65264
     43.795      -233.60083
     43.945      -233.54933
     44.095      -233.49748
     44.245      -233.44630
     44.395      -233.39510
     44.545      -233.34417
     44.695      -233.29346
     44.845      -233.24321
     44.995      -233.19289
     45.145      -233.14292
     45.295      -233.09297
     45.445      -233.04346
     45.595      -232.99406
     45.745      -232.94497
     45.895      -232.89571
     46.045      -232.84662
     46.195      -232.79763
     46.345      -232.74866
     46.495      -232.70032
     46.645      -232.65202
     46.795      -232.60407
     46.945      -232.55582
     47.095      -232.50774
     47.245      -232.45980
     47.395      -232.41235
     47.545      -232.36458
     47.695      -232.31740
     47.845      -232.27018
     47.995      -232.22328
     48.145      -232.17632
     48.295      -232.12955
     48.445      -232.08301
     48.595      -232.03642
     48.745      -231.99015
     48.895      -231.94396
     49.045      -231.89804
     49.195      -231.85245
     49.345      -231.80641
     49.495      -231.76086
     49.645      -231.71575
     49.795      -231.67037
     49.945      -231.62536
     50.095      -231.58012
     50.245      -231.53518
     50.395      -231.49010
     50.545      -231.44529
     50.695      -231.40064
     50.845      -231.35627
     50.995      -231.31215
     51.145      -231.26821
     51.295      -231.22427
     51.445      -231.18055
     51.595      -231.13700
     51.745      -231.09354
     51.895      -231.05031
     52.045      -231.00680
     52.195      -230.96387
     52.345      -230.92071
     52.495      -230.87739
     52.645      -230.83465
     52.795      -230.79211
     52.945      -230.74923
     53.095      -230.70642
     53.245      -230.66408
     53.395      -230.62194
     53.545      -230.57985
     53.695      -230.53768
     53.845      -230.49545
     53.995      -230.45365
     54.145      -230.41218
     54.295      -230.37078
     54.445      -230.32937
     54.595      -230.28796
     54.745      -230.24665
     54.895      -230.20584
     55.045      -230.16507
     55.195      -230.12397
     55.345      -230.08328
     55.495      -230.04252
     55.645      -230.00209
     55.795      -229.96159
     55.945      -229.92175
     56.095      -229.88144
     56.245      -229.84150
     56.395      -229.80211
     56.545      -229.76218
     56.695      -229.72276
     56.845      -229.68286
     56.995      -229.64320
     57.145      -229.60366
     57.295      -229.56437
     57.445      -229.52503
     57.595      -229.48560
     57.745      -229.44641
     57.895      -229.40727
     58.045      -229.36849
     58.195      -229.32995
     58.345      -229.29159
     58.495      -229.25318
     58.645      -229.21468
     58.795      -229.17630
     58.945      -229.13782
     59.095      -229.09962
     59.245      -229.06194
     59.395      -229.02435
     59.545      -228.98630
     59.695      -228.94857
     59.845      -228.91089
     59.995      -228.87362
     60.145      -228.83614
     70.939      -224.06915
     97.698      -219.36174
     134.55      -214.72225
     185.30      -210.15587
     255.20      -205.67356
     351.46      -201.28101
     484.04      -196.97621
     666.62      -192.76887
     918.07      -188.65015
     1264.4      -184.62417
     1741.3      -180.69104
     2398.1      -176.84896
     3302.7      -173.09862
     4548.5      -169.44447
     6264.3      -165.88139
     8627.2      -162.40465
     11881.      -159.01351
     16363.      -155.71249
     22535.      -152.50124
     31036.      -149.39252
     42743.      -146.39519
     58866.      -143.51234
     81070.      -140.74880
    0.11165E+06  -138.10318
    0.15377E+06  -135.57291
    0.21177E+06  -133.15539
    0.29165E+06  -130.84675
    0.40166E+06  -128.64185
    0.55317E+06  -126.54083
    0.76182E+06  -124.53278
    0.10492E+07  -122.61839
    0.14449E+07  -120.79309
    0.19900E+07  -119.05293
    0.27406E+07  -117.39501
    0.37744E+07  -115.81376
    0.51981E+07  -114.30726
    0.71589E+07  -112.87245
    0.98593E+07  -111.50392
    0.13578E+08  -110.19981
    0.18700E+08  -108.95720
    0.25754E+08  -107.77395
    0.35468E+08  -106.65162
    0.48847E+08  -105.59410
    0.67273E+08  -104.60886
    0.92648E+08  -103.69256
    0.12760E+09  -102.83845
    0.17573E+09  -102.03985
    0.24201E+09  -101.29095
    0.33330E+09  -100.58870
    0.45902E+09   -99.93063
    0.63217E+09   -99.32863
    0.87062E+09   -98.78017
    0.11990E+10   -98.27704
    0.16513E+10   -97.81260
    0.22742E+10   -97.38505
    0.31320E+10   -96.99008
    0.43134E+10   -96.62672
    0.59405E+10   -96.29049
    0.81813E+10   -95.97997
    0.11267E+11   -95.69281
    0.15517E+11   -95.42799
    0.21371E+11   -95.18359
    0.29432E+11   -94.95811
    0.40534E+11   -94.75025
    0.55823E+11   -94.55768
    0.10000E+12   -92.24778
