    -29.945        1     0.00000
    -29.795        1     0.00000
    -29.645        1     0.00000
    -29.495        1     0.00000
    -29.345        1     0.00000
    -29.195        1     0.00000
    -29.045        1     0.00000
    -28.895        1     0.00000
    -28.745        1     0.00000
    -28.595        1     0.00000
    -28.445        1     0.00000
    -28.295        1     0.00000
    -28.145        1     0.00000
    -27.995        1     0.00000
    -27.845        1     0.00000
    -27.695        1     0.00000
    -27.545        1     0.00000
    -27.395        1     0.00000
    -27.245        1     0.00000
    -27.095        1     0.00000
    -26.945        1     0.00000
    -26.795        1     0.00000
    -26.645        1     0.00000
    -26.495        1     0.00000
    -26.345        1     0.00000
    -26.195        1     0.00000
    -26.045        1     0.00000
    -25.895        1     0.00000
    -25.745        1     0.00000
    -25.595        1     0.00000
    -25.445        1     0.00000
    -25.295        1     0.00000
    -25.145        1     0.00000
    -24.995        1     0.00000
    -24.845        1     0.00000
    -24.695        1     0.00000
    -24.545        1     0.00000
    -24.395        1     0.00000
    -24.245        1     0.00000
    -24.095        1     0.00000
    -23.945        1     0.00000
    -23.795        1     0.00000
    -23.645        1     0.00000
    -23.495        1     0.00000
    -23.345        1     0.00000
    -23.195        1     0.00000
    -23.045        1     0.00000
    -22.895        1     0.00000
    -22.745        1    -0.00016
    -22.595        1    -0.00079
    -22.445        1    -0.00173
    -22.295        1    -0.00567
    -22.145        1    -0.01463
    -21.995        1    -0.02745
    -21.845        1    -0.04917
    -21.695        1    -0.08717
    -21.545        1    -0.14332
    -21.395        1    -0.21959
    -21.245        1    -0.31919
    -21.095        1    -0.43574
    -20.945        1    -0.57828
    -20.795        1    -0.73227
    -20.645        1    -0.90009
    -20.495        1    -1.07486
    -20.345        1    -1.26097
    -20.195        1    -1.44442
    -20.045        1    -1.65169
    -19.895        1    -1.86953
    -19.745        1    -2.08477
    -19.595        1    -2.30772
    -19.445        1    -2.53589
    -19.295        1    -2.76433
    -19.145        1    -3.00835
    -18.995        1    -3.25935
    -18.845        1    -3.51893
    -18.695        1    -3.78207
    -18.545        1    -4.05604
    -18.395        1    -4.33412
    -18.245        1    -4.61851
    -18.095        1    -4.89760
    -17.945        1    -5.18084
    -17.795        1    -5.46166
    -17.645        1    -5.73131
    -17.495        1    -5.99567
    -17.345        1    -6.27009
    -17.195        1    -6.53272
    -17.045        1    -6.80694
    -16.895        1    -7.06877
    -16.745        1    -7.34762
    -16.595        1    -7.62342
    -16.445        1    -7.91866
    -16.295        1    -8.21797
    -16.145        1    -8.50653
    -15.995        1    -8.81762
    -15.845        1    -9.13516
    -15.695        1    -9.46255
    -15.545        1    -9.79198
    -15.395        1   -10.14029
    -15.245        1   -10.48418
    -15.095        1   -10.83643
    -14.945        1   -11.20357
    -14.795        1   -11.57870
    -14.645        1   -11.96080
    -14.495        1   -12.36691
    -14.345        1   -12.78840
    -14.195        1   -13.21378
    -14.045        1   -13.65611
    -13.895        1   -14.12407
    -13.745        1   -14.59949
    -13.595        1   -15.09973
    -13.445        1   -15.63657
    -13.295        1   -16.18316
    -13.145        1   -16.76235
    -12.995        1   -17.36622
    -12.845        1   -17.97928
    -12.695        1   -18.61259
    -12.545        1   -19.26200
    -12.395        1   -19.93203
    -12.245        1   -20.61172
    -12.095        1   -21.30371
    -11.945        1   -22.00115
    -11.795        1   -22.71846
    -11.645        1   -23.43123
    -11.495        1   -24.14551
    -11.345        1   -24.87531
    -11.195        1   -25.60206
    -11.045        1   -26.32225
    -10.895        1   -27.03391
    -10.745        1   -27.74208
    -10.595        1   -28.43710
    -10.445        1   -29.13780
    -10.295        1   -29.82716
    -10.145        1   -30.50705
    -9.9950        1   -31.18712
    -9.8450        1   -31.85776
    -9.6950        1   -32.51285
    -9.5450        1   -33.15132
    -9.3950        1   -33.77503
    -9.2450        1   -34.39803
    -9.0950        1   -35.02361
    -8.9450        1   -35.60983
    -8.7950        1   -36.22019
    -8.6450        1   -36.80284
    -8.4950        1   -37.38905
    -8.3450        1   -37.95994
    -8.1950        1   -38.53408
    -8.0450        1   -39.10281
    -7.8950        1   -39.66763
    -7.7450        1   -40.24633
    -7.5950        1   -40.82103
    -7.4450        1   -41.38437
    -7.2950        1   -41.96019
    -7.1450        1   -42.55582
    -6.9950        1   -43.15846
    -6.8450        1   -43.76336
    -6.6950        1   -44.37461
    -6.5450        1   -45.01563
    -6.3950        1   -45.65060
    -6.2450        1   -46.29891
    -6.0950        1   -46.96711
    -5.9450        1   -47.64749
    -5.7950        1   -48.32818
    -5.6450        1   -49.02873
    -5.4950        1   -49.74850
    -5.3450        1   -50.46976
    -5.1950        1   -51.20449
    -5.0450        1   -51.95822
    -4.8950        1   -52.71773
    -4.7450        1   -53.50875
    -4.5950        1   -54.34041
    -4.4450        1   -55.18921
    -4.2950        1   -56.07632
    -4.1450        1   -57.00099
    -3.9950        1   -57.98162
    -3.8450        1   -59.01517
    -3.6950        1   -60.11986
    -3.5450        1   -61.28743
    -3.3950        1   -62.52128
    -3.2450        1   -63.83072
    -3.0950        1   -65.22188
    -2.9450        1   -66.70531
    -2.7950        1   -68.27450
    -2.6450        1   -69.92149
    -2.4950        1   -71.63532
    -2.3450        1   -73.41972
    -2.1950        1   -75.24600
    -2.0450        1   -77.11373
    -1.8950        1   -78.99398
    -1.7450        1   -80.87831
    -1.5950        1   -82.76681
    -1.4450        1   -84.65644
    -1.2950        1   -86.55303
    -1.1450        1   -88.48422
   -0.99500        1   -90.49001
   -0.84500        1   -92.60872
   -0.69500        1   -94.90666
   -0.54500        1   -97.51322
   -0.39500        1  -100.59372
   -0.25300        1  -102.97158
   -0.21500        1  -103.13489
   -0.20900        1  -103.30106
   -0.20300        1  -103.47003
   -0.19700        1  -103.64164
   -0.19100        1  -103.81671
   -0.18500        1  -103.99465
   -0.17900        1  -104.17569
   -0.17300        1  -104.36073
   -0.16700        1  -104.54964
   -0.16100        1  -104.74420
   -0.15500        1  -104.94325
   -0.14900        1  -105.14691
   -0.14300        1  -105.35705
   -0.13700        1  -105.57223
   -0.13100        1  -105.79488
   -0.12500        1  -106.02470
   -0.11900        1  -106.26331
   -0.11300        1  -106.51063
   -0.10700        1  -106.76843
   -0.10100        1  -107.03680
   -0.95000E-01    1  -107.31759
   -0.89000E-01    1  -107.61338
   -0.83000E-01    1  -107.92507
   -0.77000E-01    1  -108.25598
   -0.71000E-01    1  -108.60786
   -0.65000E-01    1  -108.98640
   -0.59000E-01    1  -109.39596
   -0.53000E-01    1  -109.84413
   -0.47000E-01    1  -110.34131
   -0.41000E-01    1  -110.90464
   -0.35000E-01    1  -111.56137
   -0.29000E-01    1  -112.36142
   -0.23000E-01    1  -113.36574
   -0.19700E-01    1  -113.47779
   -0.19100E-01    1  -113.59212
   -0.18500E-01    1  -113.70888
   -0.17900E-01    1  -113.82800
   -0.17300E-01    1  -113.94918
   -0.16700E-01    1  -114.07253
   -0.16100E-01    1  -114.19813
   -0.15500E-01    1  -114.32580
   -0.14900E-01    1  -114.45545
   -0.14300E-01    1  -114.58709
   -0.13700E-01    1  -114.72069
   -0.13100E-01    1  -114.85593
   -0.12500E-01    1  -114.99263
   -0.11900E-01    1  -115.13070
   -0.11300E-01    1  -115.27005
   -0.10700E-01    1  -115.41058
   -0.10100E-01    1  -115.55213
   -0.95000E-02    1  -115.69450
   -0.89000E-02    1  -115.83831
   -0.83000E-02    1  -115.98218
   -0.77000E-02    1  -116.12404
   -0.71000E-02    1  -116.26262
   -0.65000E-02    1  -116.39605
   -0.59000E-02    1  -116.52289
   -0.53000E-02    1  -116.64196
   -0.47000E-02    1  -116.75193
   -0.41000E-02    1  -116.85156
   -0.35000E-02    1  -116.93981
   -0.29000E-02    1  -117.01556
   -0.23000E-02    1  -117.07781
   -0.17000E-02    1  -117.12555
   -0.11000E-02    1  -117.15833
   -0.50000E-03    1  -117.17522
    0.10000E-03    1  -117.17627
    0.70000E-03    1  -117.16115
    0.13000E-02    1  -117.13016
    0.19000E-02    1  -117.08359
    0.25000E-02    1  -117.02199
    0.31000E-02    1  -116.94598
    0.37000E-02    1  -116.85637
    0.43000E-02    1  -116.75457
    0.49000E-02    1  -116.64216
    0.55000E-02    1  -116.52048
    0.61000E-02    1  -116.39123
    0.67000E-02    1  -116.25585
    0.73000E-02    1  -116.11611
    0.79000E-02    1  -115.97356
    0.85000E-02    1  -115.82970
    0.91000E-02    1  -115.68645
    0.97000E-02    1  -115.54447
    0.10300E-01    1  -115.40352
    0.10900E-01    1  -115.26353
    0.11500E-01    1  -115.12460
    0.12100E-01    1  -114.98725
    0.12700E-01    1  -114.85111
    0.13300E-01    1  -114.71678
    0.13900E-01    1  -114.58426
    0.14500E-01    1  -114.45359
    0.15100E-01    1  -114.32495
    0.15700E-01    1  -114.19829
    0.16300E-01    1  -114.07373
    0.16900E-01    1  -113.95145
    0.17500E-01    1  -113.83149
    0.18100E-01    1  -113.71380
    0.18700E-01    1  -113.59824
    0.19300E-01    1  -113.48513
    0.20200E-01    1  -113.06715
    0.25000E-01    1  -112.14215
    0.31000E-01    1  -111.40073
    0.37000E-01    1  -110.78386
    0.43000E-01    1  -110.25032
    0.49000E-01    1  -109.77656
    0.55000E-01    1  -109.34825
    0.61000E-01    1  -108.95724
    0.67000E-01    1  -108.59773
    0.73000E-01    1  -108.26395
    0.79000E-01    1  -107.95268
    0.85000E-01    1  -107.66077
    0.91000E-01    1  -107.38511
    0.97000E-01    1  -107.12499
    0.10300        1  -106.87849
    0.10900        1  -106.64432
    0.11500        1  -106.42196
    0.12100        1  -106.20912
    0.12700        1  -106.00688
    0.13300        1  -105.81298
    0.13900        1  -105.62772
    0.14500        1  -105.45101
    0.15100        1  -105.28147
    0.15700        1  -105.11849
    0.16300        1  -104.96195
    0.16900        1  -104.81105
    0.17500        1  -104.66605
    0.18100        1  -104.52634
    0.18700        1  -104.39146
    0.19300        1  -104.26189
    0.19900        1  -104.13646
    0.20500        1  -104.01495
    0.21100        1  -103.89772
    0.21700        1  -103.78425
    0.29500        1  -101.70487
    0.44500        1  -100.64431
    0.59500        1   -99.99209
    0.74500        1   -99.52047
    0.89500        1   -99.14279
     1.0450        1   -98.82124
     1.1950        1   -98.54076
     1.3450        1   -98.29069
     1.4950        1   -98.06391
     1.6450        1   -97.85391
     1.7950        1   -97.66228
     1.9450        1   -97.48428
     2.0950        1   -97.32181
     2.2450        1   -97.17186
     2.3950        1   -97.03050
     2.5450        1   -96.89961
     2.6950        1   -96.77831
     2.8450        1   -96.66405
     2.9950        1   -96.55812
     3.1450        1   -96.45806
     3.2950        1   -96.36396
     3.4450        1   -96.27661
     3.5950        1   -96.19602
     3.7450        1   -96.11529
     3.8950        1   -96.04408
     4.0450        1   -95.97571
     4.1950        1   -95.91151
     4.3450        1   -95.85023
     4.4950        1   -95.79292
     4.6450        1   -95.73964
     4.7950        1   -95.68669
     4.9450        1   -95.63715
     5.0950        1   -95.58696
     5.2450        1   -95.54214
     5.3950        1   -95.49938
     5.5450        1   -95.45482
     5.6950        1   -95.41080
     5.8450        1   -95.37078
     5.9950        1   -95.33152
     6.1450        1   -95.29376
     6.2950        1   -95.25626
     6.4450        1   -95.22164
     6.5950        1   -95.18591
     6.7450        1   -95.15096
     6.8950        1   -95.11716
     7.0450        1   -95.08369
     7.1950        1   -95.05280
     7.3450        1   -95.02176
     7.4950        1   -94.99147
     7.6450        1   -94.96113
     7.7950        1   -94.93044
     7.9450        1   -94.89997
     8.0950        1   -94.86946
     8.2450        1   -94.84090
     8.3950        1   -94.81236
     8.5450        1   -94.78379
     8.6950        1   -94.75659
     8.8450        1   -94.73049
     8.9950        1   -94.70340
     9.1450        1   -94.67455
     9.2950        1   -94.64903
     9.4450        1   -94.62317
     9.5950        1   -94.59824
     9.7450        1   -94.57250
     9.8950        1   -94.54748
     10.045        1   -94.52365
     10.195        1   -94.49894
     10.345        1   -94.47443
     10.495        1   -94.45037
     10.645        1   -94.42675
     10.795        1   -94.40157
     10.945        1   -94.37858
     11.095        1   -94.35641
     11.245        1   -94.33434
     11.395        1   -94.31338
     11.545        1   -94.29191
     11.695        1   -94.27008
     11.845        1   -94.24949
     11.995        1   -94.22913
     12.145        1   -94.20863
     12.295        1   -94.18814
     12.445        1   -94.16757
     12.595        1   -94.14785
     12.745        1   -94.12807
     12.895        1   -94.10780
     13.045        1   -94.08870
     13.195        1   -94.06953
     13.345        1   -94.05067
     13.495        1   -94.03192
     13.645        1   -94.01379
     13.795        1   -93.99584
     13.945        1   -93.97665
     14.095        1   -93.95925
     14.245        1   -93.94183
     14.395        1   -93.92464
     14.545        1   -93.90674
     14.695        1   -93.88954
     14.845        1   -93.87242
     14.995        1   -93.85408
     15.145        1   -93.83652
     15.295        1   -93.82010
     15.445        1   -93.80374
     15.595        1   -93.78771
     15.745        1   -93.77212
     15.895        1   -93.75598
     16.045        1   -93.74025
     16.195        1   -93.72490
     16.345        1   -93.70996
     16.495        1   -93.69448
     16.645        1   -93.67907
     16.795        1   -93.66398
     16.945        1   -93.64824
     17.095        1   -93.63308
     17.245        1   -93.61841
     17.395        1   -93.60305
     17.545        1   -93.58792
     17.695        1   -93.57346
     17.845        1   -93.55945
     17.995        1   -93.54538
     18.145        1   -93.53084
     18.295        1   -93.51662
     18.445        1   -93.50297
     18.595        1   -93.48895
     18.745        1   -93.47574
     18.895        1   -93.46168
     19.045        1   -93.44687
     19.195        1   -93.43318
     19.345        1   -93.41987
     19.495        1   -93.40689
     19.645        1   -93.39347
     19.795        1   -93.37972
     19.945        1   -93.36673
     20.095        1   -93.35329
     20.245        1   -93.34057
     20.395        1   -93.32756
     20.545        1   -93.31320
     20.695        1   -93.30090
     20.845        1   -93.28874
     20.995        1   -93.27618
     21.145        1   -93.26336
     21.295        1   -93.25119
     21.445        1   -93.23792
     21.595        1   -93.22579
     21.745        1   -93.21339
     21.895        1   -93.20112
     22.045        1   -93.18921
     22.195        1   -93.17673
     22.345        1   -93.16418
     22.495        1   -93.15283
     22.645        1   -93.14121
     22.795        1   -93.12902
     22.945        1   -93.11753
     23.095        1   -93.10535
     23.245        1   -93.09370
     23.395        1   -93.08296
     23.545        1   -93.07169
     23.695        1   -93.06101
     23.845        1   -93.04965
     23.995        1   -93.03877
     24.145        1   -93.02769
     24.295        1   -93.01568
     24.445        1   -93.00462
     24.595        1   -92.99319
     24.745        1   -92.98264
     24.895        1   -92.97196
     25.045        1   -92.96158
     25.195        1   -92.95114
     25.345        1   -92.94053
     25.495        1   -92.93004
     25.645        1   -92.92007
     25.795        1   -92.90915
     25.945        1   -92.89873
     26.095        1   -92.88764
     26.245        1   -92.87746
     26.395        1   -92.86733
     26.545        1   -92.85721
     26.695        1   -92.84705
     26.845        1   -92.83738
     26.995        1   -92.82739
     27.145        1   -92.81772
     27.295        1   -92.80799
     27.445        1   -92.79837
     27.595        1   -92.78719
     27.745        1   -92.77701
     27.895        1   -92.76750
     28.045        1   -92.75806
     28.195        1   -92.74902
     28.345        1   -92.73962
     28.495        1   -92.73028
     28.645        1   -92.72086
     28.795        1   -92.71130
     28.945        1   -92.70212
     29.095        1   -92.69285
     29.245        1   -92.68347
     29.395        1   -92.67400
     29.545        1   -92.66478
     29.695        1   -92.65588
     29.845        1   -92.64716
     29.995        1   -92.63824
     30.145        1   -92.62943
     30.295        1   -92.62038
     30.445        1   -92.61160
     30.595        1   -92.60270
     30.745        1   -92.59364
     30.895        1   -92.58455
     31.045        1   -92.57559
     31.195        1   -92.56697
     31.345        1   -92.55822
     31.495        1   -92.54982
     31.645        1   -92.54117
     31.795        1   -92.53266
     31.945        1   -92.52414
     32.095        1   -92.51579
     32.245        1   -92.50729
     32.395        1   -92.49925
     32.545        1   -92.49055
     32.695        1   -92.48183
     32.845        1   -92.47341
     32.995        1   -92.46551
     33.145        1   -92.45714
     33.295        1   -92.44938
     33.445        1   -92.44021
     33.595        1   -92.43228
     33.745        1   -92.42435
     33.895        1   -92.41588
     34.045        1   -92.40758
     34.195        1   -92.39966
     34.345        1   -92.39105
     34.495        1   -92.38250
     34.645        1   -92.37462
     34.795        1   -92.36690
     34.945        1   -92.35921
     35.095        1   -92.35108
     35.245        1   -92.34320
     35.395        1   -92.33496
     35.545        1   -92.32731
     35.695        1   -92.31979
     35.845        1   -92.31199
     35.995        1   -92.30450
     36.145        1   -92.29704
     36.295        1   -92.28966
     36.445        1   -92.28059
     36.595        1   -92.27291
     36.745        1   -92.26411
     36.895        1   -92.25667
     37.045        1   -92.24947
     37.195        1   -92.24189
     37.345        1   -92.23405
     37.495        1   -92.22686
     37.645        1   -92.22003
     37.795        1   -92.21221
     37.945        1   -92.20494
     38.095        1   -92.19778
     38.245        1   -92.19053
     38.395        1   -92.18255
     38.545        1   -92.17555
     38.695        1   -92.16845
     38.845        1   -92.16158
     38.995        1   -92.15420
     39.145        1   -92.14737
     39.295        1   -92.14055
     39.445        1   -92.13361
     39.595        1   -92.12632
     39.745        1   -92.11959
     39.895        1   -92.11280
     40.045        1   -92.10582
     40.195        1   -92.09920
     40.345        1   -92.09283
     40.495        1   -92.08604
     40.645        1   -92.07964
     40.795        1   -92.07312
     40.945        1   -92.06573
     41.095        1   -92.05850
     41.245        1   -92.05197
     41.395        1   -92.04535
     41.545        1   -92.03723
     41.695        1   -92.03077
     41.845        1   -92.02425
     41.995        1   -92.01747
     42.145        1   -92.01133
     42.295        1   -92.00462
     42.445        1   -91.99825
     42.595        1   -91.99142
     42.745        1   -91.98469
     42.895        1   -91.97774
     43.045        1   -91.97141
     43.195        1   -91.96487
     43.345        1   -91.95870
     43.495        1   -91.95255
     43.645        1   -91.94600
     43.795        1   -91.93951
     43.945        1   -91.93351
     44.095        1   -91.92735
     44.245        1   -91.92132
     44.395        1   -91.91517
     44.545        1   -91.90922
     44.695        1   -91.90300
     44.845        1   -91.89664
     44.995        1   -91.89011
     45.145        1   -91.88394
     45.295        1   -91.87816
     45.445        1   -91.87191
     45.595        1   -91.86609
     45.745        1   -91.86030
     45.895        1   -91.85427
     46.045        1   -91.84847
     46.195        1   -91.84256
     46.345        1   -91.83670
     46.495        1   -91.83075
     46.645        1   -91.82472
     46.795        1   -91.81895
     46.945        1   -91.81320
     47.095        1   -91.80740
     47.245        1   -91.80188
     47.395        1   -91.79611
     47.545        1   -91.79023
     47.695        1   -91.78460
     47.845        1   -91.77860
     47.995        1   -91.77266
     48.145        1   -91.76703
     48.295        1   -91.76156
     48.445        1   -91.75617
     48.595        1   -91.75054
     48.745        1   -91.74485
     48.895        1   -91.73910
     49.045        1   -91.73321
     49.195        1   -91.72784
     49.345        1   -91.72208
     49.495        1   -91.71631
     49.645        1   -91.71045
     49.795        1   -91.70508
     49.945        1   -91.69934
     50.095        1   -91.69357
     50.245        1   -91.68824
     50.395        1   -91.68302
     50.545        1   -91.67753
     50.695        1   -91.67228
     50.845        1   -91.66711
     50.995        1   -91.66196
     51.145        1   -91.65669
     51.295        1   -91.65177
     51.445        1   -91.64649
     51.595        1   -91.64133
     51.745        1   -91.63606
     51.895        1   -91.63060
     52.045        1   -91.62520
     52.195        1   -91.62018
     52.345        1   -91.61508
     52.495        1   -91.61003
     52.645        1   -91.60483
     52.795        1   -91.59945
     52.945        1   -91.59420
     53.095        1   -91.58888
     53.245        1   -91.58384
     53.395        1   -91.57849
     53.545        1   -91.57352
     53.695        1   -91.56861
     53.845        1   -91.56360
     53.995        1   -91.55797
     54.145        1   -91.55304
     54.295        1   -91.54800
     54.445        1   -91.54305
     54.595        1   -91.53811
     54.745        1   -91.53313
     54.895        1   -91.52818
     55.045        1   -91.52333
     55.195        1   -91.51840
     55.345        1   -91.51333
     55.495        1   -91.50844
     55.645        1   -91.50369
     55.795        1   -91.49890
     55.945        1   -91.49405
     56.095        1   -91.48919
     56.245        1   -91.48410
     56.395        1   -91.47920
     56.545        1   -91.47404
     56.695        1   -91.46925
     56.845        1   -91.46438
     56.995        1   -91.45965
     57.145        1   -91.45488
     57.295        1   -91.45016
     57.445        1   -91.44518
     57.595        1   -91.44040
     57.745        1   -91.43575
     57.895        1   -91.43112
     58.045        1   -91.42637
     58.195        1   -91.42163
     58.345        1   -91.41628
     58.495        1   -91.41125
     58.645        1   -91.40671
     58.795        1   -91.40199
     58.945        1   -91.39647
     59.095        1   -91.39185
     59.245        1   -91.38716
     59.395        1   -91.38255
     59.545        1   -91.37732
     59.695        1   -91.37282
     59.845        1   -91.36823
     59.995        1   -91.36389
     60.145        1   -91.35952
     70.939        1   -90.76483
     97.698        1   -90.16682
     134.55        1   -89.57149
     185.30        1   -88.97562
     255.20        1   -88.38239
     351.46        1   -87.79350
     484.04        1   -87.21882
     666.62        1   -86.65063
     918.07        1   -86.08741
     1264.4        1   -85.53621
     1741.3        1   -84.98649
     2398.1        1   -84.44703
     3302.7        1   -83.91702
     4548.5        1   -83.39799
     6264.3        1   -82.88402
     8627.2        1   -82.38004
     11881.        1   -81.87686
     16363.        1   -81.38546
     22535.        1   -80.90189
     31036.        1   -80.42504
     42743.        1   -79.95373
     58866.        1   -79.48991
     81070.        1   -79.02692
    0.11165E+06    1   -78.57279
    0.15377E+06    1   -78.12262
    0.21177E+06    1   -77.67681
    0.29165E+06    1   -77.23384
    0.40166E+06    1   -76.79415
    0.55317E+06    1   -76.35767
    0.76182E+06    1   -75.92490
    0.10492E+07    1   -75.49208
    0.14449E+07    1   -75.06183
    0.19900E+07    1   -74.63336
    0.27406E+07    1   -74.20496
    0.37744E+07    1   -73.77499
    0.51981E+07    1   -73.34011
    0.71589E+07    1   -72.90555
    0.98593E+07    1   -72.46870
    0.13578E+08    1   -72.03000
    0.18700E+08    1   -71.59037
    0.25754E+08    1   -71.14742
    0.35468E+08    1   -70.70744
    0.48847E+08    1   -70.27429
    0.67273E+08    1   -69.85305
    0.92648E+08    1   -69.44227
    0.12760E+09    1   -69.04142
    0.17573E+09    1   -68.65102
    0.24201E+09    1   -68.27285
    0.33330E+09    1   -67.90900
    0.45902E+09    1   -67.56041
    0.63217E+09    1   -67.23281
    0.87062E+09    1   -66.92493
    0.11990E+10    1   -66.63665
    0.16513E+10    1   -66.36947
    0.22742E+10    1   -66.11945
    0.31320E+10    1   -65.88736
    0.43134E+10    1   -65.67091
    0.59405E+10    1   -65.46899
    0.81813E+10    1   -65.28065
    0.11267E+11    1   -65.10566
    0.15517E+11    1   -64.94312
    0.21371E+11    1   -64.79156
    0.29432E+11    1   -64.65142
    0.40534E+11    1   -64.52055
    0.55823E+11    1   -64.39913
    0.10000E+12    1   -62.88125
    -149.95        2     0.00000
    -149.80        2     0.00000
    -149.65        2     0.00000
    -149.49        2     0.00000
    -149.34        2     0.00000
    -149.20        2     0.00000
    -149.05        2     0.00000
    -148.90        2     0.00000
    -148.74        2     0.00000
    -148.59        2     0.00000
    -148.45        2     0.00000
    -148.30        2     0.00000
    -148.15        2     0.00000
    -147.99        2     0.00000
    -147.84        2     0.00000
    -147.70        2     0.00000
    -147.55        2     0.00000
    -147.40        2     0.00000
    -147.24        2     0.00000
    -147.09        2     0.00000
    -146.95        2     0.00000
    -146.80        2     0.00000
    -146.65        2     0.00000
    -146.49        2     0.00000
    -146.34        2     0.00000
    -146.20        2     0.00000
    -146.05        2     0.00000
    -145.90        2     0.00000
    -145.74        2     0.00000
    -145.59        2     0.00000
    -145.45        2     0.00000
    -145.30        2     0.00000
    -145.15        2     0.00000
    -144.99        2     0.00000
    -144.84        2     0.00000
    -144.70        2     0.00000
    -144.55        2     0.00000
    -144.40        2     0.00000
    -144.24        2     0.00000
    -144.09        2     0.00000
    -143.95        2     0.00000
    -143.80        2     0.00000
    -143.65        2     0.00000
    -143.49        2     0.00000
    -143.34        2     0.00000
    -143.20        2     0.00000
    -143.05        2     0.00000
    -142.90        2     0.00000
    -142.74        2     0.00000
    -142.59        2     0.00000
    -142.45        2     0.00000
    -142.30        2     0.00000
    -142.15        2     0.00000
    -141.99        2     0.00000
    -141.84        2     0.00000
    -141.70        2     0.00000
    -141.55        2     0.00000
    -141.40        2     0.00000
    -141.24        2     0.00000
    -141.09        2     0.00000
    -140.95        2     0.00000
    -140.80        2     0.00000
    -140.65        2     0.00000
    -140.49        2     0.00000
    -140.34        2     0.00000
    -140.20        2     0.00000
    -140.05        2     0.00000
    -139.90        2     0.00000
    -139.74        2     0.00000
    -139.59        2     0.00000
    -139.45        2     0.00000
    -139.30        2     0.00000
    -139.15        2     0.00000
    -138.99        2     0.00000
    -138.84        2     0.00000
    -138.70        2     0.00000
    -138.55        2     0.00000
    -138.40        2     0.00000
    -138.24        2     0.00000
    -138.09        2     0.00000
    -137.95        2     0.00000
    -137.80        2     0.00000
    -137.65        2     0.00000
    -137.49        2     0.00000
    -137.34        2     0.00000
    -137.20        2     0.00000
    -137.05        2     0.00000
    -136.90        2     0.00000
    -136.74        2     0.00000
    -136.59        2     0.00000
    -136.45        2     0.00000
    -136.30        2     0.00000
    -136.15        2     0.00000
    -135.99        2     0.00000
    -135.84        2     0.00000
    -135.70        2     0.00000
    -135.55        2     0.00000
    -135.40        2     0.00000
    -135.24        2     0.00000
    -135.09        2     0.00000
    -134.95        2     0.00000
    -134.80        2     0.00000
    -134.65        2     0.00000
    -134.49        2     0.00000
    -134.34        2     0.00000
    -134.20        2     0.00000
    -134.05        2     0.00000
    -133.90        2     0.00000
    -133.74        2     0.00000
    -133.59        2     0.00000
    -133.45        2     0.00000
    -133.30        2     0.00000
    -133.15        2     0.00000
    -132.99        2     0.00000
    -132.84        2     0.00000
    -132.70        2     0.00000
    -132.55        2     0.00000
    -132.40        2     0.00000
    -132.24        2     0.00000
    -132.09        2     0.00000
    -131.95        2     0.00000
    -131.80        2     0.00000
    -131.65        2     0.00000
    -131.49        2     0.00000
    -131.34        2     0.00000
    -131.20        2     0.00000
    -131.05        2     0.00000
    -130.90        2     0.00000
    -130.74        2     0.00000
    -130.59        2     0.00000
    -130.45        2     0.00000
    -130.30        2     0.00000
    -130.15        2     0.00000
    -129.99        2     0.00000
    -129.84        2     0.00000
    -129.70        2     0.00000
    -129.55        2     0.00000
    -129.40        2     0.00000
    -129.24        2     0.00000
    -129.09        2     0.00000
    -128.95        2     0.00000
    -128.80        2     0.00000
    -128.65        2     0.00000
    -128.49        2     0.00000
    -128.34        2     0.00000
    -128.20        2     0.00000
    -128.05        2     0.00000
    -127.89        2     0.00000
    -127.75        2     0.00000
    -127.60        2     0.00000
    -127.44        2     0.00000
    -127.30        2     0.00000
    -127.14        2     0.00000
    -127.00        2     0.00000
    -126.85        2     0.00000
    -126.69        2     0.00000
    -126.55        2     0.00000
    -126.39        2     0.00000
    -126.25        2     0.00000
    -126.10        2     0.00000
    -125.94        2     0.00000
    -125.80        2     0.00000
    -125.64        2     0.00000
    -125.50        2     0.00000
    -125.35        2     0.00000
    -125.19        2     0.00000
    -125.05        2     0.00000
    -124.89        2     0.00000
    -124.75        2     0.00000
    -124.60        2     0.00000
    -124.44        2     0.00000
    -124.30        2     0.00000
    -124.14        2     0.00000
    -124.00        2     0.00000
    -123.85        2     0.00000
    -123.69        2     0.00000
    -123.55        2     0.00000
    -123.39        2     0.00000
    -123.25        2     0.00000
    -123.10        2     0.00000
    -122.94        2     0.00000
    -122.80        2     0.00000
    -122.64        2     0.00000
    -122.50        2     0.00000
    -122.35        2     0.00000
    -122.19        2     0.00000
    -122.05        2     0.00000
    -121.89        2     0.00000
    -121.75        2     0.00000
    -121.60        2     0.00000
    -121.44        2     0.00000
    -121.30        2     0.00000
    -121.14        2     0.00000
    -121.00        2     0.00000
    -120.85        2     0.00000
    -120.69        2     0.00000
    -120.55        2     0.00000
    -120.39        2     0.00000
    -120.25        2     0.00000
    -120.10        2     0.00000
    -119.94        2     0.00000
    -119.80        2     0.00000
    -119.64        2     0.00000
    -119.50        2     0.00000
    -119.35        2     0.00000
    -119.19        2     0.00000
    -119.05        2     0.00000
    -118.89        2     0.00000
    -118.75        2     0.00000
    -118.60        2     0.00000
    -118.44        2     0.00000
    -118.30        2     0.00000
    -118.14        2     0.00000
    -118.00        2     0.00000
    -117.85        2     0.00000
    -117.69        2     0.00000
    -117.55        2     0.00000
    -117.39        2     0.00000
    -117.25        2     0.00000
    -117.10        2     0.00000
    -116.94        2     0.00000
    -116.80        2     0.00000
    -116.64        2     0.00000
    -116.50        2     0.00000
    -116.35        2     0.00000
    -116.19        2     0.00000
    -116.05        2     0.00000
    -115.89        2     0.00000
    -115.75        2     0.00000
    -115.60        2     0.00000
    -115.44        2     0.00000
    -115.30        2     0.00000
    -115.14        2     0.00000
    -115.00        2     0.00000
    -114.85        2     0.00000
    -114.69        2     0.00000
    -114.55        2     0.00000
    -114.39        2     0.00000
    -114.25        2     0.00000
    -114.10        2     0.00000
    -113.94        2     0.00000
    -113.80        2     0.00000
    -113.64        2     0.00000
    -113.50        2     0.00000
    -113.35        2     0.00000
    -113.19        2     0.00000
    -113.05        2     0.00000
    -112.89        2     0.00000
    -112.75        2     0.00000
    -112.60        2     0.00000
    -112.44        2     0.00000
    -112.30        2     0.00000
    -112.14        2     0.00000
    -112.00        2     0.00000
    -111.85        2     0.00000
    -111.69        2     0.00000
    -111.55        2     0.00000
    -111.39        2     0.00000
    -111.25        2     0.00000
    -111.10        2     0.00000
    -110.94        2     0.00000
    -110.80        2     0.00000
    -110.64        2     0.00000
    -110.50        2     0.00000
    -110.35        2     0.00000
    -110.19        2     0.00000
    -110.05        2     0.00000
    -109.89        2     0.00000
    -109.75        2     0.00000
    -109.60        2     0.00000
    -109.44        2     0.00000
    -109.30        2     0.00000
    -109.14        2     0.00000
    -109.00        2     0.00000
    -108.85        2     0.00000
    -108.69        2     0.00000
    -108.55        2     0.00000
    -108.39        2     0.00000
    -108.25        2     0.00000
    -108.10        2     0.00000
    -107.94        2     0.00000
    -107.80        2     0.00000
    -107.64        2     0.00000
    -107.50        2     0.00000
    -107.35        2     0.00000
    -107.19        2     0.00000
    -107.05        2     0.00000
    -106.89        2     0.00000
    -106.75        2     0.00000
    -106.60        2     0.00000
    -106.44        2     0.00000
    -106.30        2     0.00000
    -106.14        2     0.00000
    -106.00        2     0.00000
    -105.85        2     0.00000
    -105.69        2     0.00000
    -105.55        2     0.00000
    -105.39        2     0.00000
    -105.25        2     0.00000
    -105.10        2     0.00000
    -104.94        2     0.00000
    -104.80        2     0.00000
    -104.64        2     0.00000
    -104.50        2     0.00000
    -104.35        2     0.00000
    -104.19        2     0.00000
    -104.05        2     0.00000
    -103.89        2     0.00000
    -103.75        2     0.00000
    -103.60        2     0.00000
    -103.44        2     0.00000
    -103.30        2     0.00000
    -103.14        2     0.00000
    -103.00        2     0.00000
    -102.85        2     0.00000
    -102.69        2     0.00000
    -102.55        2     0.00000
    -102.39        2     0.00000
    -102.25        2     0.00000
    -102.10        2     0.00000
    -101.94        2     0.00000
    -101.80        2     0.00000
    -101.64        2     0.00000
    -101.50        2     0.00000
    -101.35        2     0.00000
    -101.19        2     0.00000
    -101.05        2     0.00000
    -100.89        2     0.00000
    -100.75        2     0.00000
    -100.60        2     0.00000
    -100.44        2     0.00000
    -100.30        2     0.00000
    -100.14        2     0.00000
    -99.995        2     0.00000
    -99.845        2     0.00000
    -99.695        2     0.00000
    -99.545        2     0.00000
    -99.395        2     0.00000
    -99.245        2     0.00000
    -99.095        2     0.00000
    -98.945        2     0.00000
    -98.795        2     0.00000
    -98.645        2     0.00000
    -98.495        2     0.00000
    -98.345        2     0.00000
    -98.195        2     0.00000
    -98.045        2     0.00000
    -97.895        2     0.00000
    -97.745        2     0.00000
    -97.595        2     0.00000
    -97.445        2     0.00000
    -97.295        2     0.00000
    -97.145        2     0.00000
    -96.995        2     0.00000
    -96.845        2     0.00000
    -96.695        2     0.00000
    -96.545        2     0.00000
    -96.395        2     0.00000
    -96.245        2     0.00000
    -96.095        2     0.00000
    -95.945        2     0.00000
    -95.795        2     0.00000
    -95.645        2     0.00000
    -95.495        2     0.00000
    -95.345        2     0.00000
    -95.195        2     0.00000
    -95.045        2     0.00000
    -94.895        2     0.00000
    -94.745        2     0.00000
    -94.595        2     0.00000
    -94.445        2     0.00000
    -94.295        2     0.00000
    -94.145        2     0.00000
    -93.995        2     0.00000
    -93.845        2     0.00000
    -93.695        2     0.00000
    -93.545        2     0.00000
    -93.395        2     0.00000
    -93.245        2     0.00000
    -93.095        2     0.00000
    -92.945        2     0.00000
    -92.795        2     0.00000
    -92.645        2     0.00000
    -92.495        2     0.00000
    -92.345        2     0.00000
    -92.195        2     0.00000
    -92.045        2     0.00000
    -91.895        2     0.00000
    -91.745        2     0.00000
    -91.595        2     0.00000
    -91.445        2     0.00000
    -91.295        2     0.00000
    -91.145        2     0.00000
    -90.995        2     0.00000
    -90.845        2     0.00000
    -90.695        2     0.00000
    -90.545        2     0.00000
    -90.395        2     0.00000
    -90.245        2     0.00000
    -90.095        2     0.00000
    -89.945        2     0.00000
    -89.795        2     0.00000
    -89.645        2     0.00000
    -89.495        2     0.00000
    -89.345        2     0.00000
    -89.195        2     0.00000
    -89.045        2     0.00000
    -88.895        2     0.00000
    -88.745        2     0.00000
    -88.595        2     0.00000
    -88.445        2     0.00000
    -88.295        2     0.00000
    -88.145        2     0.00000
    -87.995        2     0.00000
    -87.845        2     0.00000
    -87.695        2     0.00000
    -87.545        2     0.00000
    -87.395        2     0.00000
    -87.245        2     0.00000
    -87.095        2     0.00000
    -86.945        2     0.00000
    -86.795        2     0.00000
    -86.645        2     0.00000
    -86.495        2     0.00000
    -86.345        2     0.00000
    -86.195        2     0.00000
    -86.045        2     0.00000
    -85.895        2     0.00000
    -85.745        2     0.00000
    -85.595        2     0.00000
    -85.445        2     0.00000
    -85.295        2     0.00000
    -85.145        2     0.00000
    -84.995        2     0.00000
    -84.845        2     0.00000
    -84.695        2     0.00000
    -84.545        2     0.00000
    -84.395        2     0.00000
    -84.245        2     0.00000
    -84.095        2     0.00000
    -83.945        2     0.00000
    -83.795        2     0.00000
    -83.645        2     0.00000
    -83.495        2     0.00000
    -83.345        2     0.00000
    -83.195        2     0.00000
    -83.045        2     0.00000
    -82.895        2     0.00000
    -82.745        2     0.00000
    -82.595        2     0.00000
    -82.445        2     0.00000
    -82.295        2     0.00000
    -82.145        2     0.00000
    -81.995        2     0.00000
    -81.845        2     0.00000
    -81.695        2     0.00000
    -81.545        2     0.00000
    -81.395        2     0.00000
    -81.245        2     0.00000
    -81.095        2     0.00000
    -80.945        2     0.00000
    -80.795        2     0.00000
    -80.645        2     0.00000
    -80.495        2     0.00000
    -80.345        2     0.00000
    -80.195        2     0.00000
    -80.045        2     0.00000
    -79.895        2     0.00000
    -79.745        2     0.00000
    -79.595        2     0.00000
    -79.445        2     0.00000
    -79.295        2     0.00000
    -79.145        2     0.00000
    -78.995        2     0.00000
    -78.845        2     0.00000
    -78.695        2     0.00000
    -78.545        2     0.00000
    -78.395        2     0.00000
    -78.245        2     0.00000
    -78.095        2     0.00000
    -77.945        2     0.00000
    -77.795        2     0.00000
    -77.645        2     0.00000
    -77.495        2     0.00000
    -77.345        2     0.00000
    -77.195        2     0.00000
    -77.045        2     0.00000
    -76.895        2     0.00000
    -76.745        2     0.00000
    -76.595        2     0.00000
    -76.445        2     0.00000
    -76.295        2     0.00000
    -76.145        2     0.00000
    -75.995        2     0.00000
    -75.845        2     0.00000
    -75.695        2     0.00000
    -75.545        2     0.00000
    -75.395        2     0.00000
    -75.245        2     0.00000
    -75.095        2     0.00000
    -74.945        2     0.00000
    -74.795        2     0.00000
    -74.645        2     0.00000
    -74.495        2     0.00000
    -74.345        2     0.00000
    -74.195        2     0.00000
    -74.045        2     0.00000
    -73.895        2     0.00000
    -73.745        2     0.00000
    -73.595        2     0.00000
    -73.445        2     0.00000
    -73.295        2     0.00000
    -73.145        2     0.00000
    -72.995        2     0.00000
    -72.845        2     0.00000
    -72.695        2     0.00000
    -72.545        2     0.00000
    -72.395        2     0.00000
    -72.245        2     0.00000
    -72.095        2     0.00000
    -71.945        2     0.00000
    -71.795        2     0.00000
    -71.645        2     0.00000
    -71.495        2     0.00000
    -71.345        2     0.00000
    -71.195        2     0.00000
    -71.045        2     0.00000
    -70.895        2     0.00000
    -70.745        2     0.00000
    -70.595        2     0.00000
    -70.445        2     0.00000
    -70.295        2     0.00000
    -70.145        2     0.00000
    -69.995        2     0.00000
    -69.845        2     0.00000
    -69.695        2     0.00000
    -69.545        2     0.00000
    -69.395        2     0.00000
    -69.245        2     0.00000
    -69.095        2     0.00000
    -68.945        2     0.00000
    -68.795        2     0.00000
    -68.645        2     0.00000
    -68.495        2     0.00000
    -68.345        2     0.00000
    -68.195        2     0.00000
    -68.045        2     0.00000
    -67.895        2     0.00000
    -67.745        2     0.00000
    -67.595        2     0.00000
    -67.445        2     0.00000
    -67.295        2     0.00000
    -67.145        2     0.00000
    -66.995        2     0.00000
    -66.845        2     0.00000
    -66.695        2     0.00000
    -66.545        2     0.00000
    -66.395        2     0.00000
    -66.245        2     0.00000
    -66.095        2     0.00000
    -65.945        2     0.00000
    -65.795        2     0.00000
    -65.645        2     0.00000
    -65.495        2     0.00000
    -65.345        2     0.00000
    -65.195        2     0.00000
    -65.045        2     0.00000
    -64.895        2     0.00000
    -64.745        2     0.00000
    -64.595        2     0.00000
    -64.445        2     0.00000
    -64.295        2     0.00000
    -64.145        2     0.00000
    -63.995        2     0.00000
    -63.845        2     0.00000
    -63.695        2     0.00000
    -63.545        2     0.00000
    -63.395        2     0.00000
    -63.245        2     0.00000
    -63.095        2     0.00000
    -62.945        2     0.00000
    -62.795        2     0.00000
    -62.645        2     0.00000
    -62.495        2     0.00000
    -62.345        2     0.00000
    -62.195        2     0.00000
    -62.045        2     0.00000
    -61.895        2     0.00000
    -61.745        2     0.00000
    -61.595        2     0.00000
    -61.445        2     0.00000
    -61.295        2     0.00000
    -61.145        2     0.00000
    -60.995        2     0.00000
    -60.845        2     0.00000
    -60.695        2     0.00000
    -60.545        2     0.00000
    -60.395        2     0.00000
    -60.245        2     0.00000
    -60.095        2     0.00000
    -59.945        2     0.00000
    -59.795        2     0.00000
    -59.645        2     0.00000
    -59.495        2     0.00000
    -59.345        2     0.00000
    -59.195        2     0.00000
    -59.045        2     0.00000
    -58.895        2     0.00000
    -58.745        2     0.00000
    -58.595        2     0.00000
    -58.445        2     0.00000
    -58.295        2     0.00000
    -58.145        2     0.00000
    -57.995        2     0.00000
    -57.845        2     0.00000
    -57.695        2     0.00000
    -57.545        2     0.00000
    -57.395        2     0.00000
    -57.245        2     0.00000
    -57.095        2     0.00000
    -56.945        2     0.00000
    -56.795        2     0.00000
    -56.645        2     0.00000
    -56.495        2     0.00000
    -56.345        2     0.00000
    -56.195        2     0.00000
    -56.045        2     0.00000
    -55.895        2     0.00000
    -55.745        2     0.00000
    -55.595        2     0.00000
    -55.445        2     0.00000
    -55.295        2     0.00000
    -55.145        2     0.00000
    -54.995        2     0.00000
    -54.845        2     0.00000
    -54.695        2     0.00000
    -54.545        2     0.00000
    -54.395        2     0.00000
    -54.245        2     0.00000
    -54.095        2     0.00000
    -53.945        2     0.00000
    -53.795        2     0.00000
    -53.645        2     0.00000
    -53.495        2     0.00000
    -53.345        2     0.00000
    -53.195        2     0.00000
    -53.045        2     0.00000
    -52.895        2     0.00000
    -52.745        2     0.00000
    -52.595        2     0.00000
    -52.445        2     0.00000
    -52.295        2     0.00000
    -52.145        2     0.00000
    -51.995        2     0.00000
    -51.845        2     0.00000
    -51.695        2     0.00000
    -51.545        2     0.00000
    -51.395        2     0.00000
    -51.245        2     0.00000
    -51.095        2     0.00000
    -50.945        2     0.00000
    -50.795        2     0.00000
    -50.645        2     0.00000
    -50.495        2     0.00000
    -50.345        2     0.00000
    -50.195        2     0.00000
    -50.045        2     0.00000
    -49.895        2     0.00000
    -49.745        2     0.00000
    -49.595        2     0.00000
    -49.445        2     0.00000
    -49.295        2     0.00000
    -49.145        2     0.00000
    -48.995        2     0.00000
    -48.845        2     0.00000
    -48.695        2     0.00000
    -48.545        2     0.00000
    -48.395        2     0.00000
    -48.245        2     0.00000
    -48.095        2     0.00000
    -47.945        2     0.00000
    -47.795        2     0.00000
    -47.645        2     0.00000
    -47.495        2     0.00000
    -47.345        2     0.00000
    -47.195        2     0.00000
    -47.045        2     0.00000
    -46.895        2     0.00000
    -46.745        2     0.00000
    -46.595        2     0.00000
    -46.445        2     0.00000
    -46.295        2     0.00000
    -46.145        2     0.00000
    -45.995        2     0.00000
    -45.845        2     0.00000
    -45.695        2     0.00000
    -45.545        2     0.00000
    -45.395        2     0.00000
    -45.245        2     0.00000
    -45.095        2     0.00000
    -44.945        2     0.00000
    -44.795        2     0.00000
    -44.645        2     0.00000
    -44.495        2     0.00000
    -44.345        2     0.00000
    -44.195        2     0.00000
    -44.045        2     0.00000
    -43.895        2     0.00000
    -43.745        2     0.00000
    -43.595        2     0.00000
    -43.445        2     0.00000
    -43.295        2     0.00000
    -43.145        2     0.00000
    -42.995        2     0.00000
    -42.845        2     0.00000
    -42.695        2     0.00000
    -42.545        2     0.00000
    -42.395        2     0.00000
    -42.245        2     0.00000
    -42.095        2     0.00000
    -41.945        2     0.00000
    -41.795        2     0.00000
    -41.645        2     0.00000
    -41.495        2     0.00000
    -41.345        2     0.00000
    -41.195        2     0.00000
    -41.045        2     0.00000
    -40.895        2     0.00000
    -40.745        2     0.00000
    -40.595        2     0.00000
    -40.445        2     0.00000
    -40.295        2     0.00000
    -40.145        2     0.00000
    -39.995        2     0.00000
    -39.845        2     0.00000
    -39.695        2     0.00000
    -39.545        2     0.00000
    -39.395        2     0.00000
    -39.245        2     0.00000
    -39.095        2     0.00000
    -38.945        2     0.00000
    -38.795        2     0.00000
    -38.645        2     0.00000
    -38.495        2     0.00000
    -38.345        2     0.00000
    -38.195        2     0.00000
    -38.045        2     0.00000
    -37.895        2     0.00000
    -37.745        2     0.00000
    -37.595        2     0.00000
    -37.445        2     0.00000
    -37.295        2     0.00000
    -37.145        2     0.00000
    -36.995        2     0.00000
    -36.845        2     0.00000
    -36.695        2     0.00000
    -36.545        2     0.00000
    -36.395        2     0.00000
    -36.245        2     0.00000
    -36.095        2     0.00000
    -35.945        2     0.00000
    -35.795        2     0.00000
    -35.645        2     0.00000
    -35.495        2     0.00000
    -35.345        2     0.00000
    -35.195        2     0.00000
    -35.045        2     0.00000
    -34.895        2     0.00000
    -34.745        2     0.00000
    -34.595        2     0.00000
    -34.445        2     0.00000
    -34.295        2     0.00000
    -34.145        2     0.00000
    -33.995        2     0.00000
    -33.845        2     0.00000
    -33.695        2     0.00000
    -33.545        2     0.00000
    -33.395        2     0.00000
    -33.245        2     0.00000
    -33.095        2     0.00000
    -32.945        2     0.00000
    -32.795        2     0.00000
    -32.645        2     0.00000
    -32.495        2     0.00000
    -32.345        2     0.00000
    -32.195        2     0.00000
    -32.045        2     0.00000
    -31.895        2     0.00000
    -31.745        2     0.00000
    -31.595        2     0.00000
    -31.445        2     0.00000
    -31.295        2     0.00000
    -31.145        2     0.00000
    -30.995        2     0.00000
    -30.845        2     0.00000
    -30.695        2     0.00000
    -30.545        2     0.00000
    -30.395        2     0.00000
    -30.245        2     0.00000
    -30.095        2     0.00000
    -29.945        2     0.00000
    -29.795        2     0.00000
    -29.645        2     0.00000
    -29.495        2     0.00000
    -29.345        2     0.00000
    -29.195        2     0.00000
    -29.045        2     0.00000
    -28.895        2     0.00000
    -28.745        2     0.00000
    -28.595        2     0.00000
    -28.445        2     0.00000
    -28.295        2     0.00000
    -28.145        2     0.00000
    -27.995        2     0.00000
    -27.845        2     0.00000
    -27.695        2     0.00000
    -27.545        2     0.00000
    -27.395        2     0.00000
    -27.245        2     0.00000
    -27.095        2     0.00000
    -26.945        2     0.00000
    -26.795        2     0.00000
    -26.645        2     0.00000
    -26.495        2     0.00000
    -26.345        2     0.00000
    -26.195        2     0.00000
    -26.045        2     0.00000
    -25.895        2     0.00000
    -25.745        2     0.00000
    -25.595        2     0.00000
    -25.445        2     0.00000
    -25.295        2     0.00000
    -25.145        2     0.00000
    -24.995        2     0.00000
    -24.845        2     0.00000
    -24.695        2     0.00000
    -24.545        2     0.00000
    -24.395        2     0.00000
    -24.245        2     0.00000
    -24.095        2     0.00000
    -23.945        2     0.00000
    -23.795        2     0.00000
    -23.645        2     0.00000
    -23.495        2     0.00000
    -23.345        2     0.00000
    -23.195        2     0.00000
    -23.045        2     0.00000
    -22.895        2     0.00000
    -22.745        2     0.00000
    -22.595        2     0.00000
    -22.445        2     0.00000
    -22.295        2     0.00000
    -22.145        2     0.00000
    -21.995        2     0.00000
    -21.845        2     0.00000
    -21.695        2     0.00000
    -21.545        2     0.00000
    -21.395        2     0.00000
    -21.245        2     0.00000
    -21.095        2     0.00000
    -20.945        2     0.00000
    -20.795        2     0.00000
    -20.645        2     0.00000
    -20.495        2     0.00000
    -20.345        2     0.00000
    -20.195        2     0.00000
    -20.045        2     0.00000
    -19.895        2     0.00000
    -19.745        2     0.00000
    -19.595        2     0.00000
    -19.445        2     0.00000
    -19.295        2     0.00000
    -19.145        2     0.00000
    -18.995        2     0.00000
    -18.845        2     0.00000
    -18.695        2     0.00000
    -18.545        2     0.00000
    -18.395        2     0.00000
    -18.245        2     0.00000
    -18.095        2     0.00000
    -17.945        2     0.00000
    -17.795        2     0.00000
    -17.645        2     0.00000
    -17.495        2     0.00000
    -17.345        2     0.00000
    -17.195        2     0.00000
    -17.045        2     0.00000
    -16.895        2     0.00000
    -16.745        2     0.00000
    -16.595        2     0.00000
    -16.445        2     0.00000
    -16.295        2     0.00000
    -16.145        2     0.00000
    -15.995        2     0.00000
    -15.845        2     0.00000
    -15.695        2     0.00000
    -15.545        2     0.00000
    -15.395        2     0.00000
    -15.245        2     0.00000
    -15.095        2     0.00000
    -14.945        2     0.00000
    -14.795        2     0.00000
    -14.645        2     0.00000
    -14.495        2     0.00000
    -14.345        2     0.00000
    -14.195        2     0.00000
    -14.045        2     0.00000
    -13.895        2     0.00000
    -13.745        2    -0.00242
    -13.595        2    -0.01818
    -13.445        2    -0.06876
    -13.295        2    -0.16815
    -13.145        2    -0.32211
    -12.995        2    -0.53530
    -12.845        2    -0.80740
    -12.695        2    -1.14204
    -12.545        2    -1.54636
    -12.395        2    -1.98489
    -12.245        2    -2.45640
    -12.095        2    -2.96201
    -11.945        2    -3.47374
    -11.795        2    -3.99560
    -11.645        2    -4.53236
    -11.495        2    -5.10082
    -11.345        2    -5.66112
    -11.195        2    -6.23261
    -11.045        2    -6.79703
    -10.895        2    -7.36983
    -10.745        2    -7.93152
    -10.595        2    -8.50524
    -10.445        2    -9.08794
    -10.295        2    -9.68928
    -10.145        2   -10.28915
    -9.9950        2   -10.88964
    -9.8450        2   -11.50777
    -9.6950        2   -12.11663
    -9.5450        2   -12.72185
    -9.3950        2   -13.33959
    -9.2450        2   -13.96806
    -9.0950        2   -14.62852
    -8.9450        2   -15.29226
    -8.7950        2   -15.99191
    -8.6450        2   -16.73435
    -8.4950        2   -17.53194
    -8.3450        2   -18.37046
    -8.1950        2   -19.26848
    -8.0450        2   -20.24643
    -7.8950        2   -21.29621
    -7.7450        2   -22.42763
    -7.5950        2   -23.62848
    -7.4450        2   -24.89584
    -7.2950        2   -26.23554
    -7.1450        2   -27.64946
    -6.9950        2   -29.14368
    -6.8450        2   -30.67369
    -6.6950        2   -32.23776
    -6.5450        2   -33.85945
    -6.3950        2   -35.50479
    -6.2450        2   -37.16227
    -6.0950        2   -38.82962
    -5.9450        2   -40.51379
    -5.7950        2   -42.20664
    -5.6450        2   -43.90773
    -5.4950        2   -45.60143
    -5.3450        2   -47.31677
    -5.1950        2   -49.03038
    -5.0450        2   -50.73714
    -4.8950        2   -52.42092
    -4.7450        2   -54.07835
    -4.5950        2   -55.71742
    -4.4450        2   -57.33550
    -4.2950        2   -58.94897
    -4.1450        2   -60.56673
    -3.9950        2   -62.18621
    -3.8450        2   -63.84808
    -3.6950        2   -65.52628
    -3.5450        2   -67.27255
    -3.3950        2   -69.09344
    -3.2450        2   -71.00667
    -3.0950        2   -73.04500
    -2.9450        2   -75.22435
    -2.7950        2   -77.59517
    -2.6450        2   -80.18342
    -2.4950        2   -83.07211
    -2.3450        2   -86.30913
    -2.1950        2   -89.98740
    -2.0450        2   -94.20634
    -1.8950        2   -99.09453
    -1.7450        2  -104.73311
    -1.5950        2  -111.17038
    -1.4450        2  -118.40089
    -1.2950        2  -126.39435
    -1.1450        2  -135.09043
   -0.99500        2  -144.34468
   -0.84500        2  -154.07855
   -0.69500        2  -164.37768
   -0.54500        2  -175.63336
   -0.39500        2  -188.71633
   -0.25300        2  -198.86172
   -0.21500        2  -199.56022
   -0.20900        2  -200.27159
   -0.20300        2  -200.99305
   -0.19700        2  -201.72765
   -0.19100        2  -202.47366
   -0.18500        2  -203.23318
   -0.17900        2  -204.00840
   -0.17300        2  -204.79839
   -0.16700        2  -205.60441
   -0.16100        2  -206.42708
   -0.15500        2  -207.26785
   -0.14900        2  -208.12964
   -0.14300        2  -209.01299
   -0.13700        2  -209.91917
   -0.13100        2  -210.85020
   -0.12500        2  -211.80993
   -0.11900        2  -212.79860
   -0.11300        2  -213.82089
   -0.10700        2  -214.87943
   -0.10100        2  -215.97772
   -0.95000E-01    2  -217.12189
   -0.89000E-01    2  -218.31915
   -0.83000E-01    2  -219.57508
   -0.77000E-01    2  -220.90032
   -0.71000E-01    2  -222.30581
   -0.65000E-01    2  -223.80740
   -0.59000E-01    2  -225.42323
   -0.53000E-01    2  -227.17732
   -0.47000E-01    2  -229.10274
   -0.41000E-01    2  -231.24879
   -0.35000E-01    2  -233.68879
   -0.29000E-01    2  -236.54745
   -0.23000E-01    2  -240.06291
   -0.19700E-01    2  -240.46229
   -0.19100E-01    2  -240.87375
   -0.18500E-01    2  -241.29811
   -0.17900E-01    2  -241.73676
   -0.17300E-01    2  -242.19086
   -0.16700E-01    2  -242.66218
   -0.16100E-01    2  -243.15264
   -0.15500E-01    2  -243.66392
   -0.14900E-01    2  -244.19654
   -0.14300E-01    2  -244.75302
   -0.13700E-01    2  -245.33382
   -0.13100E-01    2  -245.94096
   -0.12500E-01    2  -246.57595
   -0.11900E-01    2  -247.24209
   -0.11300E-01    2  -247.93882
   -0.10700E-01    2  -248.66709
   -0.10100E-01    2  -249.42745
   -0.95000E-02    2  -250.21933
   -0.89000E-02    2  -251.04166
   -0.83000E-02    2  -251.89398
   -0.77000E-02    2  -252.77454
   -0.71000E-02    2  -253.68087
   -0.65000E-02    2  -254.61002
   -0.59000E-02    2  -255.55887
   -0.53000E-02    2  -256.52333
   -0.47000E-02    2  -257.50279
   -0.41000E-02    2  -258.48260
   -0.35000E-02    2  -259.41862
   -0.29000E-02    2  -260.27060
   -0.23000E-02    2  -261.00241
   -0.17000E-02    2  -261.58486
   -0.11000E-02    2  -261.99069
   -0.50000E-03    2  -262.19657
    0.10000E-03    2  -262.18922
    0.70000E-03    2  -261.96669
    0.13000E-02    2  -261.53631
    0.19000E-02    2  -260.91718
    0.25000E-02    2  -260.14449
    0.31000E-02    2  -259.26056
    0.37000E-02    2  -258.30596
    0.43000E-02    2  -257.32218
    0.49000E-02    2  -256.34930
    0.55000E-02    2  -255.39103
    0.61000E-02    2  -254.45006
    0.67000E-02    2  -253.53018
    0.73000E-02    2  -252.63413
    0.79000E-02    2  -251.76535
    0.85000E-02    2  -250.92521
    0.91000E-02    2  -250.11591
    0.97000E-02    2  -249.33762
    0.10300E-01    2  -248.59102
    0.10900E-01    2  -247.87680
    0.11500E-01    2  -247.19391
    0.12100E-01    2  -246.54177
    0.12700E-01    2  -245.91940
    0.13300E-01    2  -245.32448
    0.13900E-01    2  -244.75528
    0.14500E-01    2  -244.20996
    0.15100E-01    2  -243.68773
    0.15700E-01    2  -243.18678
    0.16300E-01    2  -242.70582
    0.16900E-01    2  -242.24320
    0.17500E-01    2  -241.79686
    0.18100E-01    2  -241.36617
    0.18700E-01    2  -240.94852
    0.19300E-01    2  -240.54408
    0.20200E-01    2  -239.07821
    0.25000E-01    2  -235.84950
    0.31000E-01    2  -233.18148
    0.37000E-01    2  -230.88951
    0.43000E-01    2  -228.87062
    0.49000E-01    2  -227.06121
    0.55000E-01    2  -225.41835
    0.61000E-01    2  -223.91378
    0.67000E-01    2  -222.52747
    0.73000E-01    2  -221.24147
    0.79000E-01    2  -220.04273
    0.85000E-01    2  -218.92087
    0.91000E-01    2  -217.86405
    0.97000E-01    2  -216.86678
    0.10300        2  -215.92240
    0.10900        2  -215.02548
    0.11500        2  -214.16989
    0.12100        2  -213.35319
    0.12700        2  -212.57236
    0.13300        2  -211.82353
    0.13900        2  -211.10353
    0.14500        2  -210.41021
    0.15100        2  -209.74341
    0.15700        2  -209.09757
    0.16300        2  -208.47499
    0.16900        2  -207.87124
    0.17500        2  -207.28636
    0.18100        2  -206.72058
    0.18700        2  -206.17059
    0.19300        2  -205.63899
    0.19900        2  -205.12215
    0.20500        2  -204.61904
    0.21100        2  -204.12898
    0.21700        2  -203.65307
    0.29500        2  -194.38155
    0.44500        2  -188.74779
    0.59500        2  -184.75854
    0.74500        2  -181.64445
    0.89500        2  -179.05822
     1.0450        2  -176.81193
     1.1950        2  -174.80905
     1.3450        2  -173.00386
     1.4950        2  -171.37059
     1.6450        2  -169.87818
     1.7950        2  -168.51471
     1.9450        2  -167.26180
     2.0950        2  -166.11440
     2.2450        2  -165.04830
     2.3950        2  -164.07742
     2.5450        2  -163.18851
     2.6950        2  -162.38296
     2.8450        2  -161.64722
     2.9950        2  -160.97746
     3.1450        2  -160.36490
     3.2950        2  -159.80298
     3.4450        2  -159.28371
     3.5950        2  -158.80148
     3.7450        2  -158.34688
     3.8950        2  -157.91574
     4.0450        2  -157.50052
     4.1950        2  -157.10969
     4.3450        2  -156.74085
     4.4950        2  -156.38917
     4.6450        2  -156.04871
     4.7950        2  -155.71482
     4.9450        2  -155.39500
     5.0950        2  -155.08676
     5.2450        2  -154.79502
     5.3950        2  -154.50623
     5.5450        2  -154.21931
     5.6950        2  -153.94453
     5.8450        2  -153.67549
     5.9950        2  -153.41675
     6.1450        2  -153.16305
     6.2950        2  -152.91880
     6.4450        2  -152.67922
     6.5950        2  -152.44266
     6.7450        2  -152.20947
     6.8950        2  -151.97760
     7.0450        2  -151.75568
     7.1950        2  -151.53821
     7.3450        2  -151.32966
     7.4950        2  -151.12474
     7.6450        2  -150.92066
     7.7950        2  -150.72105
     7.9450        2  -150.52901
     8.0950        2  -150.33904
     8.2450        2  -150.14925
     8.3950        2  -149.97143
     8.5450        2  -149.78703
     8.6950        2  -149.60669
     8.8450        2  -149.42720
     8.9950        2  -149.25093
     9.1450        2  -149.08545
     9.2950        2  -148.91396
     9.4450        2  -148.74739
     9.5950        2  -148.58272
     9.7450        2  -148.42818
     9.8950        2  -148.27494
     10.045        2  -148.12301
     10.195        2  -147.96599
     10.345        2  -147.81149
     10.495        2  -147.66172
     10.645        2  -147.51513
     10.795        2  -147.37515
     10.945        2  -147.23314
     11.095        2  -147.09162
     11.245        2  -146.95142
     11.395        2  -146.81523
     11.545        2  -146.68009
     11.695        2  -146.54661
     11.845        2  -146.41437
     11.995        2  -146.28738
     12.145        2  -146.15902
     12.295        2  -146.03501
     12.445        2  -145.90457
     12.595        2  -145.78146
     12.745        2  -145.65853
     12.895        2  -145.53276
     13.045        2  -145.41283
     13.195        2  -145.29273
     13.345        2  -145.17085
     13.495        2  -145.05472
     13.645        2  -144.93757
     13.795        2  -144.82677
     13.945        2  -144.71665
     14.095        2  -144.60468
     14.245        2  -144.49442
     14.395        2  -144.38102
     14.545        2  -144.27421
     14.695        2  -144.16959
     14.845        2  -144.06603
     14.995        2  -143.96519
     15.145        2  -143.86115
     15.295        2  -143.76241
     15.445        2  -143.65913
     15.595        2  -143.55656
     15.745        2  -143.45654
     15.895        2  -143.35687
     16.045        2  -143.25310
     16.195        2  -143.15202
     16.345        2  -143.05824
     16.495        2  -142.96494
     16.645        2  -142.87526
     16.795        2  -142.77976
     16.945        2  -142.68549
     17.095        2  -142.59432
     17.245        2  -142.50414
     17.395        2  -142.41419
     17.545        2  -142.32662
     17.695        2  -142.23844
     17.845        2  -142.15255
     17.995        2  -142.06675
     18.145        2  -141.97866
     18.295        2  -141.89137
     18.445        2  -141.80703
     18.595        2  -141.72308
     18.745        2  -141.64073
     18.895        2  -141.55702
     19.045        2  -141.47319
     19.195        2  -141.39202
     19.345        2  -141.30934
     19.495        2  -141.22933
     19.645        2  -141.14907
     19.795        2  -141.07135
     19.945        2  -140.99101
     20.095        2  -140.91530
     21.836        2  -138.52258
     30.068        2  -134.99399
     42.097        2  -131.48647
     58.937        2  -128.00153
     82.515        2  -124.55630
     115.53        2  -121.17176
     161.74        2  -117.83871
     226.45        2  -114.56890
     317.04        2  -111.36503
     443.87        2  -108.22033
     621.44        2  -105.12795
     870.05        2  -102.10990
     1218.1        2   -99.14756
     1705.4        2   -96.25635
     2387.7        2   -93.41211
     3342.9        2   -90.62613
     4680.2        2   -87.92417
     6552.5        2   -85.28513
     9173.8        2   -82.71170
     12844.        2   -80.20717
     17982.        2   -77.77400
     25176.        2   -75.42799
     35247.        2   -73.16481
     49348.        2   -70.98939
     69090.        2   -68.89878
     96729.        2   -66.91231
    0.13543E+06    2   -65.01716
    0.18960E+06    2   -63.20676
    0.26545E+06    2   -61.47708
    0.37165E+06    2   -59.83178
    0.52033E+06    2   -58.26643
    0.72849E+06    2   -56.77761
    0.10199E+07    2   -55.35565
    0.14279E+07    2   -54.00724
    0.19992E+07    2   -52.72699
    0.27990E+07    2   -51.50973
    0.39187E+07    2   -50.35128
    0.54864E+07    2   -49.24866
    0.76812E+07    2   -48.20478
    0.10754E+08    2   -47.20910
    0.15056E+08    2   -46.26441
    0.21080E+08    2   -45.36575
    0.29513E+08    2   -44.51205
    0.41319E+08    2   -43.70706
    0.57849E+08    2   -42.95540
    0.80991E+08    2   -42.26187
    0.11339E+09    2   -41.61342
    0.15875E+09    2   -41.01590
    0.22226E+09    2   -40.45550
    0.31118E+09    2   -39.93186
    0.43567E+09    2   -39.44109
    0.60996E+09    2   -38.99146
    0.85398E+09    2   -38.58716
    0.11956E+10    2   -38.21429
    0.16739E+10    2   -37.87117
    0.23436E+10    2   -37.55970
    0.32811E+10    2   -37.27386
    0.45937E+10    2   -37.01090
    0.64315E+10    2   -36.76741
    0.90044E+10    2   -36.54395
    0.12607E+11    2   -36.33851
    0.17650E+11    2   -36.14890
    0.24711E+11    2   -35.97491
    0.34596E+11    2   -35.81501
    0.48437E+11    2   -35.66662
    0.67814E+11    2   -35.53180
    0.10000E+12    2   -33.99224
