    -29.945         0.00000
    -29.795         0.00000
    -29.645         0.00000
    -29.495         0.00000
    -29.345         0.00000
    -29.195         0.00000
    -29.045         0.00000
    -28.895         0.00000
    -28.745         0.00000
    -28.595         0.00000
    -28.445         0.00000
    -28.295         0.00000
    -28.145         0.00000
    -27.995         0.00000
    -27.845         0.00000
    -27.695         0.00000
    -27.545         0.00000
    -27.395         0.00000
    -27.245         0.00000
    -27.095         0.00000
    -26.945         0.00000
    -26.795         0.00000
    -26.645         0.00000
    -26.495         0.00000
    -26.345         0.00000
    -26.195         0.00000
    -26.045         0.00000
    -25.895         0.00000
    -25.745         0.00000
    -25.595         0.00000
    -25.445         0.00000
    -25.295         0.00000
    -25.145         0.00000
    -24.995         0.00000
    -24.845         0.00000
    -24.695         0.00000
    -24.545         0.00000
    -24.395         0.00000
    -24.245         0.00000
    -24.095         0.00000
    -23.945         0.00000
    -23.795         0.00000
    -23.645         0.00000
    -23.495         0.00000
    -23.345         0.00000
    -23.195         0.00000
    -23.045         0.00000
    -22.895         0.00000
    -22.745         0.00000
    -22.595         0.00000
    -22.445         0.00000
    -22.295         0.00000
    -22.145         0.00000
    -21.995         0.00000
    -21.845         0.00000
    -21.695         0.00000
    -21.545         0.00000
    -21.395         0.00000
    -21.245         0.00000
    -21.095         0.00000
    -20.945         0.00000
    -20.795         0.00000
    -20.645         0.00000
    -20.495         0.00000
    -20.345         0.00000
    -20.195         0.00000
    -20.045         0.00000
    -19.895         0.00000
    -19.745         0.00000
    -19.595         0.00000
    -19.445         0.00000
    -19.295         0.00000
    -19.145         0.00000
    -18.995         0.00000
    -18.845         0.00000
    -18.695         0.00000
    -18.545         0.00000
    -18.395         0.00000
    -18.245         0.00000
    -18.095         0.00000
    -17.945         0.00000
    -17.795         0.00000
    -17.645         0.00000
    -17.495         0.00000
    -17.345         0.00000
    -17.195         0.00000
    -17.045         0.00000
    -16.895         0.00000
    -16.745         0.00000
    -16.595         0.00000
    -16.445         0.00000
    -16.295         0.00000
    -16.145         0.00000
    -15.995         0.00000
    -15.845         0.00000
    -15.695         0.00000
    -15.545         0.00000
    -15.395         0.00000
    -15.245        -0.00114
    -15.095        -0.01203
    -14.945        -0.05645
    -14.795        -0.15289
    -14.645        -0.32663
    -14.495        -0.59432
    -14.345        -1.00578
    -14.195        -1.56793
    -14.045        -2.24896
    -13.895        -3.04532
    -13.745        -3.92916
    -13.595        -4.90288
    -13.445        -5.94461
    -13.295        -7.02396
    -13.145        -8.16302
    -12.995        -9.31470
    -12.845       -10.50786
    -12.695       -11.69826
    -12.545       -12.88410
    -12.395       -14.07059
    -12.245       -15.25622
    -12.095       -16.45486
    -11.945       -17.65194
    -11.795       -18.83888
    -11.645       -20.03146
    -11.495       -21.25007
    -11.345       -22.42759
    -11.195       -23.61894
    -11.045       -24.83488
    -10.895       -26.03888
    -10.745       -27.25889
    -10.595       -28.51443
    -10.445       -29.78362
    -10.295       -31.08997
    -10.145       -32.42345
    -9.9950       -33.78128
    -9.8450       -35.17412
    -9.6950       -36.58792
    -9.5450       -38.02543
    -9.3950       -39.53481
    -9.2450       -41.08715
    -9.0950       -42.65730
    -8.9450       -44.26585
    -8.7950       -45.90269
    -8.6450       -47.60787
    -8.4950       -49.32921
    -8.3450       -51.05955
    -8.1950       -52.81397
    -8.0450       -54.59037
    -7.8950       -56.37650
    -7.7450       -58.21524
    -7.5950       -60.10586
    -7.4450       -62.04466
    -7.2950       -64.04348
    -7.1450       -66.13027
    -6.9950       -68.27443
    -6.8450       -70.47352
    -6.6950       -72.75097
    -6.5450       -75.10588
    -6.3950       -77.53465
    -6.2450       -80.02991
    -6.0950       -82.55313
    -5.9450       -85.13828
    -5.7950       -87.74810
    -5.6450       -90.35768
    -5.4950       -92.99914
    -5.3450       -95.64295
    -5.1950       -98.32928
    -5.0450      -101.01253
    -4.8950      -103.73733
    -4.7450      -106.51585
    -4.5950      -109.35836
    -4.4450      -112.28456
    -4.2950      -115.29346
    -4.1450      -118.42775
    -3.9950      -121.68981
    -3.8450      -125.06917
    -3.6950      -128.57788
    -3.5450      -132.22892
    -3.3950      -136.01507
    -3.2450      -139.93552
    -3.0950      -143.98961
    -2.9450      -148.21382
    -2.7950      -152.64631
    -2.6450      -157.35372
    -2.4950      -162.34203
    -2.3450      -167.73700
    -2.1950      -173.66622
    -2.0450      -180.27171
    -1.8950      -187.72602
    -1.7450      -196.21330
    -1.5950      -205.78655
    -1.4450      -216.46034
    -1.2950      -228.11109
    -1.1450      -240.64773
   -0.99500      -253.85580
   -0.84500      -267.61411
   -0.69500      -281.96818
   -0.54500      -297.33247
   -0.39500      -314.91424
   -0.25300      -328.49909
   -0.21500      -329.43351
   -0.20900      -330.38269
   -0.20300      -331.34856
   -0.19700      -332.33079
   -0.19100      -333.32820
   -0.18500      -334.34436
   -0.17900      -335.37924
   -0.17300      -336.43547
   -0.16700      -337.51301
   -0.16100      -338.61324
   -0.15500      -339.74066
   -0.14900      -340.89437
   -0.14300      -342.07472
   -0.13700      -343.28617
   -0.13100      -344.53271
   -0.12500      -345.81974
   -0.11900      -347.14404
   -0.11300      -348.51587
   -0.10700      -349.93956
   -0.10100      -351.42164
   -0.95000E-01  -352.96787
   -0.89000E-01  -354.58912
   -0.83000E-01  -356.29513
   -0.77000E-01  -358.09925
   -0.71000E-01  -360.02077
   -0.65000E-01  -362.08286
   -0.59000E-01  -364.31780
   -0.53000E-01  -366.76913
   -0.47000E-01  -369.50274
   -0.41000E-01  -372.62994
   -0.35000E-01  -376.31489
   -0.29000E-01  -380.81542
   -0.23000E-01  -386.49401
   -0.19700E-01  -387.13793
   -0.19100E-01  -387.79907
   -0.18500E-01  -388.47821
   -0.17900E-01  -389.17547
   -0.17300E-01  -389.89111
   -0.16700E-01  -390.62550
   -0.16100E-01  -391.37868
   -0.15500E-01  -392.15220
   -0.14900E-01  -392.94649
   -0.14300E-01  -393.76053
   -0.13700E-01  -394.59524
   -0.13100E-01  -395.44954
   -0.12500E-01  -396.32229
   -0.11900E-01  -397.21333
   -0.11300E-01  -398.12118
   -0.10700E-01  -399.04475
   -0.10100E-01  -399.98306
   -0.95000E-02  -400.93499
   -0.89000E-02  -401.89859
   -0.83000E-02  -402.87069
   -0.77000E-02  -403.84790
   -0.71000E-02  -404.82501
   -0.65000E-02  -405.79298
   -0.59000E-02  -406.74170
   -0.53000E-02  -407.65751
   -0.47000E-02  -408.52092
   -0.41000E-02  -409.31470
   -0.35000E-02  -410.02322
   -0.29000E-02  -410.63307
   -0.23000E-02  -411.13213
   -0.17000E-02  -411.51060
   -0.11000E-02  -411.76044
   -0.50000E-03  -411.87543
    0.10000E-03  -411.85246
    0.70000E-03  -411.69228
    0.13000E-02  -411.39932
    0.19000E-02  -410.98067
    0.25000E-02  -410.44465
    0.31000E-02  -409.80156
    0.37000E-02  -409.06418
    0.43000E-02  -408.24717
    0.49000E-02  -407.36646
    0.55000E-02  -406.44050
    0.61000E-02  -405.48692
    0.67000E-02  -404.51770
    0.73000E-02  -403.54240
    0.79000E-02  -402.56893
    0.85000E-02  -401.60242
    0.91000E-02  -400.64573
    0.97000E-02  -399.70154
    0.10300E-01  -398.77120
    0.10900E-01  -397.85575
    0.11500E-01  -396.95661
    0.12100E-01  -396.07466
    0.12700E-01  -395.21060
    0.13300E-01  -394.36596
    0.13900E-01  -393.54138
    0.14500E-01  -392.73674
    0.15100E-01  -391.95286
    0.15700E-01  -391.18972
    0.16300E-01  -390.44622
    0.16900E-01  -389.72137
    0.17500E-01  -389.01541
    0.18100E-01  -388.32822
    0.18700E-01  -387.65868
    0.19300E-01  -387.00648
    0.20200E-01  -384.63267
    0.25000E-01  -379.44034
    0.31000E-01  -375.30818
    0.37000E-01  -371.91293
    0.43000E-01  -369.02785
    0.49000E-01  -366.50935
    0.55000E-01  -364.26446
    0.61000E-01  -362.23439
    0.67000E-01  -360.37795
    0.73000E-01  -358.66275
    0.79000E-01  -357.06967
    0.85000E-01  -355.57605
    0.91000E-01  -354.17407
    0.97000E-01  -352.85126
    0.10300      -351.59912
    0.10900      -350.40874
    0.11500      -349.27538
    0.12100      -348.19149
    0.12700      -347.15349
    0.13300      -346.15789
    0.13900      -345.19989
    0.14500      -344.27818
    0.15100      -343.38894
    0.15700      -342.52983
    0.16300      -341.69873
    0.16900      -340.89462
    0.17500      -340.11548
    0.18100      -339.36014
    0.18700      -338.62698
    0.19300      -337.91489
    0.19900      -337.22377
    0.20500      -336.54975
    0.21100      -335.89562
    0.21700      -335.25861
    0.29500      -322.80827
    0.44500      -315.12736
    0.59500      -309.52720
    0.74500      -305.03675
    0.89500      -301.23082
     1.0450      -297.89587
     1.1950      -294.94329
     1.3450      -292.28166
     1.4950      -289.87327
     1.6450      -287.69127
     1.7950      -285.69569
     1.9450      -283.87991
     2.0950      -282.20530
     2.2450      -280.66339
     2.3950      -279.25542
     2.5450      -277.95079
     2.6950      -276.74209
     2.8450      -275.64153
     2.9950      -274.61750
     3.1450      -273.67450
     3.2950      -272.79268
     3.4450      -271.98255
     3.5950      -271.23279
     3.7450      -270.51588
     3.8950      -269.84898
     4.0450      -269.22104
     4.1950      -268.63573
     4.3450      -268.07650
     4.4950      -267.53849
     4.6450      -267.02471
     4.7950      -266.53363
     4.9450      -266.06085
     5.0950      -265.60354
     5.2450      -265.16338
     5.3950      -264.73568
     5.5450      -264.31816
     5.6950      -263.91052
     5.8450      -263.51658
     5.9950      -263.13688
     6.1450      -262.76356
     6.2950      -262.39980
     6.4450      -262.04570
     6.5950      -261.69790
     6.7450      -261.36369
     6.8950      -261.03679
     7.0450      -260.71460
     7.1950      -260.39537
     7.3450      -260.08472
     7.4950      -259.78373
     7.6450      -259.48498
     7.7950      -259.18955
     7.9450      -258.90713
     8.0950      -258.62907
     8.2450      -258.35294
     8.3950      -258.08014
     8.5450      -257.81667
     8.6950      -257.55630
     8.8450      -257.30031
     8.9950      -257.04961
     9.1450      -256.79882
     9.2950      -256.55271
     9.4450      -256.31101
     9.5950      -256.07285
     9.7450      -255.83778
     9.8950      -255.60735
     10.045      -255.37895
     10.195      -255.15603
     10.345      -254.93633
     10.495      -254.71978
     10.645      -254.50554
     10.795      -254.29337
     10.945      -254.08443
     11.095      -253.87805
     11.245      -253.67411
     11.395      -253.47249
     11.545      -253.27503
     11.695      -253.07843
     11.845      -252.88684
     11.995      -252.69700
     12.145      -252.50685
     12.295      -252.32093
     12.445      -252.13820
     12.595      -251.95737
     12.745      -251.77830
     12.895      -251.59799
     13.045      -251.42417
     13.195      -251.24919
     13.345      -251.07788
     13.495      -250.90805
     13.645      -250.73907
     13.795      -250.57210
     13.945      -250.40910
     14.095      -250.24555
     14.245      -250.08415
     14.395      -249.92414
     14.545      -249.76589
     14.695      -249.60807
     14.845      -249.45279
     14.995      -249.30147
     15.145      -249.14808
     15.295      -248.99671
     15.445      -248.84767
     15.595      -248.69990
     15.745      -248.55603
     15.895      -248.41229
     16.045      -248.27135
     16.195      -248.12837
     16.345      -247.98891
     16.495      -247.84825
     16.645      -247.71041
     16.795      -247.57362
     16.945      -247.43878
     17.095      -247.30424
     17.245      -247.17221
     17.395      -247.03946
     17.545      -246.90833
     17.695      -246.77870
     17.845      -246.65167
     17.995      -246.52312
     18.145      -246.39674
     18.295      -246.27142
     18.445      -246.14681
     18.595      -246.02251
     18.745      -245.89876
     18.895      -245.77741
     19.045      -245.65733
     19.195      -245.53761
     19.345      -245.41944
     19.495      -245.30230
     19.645      -245.18442
     19.795      -245.06850
     19.945      -244.95262
     20.095      -244.83919
     20.245      -244.72464
     20.395      -244.61319
     20.545      -244.50045
     20.695      -244.38896
     20.845      -244.27891
     20.995      -244.16935
     21.145      -244.06155
     21.295      -243.95413
     21.445      -243.84740
     21.595      -243.74112
     21.745      -243.63533
     21.895      -243.52826
     22.045      -243.42416
     22.195      -243.32064
     22.345      -243.21681
     22.495      -243.11466
     22.645      -243.01235
     22.795      -242.91170
     22.945      -242.81077
     23.095      -242.71153
     23.245      -242.61172
     23.395      -242.51355
     23.545      -242.41605
     23.695      -242.31739
     23.845      -242.22102
     23.995      -242.12393
     24.145      -242.02900
     24.295      -241.93437
     24.445      -241.84065
     24.595      -241.74672
     24.745      -241.65409
     24.895      -241.56156
     25.045      -241.46983
     25.195      -241.37825
     25.345      -241.28719
     25.495      -241.19678
     25.645      -241.10805
     25.795      -241.01948
     25.945      -240.92936
     26.095      -240.84130
     26.245      -240.75295
     26.395      -240.66576
     26.545      -240.57833
     26.695      -240.49283
     26.845      -240.40649
     26.995      -240.32140
     27.145      -240.23760
     27.295      -240.15284
     27.445      -240.06853
     27.595      -239.98321
     27.745      -239.89907
     27.895      -239.81538
     28.045      -239.73338
     28.195      -239.65223
     28.345      -239.57184
     28.495      -239.49057
     28.645      -239.41002
     28.795      -239.32847
     28.945      -239.24971
     29.095      -239.17032
     29.245      -239.09159
     29.395      -239.01235
     29.545      -238.93516
     29.695      -238.85807
     29.845      -238.77967
     29.995      -238.70188
     30.145      -238.62582
     30.295      -238.54895
     30.445      -238.47295
     30.595      -238.39801
     30.745      -238.32339
     30.895      -238.24914
     31.045      -238.17519
     31.195      -238.10149
     31.345      -238.02827
     31.495      -237.95533
     31.645      -237.88204
     31.795      -237.81023
     31.945      -237.73779
     32.095      -237.66620
     32.245      -237.59507
     32.395      -237.52457
     32.545      -237.45327
     32.695      -237.38329
     32.845      -237.31333
     32.995      -237.24281
     33.145      -237.17471
     33.295      -237.10515
     33.445      -237.03643
     33.595      -236.96745
     33.745      -236.89931
     33.895      -236.83215
     34.045      -236.76480
     34.195      -236.69830
     34.345      -236.63150
     34.495      -236.56429
     34.645      -236.49728
     34.795      -236.43134
     34.945      -236.36492
     35.095      -236.30088
     35.245      -236.23517
     35.395      -236.17031
     35.545      -236.10459
     35.695      -236.04016
     35.845      -235.97628
     35.995      -235.91214
     36.145      -235.84884
     36.295      -235.78465
     36.445      -235.72226
     36.595      -235.65957
     36.745      -235.59683
     36.895      -235.53545
     37.045      -235.47362
     37.195      -235.41150
     37.345      -235.35007
     37.495      -235.28817
     37.645      -235.22865
     37.795      -235.16748
     37.945      -235.10831
     38.095      -235.04773
     38.245      -234.98674
     38.395      -234.92714
     38.545      -234.86825
     38.695      -234.80884
     38.845      -234.74833
     38.995      -234.69098
     39.145      -234.63185
     39.295      -234.57324
     39.445      -234.51506
     39.595      -234.45673
     39.745      -234.39924
     39.895      -234.34149
     40.045      -234.28368
     40.195      -234.22626
     40.345      -234.16898
     40.495      -234.11284
     40.645      -234.05734
     40.795      -234.00116
     40.945      -233.94557
     41.095      -233.88951
     41.245      -233.83341
     41.395      -233.77747
     41.545      -233.72327
     41.695      -233.66783
     41.845      -233.61387
     41.995      -233.55976
     42.145      -233.50526
     42.295      -233.45094
     42.445      -233.39723
     42.595      -233.34300
     42.745      -233.28922
     42.895      -233.23652
     43.045      -233.18325
     43.195      -233.13132
     43.345      -233.07900
     43.495      -233.02723
     43.645      -232.97504
     43.795      -232.92224
     43.945      -232.87077
     44.095      -232.81936
     44.245      -232.76765
     44.395      -232.71631
     44.545      -232.66550
     44.695      -232.61418
     44.845      -232.56235
     44.995      -232.51075
     45.145      -232.46055
     45.295      -232.40954
     45.445      -232.35926
     45.595      -232.30944
     45.745      -232.25962
     45.895      -232.20933
     46.045      -232.15941
     46.195      -232.11046
     46.345      -232.06059
     46.495      -232.01186
     46.645      -231.96331
     46.795      -231.91483
     46.945      -231.86573
     47.095      -231.81783
     47.245      -231.76963
     47.395      -231.72118
     47.545      -231.67319
     47.695      -231.62628
     47.845      -231.57849
     47.995      -231.53111
     48.145      -231.48414
     48.295      -231.43695
     48.445      -231.39056
     48.595      -231.34369
     48.745      -231.29681
     48.895      -231.24957
     49.045      -231.20383
     49.195      -231.15742
     49.345      -231.11068
     49.495      -231.06485
     49.645      -231.01903
     49.795      -230.97322
     49.945      -230.92764
     50.095      -230.88236
     50.245      -230.83715
     50.395      -230.79243
     50.545      -230.74728
     50.695      -230.70251
     50.845      -230.65770
     50.995      -230.61322
     51.145      -230.56848
     51.295      -230.52366
     51.445      -230.47975
     51.595      -230.43522
     51.745      -230.39157
     51.895      -230.34697
     52.045      -230.30412
     52.195      -230.26001
     52.345      -230.21695
     52.495      -230.17327
     52.645      -230.13052
     52.795      -230.08744
     52.945      -230.04415
     53.095      -230.00094
     53.245      -229.95816
     53.395      -229.91544
     53.545      -229.87264
     53.695      -229.82998
     53.845      -229.78786
     53.995      -229.74601
     54.145      -229.70401
     54.295      -229.66202
     54.445      -229.62042
     54.595      -229.57901
     54.745      -229.53834
     54.895      -229.49729
     55.045      -229.45612
     55.195      -229.41549
     55.345      -229.37429
     55.495      -229.33335
     55.645      -229.29234
     55.795      -229.25221
     55.945      -229.21049
     56.095      -229.16914
     56.245      -229.12821
     56.395      -229.08785
     56.545      -229.04796
     56.695      -229.00774
     56.845      -228.96805
     56.995      -228.92794
     57.145      -228.88852
     57.295      -228.84926
     57.445      -228.81028
     57.595      -228.77079
     57.745      -228.73108
     57.895      -228.69170
     58.045      -228.65350
     58.195      -228.61522
     58.345      -228.57651
     58.495      -228.53846
     58.645      -228.49954
     58.795      -228.46187
     58.945      -228.42413
     59.095      -228.38660
     59.245      -228.34675
     59.395      -228.30881
     59.545      -228.27159
     59.695      -228.23390
     59.845      -228.19578
     59.995      -228.15773
     60.145      -228.12004
     70.939      -223.31806
     97.698      -218.57627
     134.55      -213.89654
     185.30      -209.31091
     255.20      -204.79375
     351.46      -200.37023
     484.04      -196.04458
     666.62      -191.81372
     918.07      -187.67994
     1264.4      -183.62536
     1741.3      -179.67392
     2398.1      -175.81802
     3302.7      -172.05400
     4548.5      -168.37935
     6264.3      -164.79954
     8627.2      -161.30632
     11881.      -157.90381
     16363.      -154.59103
     22535.      -151.38779
     31036.      -148.28180
     42743.      -145.28852
     58866.      -142.41215
     81070.      -139.65624
    0.11165E+06  -137.01727
    0.15377E+06  -134.49603
    0.21177E+06  -132.08586
    0.29165E+06  -129.78039
    0.40166E+06  -127.58141
    0.55317E+06  -125.48141
    0.76182E+06  -123.47723
    0.10492E+07  -121.56631
    0.14449E+07  -119.74801
    0.19900E+07  -118.01260
    0.27406E+07  -116.35791
    0.37744E+07  -114.77862
    0.51981E+07  -113.27510
    0.71589E+07  -111.84230
    0.98593E+07  -110.48054
    0.13578E+08  -109.17763
    0.18700E+08  -107.93767
    0.25754E+08  -106.75826
    0.35468E+08  -105.63741
    0.48847E+08  -104.58308
    0.67273E+08  -103.60246
    0.92648E+08  -102.68993
    0.12760E+09  -101.83997
    0.17573E+09  -101.04290
    0.24201E+09  -100.29608
    0.33330E+09   -99.59785
    0.45902E+09   -98.94297
    0.63217E+09   -98.34369
    0.87062E+09   -97.79886
    0.11990E+10   -97.29664
    0.16513E+10   -96.83500
    0.22742E+10   -96.40800
    0.31320E+10   -96.01459
    0.43134E+10   -95.65066
    0.59405E+10   -95.31572
    0.81813E+10   -95.00665
    0.11267E+11   -94.72111
    0.15517E+11   -94.45657
    0.21371E+11   -94.21280
    0.29432E+11   -93.98863
    0.40534E+11   -93.78004
    0.55823E+11   -93.58847
    0.10000E+12   -91.28401
