    -29.945        1     0.00000
    -29.795        1     0.00000
    -29.645        1     0.00000
    -29.495        1     0.00000
    -29.345        1     0.00000
    -29.195        1     0.00000
    -29.045        1     0.00000
    -28.895        1     0.00000
    -28.745        1     0.00000
    -28.595        1     0.00000
    -28.445        1     0.00000
    -28.295        1     0.00000
    -28.145        1     0.00000
    -27.995        1     0.00000
    -27.845        1     0.00000
    -27.695        1     0.00000
    -27.545        1     0.00000
    -27.395        1     0.00000
    -27.245        1     0.00000
    -27.095        1     0.00000
    -26.945        1     0.00000
    -26.795        1     0.00000
    -26.645        1     0.00000
    -26.495        1     0.00000
    -26.345        1     0.00000
    -26.195        1     0.00000
    -26.045        1    -0.00018
    -25.895        1    -0.00092
    -25.745        1    -0.00145
    -25.595        1    -0.00398
    -25.445        1    -0.00847
    -25.295        1    -0.01633
    -25.145        1    -0.02897
    -24.995        1    -0.05183
    -24.845        1    -0.08487
    -24.695        1    -0.12688
    -24.545        1    -0.18607
    -24.395        1    -0.26561
    -24.245        1    -0.36168
    -24.095        1    -0.47404
    -23.945        1    -0.59119
    -23.795        1    -0.72361
    -23.645        1    -0.87320
    -23.495        1    -1.03408
    -23.345        1    -1.19045
    -23.195        1    -1.35929
    -23.045        1    -1.52368
    -22.895        1    -1.68507
    -22.745        1    -1.83038
    -22.595        1    -1.98123
    -22.445        1    -2.12818
    -22.295        1    -2.26423
    -22.145        1    -2.38915
    -21.995        1    -2.51364
    -21.845        1    -2.62168
    -21.695        1    -2.71744
    -21.545        1    -2.80487
    -21.395        1    -2.89387
    -21.245        1    -2.98112
    -21.095        1    -3.06275
    -20.945        1    -3.13255
    -20.795        1    -3.19556
    -20.645        1    -3.26536
    -20.495        1    -3.34202
    -20.345        1    -3.41189
    -20.195        1    -3.48651
    -20.045        1    -3.57536
    -19.895        1    -3.66867
    -19.745        1    -3.77682
    -19.595        1    -3.90390
    -19.445        1    -4.03750
    -19.295        1    -4.16356
    -19.145        1    -4.30267
    -18.995        1    -4.44655
    -18.845        1    -4.60371
    -18.695        1    -4.76214
    -18.545        1    -4.92246
    -18.395        1    -5.08087
    -18.245        1    -5.23954
    -18.095        1    -5.40023
    -17.945        1    -5.55738
    -17.795        1    -5.72352
    -17.645        1    -5.87957
    -17.495        1    -6.03335
    -17.345        1    -6.18680
    -17.195        1    -6.34056
    -17.045        1    -6.50168
    -16.895        1    -6.65325
    -16.745        1    -6.80195
    -16.595        1    -6.95586
    -16.445        1    -7.10808
    -16.295        1    -7.25856
    -16.145        1    -7.40170
    -15.995        1    -7.54168
    -15.845        1    -7.68747
    -15.695        1    -7.82564
    -15.545        1    -7.95675
    -15.395        1    -8.09320
    -15.245        1    -8.22905
    -15.095        1    -8.35913
    -14.945        1    -8.49707
    -14.795        1    -8.63473
    -14.645        1    -8.77330
    -14.495        1    -8.92376
    -14.345        1    -9.08109
    -14.195        1    -9.24832
    -14.045        1    -9.41789
    -13.895        1    -9.59819
    -13.745        1    -9.77967
    -13.595        1    -9.97478
    -13.445        1   -10.18604
    -13.295        1   -10.40199
    -13.145        1   -10.62152
    -12.995        1   -10.84374
    -12.845        1   -11.07735
    -12.695        1   -11.31757
    -12.545        1   -11.56180
    -12.395        1   -11.80431
    -12.245        1   -12.04274
    -12.095        1   -12.28801
    -11.945        1   -12.53076
    -11.795        1   -12.78183
    -11.645        1   -13.02672
    -11.495        1   -13.27747
    -11.345        1   -13.52312
    -11.195        1   -13.77395
    -11.045        1   -14.02652
    -10.895        1   -14.27452
    -10.745        1   -14.52222
    -10.595        1   -14.76636
    -10.445        1   -15.02108
    -10.295        1   -15.26970
    -10.145        1   -15.50685
    -9.9950        1   -15.73953
    -9.8450        1   -15.97259
    -9.6950        1   -16.20147
    -9.5450        1   -16.43093
    -9.3950        1   -16.66124
    -9.2450        1   -16.88711
    -9.0950        1   -17.11514
    -8.9450        1   -17.34216
    -8.7950        1   -17.56421
    -8.6450        1   -17.78028
    -8.4950        1   -17.99613
    -8.3450        1   -18.22204
    -8.1950        1   -18.44564
    -8.0450        1   -18.66453
    -7.8950        1   -18.89073
    -7.7450        1   -19.10972
    -7.5950        1   -19.33817
    -7.4450        1   -19.56013
    -7.2950        1   -19.78039
    -7.1450        1   -20.00793
    -6.9950        1   -20.23618
    -6.8450        1   -20.46780
    -6.6950        1   -20.69236
    -6.5450        1   -20.92898
    -6.3950        1   -21.16361
    -6.2450        1   -21.39812
    -6.0950        1   -21.63510
    -5.9450        1   -21.87580
    -5.7950        1   -22.11736
    -5.6450        1   -22.36993
    -5.4950        1   -22.62036
    -5.3450        1   -22.87604
    -5.1950        1   -23.14072
    -5.0450        1   -23.41001
    -4.8950        1   -23.68239
    -4.7450        1   -23.96849
    -4.5950        1   -24.26142
    -4.4450        1   -24.56927
    -4.2950        1   -24.88616
    -4.1450        1   -25.21673
    -3.9950        1   -25.56415
    -3.8450        1   -25.93387
    -3.6950        1   -26.31841
    -3.5450        1   -26.72695
    -3.3950        1   -27.16059
    -3.2450        1   -27.62272
    -3.0950        1   -28.11350
    -2.9450        1   -28.63936
    -2.7950        1   -29.19924
    -2.6450        1   -29.78708
    -2.4950        1   -30.40509
    -2.3450        1   -31.04638
    -2.1950        1   -31.70108
    -2.0450        1   -32.37380
    -1.8950        1   -33.04764
    -1.7450        1   -33.72341
    -1.5950        1   -34.39589
    -1.4450        1   -35.06480
    -1.2950        1   -35.73352
    -1.1450        1   -36.40625
   -0.99500        1   -37.09467
   -0.84500        1   -37.80427
   -0.69500        1   -38.56375
   -0.54500        1   -39.40944
   -0.39500        1   -40.39624
   -0.25300        1   -41.15424
   -0.21500        1   -41.20647
   -0.20900        1   -41.25958
   -0.20300        1   -41.31293
   -0.19700        1   -41.36754
   -0.19100        1   -41.42319
   -0.18500        1   -41.47989
   -0.17900        1   -41.53792
   -0.17300        1   -41.59670
   -0.16700        1   -41.65728
   -0.16100        1   -41.71929
   -0.15500        1   -41.78246
   -0.14900        1   -41.84718
   -0.14300        1   -41.91386
   -0.13700        1   -41.98230
   -0.13100        1   -42.05322
   -0.12500        1   -42.12686
   -0.11900        1   -42.20337
   -0.11300        1   -42.28277
   -0.10700        1   -42.36525
   -0.10100        1   -42.45159
   -0.95000E-01    1   -42.54253
   -0.89000E-01    1   -42.63853
   -0.83000E-01    1   -42.73992
   -0.77000E-01    1   -42.84778
   -0.71000E-01    1   -42.96327
   -0.65000E-01    1   -43.08831
   -0.59000E-01    1   -43.22372
   -0.53000E-01    1   -43.37265
   -0.47000E-01    1   -43.53818
   -0.41000E-01    1   -43.72613
   -0.35000E-01    1   -43.94314
   -0.29000E-01    1   -44.19833
   -0.23000E-01    1   -44.50091
   -0.19700E-01    1   -44.53340
   -0.19100E-01    1   -44.56635
   -0.18500E-01    1   -44.59983
   -0.17900E-01    1   -44.63363
   -0.17300E-01    1   -44.66784
   -0.16700E-01    1   -44.70252
   -0.16100E-01    1   -44.73773
   -0.15500E-01    1   -44.77335
   -0.14900E-01    1   -44.80931
   -0.14300E-01    1   -44.84569
   -0.13700E-01    1   -44.88236
   -0.13100E-01    1   -44.91921
   -0.12500E-01    1   -44.95626
   -0.11900E-01    1   -44.99336
   -0.11300E-01    1   -45.03048
   -0.10700E-01    1   -45.06743
   -0.10100E-01    1   -45.10398
   -0.95000E-02    1   -45.13984
   -0.89000E-02    1   -45.17483
   -0.83000E-02    1   -45.20865
   -0.77000E-02    1   -45.24123
   -0.71000E-02    1   -45.27221
   -0.65000E-02    1   -45.30148
   -0.59000E-02    1   -45.32885
   -0.53000E-02    1   -45.35409
   -0.47000E-02    1   -45.37703
   -0.41000E-02    1   -45.39755
   -0.35000E-02    1   -45.41545
   -0.29000E-02    1   -45.43061
   -0.23000E-02    1   -45.44291
   -0.17000E-02    1   -45.45228
   -0.11000E-02    1   -45.45855
   -0.50000E-03    1   -45.46171
    0.10000E-03    1   -45.46173
    0.70000E-03    1   -45.45863
    0.13000E-02    1   -45.45237
    0.19000E-02    1   -45.44311
    0.25000E-02    1   -45.43076
    0.31000E-02    1   -45.41540
    0.37000E-02    1   -45.39717
    0.43000E-02    1   -45.37625
    0.49000E-02    1   -45.35280
    0.55000E-02    1   -45.32703
    0.61000E-02    1   -45.29911
    0.67000E-02    1   -45.26935
    0.73000E-02    1   -45.23785
    0.79000E-02    1   -45.20491
    0.85000E-02    1   -45.17064
    0.91000E-02    1   -45.13536
    0.97000E-02    1   -45.09931
    0.10300E-01    1   -45.06276
    0.10900E-01    1   -45.02588
    0.11500E-01    1   -44.98884
    0.12100E-01    1   -44.95172
    0.12700E-01    1   -44.91489
    0.13300E-01    1   -44.87821
    0.13900E-01    1   -44.84185
    0.14500E-01    1   -44.80566
    0.15100E-01    1   -44.76995
    0.15700E-01    1   -44.73467
    0.16300E-01    1   -44.69993
    0.16900E-01    1   -44.66550
    0.17500E-01    1   -44.63153
    0.18100E-01    1   -44.59800
    0.18700E-01    1   -44.56490
    0.19300E-01    1   -44.53221
    0.20200E-01    1   -44.40927
    0.25000E-01    1   -44.12325
    0.31000E-01    1   -43.88320
    0.37000E-01    1   -43.67872
    0.43000E-01    1   -43.50186
    0.49000E-01    1   -43.34626
    0.55000E-01    1   -43.20659
    0.61000E-01    1   -43.08019
    0.67000E-01    1   -42.96505
    0.73000E-01    1   -42.85941
    0.79000E-01    1   -42.76142
    0.85000E-01    1   -42.67042
    0.91000E-01    1   -42.58511
    0.97000E-01    1   -42.50541
    0.10300        1   -42.43025
    0.10900        1   -42.35953
    0.11500        1   -42.29228
    0.12100        1   -42.22861
    0.12700        1   -42.16826
    0.13300        1   -42.11097
    0.13900        1   -42.05613
    0.14500        1   -42.00387
    0.15100        1   -41.95404
    0.15700        1   -41.90670
    0.16300        1   -41.86104
    0.16900        1   -41.81730
    0.17500        1   -41.77591
    0.18100        1   -41.73588
    0.18700        1   -41.69730
    0.19300        1   -41.66021
    0.19900        1   -41.62429
    0.20500        1   -41.58957
    0.21100        1   -41.55614
    0.21700        1   -41.52403
    0.29500        1   -40.93441
    0.44500        1   -40.63299
    0.59500        1   -40.45135
    0.74500        1   -40.32866
    0.89500        1   -40.23646
     1.0450        1   -40.15921
     1.1950        1   -40.09258
     1.3450        1   -40.03308
     1.4950        1   -39.97993
     1.6450        1   -39.93074
     1.7950        1   -39.88593
     1.9450        1   -39.84485
     2.0950        1   -39.80592
     2.2450        1   -39.77137
     2.3950        1   -39.73730
     2.5450        1   -39.70505
     2.6950        1   -39.67593
     2.8450        1   -39.64808
     2.9950        1   -39.62228
     3.1450        1   -39.59753
     3.2950        1   -39.57295
     3.4450        1   -39.54966
     3.5950        1   -39.52859
     3.7450        1   -39.50895
     3.8950        1   -39.48838
     4.0450        1   -39.46796
     4.1950        1   -39.44908
     4.3450        1   -39.43017
     4.4950        1   -39.41362
     4.6450        1   -39.39732
     4.7950        1   -39.38218
     4.9450        1   -39.36752
     5.0950        1   -39.35298
     5.2450        1   -39.33681
     5.3950        1   -39.32311
     5.5450        1   -39.30976
     5.6950        1   -39.29614
     5.8450        1   -39.28297
     5.9950        1   -39.27103
     6.1450        1   -39.25861
     6.2950        1   -39.24615
     6.4450        1   -39.23413
     6.5950        1   -39.22262
     6.7450        1   -39.21105
     6.8950        1   -39.20014
     7.0450        1   -39.18926
     7.1950        1   -39.17847
     7.3450        1   -39.16699
     7.4950        1   -39.15526
     7.6450        1   -39.14517
     7.7950        1   -39.13541
     7.9450        1   -39.12593
     8.0950        1   -39.11643
     8.2450        1   -39.10719
     8.3950        1   -39.09649
     8.5450        1   -39.08728
     8.6950        1   -39.07835
     8.8450        1   -39.06900
     8.9950        1   -39.05997
     9.1450        1   -39.05019
     9.2950        1   -39.04132
     9.4450        1   -39.03289
     9.5950        1   -39.02486
     9.7450        1   -39.01660
     9.8950        1   -39.00802
     10.045        1   -38.99921
     10.195        1   -38.99110
     10.345        1   -38.98340
     10.495        1   -38.97506
     10.645        1   -38.96629
     10.795        1   -38.95859
     10.945        1   -38.95117
     11.095        1   -38.94373
     11.245        1   -38.93628
     11.395        1   -38.92951
     11.545        1   -38.92160
     11.695        1   -38.91457
     11.845        1   -38.90757
     11.995        1   -38.90064
     12.145        1   -38.89375
     12.295        1   -38.88666
     12.445        1   -38.87875
     12.595        1   -38.87235
     12.745        1   -38.86552
     12.895        1   -38.85909
     13.045        1   -38.85272
     13.195        1   -38.84651
     13.345        1   -38.84003
     13.495        1   -38.83306
     13.645        1   -38.82689
     13.795        1   -38.82065
     13.945        1   -38.81426
     14.095        1   -38.80816
     14.245        1   -38.80231
     14.395        1   -38.79621
     14.545        1   -38.79025
     14.695        1   -38.78417
     14.845        1   -38.77852
     14.995        1   -38.77251
     15.145        1   -38.76664
     15.295        1   -38.76055
     15.445        1   -38.75501
     15.595        1   -38.74913
     15.745        1   -38.74366
     15.895        1   -38.73822
     16.045        1   -38.73277
     16.195        1   -38.72741
     16.345        1   -38.72179
     16.495        1   -38.71654
     16.645        1   -38.71141
     16.795        1   -38.70619
     16.945        1   -38.70113
     17.095        1   -38.69617
     17.245        1   -38.69089
     17.395        1   -38.68584
     17.545        1   -38.68068
     17.695        1   -38.67542
     17.845        1   -38.67051
     17.995        1   -38.66589
     18.145        1   -38.66085
     18.295        1   -38.65598
     18.445        1   -38.65117
     18.595        1   -38.64653
     18.745        1   -38.64139
     18.895        1   -38.63659
     19.045        1   -38.63193
     19.195        1   -38.62726
     19.345        1   -38.62292
     19.495        1   -38.61765
     19.645        1   -38.61324
     19.795        1   -38.60885
     19.945        1   -38.60457
     20.095        1   -38.60013
     20.245        1   -38.59541
     20.395        1   -38.59102
     20.545        1   -38.58659
     20.695        1   -38.58225
     20.845        1   -38.57824
     20.995        1   -38.57371
     21.145        1   -38.56942
     21.295        1   -38.56503
     21.445        1   -38.56090
     21.595        1   -38.55676
     21.745        1   -38.55248
     21.895        1   -38.54828
     22.045        1   -38.54435
     22.195        1   -38.54026
     22.345        1   -38.53610
     22.495        1   -38.53188
     22.645        1   -38.52808
     22.795        1   -38.52405
     22.945        1   -38.52038
     23.095        1   -38.51644
     23.245        1   -38.51265
     23.395        1   -38.50880
     23.545        1   -38.50477
     23.695        1   -38.50010
     23.845        1   -38.49658
     23.995        1   -38.49281
     24.145        1   -38.48923
     24.295        1   -38.48506
     24.445        1   -38.48123
     24.595        1   -38.47758
     24.745        1   -38.47386
     24.895        1   -38.47033
     25.045        1   -38.46690
     25.195        1   -38.46332
     25.345        1   -38.45992
     25.495        1   -38.45641
     25.645        1   -38.45296
     25.795        1   -38.44943
     25.945        1   -38.44608
     26.095        1   -38.44279
     26.245        1   -38.43933
     26.395        1   -38.43604
     26.545        1   -38.43279
     26.695        1   -38.42943
     26.845        1   -38.42624
     26.995        1   -38.42301
     27.145        1   -38.41987
     27.295        1   -38.41633
     27.445        1   -38.41317
     27.595        1   -38.40980
     27.745        1   -38.40647
     27.895        1   -38.40329
     28.045        1   -38.40005
     28.195        1   -38.39685
     28.345        1   -38.39368
     28.495        1   -38.39064
     28.645        1   -38.38760
     28.795        1   -38.38448
     28.945        1   -38.38117
     29.095        1   -38.37812
     29.245        1   -38.37508
     29.395        1   -38.37203
     29.545        1   -38.36887
     29.695        1   -38.36579
     29.845        1   -38.36274
     29.995        1   -38.35960
     30.145        1   -38.35657
     30.295        1   -38.35350
     30.445        1   -38.35055
     30.595        1   -38.34753
     30.745        1   -38.34456
     30.895        1   -38.34147
     31.045        1   -38.33863
     31.195        1   -38.33557
     31.345        1   -38.33262
     31.495        1   -38.32978
     31.645        1   -38.32686
     31.795        1   -38.32389
     31.945        1   -38.32095
     32.095        1   -38.31812
     32.245        1   -38.31514
     32.395        1   -38.31239
     32.545        1   -38.30956
     32.695        1   -38.30664
     32.845        1   -38.30381
     32.995        1   -38.30100
     33.145        1   -38.29821
     33.295        1   -38.29546
     33.445        1   -38.29272
     33.595        1   -38.28992
     33.745        1   -38.28712
     33.895        1   -38.28433
     34.045        1   -38.28172
     34.195        1   -38.27896
     34.345        1   -38.27638
     34.495        1   -38.27370
     34.645        1   -38.27124
     34.795        1   -38.26837
     34.945        1   -38.26583
     35.095        1   -38.26316
     35.245        1   -38.26038
     35.395        1   -38.25784
     35.545        1   -38.25524
     35.695        1   -38.25257
     35.845        1   -38.24997
     35.995        1   -38.24728
     36.145        1   -38.24474
     36.295        1   -38.24230
     36.445        1   -38.23965
     36.595        1   -38.23714
     36.745        1   -38.23481
     36.895        1   -38.23249
     37.045        1   -38.23020
     37.195        1   -38.22766
     37.345        1   -38.22523
     37.495        1   -38.22253
     37.645        1   -38.21996
     37.795        1   -38.21733
     37.945        1   -38.21466
     38.095        1   -38.21227
     38.245        1   -38.20977
     38.395        1   -38.20735
     38.545        1   -38.20488
     38.695        1   -38.20250
     38.845        1   -38.20024
     38.995        1   -38.19784
     39.145        1   -38.19531
     39.295        1   -38.19288
     39.445        1   -38.19045
     39.595        1   -38.18795
     39.745        1   -38.18563
     39.895        1   -38.18340
     40.045        1   -38.18120
     40.195        1   -38.17888
     40.345        1   -38.17654
     40.495        1   -38.17429
     40.645        1   -38.17216
     40.795        1   -38.16978
     40.945        1   -38.16770
     41.095        1   -38.16549
     41.245        1   -38.16340
     41.395        1   -38.16100
     41.545        1   -38.15879
     41.695        1   -38.15664
     41.845        1   -38.15433
     41.995        1   -38.15186
     42.145        1   -38.14972
     42.295        1   -38.14750
     42.445        1   -38.14521
     42.595        1   -38.14306
     42.745        1   -38.14090
     42.895        1   -38.13885
     43.045        1   -38.13664
     43.195        1   -38.13453
     43.345        1   -38.13246
     43.495        1   -38.13025
     43.645        1   -38.12821
     43.795        1   -38.12610
     43.945        1   -38.12397
     44.095        1   -38.12183
     44.245        1   -38.11977
     44.395        1   -38.11765
     44.545        1   -38.11550
     44.695        1   -38.11349
     44.845        1   -38.11133
     44.995        1   -38.10930
     45.145        1   -38.10726
     45.295        1   -38.10483
     45.445        1   -38.10275
     45.595        1   -38.10007
     45.745        1   -38.09777
     45.895        1   -38.09581
     46.045        1   -38.09388
     46.195        1   -38.09191
     46.345        1   -38.08979
     46.495        1   -38.08780
     46.645        1   -38.08544
     46.795        1   -38.08338
     46.945        1   -38.08147
     47.095        1   -38.07956
     47.245        1   -38.07764
     47.395        1   -38.07572
     47.545        1   -38.07380
     47.695        1   -38.07194
     47.845        1   -38.06984
     47.995        1   -38.06784
     48.145        1   -38.06593
     48.295        1   -38.06411
     48.445        1   -38.06216
     48.595        1   -38.06012
     48.745        1   -38.05822
     48.895        1   -38.05605
     49.045        1   -38.05414
     49.195        1   -38.05229
     49.345        1   -38.05051
     49.495        1   -38.04854
     49.645        1   -38.04660
     49.795        1   -38.04473
     49.945        1   -38.04278
     50.095        1   -38.04109
     50.245        1   -38.03936
     50.395        1   -38.03750
     50.545        1   -38.03559
     50.695        1   -38.03383
     50.845        1   -38.03183
     50.995        1   -38.02992
     51.145        1   -38.02805
     51.295        1   -38.02627
     51.445        1   -38.02451
     51.595        1   -38.02274
     51.745        1   -38.02098
     51.895        1   -38.01919
     52.045        1   -38.01740
     52.195        1   -38.01554
     52.345        1   -38.01385
     52.495        1   -38.01204
     52.645        1   -38.01022
     52.795        1   -38.00834
     52.945        1   -38.00661
     53.095        1   -38.00487
     53.245        1   -38.00317
     53.395        1   -38.00134
     53.545        1   -37.99969
     53.695        1   -37.99804
     53.845        1   -37.99636
     53.995        1   -37.99467
     54.145        1   -37.99306
     54.295        1   -37.99137
     54.445        1   -37.98956
     54.595        1   -37.98765
     54.745        1   -37.98589
     54.895        1   -37.98417
     55.045        1   -37.98245
     55.195        1   -37.98088
     55.345        1   -37.97917
     55.495        1   -37.97761
     55.645        1   -37.97593
     55.795        1   -37.97422
     55.945        1   -37.97247
     56.095        1   -37.97093
     56.245        1   -37.96921
     56.395        1   -37.96751
     56.545        1   -37.96591
     56.695        1   -37.96420
     56.845        1   -37.96254
     56.995        1   -37.96100
     57.145        1   -37.95935
     57.295        1   -37.95770
     57.445        1   -37.95609
     57.595        1   -37.95442
     57.745        1   -37.95279
     57.895        1   -37.95123
     58.045        1   -37.94965
     58.195        1   -37.94793
     58.345        1   -37.94626
     58.495        1   -37.94472
     58.645        1   -37.94321
     58.795        1   -37.94175
     58.945        1   -37.94018
     59.095        1   -37.93859
     59.245        1   -37.93696
     59.395        1   -37.93532
     59.545        1   -37.93375
     59.695        1   -37.93204
     59.845        1   -37.93047
     59.995        1   -37.92892
     60.145        1   -37.92723
     70.939        1   -37.72290
     97.698        1   -37.51631
     134.55        1   -37.30959
     185.30        1   -37.10486
     255.20        1   -36.90237
     351.46        1   -36.70239
     484.04        1   -36.50341
     666.62        1   -36.30966
     918.07        1   -36.11370
     1264.4        1   -35.92186
     1741.3        1   -35.73527
     2398.1        1   -35.55055
     3302.7        1   -35.36995
     4548.5        1   -35.19036
     6264.3        1   -35.01422
     8627.2        1   -34.84121
     11881.        1   -34.67045
     16363.        1   -34.50344
     22535.        1   -34.33847
     31036.        1   -34.17589
     42743.        1   -34.01490
     58866.        1   -33.85727
     81070.        1   -33.70224
    0.11165E+06    1   -33.55003
    0.15377E+06    1   -33.39919
    0.21177E+06    1   -33.24944
    0.29165E+06    1   -33.10235
    0.40166E+06    1   -32.95598
    0.55317E+06    1   -32.81006
    0.76182E+06    1   -32.66615
    0.10492E+07    1   -32.52172
    0.14449E+07    1   -32.37911
    0.19900E+07    1   -32.23767
    0.27406E+07    1   -32.09619
    0.37744E+07    1   -31.95454
    0.51981E+07    1   -31.81207
    0.71589E+07    1   -31.66951
    0.98593E+07    1   -31.52608
    0.13578E+08    1   -31.38226
    0.18700E+08    1   -31.23756
    0.25754E+08    1   -31.09209
    0.35468E+08    1   -30.94761
    0.48847E+08    1   -30.80620
    0.67273E+08    1   -30.66822
    0.92648E+08    1   -30.53303
    0.12760E+09    1   -30.40119
    0.17573E+09    1   -30.27370
    0.24201E+09    1   -30.15037
    0.33330E+09    1   -30.03020
    0.45902E+09    1   -29.91640
    0.63217E+09    1   -29.80909
    0.87062E+09    1   -29.70869
    0.11990E+10    1   -29.61398
    0.16513E+10    1   -29.52663
    0.22742E+10    1   -29.44511
    0.31320E+10    1   -29.36911
    0.43134E+10    1   -29.29796
    0.59405E+10    1   -29.23197
    0.81813E+10    1   -29.17052
    0.11267E+11    1   -29.11325
    0.15517E+11    1   -29.06009
    0.21371E+11    1   -29.01062
    0.29432E+11    1   -28.96466
    0.40534E+11    1   -28.92145
    0.55823E+11    1   -28.88179
    0.10000E+12    1   -28.38385
    -149.95        2     0.00000
    -149.80        2     0.00000
    -149.65        2     0.00000
    -149.49        2     0.00000
    -149.34        2     0.00000
    -149.20        2     0.00000
    -149.05        2     0.00000
    -148.90        2     0.00000
    -148.74        2     0.00000
    -148.59        2     0.00000
    -148.45        2     0.00000
    -148.30        2     0.00000
    -148.15        2     0.00000
    -147.99        2     0.00000
    -147.84        2     0.00000
    -147.70        2     0.00000
    -147.55        2     0.00000
    -147.40        2     0.00000
    -147.24        2     0.00000
    -147.09        2     0.00000
    -146.95        2     0.00000
    -146.80        2     0.00000
    -146.65        2     0.00000
    -146.49        2     0.00000
    -146.34        2     0.00000
    -146.20        2     0.00000
    -146.05        2     0.00000
    -145.90        2     0.00000
    -145.74        2     0.00000
    -145.59        2     0.00000
    -145.45        2     0.00000
    -145.30        2     0.00000
    -145.15        2     0.00000
    -144.99        2     0.00000
    -144.84        2     0.00000
    -144.70        2     0.00000
    -144.55        2     0.00000
    -144.40        2     0.00000
    -144.24        2     0.00000
    -144.09        2     0.00000
    -143.95        2     0.00000
    -143.80        2     0.00000
    -143.65        2     0.00000
    -143.49        2     0.00000
    -143.34        2     0.00000
    -143.20        2     0.00000
    -143.05        2     0.00000
    -142.90        2     0.00000
    -142.74        2     0.00000
    -142.59        2     0.00000
    -142.45        2     0.00000
    -142.30        2     0.00000
    -142.15        2     0.00000
    -141.99        2     0.00000
    -141.84        2     0.00000
    -141.70        2     0.00000
    -141.55        2     0.00000
    -141.40        2     0.00000
    -141.24        2     0.00000
    -141.09        2     0.00000
    -140.95        2     0.00000
    -140.80        2     0.00000
    -140.65        2     0.00000
    -140.49        2     0.00000
    -140.34        2     0.00000
    -140.20        2     0.00000
    -140.05        2     0.00000
    -139.90        2     0.00000
    -139.74        2     0.00000
    -139.59        2     0.00000
    -139.45        2     0.00000
    -139.30        2     0.00000
    -139.15        2     0.00000
    -138.99        2     0.00000
    -138.84        2     0.00000
    -138.70        2     0.00000
    -138.55        2     0.00000
    -138.40        2     0.00000
    -138.24        2     0.00000
    -138.09        2     0.00000
    -137.95        2     0.00000
    -137.80        2     0.00000
    -137.65        2     0.00000
    -137.49        2     0.00000
    -137.34        2     0.00000
    -137.20        2     0.00000
    -137.05        2     0.00000
    -136.90        2     0.00000
    -136.74        2     0.00000
    -136.59        2     0.00000
    -136.45        2     0.00000
    -136.30        2     0.00000
    -136.15        2     0.00000
    -135.99        2     0.00000
    -135.84        2     0.00000
    -135.70        2     0.00000
    -135.55        2     0.00000
    -135.40        2     0.00000
    -135.24        2     0.00000
    -135.09        2     0.00000
    -134.95        2     0.00000
    -134.80        2     0.00000
    -134.65        2     0.00000
    -134.49        2     0.00000
    -134.34        2     0.00000
    -134.20        2     0.00000
    -134.05        2     0.00000
    -133.90        2     0.00000
    -133.74        2     0.00000
    -133.59        2     0.00000
    -133.45        2     0.00000
    -133.30        2     0.00000
    -133.15        2     0.00000
    -132.99        2     0.00000
    -132.84        2     0.00000
    -132.70        2     0.00000
    -132.55        2     0.00000
    -132.40        2     0.00000
    -132.24        2     0.00000
    -132.09        2     0.00000
    -131.95        2     0.00000
    -131.80        2     0.00000
    -131.65        2     0.00000
    -131.49        2     0.00000
    -131.34        2     0.00000
    -131.20        2     0.00000
    -131.05        2     0.00000
    -130.90        2     0.00000
    -130.74        2     0.00000
    -130.59        2     0.00000
    -130.45        2     0.00000
    -130.30        2     0.00000
    -130.15        2     0.00000
    -129.99        2     0.00000
    -129.84        2     0.00000
    -129.70        2     0.00000
    -129.55        2     0.00000
    -129.40        2     0.00000
    -129.24        2     0.00000
    -129.09        2     0.00000
    -128.95        2     0.00000
    -128.80        2     0.00000
    -128.65        2     0.00000
    -128.49        2     0.00000
    -128.34        2     0.00000
    -128.20        2     0.00000
    -128.05        2     0.00000
    -127.89        2     0.00000
    -127.75        2     0.00000
    -127.60        2     0.00000
    -127.44        2     0.00000
    -127.30        2     0.00000
    -127.14        2     0.00000
    -127.00        2     0.00000
    -126.85        2     0.00000
    -126.69        2     0.00000
    -126.55        2     0.00000
    -126.39        2     0.00000
    -126.25        2     0.00000
    -126.10        2     0.00000
    -125.94        2     0.00000
    -125.80        2     0.00000
    -125.64        2     0.00000
    -125.50        2     0.00000
    -125.35        2     0.00000
    -125.19        2     0.00000
    -125.05        2     0.00000
    -124.89        2     0.00000
    -124.75        2     0.00000
    -124.60        2     0.00000
    -124.44        2     0.00000
    -124.30        2     0.00000
    -124.14        2     0.00000
    -124.00        2     0.00000
    -123.85        2     0.00000
    -123.69        2     0.00000
    -123.55        2     0.00000
    -123.39        2     0.00000
    -123.25        2     0.00000
    -123.10        2     0.00000
    -122.94        2     0.00000
    -122.80        2     0.00000
    -122.64        2     0.00000
    -122.50        2     0.00000
    -122.35        2     0.00000
    -122.19        2     0.00000
    -122.05        2     0.00000
    -121.89        2     0.00000
    -121.75        2     0.00000
    -121.60        2     0.00000
    -121.44        2     0.00000
    -121.30        2     0.00000
    -121.14        2     0.00000
    -121.00        2     0.00000
    -120.85        2     0.00000
    -120.69        2     0.00000
    -120.55        2     0.00000
    -120.39        2     0.00000
    -120.25        2     0.00000
    -120.10        2     0.00000
    -119.94        2     0.00000
    -119.80        2     0.00000
    -119.64        2     0.00000
    -119.50        2     0.00000
    -119.35        2     0.00000
    -119.19        2     0.00000
    -119.05        2     0.00000
    -118.89        2     0.00000
    -118.75        2     0.00000
    -118.60        2     0.00000
    -118.44        2     0.00000
    -118.30        2     0.00000
    -118.14        2     0.00000
    -118.00        2     0.00000
    -117.85        2     0.00000
    -117.69        2     0.00000
    -117.55        2     0.00000
    -117.39        2     0.00000
    -117.25        2     0.00000
    -117.10        2     0.00000
    -116.94        2     0.00000
    -116.80        2     0.00000
    -116.64        2     0.00000
    -116.50        2     0.00000
    -116.35        2     0.00000
    -116.19        2     0.00000
    -116.05        2     0.00000
    -115.89        2     0.00000
    -115.75        2     0.00000
    -115.60        2     0.00000
    -115.44        2     0.00000
    -115.30        2     0.00000
    -115.14        2     0.00000
    -115.00        2     0.00000
    -114.85        2     0.00000
    -114.69        2     0.00000
    -114.55        2     0.00000
    -114.39        2     0.00000
    -114.25        2     0.00000
    -114.10        2     0.00000
    -113.94        2     0.00000
    -113.80        2     0.00000
    -113.64        2     0.00000
    -113.50        2     0.00000
    -113.35        2     0.00000
    -113.19        2     0.00000
    -113.05        2     0.00000
    -112.89        2     0.00000
    -112.75        2     0.00000
    -112.60        2     0.00000
    -112.44        2     0.00000
    -112.30        2     0.00000
    -112.14        2     0.00000
    -112.00        2     0.00000
    -111.85        2     0.00000
    -111.69        2     0.00000
    -111.55        2     0.00000
    -111.39        2     0.00000
    -111.25        2     0.00000
    -111.10        2     0.00000
    -110.94        2     0.00000
    -110.80        2     0.00000
    -110.64        2     0.00000
    -110.50        2     0.00000
    -110.35        2     0.00000
    -110.19        2     0.00000
    -110.05        2     0.00000
    -109.89        2     0.00000
    -109.75        2     0.00000
    -109.60        2     0.00000
    -109.44        2     0.00000
    -109.30        2     0.00000
    -109.14        2     0.00000
    -109.00        2     0.00000
    -108.85        2     0.00000
    -108.69        2     0.00000
    -108.55        2     0.00000
    -108.39        2     0.00000
    -108.25        2     0.00000
    -108.10        2     0.00000
    -107.94        2     0.00000
    -107.80        2     0.00000
    -107.64        2     0.00000
    -107.50        2     0.00000
    -107.35        2     0.00000
    -107.19        2     0.00000
    -107.05        2     0.00000
    -106.89        2     0.00000
    -106.75        2     0.00000
    -106.60        2     0.00000
    -106.44        2     0.00000
    -106.30        2     0.00000
    -106.14        2     0.00000
    -106.00        2     0.00000
    -105.85        2     0.00000
    -105.69        2     0.00000
    -105.55        2     0.00000
    -105.39        2     0.00000
    -105.25        2     0.00000
    -105.10        2     0.00000
    -104.94        2     0.00000
    -104.80        2     0.00000
    -104.64        2     0.00000
    -104.50        2     0.00000
    -104.35        2     0.00000
    -104.19        2     0.00000
    -104.05        2     0.00000
    -103.89        2     0.00000
    -103.75        2     0.00000
    -103.60        2     0.00000
    -103.44        2     0.00000
    -103.30        2     0.00000
    -103.14        2     0.00000
    -103.00        2     0.00000
    -102.85        2     0.00000
    -102.69        2     0.00000
    -102.55        2     0.00000
    -102.39        2     0.00000
    -102.25        2     0.00000
    -102.10        2     0.00000
    -101.94        2     0.00000
    -101.80        2     0.00000
    -101.64        2     0.00000
    -101.50        2     0.00000
    -101.35        2     0.00000
    -101.19        2     0.00000
    -101.05        2     0.00000
    -100.89        2     0.00000
    -100.75        2     0.00000
    -100.60        2     0.00000
    -100.44        2     0.00000
    -100.30        2     0.00000
    -100.14        2     0.00000
    -99.995        2     0.00000
    -99.845        2     0.00000
    -99.695        2     0.00000
    -99.545        2     0.00000
    -99.395        2     0.00000
    -99.245        2     0.00000
    -99.095        2     0.00000
    -98.945        2     0.00000
    -98.795        2     0.00000
    -98.645        2     0.00000
    -98.495        2     0.00000
    -98.345        2     0.00000
    -98.195        2     0.00000
    -98.045        2     0.00000
    -97.895        2     0.00000
    -97.745        2     0.00000
    -97.595        2     0.00000
    -97.445        2     0.00000
    -97.295        2     0.00000
    -97.145        2     0.00000
    -96.995        2     0.00000
    -96.845        2     0.00000
    -96.695        2     0.00000
    -96.545        2     0.00000
    -96.395        2     0.00000
    -96.245        2     0.00000
    -96.095        2     0.00000
    -95.945        2     0.00000
    -95.795        2     0.00000
    -95.645        2     0.00000
    -95.495        2     0.00000
    -95.345        2     0.00000
    -95.195        2     0.00000
    -95.045        2     0.00000
    -94.895        2     0.00000
    -94.745        2     0.00000
    -94.595        2     0.00000
    -94.445        2     0.00000
    -94.295        2     0.00000
    -94.145        2     0.00000
    -93.995        2     0.00000
    -93.845        2     0.00000
    -93.695        2     0.00000
    -93.545        2     0.00000
    -93.395        2     0.00000
    -93.245        2     0.00000
    -93.095        2     0.00000
    -92.945        2     0.00000
    -92.795        2     0.00000
    -92.645        2     0.00000
    -92.495        2     0.00000
    -92.345        2     0.00000
    -92.195        2     0.00000
    -92.045        2     0.00000
    -91.895        2     0.00000
    -91.745        2     0.00000
    -91.595        2     0.00000
    -91.445        2     0.00000
    -91.295        2     0.00000
    -91.145        2     0.00000
    -90.995        2     0.00000
    -90.845        2     0.00000
    -90.695        2     0.00000
    -90.545        2     0.00000
    -90.395        2     0.00000
    -90.245        2     0.00000
    -90.095        2     0.00000
    -89.945        2     0.00000
    -89.795        2     0.00000
    -89.645        2     0.00000
    -89.495        2     0.00000
    -89.345        2     0.00000
    -89.195        2     0.00000
    -89.045        2     0.00000
    -88.895        2     0.00000
    -88.745        2     0.00000
    -88.595        2     0.00000
    -88.445        2     0.00000
    -88.295        2     0.00000
    -88.145        2     0.00000
    -87.995        2     0.00000
    -87.845        2     0.00000
    -87.695        2     0.00000
    -87.545        2     0.00000
    -87.395        2     0.00000
    -87.245        2     0.00000
    -87.095        2     0.00000
    -86.945        2     0.00000
    -86.795        2     0.00000
    -86.645        2     0.00000
    -86.495        2     0.00000
    -86.345        2     0.00000
    -86.195        2     0.00000
    -86.045        2     0.00000
    -85.895        2     0.00000
    -85.745        2     0.00000
    -85.595        2     0.00000
    -85.445        2     0.00000
    -85.295        2     0.00000
    -85.145        2     0.00000
    -84.995        2     0.00000
    -84.845        2     0.00000
    -84.695        2     0.00000
    -84.545        2     0.00000
    -84.395        2     0.00000
    -84.245        2     0.00000
    -84.095        2     0.00000
    -83.945        2     0.00000
    -83.795        2     0.00000
    -83.645        2     0.00000
    -83.495        2     0.00000
    -83.345        2     0.00000
    -83.195        2     0.00000
    -83.045        2     0.00000
    -82.895        2     0.00000
    -82.745        2     0.00000
    -82.595        2     0.00000
    -82.445        2     0.00000
    -82.295        2     0.00000
    -82.145        2     0.00000
    -81.995        2     0.00000
    -81.845        2     0.00000
    -81.695        2     0.00000
    -81.545        2     0.00000
    -81.395        2     0.00000
    -81.245        2     0.00000
    -81.095        2     0.00000
    -80.945        2     0.00000
    -80.795        2     0.00000
    -80.645        2     0.00000
    -80.495        2     0.00000
    -80.345        2     0.00000
    -80.195        2     0.00000
    -80.045        2     0.00000
    -79.895        2     0.00000
    -79.745        2     0.00000
    -79.595        2     0.00000
    -79.445        2     0.00000
    -79.295        2     0.00000
    -79.145        2     0.00000
    -78.995        2     0.00000
    -78.845        2     0.00000
    -78.695        2     0.00000
    -78.545        2     0.00000
    -78.395        2     0.00000
    -78.245        2     0.00000
    -78.095        2     0.00000
    -77.945        2     0.00000
    -77.795        2     0.00000
    -77.645        2     0.00000
    -77.495        2     0.00000
    -77.345        2     0.00000
    -77.195        2     0.00000
    -77.045        2     0.00000
    -76.895        2     0.00000
    -76.745        2     0.00000
    -76.595        2     0.00000
    -76.445        2     0.00000
    -76.295        2     0.00000
    -76.145        2     0.00000
    -75.995        2     0.00000
    -75.845        2     0.00000
    -75.695        2     0.00000
    -75.545        2     0.00000
    -75.395        2     0.00000
    -75.245        2     0.00000
    -75.095        2     0.00000
    -74.945        2     0.00000
    -74.795        2     0.00000
    -74.645        2     0.00000
    -74.495        2     0.00000
    -74.345        2     0.00000
    -74.195        2     0.00000
    -74.045        2     0.00000
    -73.895        2     0.00000
    -73.745        2     0.00000
    -73.595        2     0.00000
    -73.445        2     0.00000
    -73.295        2     0.00000
    -73.145        2     0.00000
    -72.995        2     0.00000
    -72.845        2     0.00000
    -72.695        2     0.00000
    -72.545        2     0.00000
    -72.395        2     0.00000
    -72.245        2     0.00000
    -72.095        2     0.00000
    -71.945        2     0.00000
    -71.795        2     0.00000
    -71.645        2     0.00000
    -71.495        2     0.00000
    -71.345        2     0.00000
    -71.195        2     0.00000
    -71.045        2     0.00000
    -70.895        2     0.00000
    -70.745        2     0.00000
    -70.595        2     0.00000
    -70.445        2     0.00000
    -70.295        2     0.00000
    -70.145        2     0.00000
    -69.995        2     0.00000
    -69.845        2     0.00000
    -69.695        2     0.00000
    -69.545        2     0.00000
    -69.395        2     0.00000
    -69.245        2     0.00000
    -69.095        2     0.00000
    -68.945        2     0.00000
    -68.795        2     0.00000
    -68.645        2     0.00000
    -68.495        2     0.00000
    -68.345        2     0.00000
    -68.195        2     0.00000
    -68.045        2     0.00000
    -67.895        2     0.00000
    -67.745        2     0.00000
    -67.595        2     0.00000
    -67.445        2     0.00000
    -67.295        2     0.00000
    -67.145        2     0.00000
    -66.995        2     0.00000
    -66.845        2     0.00000
    -66.695        2     0.00000
    -66.545        2     0.00000
    -66.395        2     0.00000
    -66.245        2     0.00000
    -66.095        2     0.00000
    -65.945        2     0.00000
    -65.795        2     0.00000
    -65.645        2     0.00000
    -65.495        2     0.00000
    -65.345        2     0.00000
    -65.195        2     0.00000
    -65.045        2     0.00000
    -64.895        2     0.00000
    -64.745        2     0.00000
    -64.595        2     0.00000
    -64.445        2     0.00000
    -64.295        2     0.00000
    -64.145        2     0.00000
    -63.995        2     0.00000
    -63.845        2     0.00000
    -63.695        2     0.00000
    -63.545        2     0.00000
    -63.395        2     0.00000
    -63.245        2     0.00000
    -63.095        2     0.00000
    -62.945        2     0.00000
    -62.795        2     0.00000
    -62.645        2     0.00000
    -62.495        2     0.00000
    -62.345        2     0.00000
    -62.195        2     0.00000
    -62.045        2     0.00000
    -61.895        2     0.00000
    -61.745        2     0.00000
    -61.595        2     0.00000
    -61.445        2     0.00000
    -61.295        2     0.00000
    -61.145        2     0.00000
    -60.995        2     0.00000
    -60.845        2     0.00000
    -60.695        2     0.00000
    -60.545        2     0.00000
    -60.395        2     0.00000
    -60.245        2     0.00000
    -60.095        2     0.00000
    -59.945        2     0.00000
    -59.795        2     0.00000
    -59.645        2     0.00000
    -59.495        2     0.00000
    -59.345        2     0.00000
    -59.195        2     0.00000
    -59.045        2     0.00000
    -58.895        2     0.00000
    -58.745        2     0.00000
    -58.595        2     0.00000
    -58.445        2     0.00000
    -58.295        2     0.00000
    -58.145        2     0.00000
    -57.995        2     0.00000
    -57.845        2     0.00000
    -57.695        2     0.00000
    -57.545        2     0.00000
    -57.395        2     0.00000
    -57.245        2     0.00000
    -57.095        2     0.00000
    -56.945        2     0.00000
    -56.795        2     0.00000
    -56.645        2     0.00000
    -56.495        2     0.00000
    -56.345        2     0.00000
    -56.195        2     0.00000
    -56.045        2     0.00000
    -55.895        2     0.00000
    -55.745        2     0.00000
    -55.595        2     0.00000
    -55.445        2     0.00000
    -55.295        2     0.00000
    -55.145        2     0.00000
    -54.995        2     0.00000
    -54.845        2     0.00000
    -54.695        2     0.00000
    -54.545        2     0.00000
    -54.395        2     0.00000
    -54.245        2     0.00000
    -54.095        2     0.00000
    -53.945        2     0.00000
    -53.795        2     0.00000
    -53.645        2     0.00000
    -53.495        2     0.00000
    -53.345        2     0.00000
    -53.195        2     0.00000
    -53.045        2     0.00000
    -52.895        2     0.00000
    -52.745        2     0.00000
    -52.595        2     0.00000
    -52.445        2     0.00000
    -52.295        2     0.00000
    -52.145        2     0.00000
    -51.995        2     0.00000
    -51.845        2     0.00000
    -51.695        2     0.00000
    -51.545        2     0.00000
    -51.395        2     0.00000
    -51.245        2     0.00000
    -51.095        2     0.00000
    -50.945        2     0.00000
    -50.795        2     0.00000
    -50.645        2     0.00000
    -50.495        2     0.00000
    -50.345        2     0.00000
    -50.195        2     0.00000
    -50.045        2     0.00000
    -49.895        2     0.00000
    -49.745        2     0.00000
    -49.595        2     0.00000
    -49.445        2     0.00000
    -49.295        2     0.00000
    -49.145        2     0.00000
    -48.995        2     0.00000
    -48.845        2     0.00000
    -48.695        2     0.00000
    -48.545        2     0.00000
    -48.395        2     0.00000
    -48.245        2     0.00000
    -48.095        2     0.00000
    -47.945        2     0.00000
    -47.795        2     0.00000
    -47.645        2     0.00000
    -47.495        2     0.00000
    -47.345        2     0.00000
    -47.195        2     0.00000
    -47.045        2     0.00000
    -46.895        2     0.00000
    -46.745        2     0.00000
    -46.595        2     0.00000
    -46.445        2     0.00000
    -46.295        2     0.00000
    -46.145        2     0.00000
    -45.995        2     0.00000
    -45.845        2     0.00000
    -45.695        2     0.00000
    -45.545        2     0.00000
    -45.395        2     0.00000
    -45.245        2     0.00000
    -45.095        2     0.00000
    -44.945        2     0.00000
    -44.795        2     0.00000
    -44.645        2     0.00000
    -44.495        2     0.00000
    -44.345        2     0.00000
    -44.195        2     0.00000
    -44.045        2     0.00000
    -43.895        2     0.00000
    -43.745        2     0.00000
    -43.595        2     0.00000
    -43.445        2     0.00000
    -43.295        2     0.00000
    -43.145        2     0.00000
    -42.995        2     0.00000
    -42.845        2     0.00000
    -42.695        2     0.00000
    -42.545        2     0.00000
    -42.395        2     0.00000
    -42.245        2     0.00000
    -42.095        2     0.00000
    -41.945        2     0.00000
    -41.795        2     0.00000
    -41.645        2     0.00000
    -41.495        2     0.00000
    -41.345        2     0.00000
    -41.195        2     0.00000
    -41.045        2     0.00000
    -40.895        2     0.00000
    -40.745        2     0.00000
    -40.595        2     0.00000
    -40.445        2     0.00000
    -40.295        2     0.00000
    -40.145        2     0.00000
    -39.995        2     0.00000
    -39.845        2     0.00000
    -39.695        2     0.00000
    -39.545        2     0.00000
    -39.395        2     0.00000
    -39.245        2     0.00000
    -39.095        2     0.00000
    -38.945        2     0.00000
    -38.795        2     0.00000
    -38.645        2     0.00000
    -38.495        2     0.00000
    -38.345        2     0.00000
    -38.195        2     0.00000
    -38.045        2     0.00000
    -37.895        2     0.00000
    -37.745        2     0.00000
    -37.595        2     0.00000
    -37.445        2     0.00000
    -37.295        2     0.00000
    -37.145        2     0.00000
    -36.995        2     0.00000
    -36.845        2     0.00000
    -36.695        2     0.00000
    -36.545        2     0.00000
    -36.395        2     0.00000
    -36.245        2     0.00000
    -36.095        2     0.00000
    -35.945        2     0.00000
    -35.795        2     0.00000
    -35.645        2     0.00000
    -35.495        2     0.00000
    -35.345        2     0.00000
    -35.195        2     0.00000
    -35.045        2     0.00000
    -34.895        2     0.00000
    -34.745        2     0.00000
    -34.595        2     0.00000
    -34.445        2     0.00000
    -34.295        2     0.00000
    -34.145        2     0.00000
    -33.995        2     0.00000
    -33.845        2     0.00000
    -33.695        2     0.00000
    -33.545        2     0.00000
    -33.395        2     0.00000
    -33.245        2     0.00000
    -33.095        2     0.00000
    -32.945        2     0.00000
    -32.795        2     0.00000
    -32.645        2     0.00000
    -32.495        2     0.00000
    -32.345        2     0.00000
    -32.195        2     0.00000
    -32.045        2     0.00000
    -31.895        2     0.00000
    -31.745        2     0.00000
    -31.595        2     0.00000
    -31.445        2     0.00000
    -31.295        2     0.00000
    -31.145        2     0.00000
    -30.995        2     0.00000
    -30.845        2     0.00000
    -30.695        2     0.00000
    -30.545        2     0.00000
    -30.395        2     0.00000
    -30.245        2     0.00000
    -30.095        2     0.00000
    -29.945        2     0.00000
    -29.795        2     0.00000
    -29.645        2     0.00000
    -29.495        2     0.00000
    -29.345        2     0.00000
    -29.195        2     0.00000
    -29.045        2     0.00000
    -28.895        2     0.00000
    -28.745        2     0.00000
    -28.595        2     0.00000
    -28.445        2     0.00000
    -28.295        2     0.00000
    -28.145        2     0.00000
    -27.995        2     0.00000
    -27.845        2     0.00000
    -27.695        2     0.00000
    -27.545        2     0.00000
    -27.395        2     0.00000
    -27.245        2     0.00000
    -27.095        2     0.00000
    -26.945        2     0.00000
    -26.795        2     0.00000
    -26.645        2     0.00000
    -26.495        2     0.00000
    -26.345        2     0.00000
    -26.195        2     0.00000
    -26.045        2     0.00000
    -25.895        2     0.00000
    -25.745        2     0.00000
    -25.595        2     0.00000
    -25.445        2     0.00000
    -25.295        2     0.00000
    -25.145        2     0.00000
    -24.995        2     0.00000
    -24.845        2     0.00000
    -24.695        2     0.00000
    -24.545        2     0.00000
    -24.395        2     0.00000
    -24.245        2     0.00000
    -24.095        2     0.00000
    -23.945        2     0.00000
    -23.795        2     0.00000
    -23.645        2     0.00000
    -23.495        2     0.00000
    -23.345        2     0.00000
    -23.195        2     0.00000
    -23.045        2     0.00000
    -22.895        2     0.00000
    -22.745        2     0.00000
    -22.595        2     0.00000
    -22.445        2     0.00000
    -22.295        2     0.00000
    -22.145        2     0.00000
    -21.995        2     0.00000
    -21.845        2     0.00000
    -21.695        2     0.00000
    -21.545        2     0.00000
    -21.395        2     0.00000
    -21.245        2     0.00000
    -21.095        2     0.00000
    -20.945        2     0.00000
    -20.795        2     0.00000
    -20.645        2     0.00000
    -20.495        2     0.00000
    -20.345        2     0.00000
    -20.195        2     0.00000
    -20.045        2     0.00000
    -19.895        2     0.00000
    -19.745        2     0.00000
    -19.595        2     0.00000
    -19.445        2     0.00000
    -19.295        2     0.00000
    -19.145        2     0.00000
    -18.995        2     0.00000
    -18.845        2     0.00000
    -18.695        2     0.00000
    -18.545        2     0.00000
    -18.395        2     0.00000
    -18.245        2     0.00000
    -18.095        2     0.00000
    -17.945        2     0.00000
    -17.795        2     0.00000
    -17.645        2     0.00000
    -17.495        2     0.00000
    -17.345        2     0.00000
    -17.195        2     0.00000
    -17.045        2     0.00000
    -16.895        2     0.00000
    -16.745        2     0.00000
    -16.595        2     0.00000
    -16.445        2     0.00000
    -16.295        2     0.00000
    -16.145        2     0.00000
    -15.995        2     0.00000
    -15.845        2     0.00000
    -15.695        2     0.00000
    -15.545        2     0.00000
    -15.395        2     0.00000
    -15.245        2    -0.00053
    -15.095        2    -0.00686
    -14.945        2    -0.03184
    -14.795        2    -0.09084
    -14.645        2    -0.19712
    -14.495        2    -0.37047
    -14.345        2    -0.64768
    -14.195        2    -1.01544
    -14.045        2    -1.47690
    -13.895        2    -2.02224
    -13.745        2    -2.63808
    -13.595        2    -3.27503
    -13.445        2    -3.94171
    -13.295        2    -4.61804
    -13.145        2    -5.30251
    -12.995        2    -5.98445
    -12.845        2    -6.66904
    -12.695        2    -7.34292
    -12.545        2    -8.02397
    -12.395        2    -8.74692
    -12.245        2    -9.50765
    -12.095        2   -10.31631
    -11.945        2   -11.20368
    -11.795        2   -12.12021
    -11.645        2   -13.08539
    -11.495        2   -14.11664
    -11.345        2   -15.20061
    -11.195        2   -16.29004
    -11.045        2   -17.39374
    -10.895        2   -18.50287
    -10.745        2   -19.58102
    -10.595        2   -20.61277
    -10.445        2   -21.61479
    -10.295        2   -22.57162
    -10.145        2   -23.49192
    -9.9950        2   -24.38776
    -9.8450        2   -25.26385
    -9.6950        2   -26.10977
    -9.5450        2   -26.94580
    -9.3950        2   -27.77527
    -9.2450        2   -28.61516
    -9.0950        2   -29.48402
    -8.9450        2   -30.38499
    -8.7950        2   -31.29822
    -8.6450        2   -32.24521
    -8.4950        2   -33.25625
    -8.3450        2   -34.33509
    -8.1950        2   -35.48378
    -8.0450        2   -36.73043
    -7.8950        2   -38.07504
    -7.7450        2   -39.49912
    -7.5950        2   -41.04126
    -7.4450        2   -42.71008
    -7.2950        2   -44.50472
    -7.1450        2   -46.43602
    -6.9950        2   -48.46017
    -6.8450        2   -50.60883
    -6.6950        2   -52.84172
    -6.5450        2   -55.13255
    -6.3950        2   -57.47693
    -6.2450        2   -59.82594
    -6.0950        2   -62.18619
    -5.9450        2   -64.52430
    -5.7950        2   -66.84805
    -5.6450        2   -69.15026
    -5.4950        2   -71.40543
    -5.3450        2   -73.61834
    -5.1950        2   -75.78475
    -5.0450        2   -77.89107
    -4.8950        2   -79.95206
    -4.7450        2   -81.97799
    -4.5950        2   -83.97359
    -4.4450        2   -85.92693
    -4.2950        2   -87.88900
    -4.1450        2   -89.86329
    -3.9950        2   -91.88703
    -3.8450        2   -93.93971
    -3.6950        2   -96.08999
    -3.5450        2   -98.34138
    -3.3950        2  -100.71497
    -3.2450        2  -103.24009
    -3.0950        2  -105.93073
    -2.9450        2  -108.81190
    -2.7950        2  -111.93117
    -2.6450        2  -115.31730
    -2.4950        2  -119.01290
    -2.3450        2  -123.10337
    -2.1950        2  -127.65370
    -2.0450        2  -132.79703
    -1.8950        2  -138.68755
    -1.7450        2  -145.49604
    -1.5950        2  -153.32133
    -1.4450        2  -162.21730
    -1.2950        2  -172.08704
    -1.1450        2  -182.86668
   -0.99500        2  -194.40014
   -0.84500        2  -206.60210
   -0.69500        2  -219.49950
   -0.54500        2  -233.59647
   -0.39500        2  -249.92438
   -0.25300        2  -262.56865
   -0.21500        2  -263.44045
   -0.20900        2  -264.32678
   -0.20300        2  -265.22657
   -0.19700        2  -266.14030
   -0.19100        2  -267.07003
   -0.18500        2  -268.01696
   -0.17900        2  -268.98042
   -0.17300        2  -269.96429
   -0.16700        2  -270.96636
   -0.16100        2  -271.99191
   -0.15500        2  -273.03928
   -0.14900        2  -274.11130
   -0.14300        2  -275.21043
   -0.13700        2  -276.33839
   -0.13100        2  -277.49841
   -0.12500        2  -278.69413
   -0.11900        2  -279.92665
   -0.11300        2  -281.20113
   -0.10700        2  -282.52338
   -0.10100        2  -283.89733
   -0.95000E-01    2  -285.32967
   -0.89000E-01    2  -286.82799
   -0.83000E-01    2  -288.40184
   -0.77000E-01    2  -290.06344
   -0.71000E-01    2  -291.82804
   -0.65000E-01    2  -293.71859
   -0.59000E-01    2  -295.76091
   -0.53000E-01    2  -297.99032
   -0.47000E-01    2  -300.44962
   -0.41000E-01    2  -303.20978
   -0.35000E-01    2  -306.38409
   -0.29000E-01    2  -310.14343
   -0.23000E-01    2  -314.79762
   -0.19700E-01    2  -315.32601
   -0.19100E-01    2  -315.86932
   -0.18500E-01    2  -316.42894
   -0.17900E-01    2  -317.00507
   -0.17300E-01    2  -317.59794
   -0.16700E-01    2  -318.20951
   -0.16100E-01    2  -318.84088
   -0.15500E-01    2  -319.49188
   -0.14900E-01    2  -320.16380
   -0.14300E-01    2  -320.85853
   -0.13700E-01    2  -321.57741
   -0.13100E-01    2  -322.31981
   -0.12500E-01    2  -323.08616
   -0.11900E-01    2  -323.87748
   -0.11300E-01    2  -324.69170
   -0.10700E-01    2  -325.52956
   -0.10100E-01    2  -326.39055
   -0.95000E-02    2  -327.27319
   -0.89000E-02    2  -328.17800
   -0.83000E-02    2  -329.10556
   -0.77000E-02    2  -330.05701
   -0.71000E-02    2  -331.02697
   -0.65000E-02    2  -332.00915
   -0.59000E-02    2  -332.99597
   -0.53000E-02    2  -333.97470
   -0.47000E-02    2  -334.92139
   -0.41000E-02    2  -335.81089
   -0.35000E-02    2  -336.62096
   -0.29000E-02    2  -337.33011
   -0.23000E-02    2  -337.91994
   -0.17000E-02    2  -338.37446
   -0.11000E-02    2  -338.68060
   -0.50000E-03    2  -338.82841
    0.10000E-03    2  -338.81186
    0.70000E-03    2  -338.63034
    0.13000E-02    2  -338.28812
    0.19000E-02    2  -337.79447
    0.25000E-02    2  -337.16592
    0.31000E-02    2  -336.42215
    0.37000E-02    2  -335.58411
    0.43000E-02    2  -334.67447
    0.49000E-02    2  -333.71607
    0.55000E-02    2  -332.73403
    0.61000E-02    2  -331.74927
    0.67000E-02    2  -330.77176
    0.73000E-02    2  -329.80865
    0.79000E-02    2  -328.86668
    0.85000E-02    2  -327.94888
    0.91000E-02    2  -327.05362
    0.97000E-02    2  -326.17991
    0.10300E-01    2  -325.32862
    0.10900E-01    2  -324.50083
    0.11500E-01    2  -323.69678
    0.12100E-01    2  -322.91688
    0.12700E-01    2  -322.16138
    0.13300E-01    2  -321.43012
    0.13900E-01    2  -320.72234
    0.14500E-01    2  -320.03844
    0.15100E-01    2  -319.37734
    0.15700E-01    2  -318.73716
    0.16300E-01    2  -318.11673
    0.16900E-01    2  -317.51506
    0.17500E-01    2  -316.93144
    0.18100E-01    2  -316.36513
    0.18700E-01    2  -315.81524
    0.19300E-01    2  -315.28099
    0.20200E-01    2  -313.33958
    0.25000E-01    2  -309.09000
    0.31000E-01    2  -305.61367
    0.37000E-01    2  -302.67516
    0.43000E-01    2  -300.12144
    0.49000E-01    2  -297.85767
    0.55000E-01    2  -295.82391
    0.61000E-01    2  -293.97713
    0.67000E-01    2  -292.28693
    0.73000E-01    2  -290.72652
    0.79000E-01    2  -289.27746
    0.85000E-01    2  -287.92451
    0.91000E-01    2  -286.65446
    0.97000E-01    2  -285.45789
    0.10300        2  -284.32374
    0.10900        2  -283.24620
    0.11500        2  -282.22146
    0.12100        2  -281.24053
    0.12700        2  -280.30238
    0.13300        2  -279.40321
    0.13900        2  -278.53899
    0.14500        2  -277.70741
    0.15100        2  -276.90707
    0.15700        2  -276.13508
    0.16300        2  -275.39101
    0.16900        2  -274.67283
    0.17500        2  -273.97666
    0.18100        2  -273.30341
    0.18700        2  -272.64924
    0.19300        2  -272.01686
    0.19900        2  -271.40246
    0.20500        2  -270.80484
    0.21100        2  -270.22494
    0.21700        2  -269.66108
    0.29500        2  -258.76312
    0.44500        2  -252.32479
    0.59500        2  -247.94163
    0.74500        2  -244.58394
    0.89500        2  -241.79852
     1.0450        2  -239.39214
     1.1950        2  -237.24239
     1.3450        2  -235.29637
     1.4950        2  -233.52507
     1.6450        2  -231.91623
     1.7950        2  -230.43626
     1.9450        2  -229.07927
     2.0950        2  -227.84856
     2.2450        2  -226.73009
     2.3950        2  -225.69851
     2.5450        2  -224.76862
     2.6950        2  -223.90006
     2.8450        2  -223.10929
     2.9950        2  -222.36398
     3.1450        2  -221.66939
     3.2950        2  -221.00011
     3.4450        2  -220.37889
     3.5950        2  -219.79141
     3.7450        2  -219.22567
     3.8950        2  -218.69294
     4.0450        2  -218.17759
     4.1950        2  -217.67852
     4.3450        2  -217.20092
     4.4950        2  -216.74004
     4.6450        2  -216.29433
     4.7950        2  -215.87070
     4.9450        2  -215.45173
     5.0950        2  -215.05268
     5.2450        2  -214.66029
     5.3950        2  -214.28042
     5.5450        2  -213.91039
     5.6950        2  -213.54775
     5.8450        2  -213.19917
     5.9950        2  -212.86233
     6.1450        2  -212.52473
     6.2950        2  -212.19356
     6.4450        2  -211.87914
     6.5950        2  -211.56950
     6.7450        2  -211.26570
     6.8950        2  -210.96711
     7.0450        2  -210.67079
     7.1950        2  -210.38834
     7.3450        2  -210.10605
     7.4950        2  -209.83142
     7.6450        2  -209.56512
     7.7950        2  -209.30208
     7.9450        2  -209.03916
     8.0950        2  -208.78752
     8.2450        2  -208.53357
     8.3950        2  -208.28196
     8.5450        2  -208.03795
     8.6950        2  -207.80397
     8.8450        2  -207.56885
     8.9950        2  -207.33891
     9.1450        2  -207.11384
     9.2950        2  -206.89513
     9.4450        2  -206.67284
     9.5950        2  -206.46022
     9.7450        2  -206.24947
     9.8950        2  -206.04116
     10.045        2  -205.83558
     10.195        2  -205.63341
     10.345        2  -205.43240
     10.495        2  -205.23423
     10.645        2  -205.03570
     10.795        2  -204.84483
     10.945        2  -204.65769
     11.095        2  -204.47078
     11.245        2  -204.28858
     11.395        2  -204.10692
     11.545        2  -203.92744
     11.695        2  -203.75233
     11.845        2  -203.57734
     11.995        2  -203.40095
     12.145        2  -203.22969
     12.295        2  -203.06230
     12.445        2  -202.89706
     12.595        2  -202.72962
     12.745        2  -202.56364
     12.895        2  -202.40158
     13.045        2  -202.24418
     13.195        2  -202.08674
     13.345        2  -201.93376
     13.495        2  -201.77690
     13.645        2  -201.62391
     13.795        2  -201.47334
     13.945        2  -201.32020
     14.095        2  -201.17096
     14.245        2  -201.02555
     14.395        2  -200.88209
     14.545        2  -200.73911
     14.695        2  -200.60063
     14.845        2  -200.45815
     14.995        2  -200.32071
     15.145        2  -200.17887
     15.295        2  -200.04361
     15.445        2  -199.90711
     15.595        2  -199.77497
     15.745        2  -199.64434
     15.895        2  -199.51175
     16.045        2  -199.38347
     16.195        2  -199.25612
     16.345        2  -199.12952
     16.495        2  -198.99867
     16.645        2  -198.87197
     16.795        2  -198.74797
     16.945        2  -198.62523
     17.095        2  -198.50447
     17.245        2  -198.37911
     17.395        2  -198.25684
     17.545        2  -198.13886
     17.695        2  -198.02272
     17.845        2  -197.90545
     17.995        2  -197.78788
     18.145        2  -197.67148
     18.295        2  -197.55601
     18.445        2  -197.44176
     18.595        2  -197.32769
     18.745        2  -197.21279
     18.895        2  -197.10160
     19.045        2  -196.99331
     19.195        2  -196.88434
     19.345        2  -196.77658
     19.495        2  -196.66627
     19.645        2  -196.55960
     19.795        2  -196.45181
     19.945        2  -196.34413
     20.095        2  -196.23897
     21.836        2  -193.08360
     30.068        2  -188.38209
     42.097        2  -183.71680
     58.937        2  -179.09426
     82.515        2  -174.53372
     115.53        2  -170.03195
     161.74        2  -165.61098
     226.45        2  -161.27657
     317.04        2  -157.02685
     443.87        2  -152.87766
     621.44        2  -148.82156
     870.05        2  -144.85750
     1218.1        2  -141.00359
     1705.4        2  -137.24092
     2387.7        2  -133.57961
     3342.9        2  -129.99907
     4680.2        2  -126.52121
     6552.5        2  -123.12861
     9173.8        2  -119.83426
     12844.        2  -116.62300
     17982.        2  -113.51675
     25176.        2  -110.51531
     35247.        2  -107.61939
     49348.        2  -104.83930
     69090.        2  -102.17135
     96729.        2   -99.62615
    0.13543E+06    2   -97.19232
    0.18960E+06    2   -94.87157
    0.26545E+06    2   -92.65956
    0.37165E+06    2   -90.55671
    0.52033E+06    2   -88.55247
    0.72849E+06    2   -86.63961
    0.10199E+07    2   -84.81693
    0.14279E+07    2   -83.08877
    0.19992E+07    2   -81.44326
    0.27990E+07    2   -79.87899
    0.39187E+07    2   -78.38859
    0.54864E+07    2   -76.97496
    0.76812E+07    2   -75.63310
    0.10754E+08    2   -74.35463
    0.15056E+08    2   -73.13685
    0.21080E+08    2   -71.97817
    0.29513E+08    2   -70.88357
    0.41319E+08    2   -69.85082
    0.57849E+08    2   -68.89237
    0.80991E+08    2   -68.00163
    0.11339E+09    2   -67.17153
    0.15875E+09    2   -66.39748
    0.22226E+09    2   -65.67895
    0.31118E+09    2   -65.00619
    0.43567E+09    2   -64.37431
    0.60996E+09    2   -63.79657
    0.85398E+09    2   -63.27306
    0.11956E+10    2   -62.79452
    0.16739E+10    2   -62.35768
    0.23436E+10    2   -61.95318
    0.32811E+10    2   -61.58465
    0.45937E+10    2   -61.24702
    0.64315E+10    2   -60.93459
    0.90044E+10    2   -60.64671
    0.12607E+11    2   -60.38086
    0.17650E+11    2   -60.13876
    0.24711E+11    2   -59.91501
    0.34596E+11    2   -59.70873
    0.48437E+11    2   -59.52091
    0.67814E+11    2   -59.34798
    0.10000E+12    2   -57.36973
