    -29.945        1     0.00000
    -29.795        1     0.00000
    -29.645        1     0.00000
    -29.495        1     0.00000
    -29.345        1     0.00000
    -29.195        1     0.00000
    -29.045        1     0.00000
    -28.895        1     0.00000
    -28.745        1     0.00000
    -28.595        1     0.00000
    -28.445        1     0.00000
    -28.295        1     0.00000
    -28.145        1     0.00000
    -27.995        1     0.00000
    -27.845        1     0.00000
    -27.695        1     0.00000
    -27.545        1     0.00000
    -27.395        1     0.00000
    -27.245        1     0.00000
    -27.095        1     0.00000
    -26.945        1     0.00000
    -26.795        1     0.00000
    -26.645        1     0.00000
    -26.495        1     0.00000
    -26.345        1     0.00000
    -26.195        1     0.00000
    -26.045        1     0.00000
    -25.895        1     0.00000
    -25.745        1     0.00000
    -25.595        1     0.00000
    -25.445        1     0.00000
    -25.295        1     0.00000
    -25.145        1     0.00000
    -24.995        1     0.00000
    -24.845        1     0.00000
    -24.695        1     0.00000
    -24.545        1     0.00000
    -24.395        1     0.00000
    -24.245        1     0.00000
    -24.095        1     0.00000
    -23.945        1     0.00000
    -23.795        1     0.00000
    -23.645        1     0.00000
    -23.495        1    -0.00018
    -23.345        1    -0.00053
    -23.195        1    -0.00106
    -23.045        1    -0.00297
    -22.895        1    -0.00697
    -22.745        1    -0.01062
    -22.595        1    -0.01740
    -22.445        1    -0.02751
    -22.295        1    -0.04281
    -22.145        1    -0.06173
    -21.995        1    -0.08698
    -21.845        1    -0.11527
    -21.695        1    -0.15061
    -21.545        1    -0.19553
    -21.395        1    -0.24708
    -21.245        1    -0.30710
    -21.095        1    -0.38495
    -20.945        1    -0.46750
    -20.795        1    -0.55118
    -20.645        1    -0.65456
    -20.495        1    -0.76280
    -20.345        1    -0.89000
    -20.195        1    -1.03195
    -20.045        1    -1.19013
    -19.895        1    -1.36789
    -19.745        1    -1.57701
    -19.595        1    -1.79526
    -19.445        1    -2.04067
    -19.295        1    -2.28202
    -19.145        1    -2.55188
    -18.995        1    -2.84359
    -18.845        1    -3.14613
    -18.695        1    -3.45097
    -18.545        1    -3.76655
    -18.395        1    -4.08757
    -18.245        1    -4.41343
    -18.095        1    -4.75848
    -17.945        1    -5.10666
    -17.795        1    -5.46194
    -17.645        1    -5.84297
    -17.495        1    -6.24164
    -17.345        1    -6.68332
    -17.195        1    -7.14611
    -17.045        1    -7.65180
    -16.895        1    -8.19545
    -16.745        1    -8.81845
    -16.595        1    -9.46786
    -16.445        1   -10.18339
    -16.295        1   -10.93513
    -16.145        1   -11.74635
    -15.995        1   -12.56159
    -15.845        1   -13.41977
    -15.695        1   -14.30806
    -15.545        1   -15.19654
    -15.395        1   -16.09889
    -15.245        1   -16.98187
    -15.095        1   -17.88074
    -14.945        1   -18.74435
    -14.795        1   -19.57983
    -14.645        1   -20.42543
    -14.495        1   -21.26618
    -14.345        1   -22.08045
    -14.195        1   -22.89117
    -14.045        1   -23.69992
    -13.895        1   -24.49392
    -13.745        1   -25.26107
    -13.595        1   -26.04238
    -13.445        1   -26.80529
    -13.295        1   -27.55492
    -13.145        1   -28.28826
    -12.995        1   -29.00349
    -12.845        1   -29.72107
    -12.695        1   -30.43158
    -12.545        1   -31.10762
    -12.395        1   -31.77155
    -12.245        1   -32.44710
    -12.095        1   -33.11021
    -11.945        1   -33.75230
    -11.795        1   -34.38237
    -11.645        1   -35.01140
    -11.495        1   -35.62766
    -11.345        1   -36.23505
    -11.195        1   -36.81615
    -11.045        1   -37.38911
    -10.895        1   -37.95115
    -10.745        1   -38.49697
    -10.595        1   -39.02095
    -10.445        1   -39.53157
    -10.295        1   -40.03533
    -10.145        1   -40.51867
    -9.9950        1   -40.98744
    -9.8450        1   -41.44889
    -9.6950        1   -41.90573
    -9.5450        1   -42.35531
    -9.3950        1   -42.79448
    -9.2450        1   -43.22104
    -9.0950        1   -43.64097
    -8.9450        1   -44.04993
    -8.7950        1   -44.45411
    -8.6450        1   -44.85593
    -8.4950        1   -45.25513
    -8.3450        1   -45.64244
    -8.1950        1   -46.03194
    -8.0450        1   -46.42922
    -7.8950        1   -46.82218
    -7.7450        1   -47.21366
    -7.5950        1   -47.61342
    -7.4450        1   -48.01678
    -7.2950        1   -48.42506
    -7.1450        1   -48.83486
    -6.9950        1   -49.25085
    -6.8450        1   -49.68853
    -6.6950        1   -50.13097
    -6.5450        1   -50.58669
    -6.3950        1   -51.05418
    -6.2450        1   -51.53464
    -6.0950        1   -52.02499
    -5.9450        1   -52.52653
    -5.7950        1   -53.04095
    -5.6450        1   -53.57795
    -5.4950        1   -54.11483
    -5.3450        1   -54.67395
    -5.1950        1   -55.25305
    -5.0450        1   -55.84581
    -4.8950        1   -56.45522
    -4.7450        1   -57.09219
    -4.5950        1   -57.74341
    -4.4450        1   -58.42517
    -4.2950        1   -59.13578
    -4.1450        1   -59.88509
    -3.9950        1   -60.68022
    -3.8450        1   -61.51923
    -3.6950        1   -62.41982
    -3.5450        1   -63.37014
    -3.3950        1   -64.39271
    -3.2450        1   -65.49162
    -3.0950        1   -66.66537
    -2.9450        1   -67.91352
    -2.7950        1   -69.24866
    -2.6450        1   -70.68407
    -2.4950        1   -72.19486
    -2.3450        1   -73.78376
    -2.1950        1   -75.43752
    -2.0450        1   -77.13493
    -1.8950        1   -78.85795
    -1.7450        1   -80.57512
    -1.5950        1   -82.30106
    -1.4450        1   -84.01863
    -1.2950        1   -85.70739
    -1.1450        1   -87.39556
   -0.99500        1   -89.10162
   -0.84500        1   -90.84987
   -0.69500        1   -92.67804
   -0.54500        1   -94.68032
   -0.39500        1   -96.98918
   -0.25300        1   -98.74541
   -0.21500        1   -98.86555
   -0.20900        1   -98.98682
   -0.20300        1   -99.11059
   -0.19700        1   -99.23639
   -0.19100        1   -99.36379
   -0.18500        1   -99.49412
   -0.17900        1   -99.62680
   -0.17300        1   -99.76173
   -0.16700        1   -99.89949
   -0.16100        1  -100.03980
   -0.15500        1  -100.18315
   -0.14900        1  -100.33054
   -0.14300        1  -100.48118
   -0.13700        1  -100.63602
   -0.13100        1  -100.79538
   -0.12500        1  -100.95939
   -0.11900        1  -101.12760
   -0.11300        1  -101.30116
   -0.10700        1  -101.48136
   -0.10100        1  -101.66754
   -0.95000E-01    1  -101.86140
   -0.89000E-01    1  -102.06341
   -0.83000E-01    1  -102.27462
   -0.77000E-01    1  -102.49678
   -0.71000E-01    1  -102.73217
   -0.65000E-01    1  -102.98305
   -0.59000E-01    1  -103.25325
   -0.53000E-01    1  -103.54747
   -0.47000E-01    1  -103.87259
   -0.41000E-01    1  -104.23949
   -0.35000E-01    1  -104.66879
   -0.29000E-01    1  -105.19988
   -0.23000E-01    1  -105.88492
   -0.19700E-01    1  -105.96283
   -0.19100E-01    1  -106.04295
   -0.18500E-01    1  -106.12524
   -0.17900E-01    1  -106.20951
   -0.17300E-01    1  -106.29595
   -0.16700E-01    1  -106.38465
   -0.16100E-01    1  -106.47559
   -0.15500E-01    1  -106.56865
   -0.14900E-01    1  -106.66424
   -0.14300E-01    1  -106.76201
   -0.13700E-01    1  -106.86240
   -0.13100E-01    1  -106.96530
   -0.12500E-01    1  -107.07080
   -0.11900E-01    1  -107.17897
   -0.11300E-01    1  -107.28999
   -0.10700E-01    1  -107.40395
   -0.10100E-01    1  -107.52107
   -0.95000E-02    1  -107.64152
   -0.89000E-02    1  -107.76522
   -0.83000E-02    1  -107.89239
   -0.77000E-02    1  -108.02294
   -0.71000E-02    1  -108.15656
   -0.65000E-02    1  -108.29241
   -0.59000E-02    1  -108.42943
   -0.53000E-02    1  -108.56608
   -0.47000E-02    1  -108.70030
   -0.41000E-02    1  -108.83042
   -0.35000E-02    1  -108.95313
   -0.29000E-02    1  -109.06396
   -0.23000E-02    1  -109.15869
   -0.17000E-02    1  -109.23311
   -0.11000E-02    1  -109.28311
   -0.50000E-03    1  -109.30626
    0.10000E-03    1  -109.30162
    0.70000E-03    1  -109.26934
    0.13000E-02    1  -109.21083
    0.19000E-02    1  -109.12911
    0.25000E-02    1  -109.02847
    0.31000E-02    1  -108.91310
    0.37000E-02    1  -108.78752
    0.43000E-02    1  -108.65647
    0.49000E-02    1  -108.52435
    0.55000E-02    1  -108.39331
    0.61000E-02    1  -108.26446
    0.67000E-02    1  -108.13863
    0.73000E-02    1  -108.01625
    0.79000E-02    1  -107.89593
    0.85000E-02    1  -107.77791
    0.91000E-02    1  -107.66193
    0.97000E-02    1  -107.54773
    0.10300E-01    1  -107.43562
    0.10900E-01    1  -107.32564
    0.11500E-01    1  -107.21794
    0.12100E-01    1  -107.11220
    0.12700E-01    1  -107.00910
    0.13300E-01    1  -106.90808
    0.13900E-01    1  -106.80940
    0.14500E-01    1  -106.71306
    0.15100E-01    1  -106.61886
    0.15700E-01    1  -106.52692
    0.16300E-01    1  -106.43721
    0.16900E-01    1  -106.34978
    0.17500E-01    1  -106.26438
    0.18100E-01    1  -106.18122
    0.18700E-01    1  -106.09999
    0.19300E-01    1  -106.02102
    0.20200E-01    1  -105.73272
    0.25000E-01    1  -105.11031
    0.31000E-01    1  -104.62542
    0.37000E-01    1  -104.22838
    0.43000E-01    1  -103.88837
    0.49000E-01    1  -103.58839
    0.55000E-01    1  -103.31893
    0.61000E-01    1  -103.07394
    0.67000E-01    1  -102.84938
    0.73000E-01    1  -102.64115
    0.79000E-01    1  -102.44771
    0.85000E-01    1  -102.26648
    0.91000E-01    1  -102.09677
    0.97000E-01    1  -101.93662
    0.10300        1  -101.78528
    0.10900        1  -101.64228
    0.11500        1  -101.50656
    0.12100        1  -101.37809
    0.12700        1  -101.25625
    0.13300        1  -101.14076
    0.13900        1  -101.03137
    0.14500        1  -100.92721
    0.15100        1  -100.82796
    0.15700        1  -100.73358
    0.16300        1  -100.64361
    0.16900        1  -100.55733
    0.17500        1  -100.47522
    0.18100        1  -100.39667
    0.18700        1  -100.32091
    0.19300        1  -100.24847
    0.19900        1  -100.17906
    0.20500        1  -100.11247
    0.21100        1  -100.04825
    0.21700        1   -99.98640
    0.29500        1   -98.88674
    0.44500        1   -98.29822
    0.59500        1   -97.89199
    0.74500        1   -97.57519
    0.89500        1   -97.31050
     1.0450        1   -97.08782
     1.1950        1   -96.89330
     1.3450        1   -96.71893
     1.4950        1   -96.55973
     1.6450        1   -96.41439
     1.7950        1   -96.27903
     1.9450        1   -96.15127
     2.0950        1   -96.03134
     2.2450        1   -95.91997
     2.3950        1   -95.81748
     2.5450        1   -95.72290
     2.6950        1   -95.63170
     2.8450        1   -95.54682
     2.9950        1   -95.46600
     3.1450        1   -95.38904
     3.2950        1   -95.31586
     3.4450        1   -95.25029
     3.5950        1   -95.18692
     3.7450        1   -95.12687
     3.8950        1   -95.06938
     4.0450        1   -95.01452
     4.1950        1   -94.96380
     4.3450        1   -94.91241
     4.4950        1   -94.86160
     4.6450        1   -94.81328
     4.7950        1   -94.76608
     4.9450        1   -94.72171
     5.0950        1   -94.68006
     5.2450        1   -94.63862
     5.3950        1   -94.59572
     5.5450        1   -94.55639
     5.6950        1   -94.51797
     5.8450        1   -94.48003
     5.9950        1   -94.44363
     6.1450        1   -94.40816
     6.2950        1   -94.37382
     6.4450        1   -94.34141
     6.5950        1   -94.30735
     6.7450        1   -94.27440
     6.8950        1   -94.24163
     7.0450        1   -94.20996
     7.1950        1   -94.17868
     7.3450        1   -94.14837
     7.4950        1   -94.11804
     7.6450        1   -94.08853
     7.7950        1   -94.06003
     7.9450        1   -94.03015
     8.0950        1   -94.00172
     8.2450        1   -93.97414
     8.3950        1   -93.94716
     8.5450        1   -93.91994
     8.6950        1   -93.89374
     8.8450        1   -93.86751
     8.9950        1   -93.84167
     9.1450        1   -93.81680
     9.2950        1   -93.79197
     9.4450        1   -93.76779
     9.5950        1   -93.74296
     9.7450        1   -93.71835
     9.8950        1   -93.69441
     10.045        1   -93.67053
     10.195        1   -93.64748
     10.345        1   -93.62462
     10.495        1   -93.60078
     10.645        1   -93.57917
     10.795        1   -93.55725
     10.945        1   -93.53497
     11.095        1   -93.51412
     11.245        1   -93.49304
     11.395        1   -93.47124
     11.545        1   -93.44947
     11.695        1   -93.42858
     11.845        1   -93.40814
     11.995        1   -93.38769
     12.145        1   -93.36790
     12.295        1   -93.34778
     12.445        1   -93.32837
     12.595        1   -93.30953
     12.745        1   -93.29036
     12.895        1   -93.27145
     13.045        1   -93.25329
     13.195        1   -93.23480
     13.345        1   -93.21696
     13.495        1   -93.19932
     13.645        1   -93.18114
     13.795        1   -93.16395
     13.945        1   -93.14592
     14.095        1   -93.12802
     14.245        1   -93.11102
     14.395        1   -93.09354
     14.545        1   -93.07669
     14.695        1   -93.05945
     14.845        1   -93.04236
     14.995        1   -93.02622
     15.145        1   -93.00999
     15.295        1   -92.99376
     15.445        1   -92.97773
     15.595        1   -92.96209
     15.745        1   -92.94642
     15.895        1   -92.93051
     16.045        1   -92.91483
     16.195        1   -92.89998
     16.345        1   -92.88493
     16.495        1   -92.86964
     16.645        1   -92.85420
     16.795        1   -92.83912
     16.945        1   -92.82408
     17.095        1   -92.80969
     17.245        1   -92.79495
     17.395        1   -92.78088
     17.545        1   -92.76673
     17.695        1   -92.75290
     17.845        1   -92.73844
     17.995        1   -92.72433
     18.145        1   -92.71003
     18.295        1   -92.69615
     18.445        1   -92.68271
     18.595        1   -92.66879
     18.745        1   -92.65497
     18.895        1   -92.64143
     19.045        1   -92.62804
     19.195        1   -92.61446
     19.345        1   -92.60119
     19.495        1   -92.58800
     19.645        1   -92.57500
     19.795        1   -92.56231
     19.945        1   -92.54952
     20.095        1   -92.53724
     20.245        1   -92.52445
     20.395        1   -92.51184
     20.545        1   -92.49935
     20.695        1   -92.48689
     20.845        1   -92.47414
     20.995        1   -92.46228
     21.145        1   -92.44982
     21.295        1   -92.43749
     21.445        1   -92.42467
     21.595        1   -92.41244
     21.745        1   -92.40048
     21.895        1   -92.38818
     22.045        1   -92.37701
     22.195        1   -92.36586
     22.345        1   -92.35461
     22.495        1   -92.34318
     22.645        1   -92.33181
     22.795        1   -92.32075
     22.945        1   -92.30911
     23.095        1   -92.29790
     23.245        1   -92.28710
     23.395        1   -92.27630
     23.545        1   -92.26511
     23.695        1   -92.25374
     23.845        1   -92.24290
     23.995        1   -92.23197
     24.145        1   -92.22105
     24.295        1   -92.21058
     24.445        1   -92.20002
     24.595        1   -92.18914
     24.745        1   -92.17876
     24.895        1   -92.16833
     25.045        1   -92.15794
     25.195        1   -92.14752
     25.345        1   -92.13732
     25.495        1   -92.12680
     25.645        1   -92.11642
     25.795        1   -92.10616
     25.945        1   -92.09581
     26.095        1   -92.08562
     26.245        1   -92.07554
     26.395        1   -92.06609
     26.545        1   -92.05615
     26.695        1   -92.04594
     26.845        1   -92.03596
     26.995        1   -92.02639
     27.145        1   -92.01665
     27.295        1   -92.00671
     27.445        1   -91.99725
     27.595        1   -91.98781
     27.745        1   -91.97848
     27.895        1   -91.96877
     28.045        1   -91.95925
     28.195        1   -91.94999
     28.345        1   -91.94093
     28.495        1   -91.93177
     28.645        1   -91.92287
     28.795        1   -91.91384
     28.945        1   -91.90435
     29.095        1   -91.89555
     29.245        1   -91.88675
     29.395        1   -91.87817
     29.545        1   -91.86945
     29.695        1   -91.86041
     29.845        1   -91.85120
     29.995        1   -91.84234
     30.145        1   -91.83391
     30.295        1   -91.82524
     30.445        1   -91.81619
     30.595        1   -91.80722
     30.745        1   -91.79840
     30.895        1   -91.78976
     31.045        1   -91.78106
     31.195        1   -91.77259
     31.345        1   -91.76431
     31.495        1   -91.75588
     31.645        1   -91.74762
     31.795        1   -91.73901
     31.945        1   -91.73028
     32.095        1   -91.72184
     32.245        1   -91.71374
     32.395        1   -91.70527
     32.545        1   -91.69699
     32.695        1   -91.68868
     32.845        1   -91.67985
     32.995        1   -91.67138
     33.145        1   -91.66297
     33.295        1   -91.65539
     33.445        1   -91.64742
     33.595        1   -91.63961
     33.745        1   -91.63197
     33.895        1   -91.62406
     34.045        1   -91.61617
     34.195        1   -91.60871
     34.345        1   -91.60097
     34.495        1   -91.59342
     34.645        1   -91.58528
     34.795        1   -91.57780
     34.945        1   -91.56971
     35.095        1   -91.56202
     35.245        1   -91.55459
     35.395        1   -91.54731
     35.545        1   -91.53963
     35.695        1   -91.53218
     35.845        1   -91.52489
     35.995        1   -91.51741
     36.145        1   -91.50995
     36.295        1   -91.50247
     36.445        1   -91.49482
     36.595        1   -91.48804
     36.745        1   -91.48100
     36.895        1   -91.47380
     37.045        1   -91.46703
     37.195        1   -91.45931
     37.345        1   -91.45203
     37.495        1   -91.44501
     37.645        1   -91.43772
     37.795        1   -91.43065
     37.945        1   -91.42347
     38.095        1   -91.41603
     38.245        1   -91.40917
     38.395        1   -91.40205
     38.545        1   -91.39530
     38.695        1   -91.38849
     38.845        1   -91.38125
     38.995        1   -91.37424
     39.145        1   -91.36733
     39.295        1   -91.36073
     39.445        1   -91.35394
     39.595        1   -91.34707
     39.745        1   -91.34024
     39.895        1   -91.33321
     40.045        1   -91.32644
     40.195        1   -91.31956
     40.345        1   -91.31265
     40.495        1   -91.30628
     40.645        1   -91.29939
     40.795        1   -91.29291
     40.945        1   -91.28646
     41.095        1   -91.27981
     41.245        1   -91.27338
     41.395        1   -91.26705
     41.545        1   -91.26080
     41.695        1   -91.25443
     41.845        1   -91.24764
     41.995        1   -91.24120
     42.145        1   -91.23492
     42.295        1   -91.22857
     42.445        1   -91.22204
     42.595        1   -91.21568
     42.745        1   -91.20944
     42.895        1   -91.20309
     43.045        1   -91.19692
     43.195        1   -91.19092
     43.345        1   -91.18454
     43.495        1   -91.17787
     43.645        1   -91.17125
     43.795        1   -91.16521
     43.945        1   -91.15927
     44.095        1   -91.15265
     44.245        1   -91.14687
     44.395        1   -91.14070
     44.545        1   -91.13481
     44.695        1   -91.12877
     44.845        1   -91.12281
     44.995        1   -91.11659
     45.145        1   -91.11046
     45.295        1   -91.10454
     45.445        1   -91.09853
     45.595        1   -91.09242
     45.745        1   -91.08667
     45.895        1   -91.08097
     46.045        1   -91.07505
     46.195        1   -91.06925
     46.345        1   -91.06315
     46.495        1   -91.05688
     46.645        1   -91.05130
     46.795        1   -91.04527
     46.945        1   -91.03974
     47.095        1   -91.03407
     47.245        1   -91.02838
     47.395        1   -91.02263
     47.545        1   -91.01705
     47.695        1   -91.01160
     47.845        1   -91.00608
     47.995        1   -91.00078
     48.145        1   -90.99473
     48.295        1   -90.98916
     48.445        1   -90.98343
     48.595        1   -90.97778
     48.745        1   -90.97178
     48.895        1   -90.96621
     49.045        1   -90.96064
     49.195        1   -90.95522
     49.345        1   -90.94932
     49.495        1   -90.94347
     49.645        1   -90.93825
     49.795        1   -90.93273
     49.945        1   -90.92733
     50.095        1   -90.92193
     50.245        1   -90.91674
     50.395        1   -90.91129
     50.545        1   -90.90580
     50.695        1   -90.90072
     50.845        1   -90.89549
     50.995        1   -90.88998
     51.145        1   -90.88454
     51.295        1   -90.87910
     51.445        1   -90.87365
     51.595        1   -90.86814
     51.745        1   -90.86309
     51.895        1   -90.85787
     52.045        1   -90.85250
     52.195        1   -90.84696
     52.345        1   -90.84183
     52.495        1   -90.83649
     52.645        1   -90.83135
     52.795        1   -90.82645
     52.945        1   -90.82107
     53.095        1   -90.81619
     53.245        1   -90.81092
     53.395        1   -90.80608
     53.545        1   -90.80123
     53.695        1   -90.79640
     53.845        1   -90.79104
     53.995        1   -90.78596
     54.145        1   -90.78116
     54.295        1   -90.77598
     54.445        1   -90.77087
     54.595        1   -90.76611
     54.745        1   -90.76085
     54.895        1   -90.75609
     55.045        1   -90.75115
     55.195        1   -90.74640
     55.345        1   -90.74164
     55.495        1   -90.73678
     55.645        1   -90.73172
     55.795        1   -90.72692
     55.945        1   -90.72162
     56.095        1   -90.71681
     56.245        1   -90.71188
     56.395        1   -90.70691
     56.545        1   -90.70205
     56.695        1   -90.69730
     56.845        1   -90.69247
     56.995        1   -90.68767
     57.145        1   -90.68293
     57.295        1   -90.67811
     57.445        1   -90.67365
     57.595        1   -90.66916
     57.745        1   -90.66439
     57.895        1   -90.65975
     58.045        1   -90.65513
     58.195        1   -90.65005
     58.345        1   -90.64505
     58.495        1   -90.64058
     58.645        1   -90.63596
     58.795        1   -90.63119
     58.945        1   -90.62644
     59.095        1   -90.62185
     59.245        1   -90.61719
     59.395        1   -90.61258
     59.545        1   -90.60803
     59.695        1   -90.60351
     59.845        1   -90.59899
     59.995        1   -90.59445
     60.145        1   -90.58971
     70.939        1   -90.00584
     97.698        1   -89.41517
     134.55        1   -88.82630
     185.30        1   -88.24148
     255.20        1   -87.65954
     351.46        1   -87.08171
     484.04        1   -86.50874
     666.62        1   -85.94053
     918.07        1   -85.38166
     1264.4        1   -84.82823
     1741.3        1   -84.28127
     2398.1        1   -83.74154
     3302.7        1   -83.21037
     4548.5        1   -82.68401
     6264.3        1   -82.16496
     8627.2        1   -81.65340
     11881.        1   -81.14912
     16363.        1   -80.64836
     22535.        1   -80.15490
     31036.        1   -79.66936
     42743.        1   -79.18541
     58866.        1   -78.71218
     81070.        1   -78.24071
    0.11165E+06    1   -77.77924
    0.15377E+06    1   -77.31982
    0.21177E+06    1   -76.86558
    0.29165E+06    1   -76.41602
    0.40166E+06    1   -75.97077
    0.55317E+06    1   -75.52760
    0.76182E+06    1   -75.08906
    0.10492E+07    1   -74.65044
    0.14449E+07    1   -74.21288
    0.19900E+07    1   -73.77847
    0.27406E+07    1   -73.34353
    0.37744E+07    1   -72.90556
    0.51981E+07    1   -72.46637
    0.71589E+07    1   -72.02576
    0.98593E+07    1   -71.58292
    0.13578E+08    1   -71.13939
    0.18700E+08    1   -70.69404
    0.25754E+08    1   -70.24882
    0.35468E+08    1   -69.80483
    0.48847E+08    1   -69.36768
    0.67273E+08    1   -68.94263
    0.92648E+08    1   -68.52854
    0.12760E+09    1   -68.12413
    0.17573E+09    1   -67.73231
    0.24201E+09    1   -67.35133
    0.33330E+09    1   -66.98448
    0.45902E+09    1   -66.63474
    0.63217E+09    1   -66.30611
    0.87062E+09    1   -65.99669
    0.11990E+10    1   -65.70813
    0.16513E+10    1   -65.43998
    0.22742E+10    1   -65.19065
    0.31320E+10    1   -64.95790
    0.43134E+10    1   -64.74036
    0.59405E+10    1   -64.53781
    0.81813E+10    1   -64.34954
    0.11267E+11    1   -64.17379
    0.15517E+11    1   -64.00999
    0.21371E+11    1   -63.85772
    0.29432E+11    1   -63.71596
    0.40534E+11    1   -63.58468
    0.55823E+11    1   -63.46256
    0.10000E+12    1   -61.93686
    -149.95        2     0.00000
    -149.79        2     0.00000
    -149.65        2     0.00000
    -149.49        2     0.00000
    -149.34        2     0.00000
    -149.20        2     0.00000
    -149.04        2     0.00000
    -148.90        2     0.00000
    -148.74        2     0.00000
    -148.59        2     0.00000
    -148.45        2     0.00000
    -148.29        2     0.00000
    -148.15        2     0.00000
    -147.99        2     0.00000
    -147.84        2     0.00000
    -147.70        2     0.00000
    -147.54        2     0.00000
    -147.40        2     0.00000
    -147.24        2     0.00000
    -147.09        2     0.00000
    -146.95        2     0.00000
    -146.79        2     0.00000
    -146.65        2     0.00000
    -146.49        2     0.00000
    -146.34        2     0.00000
    -146.20        2     0.00000
    -146.04        2     0.00000
    -145.90        2     0.00000
    -145.74        2     0.00000
    -145.59        2     0.00000
    -145.45        2     0.00000
    -145.29        2     0.00000
    -145.15        2     0.00000
    -144.99        2     0.00000
    -144.84        2     0.00000
    -144.70        2     0.00000
    -144.54        2     0.00000
    -144.40        2     0.00000
    -144.24        2     0.00000
    -144.09        2     0.00000
    -143.95        2     0.00000
    -143.79        2     0.00000
    -143.65        2     0.00000
    -143.49        2     0.00000
    -143.34        2     0.00000
    -143.20        2     0.00000
    -143.04        2     0.00000
    -142.90        2     0.00000
    -142.74        2     0.00000
    -142.59        2     0.00000
    -142.45        2     0.00000
    -142.29        2     0.00000
    -142.15        2     0.00000
    -141.99        2     0.00000
    -141.84        2     0.00000
    -141.70        2     0.00000
    -141.54        2     0.00000
    -141.40        2     0.00000
    -141.24        2     0.00000
    -141.09        2     0.00000
    -140.95        2     0.00000
    -140.79        2     0.00000
    -140.65        2     0.00000
    -140.49        2     0.00000
    -140.34        2     0.00000
    -140.20        2     0.00000
    -140.04        2     0.00000
    -139.90        2     0.00000
    -139.74        2     0.00000
    -139.59        2     0.00000
    -139.45        2     0.00000
    -139.29        2     0.00000
    -139.15        2     0.00000
    -138.99        2     0.00000
    -138.84        2     0.00000
    -138.70        2     0.00000
    -138.54        2     0.00000
    -138.40        2     0.00000
    -138.24        2     0.00000
    -138.09        2     0.00000
    -137.95        2     0.00000
    -137.79        2     0.00000
    -137.65        2     0.00000
    -137.49        2     0.00000
    -137.34        2     0.00000
    -137.20        2     0.00000
    -137.04        2     0.00000
    -136.90        2     0.00000
    -136.74        2     0.00000
    -136.59        2     0.00000
    -136.45        2     0.00000
    -136.29        2     0.00000
    -136.15        2     0.00000
    -135.99        2     0.00000
    -135.84        2     0.00000
    -135.70        2     0.00000
    -135.54        2     0.00000
    -135.40        2     0.00000
    -135.24        2     0.00000
    -135.09        2     0.00000
    -134.95        2     0.00000
    -134.79        2     0.00000
    -134.65        2     0.00000
    -134.49        2     0.00000
    -134.34        2     0.00000
    -134.20        2     0.00000
    -134.04        2     0.00000
    -133.90        2     0.00000
    -133.74        2     0.00000
    -133.59        2     0.00000
    -133.45        2     0.00000
    -133.29        2     0.00000
    -133.15        2     0.00000
    -132.99        2     0.00000
    -132.84        2     0.00000
    -132.70        2     0.00000
    -132.54        2     0.00000
    -132.40        2     0.00000
    -132.24        2     0.00000
    -132.09        2     0.00000
    -131.95        2     0.00000
    -131.79        2     0.00000
    -131.65        2     0.00000
    -131.49        2     0.00000
    -131.34        2     0.00000
    -131.20        2     0.00000
    -131.04        2     0.00000
    -130.90        2     0.00000
    -130.74        2     0.00000
    -130.59        2     0.00000
    -130.45        2     0.00000
    -130.29        2     0.00000
    -130.15        2     0.00000
    -129.99        2     0.00000
    -129.84        2     0.00000
    -129.70        2     0.00000
    -129.54        2     0.00000
    -129.40        2     0.00000
    -129.24        2     0.00000
    -129.09        2     0.00000
    -128.95        2     0.00000
    -128.79        2     0.00000
    -128.65        2     0.00000
    -128.49        2     0.00000
    -128.34        2     0.00000
    -128.20        2     0.00000
    -128.04        2     0.00000
    -127.89        2     0.00000
    -127.75        2     0.00000
    -127.60        2     0.00000
    -127.44        2     0.00000
    -127.30        2     0.00000
    -127.14        2     0.00000
    -127.00        2     0.00000
    -126.85        2     0.00000
    -126.69        2     0.00000
    -126.55        2     0.00000
    -126.39        2     0.00000
    -126.25        2     0.00000
    -126.10        2     0.00000
    -125.94        2     0.00000
    -125.80        2     0.00000
    -125.64        2     0.00000
    -125.50        2     0.00000
    -125.35        2     0.00000
    -125.19        2     0.00000
    -125.05        2     0.00000
    -124.89        2     0.00000
    -124.75        2     0.00000
    -124.60        2     0.00000
    -124.44        2     0.00000
    -124.30        2     0.00000
    -124.14        2     0.00000
    -124.00        2     0.00000
    -123.85        2     0.00000
    -123.69        2     0.00000
    -123.55        2     0.00000
    -123.39        2     0.00000
    -123.25        2     0.00000
    -123.10        2     0.00000
    -122.94        2     0.00000
    -122.80        2     0.00000
    -122.64        2     0.00000
    -122.50        2     0.00000
    -122.35        2     0.00000
    -122.19        2     0.00000
    -122.05        2     0.00000
    -121.89        2     0.00000
    -121.75        2     0.00000
    -121.60        2     0.00000
    -121.44        2     0.00000
    -121.30        2     0.00000
    -121.14        2     0.00000
    -121.00        2     0.00000
    -120.85        2     0.00000
    -120.69        2     0.00000
    -120.55        2     0.00000
    -120.39        2     0.00000
    -120.25        2     0.00000
    -120.10        2     0.00000
    -119.94        2     0.00000
    -119.80        2     0.00000
    -119.64        2     0.00000
    -119.50        2     0.00000
    -119.35        2     0.00000
    -119.19        2     0.00000
    -119.05        2     0.00000
    -118.89        2     0.00000
    -118.75        2     0.00000
    -118.60        2     0.00000
    -118.44        2     0.00000
    -118.30        2     0.00000
    -118.14        2     0.00000
    -118.00        2     0.00000
    -117.85        2     0.00000
    -117.69        2     0.00000
    -117.55        2     0.00000
    -117.39        2     0.00000
    -117.25        2     0.00000
    -117.10        2     0.00000
    -116.94        2     0.00000
    -116.80        2     0.00000
    -116.64        2     0.00000
    -116.50        2     0.00000
    -116.35        2     0.00000
    -116.19        2     0.00000
    -116.05        2     0.00000
    -115.89        2     0.00000
    -115.75        2     0.00000
    -115.60        2     0.00000
    -115.44        2     0.00000
    -115.30        2     0.00000
    -115.14        2     0.00000
    -115.00        2     0.00000
    -114.85        2     0.00000
    -114.69        2     0.00000
    -114.55        2     0.00000
    -114.39        2     0.00000
    -114.25        2     0.00000
    -114.10        2     0.00000
    -113.94        2     0.00000
    -113.80        2     0.00000
    -113.64        2     0.00000
    -113.50        2     0.00000
    -113.35        2     0.00000
    -113.19        2     0.00000
    -113.05        2     0.00000
    -112.89        2     0.00000
    -112.75        2     0.00000
    -112.60        2     0.00000
    -112.44        2     0.00000
    -112.30        2     0.00000
    -112.14        2     0.00000
    -112.00        2     0.00000
    -111.85        2     0.00000
    -111.69        2     0.00000
    -111.55        2     0.00000
    -111.39        2     0.00000
    -111.25        2     0.00000
    -111.10        2     0.00000
    -110.94        2     0.00000
    -110.80        2     0.00000
    -110.64        2     0.00000
    -110.50        2     0.00000
    -110.35        2     0.00000
    -110.19        2     0.00000
    -110.05        2     0.00000
    -109.89        2     0.00000
    -109.75        2     0.00000
    -109.60        2     0.00000
    -109.44        2     0.00000
    -109.30        2     0.00000
    -109.14        2     0.00000
    -109.00        2     0.00000
    -108.85        2     0.00000
    -108.69        2     0.00000
    -108.55        2     0.00000
    -108.39        2     0.00000
    -108.25        2     0.00000
    -108.10        2     0.00000
    -107.94        2     0.00000
    -107.80        2     0.00000
    -107.64        2     0.00000
    -107.50        2     0.00000
    -107.35        2     0.00000
    -107.19        2     0.00000
    -107.05        2     0.00000
    -106.89        2     0.00000
    -106.75        2     0.00000
    -106.60        2     0.00000
    -106.44        2     0.00000
    -106.30        2     0.00000
    -106.14        2     0.00000
    -106.00        2     0.00000
    -105.85        2     0.00000
    -105.69        2     0.00000
    -105.55        2     0.00000
    -105.39        2     0.00000
    -105.25        2     0.00000
    -105.10        2     0.00000
    -104.94        2     0.00000
    -104.80        2     0.00000
    -104.64        2     0.00000
    -104.50        2     0.00000
    -104.35        2     0.00000
    -104.19        2     0.00000
    -104.05        2     0.00000
    -103.89        2     0.00000
    -103.75        2     0.00000
    -103.60        2     0.00000
    -103.44        2     0.00000
    -103.30        2     0.00000
    -103.14        2     0.00000
    -103.00        2     0.00000
    -102.85        2     0.00000
    -102.69        2     0.00000
    -102.55        2     0.00000
    -102.39        2     0.00000
    -102.25        2     0.00000
    -102.10        2     0.00000
    -101.94        2     0.00000
    -101.80        2     0.00000
    -101.64        2     0.00000
    -101.50        2     0.00000
    -101.35        2     0.00000
    -101.19        2     0.00000
    -101.05        2     0.00000
    -100.89        2     0.00000
    -100.75        2     0.00000
    -100.60        2     0.00000
    -100.44        2     0.00000
    -100.30        2     0.00000
    -100.14        2     0.00000
    -99.995        2     0.00000
    -99.845        2     0.00000
    -99.695        2     0.00000
    -99.545        2     0.00000
    -99.395        2     0.00000
    -99.245        2     0.00000
    -99.095        2     0.00000
    -98.945        2     0.00000
    -98.795        2     0.00000
    -98.645        2     0.00000
    -98.495        2     0.00000
    -98.345        2     0.00000
    -98.195        2     0.00000
    -98.045        2     0.00000
    -97.895        2     0.00000
    -97.745        2     0.00000
    -97.595        2     0.00000
    -97.445        2     0.00000
    -97.295        2     0.00000
    -97.145        2     0.00000
    -96.995        2     0.00000
    -96.845        2     0.00000
    -96.695        2     0.00000
    -96.545        2     0.00000
    -96.395        2     0.00000
    -96.245        2     0.00000
    -96.095        2     0.00000
    -95.945        2     0.00000
    -95.795        2     0.00000
    -95.645        2     0.00000
    -95.495        2     0.00000
    -95.345        2     0.00000
    -95.195        2     0.00000
    -95.045        2     0.00000
    -94.895        2     0.00000
    -94.745        2     0.00000
    -94.595        2     0.00000
    -94.445        2     0.00000
    -94.295        2     0.00000
    -94.145        2     0.00000
    -93.995        2     0.00000
    -93.845        2     0.00000
    -93.695        2     0.00000
    -93.545        2     0.00000
    -93.395        2     0.00000
    -93.245        2     0.00000
    -93.095        2     0.00000
    -92.945        2     0.00000
    -92.795        2     0.00000
    -92.645        2     0.00000
    -92.495        2     0.00000
    -92.345        2     0.00000
    -92.195        2     0.00000
    -92.045        2     0.00000
    -91.895        2     0.00000
    -91.745        2     0.00000
    -91.595        2     0.00000
    -91.445        2     0.00000
    -91.295        2     0.00000
    -91.145        2     0.00000
    -90.995        2     0.00000
    -90.845        2     0.00000
    -90.695        2     0.00000
    -90.545        2     0.00000
    -90.395        2     0.00000
    -90.245        2     0.00000
    -90.095        2     0.00000
    -89.945        2     0.00000
    -89.795        2     0.00000
    -89.645        2     0.00000
    -89.495        2     0.00000
    -89.345        2     0.00000
    -89.195        2     0.00000
    -89.045        2     0.00000
    -88.895        2     0.00000
    -88.745        2     0.00000
    -88.595        2     0.00000
    -88.445        2     0.00000
    -88.295        2     0.00000
    -88.145        2     0.00000
    -87.995        2     0.00000
    -87.845        2     0.00000
    -87.695        2     0.00000
    -87.545        2     0.00000
    -87.395        2     0.00000
    -87.245        2     0.00000
    -87.095        2     0.00000
    -86.945        2     0.00000
    -86.795        2     0.00000
    -86.645        2     0.00000
    -86.495        2     0.00000
    -86.345        2     0.00000
    -86.195        2     0.00000
    -86.045        2     0.00000
    -85.895        2     0.00000
    -85.745        2     0.00000
    -85.595        2     0.00000
    -85.445        2     0.00000
    -85.295        2     0.00000
    -85.145        2     0.00000
    -84.995        2     0.00000
    -84.845        2     0.00000
    -84.695        2     0.00000
    -84.545        2     0.00000
    -84.395        2     0.00000
    -84.245        2     0.00000
    -84.095        2     0.00000
    -83.945        2     0.00000
    -83.795        2     0.00000
    -83.645        2     0.00000
    -83.495        2     0.00000
    -83.345        2     0.00000
    -83.195        2     0.00000
    -83.045        2     0.00000
    -82.895        2     0.00000
    -82.745        2     0.00000
    -82.595        2     0.00000
    -82.445        2     0.00000
    -82.295        2     0.00000
    -82.145        2     0.00000
    -81.995        2     0.00000
    -81.845        2     0.00000
    -81.695        2     0.00000
    -81.545        2     0.00000
    -81.395        2     0.00000
    -81.245        2     0.00000
    -81.095        2     0.00000
    -80.945        2     0.00000
    -80.795        2     0.00000
    -80.645        2     0.00000
    -80.495        2     0.00000
    -80.345        2     0.00000
    -80.195        2     0.00000
    -80.045        2     0.00000
    -79.895        2     0.00000
    -79.745        2     0.00000
    -79.595        2     0.00000
    -79.445        2     0.00000
    -79.295        2     0.00000
    -79.145        2     0.00000
    -78.995        2     0.00000
    -78.845        2     0.00000
    -78.695        2     0.00000
    -78.545        2     0.00000
    -78.395        2     0.00000
    -78.245        2     0.00000
    -78.095        2     0.00000
    -77.945        2     0.00000
    -77.795        2     0.00000
    -77.645        2     0.00000
    -77.495        2     0.00000
    -77.345        2     0.00000
    -77.195        2     0.00000
    -77.045        2     0.00000
    -76.895        2     0.00000
    -76.745        2     0.00000
    -76.595        2     0.00000
    -76.445        2     0.00000
    -76.295        2     0.00000
    -76.145        2     0.00000
    -75.995        2     0.00000
    -75.845        2     0.00000
    -75.695        2     0.00000
    -75.545        2     0.00000
    -75.395        2     0.00000
    -75.245        2     0.00000
    -75.095        2     0.00000
    -74.945        2     0.00000
    -74.795        2     0.00000
    -74.645        2     0.00000
    -74.495        2     0.00000
    -74.345        2     0.00000
    -74.195        2     0.00000
    -74.045        2     0.00000
    -73.895        2     0.00000
    -73.745        2     0.00000
    -73.595        2     0.00000
    -73.445        2     0.00000
    -73.295        2     0.00000
    -73.145        2     0.00000
    -72.995        2     0.00000
    -72.845        2     0.00000
    -72.695        2     0.00000
    -72.545        2     0.00000
    -72.395        2     0.00000
    -72.245        2     0.00000
    -72.095        2     0.00000
    -71.945        2     0.00000
    -71.795        2     0.00000
    -71.645        2     0.00000
    -71.495        2     0.00000
    -71.345        2     0.00000
    -71.195        2     0.00000
    -71.045        2     0.00000
    -70.895        2     0.00000
    -70.745        2     0.00000
    -70.595        2     0.00000
    -70.445        2     0.00000
    -70.295        2     0.00000
    -70.145        2     0.00000
    -69.995        2     0.00000
    -69.845        2     0.00000
    -69.695        2     0.00000
    -69.545        2     0.00000
    -69.395        2     0.00000
    -69.245        2     0.00000
    -69.095        2     0.00000
    -68.945        2     0.00000
    -68.795        2     0.00000
    -68.645        2     0.00000
    -68.495        2     0.00000
    -68.345        2     0.00000
    -68.195        2     0.00000
    -68.045        2     0.00000
    -67.895        2     0.00000
    -67.745        2     0.00000
    -67.595        2     0.00000
    -67.445        2     0.00000
    -67.295        2     0.00000
    -67.145        2     0.00000
    -66.995        2     0.00000
    -66.845        2     0.00000
    -66.695        2     0.00000
    -66.545        2     0.00000
    -66.395        2     0.00000
    -66.245        2     0.00000
    -66.095        2     0.00000
    -65.945        2     0.00000
    -65.795        2     0.00000
    -65.645        2     0.00000
    -65.495        2     0.00000
    -65.345        2     0.00000
    -65.195        2     0.00000
    -65.045        2     0.00000
    -64.895        2     0.00000
    -64.745        2     0.00000
    -64.595        2     0.00000
    -64.445        2     0.00000
    -64.295        2     0.00000
    -64.145        2     0.00000
    -63.995        2     0.00000
    -63.845        2     0.00000
    -63.695        2     0.00000
    -63.545        2     0.00000
    -63.395        2     0.00000
    -63.245        2     0.00000
    -63.095        2     0.00000
    -62.945        2     0.00000
    -62.795        2     0.00000
    -62.645        2     0.00000
    -62.495        2     0.00000
    -62.345        2     0.00000
    -62.195        2     0.00000
    -62.045        2     0.00000
    -61.895        2     0.00000
    -61.745        2     0.00000
    -61.595        2     0.00000
    -61.445        2     0.00000
    -61.295        2     0.00000
    -61.145        2     0.00000
    -60.995        2     0.00000
    -60.845        2     0.00000
    -60.695        2     0.00000
    -60.545        2     0.00000
    -60.395        2     0.00000
    -60.245        2     0.00000
    -60.095        2     0.00000
    -59.945        2     0.00000
    -59.795        2     0.00000
    -59.645        2     0.00000
    -59.495        2     0.00000
    -59.345        2     0.00000
    -59.195        2     0.00000
    -59.045        2     0.00000
    -58.895        2     0.00000
    -58.745        2     0.00000
    -58.595        2     0.00000
    -58.445        2     0.00000
    -58.295        2     0.00000
    -58.145        2     0.00000
    -57.995        2     0.00000
    -57.845        2     0.00000
    -57.695        2     0.00000
    -57.545        2     0.00000
    -57.395        2     0.00000
    -57.245        2     0.00000
    -57.095        2     0.00000
    -56.945        2     0.00000
    -56.795        2     0.00000
    -56.645        2     0.00000
    -56.495        2     0.00000
    -56.345        2     0.00000
    -56.195        2     0.00000
    -56.045        2     0.00000
    -55.895        2     0.00000
    -55.745        2     0.00000
    -55.595        2     0.00000
    -55.445        2     0.00000
    -55.295        2     0.00000
    -55.145        2     0.00000
    -54.995        2     0.00000
    -54.845        2     0.00000
    -54.695        2     0.00000
    -54.545        2     0.00000
    -54.395        2     0.00000
    -54.245        2     0.00000
    -54.095        2     0.00000
    -53.945        2     0.00000
    -53.795        2     0.00000
    -53.645        2     0.00000
    -53.495        2     0.00000
    -53.345        2     0.00000
    -53.195        2     0.00000
    -53.045        2     0.00000
    -52.895        2     0.00000
    -52.745        2     0.00000
    -52.595        2     0.00000
    -52.445        2     0.00000
    -52.295        2     0.00000
    -52.145        2     0.00000
    -51.995        2     0.00000
    -51.845        2     0.00000
    -51.695        2     0.00000
    -51.545        2     0.00000
    -51.395        2     0.00000
    -51.245        2     0.00000
    -51.095        2     0.00000
    -50.945        2     0.00000
    -50.795        2     0.00000
    -50.645        2     0.00000
    -50.495        2     0.00000
    -50.345        2     0.00000
    -50.195        2     0.00000
    -50.045        2     0.00000
    -49.895        2     0.00000
    -49.745        2     0.00000
    -49.595        2     0.00000
    -49.445        2     0.00000
    -49.295        2     0.00000
    -49.145        2     0.00000
    -48.995        2     0.00000
    -48.845        2     0.00000
    -48.695        2     0.00000
    -48.545        2     0.00000
    -48.395        2     0.00000
    -48.245        2     0.00000
    -48.095        2     0.00000
    -47.945        2     0.00000
    -47.795        2     0.00000
    -47.645        2     0.00000
    -47.495        2     0.00000
    -47.345        2     0.00000
    -47.195        2     0.00000
    -47.045        2     0.00000
    -46.895        2     0.00000
    -46.745        2     0.00000
    -46.595        2     0.00000
    -46.445        2     0.00000
    -46.295        2     0.00000
    -46.145        2     0.00000
    -45.995        2     0.00000
    -45.845        2     0.00000
    -45.695        2     0.00000
    -45.545        2     0.00000
    -45.395        2     0.00000
    -45.245        2     0.00000
    -45.095        2     0.00000
    -44.945        2     0.00000
    -44.795        2     0.00000
    -44.645        2     0.00000
    -44.495        2     0.00000
    -44.345        2     0.00000
    -44.195        2     0.00000
    -44.045        2     0.00000
    -43.895        2     0.00000
    -43.745        2     0.00000
    -43.595        2     0.00000
    -43.445        2     0.00000
    -43.295        2     0.00000
    -43.145        2     0.00000
    -42.995        2     0.00000
    -42.845        2     0.00000
    -42.695        2     0.00000
    -42.545        2     0.00000
    -42.395        2     0.00000
    -42.245        2     0.00000
    -42.095        2     0.00000
    -41.945        2     0.00000
    -41.795        2     0.00000
    -41.645        2     0.00000
    -41.495        2     0.00000
    -41.345        2     0.00000
    -41.195        2     0.00000
    -41.045        2     0.00000
    -40.895        2     0.00000
    -40.745        2     0.00000
    -40.595        2     0.00000
    -40.445        2     0.00000
    -40.295        2     0.00000
    -40.145        2     0.00000
    -39.995        2     0.00000
    -39.845        2     0.00000
    -39.695        2     0.00000
    -39.545        2     0.00000
    -39.395        2     0.00000
    -39.245        2     0.00000
    -39.095        2     0.00000
    -38.945        2     0.00000
    -38.795        2     0.00000
    -38.645        2     0.00000
    -38.495        2     0.00000
    -38.345        2     0.00000
    -38.195        2     0.00000
    -38.045        2     0.00000
    -37.895        2     0.00000
    -37.745        2     0.00000
    -37.595        2     0.00000
    -37.445        2     0.00000
    -37.295        2     0.00000
    -37.145        2     0.00000
    -36.995        2     0.00000
    -36.845        2     0.00000
    -36.695        2     0.00000
    -36.545        2     0.00000
    -36.395        2     0.00000
    -36.245        2     0.00000
    -36.095        2     0.00000
    -35.945        2     0.00000
    -35.795        2     0.00000
    -35.645        2     0.00000
    -35.495        2     0.00000
    -35.345        2     0.00000
    -35.195        2     0.00000
    -35.045        2     0.00000
    -34.895        2     0.00000
    -34.745        2     0.00000
    -34.595        2     0.00000
    -34.445        2     0.00000
    -34.295        2     0.00000
    -34.145        2     0.00000
    -33.995        2     0.00000
    -33.845        2     0.00000
    -33.695        2     0.00000
    -33.545        2     0.00000
    -33.395        2     0.00000
    -33.245        2     0.00000
    -33.095        2     0.00000
    -32.945        2     0.00000
    -32.795        2     0.00000
    -32.645        2     0.00000
    -32.495        2     0.00000
    -32.345        2     0.00000
    -32.195        2     0.00000
    -32.045        2     0.00000
    -31.895        2     0.00000
    -31.745        2     0.00000
    -31.595        2     0.00000
    -31.445        2     0.00000
    -31.295        2     0.00000
    -31.145        2     0.00000
    -30.995        2     0.00000
    -30.845        2     0.00000
    -30.695        2     0.00000
    -30.545        2     0.00000
    -30.395        2     0.00000
    -30.245        2     0.00000
    -30.095        2     0.00000
    -29.945        2     0.00000
    -29.795        2     0.00000
    -29.645        2     0.00000
    -29.495        2     0.00000
    -29.345        2     0.00000
    -29.195        2     0.00000
    -29.045        2     0.00000
    -28.895        2     0.00000
    -28.745        2     0.00000
    -28.595        2     0.00000
    -28.445        2     0.00000
    -28.295        2     0.00000
    -28.145        2     0.00000
    -27.995        2     0.00000
    -27.845        2     0.00000
    -27.695        2     0.00000
    -27.545        2     0.00000
    -27.395        2     0.00000
    -27.245        2     0.00000
    -27.095        2     0.00000
    -26.945        2     0.00000
    -26.795        2     0.00000
    -26.645        2     0.00000
    -26.495        2     0.00000
    -26.345        2     0.00000
    -26.195        2     0.00000
    -26.045        2     0.00000
    -25.895        2     0.00000
    -25.745        2     0.00000
    -25.595        2     0.00000
    -25.445        2     0.00000
    -25.295        2     0.00000
    -25.145        2     0.00000
    -24.995        2     0.00000
    -24.845        2     0.00000
    -24.695        2     0.00000
    -24.545        2     0.00000
    -24.395        2     0.00000
    -24.245        2     0.00000
    -24.095        2     0.00000
    -23.945        2     0.00000
    -23.795        2     0.00000
    -23.645        2     0.00000
    -23.495        2     0.00000
    -23.345        2     0.00000
    -23.195        2     0.00000
    -23.045        2     0.00000
    -22.895        2     0.00000
    -22.745        2     0.00000
    -22.595        2     0.00000
    -22.445        2     0.00000
    -22.295        2     0.00000
    -22.145        2     0.00000
    -21.995        2     0.00000
    -21.845        2     0.00000
    -21.695        2     0.00000
    -21.545        2     0.00000
    -21.395        2     0.00000
    -21.245        2     0.00000
    -21.095        2     0.00000
    -20.945        2     0.00000
    -20.795        2     0.00000
    -20.645        2     0.00000
    -20.495        2     0.00000
    -20.345        2     0.00000
    -20.195        2     0.00000
    -20.045        2     0.00000
    -19.895        2     0.00000
    -19.745        2     0.00000
    -19.595        2     0.00000
    -19.445        2     0.00000
    -19.295        2     0.00000
    -19.145        2     0.00000
    -18.995        2     0.00000
    -18.845        2     0.00000
    -18.695        2     0.00000
    -18.545        2     0.00000
    -18.395        2     0.00000
    -18.245        2     0.00000
    -18.095        2     0.00000
    -17.945        2     0.00000
    -17.795        2     0.00000
    -17.645        2     0.00000
    -17.495        2     0.00000
    -17.345        2     0.00000
    -17.195        2     0.00000
    -17.045        2    -0.00057
    -16.895        2    -0.00752
    -16.745        2    -0.03912
    -16.595        2    -0.12229
    -16.445        2    -0.24862
    -16.295        2    -0.44663
    -16.145        2    -0.69307
    -15.995        2    -0.95874
    -15.845        2    -1.26095
    -15.695        2    -1.57139
    -15.545        2    -1.88909
    -15.395        2    -2.21244
    -15.245        2    -2.53574
    -15.095        2    -2.86286
    -14.945        2    -3.20099
    -14.795        2    -3.55629
    -14.645        2    -3.92604
    -14.495        2    -4.32983
    -14.345        2    -4.77419
    -14.195        2    -5.22925
    -14.045        2    -5.72193
    -13.895        2    -6.25275
    -13.745        2    -6.80109
    -13.595        2    -7.37946
    -13.445        2    -7.96999
    -13.295        2    -8.59667
    -13.145        2    -9.24169
    -12.995        2    -9.90989
    -12.845        2   -10.60234
    -12.695        2   -11.32341
    -12.545        2   -12.05682
    -12.395        2   -12.81535
    -12.245        2   -13.56523
    -12.095        2   -14.30334
    -11.945        2   -15.04240
    -11.795        2   -15.76124
    -11.645        2   -16.47048
    -11.495        2   -17.14313
    -11.345        2   -17.81066
    -11.195        2   -18.46836
    -11.045        2   -19.09741
    -10.895        2   -19.71140
    -10.745        2   -20.31078
    -10.595        2   -20.90063
    -10.445        2   -21.48947
    -10.295        2   -22.11151
    -10.145        2   -22.74157
    -9.9950        2   -23.38968
    -9.8450        2   -24.04300
    -9.6950        2   -24.72540
    -9.5450        2   -25.43691
    -9.3950        2   -26.18128
    -9.2450        2   -26.96924
    -9.0950        2   -27.80245
    -8.9450        2   -28.66285
    -8.7950        2   -29.56371
    -8.6450        2   -30.48896
    -8.4950        2   -31.45110
    -8.3450        2   -32.44875
    -8.1950        2   -33.47663
    -8.0450        2   -34.55800
    -7.8950        2   -35.68435
    -7.7450        2   -36.84867
    -7.5950        2   -38.05505
    -7.4450        2   -39.30110
    -7.2950        2   -40.57684
    -7.1450        2   -41.89964
    -6.9950        2   -43.23744
    -6.8450        2   -44.58843
    -6.6950        2   -45.97463
    -6.5450        2   -47.36562
    -6.3950        2   -48.75688
    -6.2450        2   -50.16115
    -6.0950        2   -51.59076
    -5.9450        2   -53.04746
    -5.7950        2   -54.50678
    -5.6450        2   -55.99551
    -5.4950        2   -57.49130
    -5.3450        2   -59.00441
    -5.1950        2   -60.51610
    -5.0450        2   -62.05235
    -4.8950        2   -63.59362
    -4.7450        2   -65.13648
    -4.5950        2   -66.68183
    -4.4450        2   -68.26115
    -4.2950        2   -69.85587
    -4.1450        2   -71.49774
    -3.9950        2   -73.17686
    -3.8450        2   -74.89968
    -3.6950        2   -76.68577
    -3.5450        2   -78.54873
    -3.3950        2   -80.49226
    -3.2450        2   -82.53691
    -3.0950        2   -84.68585
    -2.9450        2   -86.97703
    -2.7950        2   -89.45555
    -2.6450        2   -92.11097
    -2.4950        2   -95.00404
    -2.3450        2   -98.14901
    -2.1950        2  -101.60227
    -2.0450        2  -105.49685
    -1.8950        2  -109.91626
    -1.7450        2  -114.99659
    -1.5950        2  -120.81123
    -1.4450        2  -127.38548
    -1.2950        2  -134.69281
    -1.1450        2  -142.67752
   -0.99500        2  -151.19088
   -0.84500        2  -160.10553
   -0.69500        2  -169.36696
   -0.54500        2  -179.08298
   -0.39500        2  -189.72463
   -0.25300        2  -197.54851
   -0.21500        2  -198.07292
   -0.20900        2  -198.60537
   -0.20300        2  -199.14405
   -0.19700        2  -199.69007
   -0.19100        2  -200.24337
   -0.18500        2  -200.80651
   -0.17900        2  -201.37781
   -0.17300        2  -201.95986
   -0.16700        2  -202.55190
   -0.16100        2  -203.15310
   -0.15500        2  -203.76673
   -0.14900        2  -204.39394
   -0.14300        2  -205.03401
   -0.13700        2  -205.68981
   -0.13100        2  -206.36377
   -0.12500        2  -207.05441
   -0.11900        2  -207.76454
   -0.11300        2  -208.49753
   -0.10700        2  -209.25579
   -0.10100        2  -210.04182
   -0.95000E-01    2  -210.85749
   -0.89000E-01    2  -211.70890
   -0.83000E-01    2  -212.60104
   -0.77000E-01    2  -213.53677
   -0.71000E-01    2  -214.52673
   -0.65000E-01    2  -215.57795
   -0.59000E-01    2  -216.70088
   -0.53000E-01    2  -217.90888
   -0.47000E-01    2  -219.22212
   -0.41000E-01    2  -220.67077
   -0.35000E-01    2  -222.30079
   -0.29000E-01    2  -224.19603
   -0.23000E-01    2  -226.51439
   -0.19700E-01    2  -226.77747
   -0.19100E-01    2  -227.04836
   -0.18500E-01    2  -227.32755
   -0.17900E-01    2  -227.61627
   -0.17300E-01    2  -227.91560
   -0.16700E-01    2  -228.22701
   -0.16100E-01    2  -228.55110
   -0.15500E-01    2  -228.88966
   -0.14900E-01    2  -229.24425
   -0.14300E-01    2  -229.61625
   -0.13700E-01    2  -230.00716
   -0.13100E-01    2  -230.41799
   -0.12500E-01    2  -230.85006
   -0.11900E-01    2  -231.30478
   -0.11300E-01    2  -231.78342
   -0.10700E-01    2  -232.28807
   -0.10100E-01    2  -232.81965
   -0.95000E-02    2  -233.37889
   -0.89000E-02    2  -233.96676
   -0.83000E-02    2  -234.58364
   -0.77000E-02    2  -235.23111
   -0.71000E-02    2  -235.91087
   -0.65000E-02    2  -236.62574
   -0.59000E-02    2  -237.37900
   -0.53000E-02    2  -238.17590
   -0.47000E-02    2  -239.02265
   -0.41000E-02    2  -239.92163
   -0.35000E-02    2  -240.86228
   -0.29000E-02    2  -241.81051
   -0.23000E-02    2  -242.71994
   -0.17000E-02    2  -243.53550
   -0.11000E-02    2  -244.14850
   -0.50000E-03    2  -244.45172
    0.10000E-03    2  -244.39005
    0.70000E-03    2  -243.97356
    0.13000E-02    2  -243.28089
    0.19000E-02    2  -242.42297
    0.25000E-02    2  -241.52396
    0.31000E-02    2  -240.65786
    0.37000E-02    2  -239.83905
    0.43000E-02    2  -239.04810
    0.49000E-02    2  -238.27691
    0.55000E-02    2  -237.52829
    0.61000E-02    2  -236.80612
    0.67000E-02    2  -236.11309
    0.73000E-02    2  -235.44968
    0.79000E-02    2  -234.81603
    0.85000E-02    2  -234.21178
    0.91000E-02    2  -233.63633
    0.97000E-02    2  -233.08842
    0.10300E-01    2  -232.56806
    0.10900E-01    2  -232.07399
    0.11500E-01    2  -231.60566
    0.12100E-01    2  -231.16088
    0.12700E-01    2  -230.73867
    0.13300E-01    2  -230.33703
    0.13900E-01    2  -229.95450
    0.14500E-01    2  -229.59076
    0.15100E-01    2  -229.24426
    0.15700E-01    2  -228.91335
    0.16300E-01    2  -228.59611
    0.16900E-01    2  -228.29162
    0.17500E-01    2  -227.99872
    0.18100E-01    2  -227.71600
    0.18700E-01    2  -227.44266
    0.19300E-01    2  -227.17789
    0.20200E-01    2  -226.21718
    0.25000E-01    2  -224.10808
    0.31000E-01    2  -222.36988
    0.37000E-01    2  -220.87402
    0.43000E-01    2  -219.55596
    0.49000E-01    2  -218.37113
    0.55000E-01    2  -217.29391
    0.61000E-01    2  -216.30567
    0.67000E-01    2  -215.39208
    0.73000E-01    2  -214.54806
    0.79000E-01    2  -213.76286
    0.85000E-01    2  -213.02921
    0.91000E-01    2  -212.34016
    0.97000E-01    2  -211.69018
    0.10300        2  -211.07652
    0.10900        2  -210.49426
    0.11500        2  -209.93964
    0.12100        2  -209.40948
    0.12700        2  -208.90300
    0.13300        2  -208.41571
    0.13900        2  -207.94769
    0.14500        2  -207.49647
    0.15100        2  -207.06074
    0.15700        2  -206.63997
    0.16300        2  -206.23305
    0.16900        2  -205.83752
    0.17500        2  -205.45489
    0.18100        2  -205.08255
    0.18700        2  -204.72006
    0.19300        2  -204.36865
    0.19900        2  -204.02674
    0.20500        2  -203.69323
    0.21100        2  -203.36807
    0.21700        2  -203.04995
    0.29500        2  -196.68613
    0.44500        2  -192.53486
    0.59500        2  -189.45572
    0.74500        2  -187.00849
    0.89500        2  -184.94699
     1.0450        2  -183.13927
     1.1950        2  -181.52422
     1.3450        2  -180.06613
     1.4950        2  -178.73841
     1.6450        2  -177.52177
     1.7950        2  -176.40864
     1.9450        2  -175.38011
     2.0950        2  -174.44339
     2.2450        2  -173.58134
     2.3950        2  -172.78792
     2.5450        2  -172.05880
     2.6950        2  -171.38977
     2.8450        2  -170.76474
     2.9950        2  -170.18181
     3.1450        2  -169.63511
     3.2950        2  -169.12660
     3.4450        2  -168.64522
     3.5950        2  -168.18889
     3.7450        2  -167.75745
     3.8950        2  -167.34168
     4.0450        2  -166.93984
     4.1950        2  -166.56130
     4.3450        2  -166.20332
     4.4950        2  -165.85085
     4.6450        2  -165.51778
     4.7950        2  -165.18954
     4.9450        2  -164.87213
     5.0950        2  -164.56434
     5.2450        2  -164.26787
     5.3950        2  -163.97949
     5.5450        2  -163.70207
     5.6950        2  -163.43156
     5.8450        2  -163.16648
     5.9950        2  -162.90787
     6.1450        2  -162.65700
     6.2950        2  -162.41556
     6.4450        2  -162.17443
     6.5950        2  -161.94375
     6.7450        2  -161.71619
     6.8950        2  -161.49385
     7.0450        2  -161.27463
     7.1950        2  -161.06228
     7.3450        2  -160.84920
     7.4950        2  -160.64500
     7.6450        2  -160.44524
     7.7950        2  -160.24826
     7.9450        2  -160.05320
     8.0950        2  -159.86098
     8.2450        2  -159.67432
     8.3950        2  -159.49138
     8.5450        2  -159.31133
     8.6950        2  -159.13481
     8.8450        2  -158.96119
     8.9950        2  -158.79042
     9.1450        2  -158.62087
     9.2950        2  -158.45321
     9.4450        2  -158.28977
     9.5950        2  -158.12869
     9.7450        2  -157.97004
     9.8950        2  -157.81101
     10.045        2  -157.65484
     10.195        2  -157.50203
     10.345        2  -157.35405
     10.495        2  -157.20678
     10.645        2  -157.06508
     10.795        2  -156.92026
     10.945        2  -156.77788
     11.095        2  -156.63964
     11.245        2  -156.50148
     11.395        2  -156.36546
     11.545        2  -156.22980
     11.695        2  -156.09895
     11.845        2  -155.96615
     11.995        2  -155.83770
     12.145        2  -155.71002
     12.295        2  -155.58034
     12.445        2  -155.45472
     12.595        2  -155.33070
     12.745        2  -155.20937
     12.895        2  -155.08924
     13.045        2  -154.96648
     13.195        2  -154.84712
     13.345        2  -154.72967
     13.495        2  -154.61519
     13.645        2  -154.50011
     13.795        2  -154.38770
     13.945        2  -154.27892
     14.095        2  -154.16939
     14.245        2  -154.05967
     14.395        2  -153.95016
     14.545        2  -153.84369
     14.695        2  -153.73776
     14.845        2  -153.63144
     14.995        2  -153.52887
     15.145        2  -153.42611
     15.295        2  -153.32325
     15.445        2  -153.22275
     15.595        2  -153.12304
     15.745        2  -153.02265
     15.895        2  -152.92504
     16.045        2  -152.82751
     16.195        2  -152.73068
     16.345        2  -152.63431
     16.495        2  -152.53913
     16.645        2  -152.44431
     16.795        2  -152.35196
     16.945        2  -152.26104
     17.095        2  -152.16983
     17.245        2  -152.07836
     17.395        2  -151.98878
     17.545        2  -151.90081
     17.695        2  -151.81032
     17.845        2  -151.72063
     17.995        2  -151.63573
     18.145        2  -151.54901
     18.295        2  -151.46373
     18.445        2  -151.37927
     18.595        2  -151.29493
     18.745        2  -151.20871
     18.895        2  -151.12597
     19.045        2  -151.04323
     19.195        2  -150.96127
     19.345        2  -150.87683
     19.495        2  -150.79596
     19.645        2  -150.71628
     19.795        2  -150.63749
     19.945        2  -150.55857
     20.095        2  -150.48070
     21.836        2  -148.09335
     30.068        2  -144.55006
     42.097        2  -141.02815
     58.937        2  -137.52134
     82.515        2  -134.05500
     115.53        2  -130.61611
     161.74        2  -127.22754
     226.45        2  -123.89025
     317.04        2  -120.60449
     443.87        2  -117.36451
     621.44        2  -114.18437
     870.05        2  -111.05953
     1218.1        2  -107.99914
     1705.4        2  -105.01441
     2387.7        2  -102.11450
     3342.9        2   -99.28627
     4680.2        2   -96.55293
     6552.5        2   -93.89366
     9173.8        2   -91.31148
     12844.        2   -88.80495
     17982.        2   -86.37539
     25176.        2   -84.02888
     35247.        2   -81.76762
     49348.        2   -79.59708
     69090.        2   -77.51208
     96729.        2   -75.52314
    0.13543E+06    2   -73.62117
    0.18960E+06    2   -71.80469
    0.26545E+06    2   -70.07512
    0.37165E+06    2   -68.43001
    0.52033E+06    2   -66.86063
    0.72849E+06    2   -65.36334
    0.10199E+07    2   -63.93920
    0.14279E+07    2   -62.58699
    0.19992E+07    2   -61.30109
    0.27990E+07    2   -60.07922
    0.39187E+07    2   -58.91963
    0.54864E+07    2   -57.81421
    0.76812E+07    2   -56.76390
    0.10754E+08    2   -55.76632
    0.15056E+08    2   -54.81762
    0.21080E+08    2   -53.91547
    0.29513E+08    2   -53.05738
    0.41319E+08    2   -52.25182
    0.57849E+08    2   -51.50088
    0.80991E+08    2   -50.80492
    0.11339E+09    2   -50.15736
    0.15875E+09    2   -49.55645
    0.22226E+09    2   -48.99444
    0.31118E+09    2   -48.46649
    0.43567E+09    2   -47.97447
    0.60996E+09    2   -47.52310
    0.85398E+09    2   -47.11770
    0.11956E+10    2   -46.74430
    0.16739E+10    2   -46.40243
    0.23436E+10    2   -46.08956
    0.32811E+10    2   -45.80090
    0.45937E+10    2   -45.53605
    0.64315E+10    2   -45.29044
    0.90044E+10    2   -45.06503
    0.12607E+11    2   -44.85826
    0.17650E+11    2   -44.66785
    0.24711E+11    2   -44.49401
    0.34596E+11    2   -44.33419
    0.48437E+11    2   -44.18698
    0.67814E+11    2   -44.05235
    0.10000E+12    2   -42.50546
