    -29.945        1     0.00000
    -29.795        1     0.00000
    -29.645        1     0.00000
    -29.495        1     0.00000
    -29.345        1     0.00000
    -29.195        1     0.00000
    -29.045        1     0.00000
    -28.895        1     0.00000
    -28.745        1     0.00000
    -28.595        1     0.00000
    -28.445        1     0.00000
    -28.295        1     0.00000
    -28.145        1     0.00000
    -27.995        1     0.00000
    -27.845        1     0.00000
    -27.695        1     0.00000
    -27.545        1     0.00000
    -27.395        1     0.00000
    -27.245        1     0.00000
    -27.095        1     0.00000
    -26.945        1     0.00000
    -26.795        1     0.00000
    -26.645        1     0.00000
    -26.495        1     0.00000
    -26.345        1     0.00000
    -26.195        1     0.00000
    -26.045        1     0.00000
    -25.895        1     0.00000
    -25.745        1     0.00000
    -25.595        1     0.00000
    -25.445        1     0.00000
    -25.295        1     0.00000
    -25.145        1     0.00000
    -24.995        1     0.00000
    -24.845        1     0.00000
    -24.695        1     0.00000
    -24.545        1     0.00000
    -24.395        1     0.00000
    -24.245        1     0.00000
    -24.095        1     0.00000
    -23.945        1     0.00000
    -23.795        1     0.00000
    -23.645        1     0.00000
    -23.495        1     0.00000
    -23.345        1     0.00000
    -23.195        1     0.00000
    -23.045        1     0.00000
    -22.895        1    -0.00016
    -22.745        1    -0.00016
    -22.595        1    -0.00048
    -22.445        1    -0.00112
    -22.295        1    -0.00319
    -22.145        1    -0.00654
    -21.995        1    -0.01032
    -21.845        1    -0.01599
    -21.695        1    -0.02616
    -21.545        1    -0.04188
    -21.395        1    -0.06017
    -21.245        1    -0.08327
    -21.095        1    -0.11531
    -20.945        1    -0.15162
    -20.795        1    -0.19684
    -20.645        1    -0.24464
    -20.495        1    -0.30090
    -20.345        1    -0.36528
    -20.195        1    -0.43856
    -20.045        1    -0.51787
    -19.895        1    -0.59694
    -19.745        1    -0.68834
    -19.595        1    -0.78888
    -19.445        1    -0.88935
    -19.295        1    -1.00010
    -19.145        1    -1.11089
    -18.995        1    -1.22943
    -18.845        1    -1.35480
    -18.695        1    -1.48151
    -18.545        1    -1.61704
    -18.395        1    -1.76545
    -18.245        1    -1.91998
    -18.095        1    -2.08515
    -17.945        1    -2.26132
    -17.795        1    -2.45727
    -17.645        1    -2.66540
    -17.495        1    -2.89515
    -17.345        1    -3.14330
    -17.195        1    -3.41816
    -17.045        1    -3.71618
    -16.895        1    -4.02991
    -16.745        1    -4.38936
    -16.595        1    -4.77434
    -16.445        1    -5.18772
    -16.295        1    -5.62255
    -16.145        1    -6.09741
    -15.995        1    -6.59004
    -15.845        1    -7.09436
    -15.695        1    -7.61869
    -15.545        1    -8.16879
    -15.395        1    -8.72666
    -15.245        1    -9.30371
    -15.095        1    -9.88745
    -14.945        1   -10.48340
    -14.795        1   -11.08050
    -14.645        1   -11.69999
    -14.495        1   -12.32099
    -14.345        1   -12.96021
    -14.195        1   -13.62261
    -14.045        1   -14.29334
    -13.895        1   -14.98103
    -13.745        1   -15.68563
    -13.595        1   -16.40459
    -13.445        1   -17.14145
    -13.295        1   -17.88285
    -13.145        1   -18.63088
    -12.995        1   -19.38230
    -12.845        1   -20.14704
    -12.695        1   -20.92024
    -12.545        1   -21.67427
    -12.395        1   -22.43054
    -12.245        1   -23.17362
    -12.095        1   -23.89191
    -11.945        1   -24.60802
    -11.795        1   -25.31390
    -11.645        1   -25.99135
    -11.495        1   -26.65750
    -11.345        1   -27.31646
    -11.195        1   -27.95140
    -11.045        1   -28.57363
    -10.895        1   -29.18122
    -10.745        1   -29.77169
    -10.595        1   -30.33567
    -10.445        1   -30.90251
    -10.295        1   -31.45169
    -10.145        1   -32.00884
    -9.9950        1   -32.55141
    -9.8450        1   -33.08151
    -9.6950        1   -33.60544
    -9.5450        1   -34.12905
    -9.3950        1   -34.64232
    -9.2450        1   -35.14898
    -9.0950        1   -35.66514
    -8.9450        1   -36.17599
    -8.7950        1   -36.67979
    -8.6450        1   -37.18088
    -8.4950        1   -37.68161
    -8.3450        1   -38.17851
    -8.1950        1   -38.68287
    -8.0450        1   -39.19609
    -7.8950        1   -39.71219
    -7.7450        1   -40.22213
    -7.5950        1   -40.74332
    -7.4450        1   -41.27980
    -7.2950        1   -41.81666
    -7.1450        1   -42.36515
    -6.9950        1   -42.91277
    -6.8450        1   -43.48099
    -6.6950        1   -44.04827
    -6.5450        1   -44.62918
    -6.3950        1   -45.21140
    -6.2450        1   -45.79932
    -6.0950        1   -46.39214
    -5.9450        1   -46.99693
    -5.7950        1   -47.60561
    -5.6450        1   -48.22086
    -5.4950        1   -48.83194
    -5.3450        1   -49.46363
    -5.1950        1   -50.10847
    -5.0450        1   -50.76692
    -4.8950        1   -51.43644
    -4.7450        1   -52.13615
    -4.5950        1   -52.85433
    -4.4450        1   -53.59594
    -4.2950        1   -54.36475
    -4.1450        1   -55.16009
    -3.9950        1   -55.98522
    -3.8450        1   -56.85627
    -3.6950        1   -57.77846
    -3.5450        1   -58.76381
    -3.3950        1   -59.79580
    -3.2450        1   -60.89437
    -3.0950        1   -62.07757
    -2.9450        1   -63.36858
    -2.7950        1   -64.76446
    -2.6450        1   -66.29958
    -2.4950        1   -67.94824
    -2.3450        1   -69.71839
    -2.1950        1   -71.58656
    -2.0450        1   -73.53341
    -1.8950        1   -75.52496
    -1.7450        1   -77.54185
    -1.5950        1   -79.55747
    -1.4450        1   -81.55554
    -1.2950        1   -83.54490
    -1.1450        1   -85.54292
   -0.99500        1   -87.56430
   -0.84500        1   -89.65693
   -0.69500        1   -91.87588
   -0.54500        1   -94.32653
   -0.39500        1   -97.14904
   -0.25300        1   -99.22021
   -0.21500        1   -99.35725
   -0.20900        1   -99.49466
   -0.20300        1   -99.63255
   -0.19700        1   -99.77214
   -0.19100        1   -99.91318
   -0.18500        1  -100.05574
   -0.17900        1  -100.20011
   -0.17300        1  -100.34596
   -0.16700        1  -100.49425
   -0.16100        1  -100.64412
   -0.15500        1  -100.79597
   -0.14900        1  -100.94943
   -0.14300        1  -101.10498
   -0.13700        1  -101.26290
   -0.13100        1  -101.42274
   -0.12500        1  -101.58628
   -0.11900        1  -101.75228
   -0.11300        1  -101.92134
   -0.10700        1  -102.09364
   -0.10100        1  -102.27007
   -0.95000E-01    1  -102.45079
   -0.89000E-01    1  -102.63563
   -0.83000E-01    1  -102.82662
   -0.77000E-01    1  -103.02392
   -0.71000E-01    1  -103.22885
   -0.65000E-01    1  -103.44254
   -0.59000E-01    1  -103.66764
   -0.53000E-01    1  -103.90637
   -0.47000E-01    1  -104.16271
   -0.41000E-01    1  -104.44329
   -0.35000E-01    1  -104.75637
   -0.29000E-01    1  -105.11567
   -0.23000E-01    1  -105.54797
   -0.19700E-01    1  -105.59574
   -0.19100E-01    1  -105.64456
   -0.18500E-01    1  -105.69464
   -0.17900E-01    1  -105.74599
   -0.17300E-01    1  -105.79849
   -0.16700E-01    1  -105.85227
   -0.16100E-01    1  -105.90759
   -0.15500E-01    1  -105.96423
   -0.14900E-01    1  -106.02254
   -0.14300E-01    1  -106.08257
   -0.13700E-01    1  -106.14436
   -0.13100E-01    1  -106.20823
   -0.12500E-01    1  -106.27436
   -0.11900E-01    1  -106.34304
   -0.11300E-01    1  -106.41408
   -0.10700E-01    1  -106.48799
   -0.10100E-01    1  -106.56484
   -0.95000E-02    1  -106.64499
   -0.89000E-02    1  -106.72899
   -0.83000E-02    1  -106.81710
   -0.77000E-02    1  -106.90986
   -0.71000E-02    1  -107.00783
   -0.65000E-02    1  -107.11141
   -0.59000E-02    1  -107.22121
   -0.53000E-02    1  -107.33732
   -0.47000E-02    1  -107.45965
   -0.41000E-02    1  -107.58709
   -0.35000E-02    1  -107.71898
   -0.29000E-02    1  -107.85318
   -0.23000E-02    1  -107.98123
   -0.17000E-02    1  -108.08962
   -0.11000E-02    1  -108.16621
   -0.50000E-03    1  -108.20280
    0.10000E-03    1  -108.19547
    0.70000E-03    1  -108.14500
    0.13000E-02    1  -108.05688
    0.19000E-02    1  -107.94046
    0.25000E-02    1  -107.80889
    0.31000E-02    1  -107.67503
    0.37000E-02    1  -107.54455
    0.43000E-02    1  -107.41880
    0.49000E-02    1  -107.29862
    0.55000E-02    1  -107.18479
    0.61000E-02    1  -107.07726
    0.67000E-02    1  -106.97581
    0.73000E-02    1  -106.87992
    0.79000E-02    1  -106.78886
    0.85000E-02    1  -106.70217
    0.91000E-02    1  -106.61958
    0.97000E-02    1  -106.54067
    0.10300E-01    1  -106.46506
    0.10900E-01    1  -106.39236
    0.11500E-01    1  -106.32244
    0.12100E-01    1  -106.25502
    0.12700E-01    1  -106.18992
    0.13300E-01    1  -106.12699
    0.13900E-01    1  -106.06597
    0.14500E-01    1  -106.00666
    0.15100E-01    1  -105.94907
    0.15700E-01    1  -105.89309
    0.16300E-01    1  -105.83868
    0.16900E-01    1  -105.78551
    0.17500E-01    1  -105.73372
    0.18100E-01    1  -105.68307
    0.18700E-01    1  -105.63369
    0.19300E-01    1  -105.58542
    0.20200E-01    1  -105.40767
    0.25000E-01    1  -105.00827
    0.31000E-01    1  -104.67320
    0.37000E-01    1  -104.38127
    0.43000E-01    1  -104.12197
    0.49000E-01    1  -103.88781
    0.55000E-01    1  -103.67317
    0.61000E-01    1  -103.47491
    0.67000E-01    1  -103.29048
    0.73000E-01    1  -103.11749
    0.79000E-01    1  -102.95510
    0.85000E-01    1  -102.80114
    0.91000E-01    1  -102.65567
    0.97000E-01    1  -102.51757
    0.10300        1  -102.38691
    0.10900        1  -102.26208
    0.11500        1  -102.14378
    0.12100        1  -102.03001
    0.12700        1  -101.92156
    0.13300        1  -101.81867
    0.13900        1  -101.72035
    0.14500        1  -101.62622
    0.15100        1  -101.53613
    0.15700        1  -101.45032
    0.16300        1  -101.36780
    0.16900        1  -101.28912
    0.17500        1  -101.21316
    0.18100        1  -101.14069
    0.18700        1  -101.07057
    0.19300        1  -101.00351
    0.19900        1  -100.93938
    0.20500        1  -100.87721
    0.21100        1  -100.81761
    0.21700        1  -100.76043
    0.29500        1   -99.74388
    0.44500        1   -99.20609
    0.59500        1   -98.81883
    0.74500        1   -98.50276
    0.89500        1   -98.23433
     1.0450        1   -97.99720
     1.1950        1   -97.77920
     1.3450        1   -97.58228
     1.4950        1   -97.40032
     1.6450        1   -97.23312
     1.7950        1   -97.07642
     1.9450        1   -96.92512
     2.0950        1   -96.78584
     2.2450        1   -96.65445
     2.3950        1   -96.52949
     2.5450        1   -96.41569
     2.6950        1   -96.30589
     2.8450        1   -96.20363
     2.9950        1   -96.10741
     3.1450        1   -96.01802
     3.2950        1   -95.93284
     3.4450        1   -95.85255
     3.5950        1   -95.77171
     3.7450        1   -95.69952
     3.8950        1   -95.63098
     4.0450        1   -95.56461
     4.1950        1   -95.50111
     4.3450        1   -95.43556
     4.4950        1   -95.37616
     4.6450        1   -95.31791
     4.7950        1   -95.26443
     4.9450        1   -95.21171
     5.0950        1   -95.16257
     5.2450        1   -95.11394
     5.3950        1   -95.06421
     5.5450        1   -95.01843
     5.6950        1   -94.97440
     5.8450        1   -94.93062
     5.9950        1   -94.88748
     6.1450        1   -94.84437
     6.2950        1   -94.80273
     6.4450        1   -94.76293
     6.5950        1   -94.72293
     6.7450        1   -94.68631
     6.8950        1   -94.64891
     7.0450        1   -94.61237
     7.1950        1   -94.57678
     7.3450        1   -94.54117
     7.4950        1   -94.50678
     7.6450        1   -94.47245
     7.7950        1   -94.43914
     7.9450        1   -94.40695
     8.0950        1   -94.37350
     8.2450        1   -94.34069
     8.3950        1   -94.30966
     8.5450        1   -94.27863
     8.6950        1   -94.24813
     8.8450        1   -94.21802
     8.9950        1   -94.18978
     9.1450        1   -94.16057
     9.2950        1   -94.13151
     9.4450        1   -94.10181
     9.5950        1   -94.07381
     9.7450        1   -94.04576
     9.8950        1   -94.01782
     10.045        1   -93.99080
     10.195        1   -93.96402
     10.345        1   -93.93798
     10.495        1   -93.91204
     10.645        1   -93.88643
     10.795        1   -93.86108
     10.945        1   -93.83620
     11.095        1   -93.81208
     11.245        1   -93.78888
     11.395        1   -93.76514
     11.545        1   -93.74186
     11.695        1   -93.71715
     11.845        1   -93.69351
     11.995        1   -93.67050
     12.145        1   -93.64753
     12.295        1   -93.62561
     12.445        1   -93.60316
     12.595        1   -93.58179
     12.745        1   -93.55920
     12.895        1   -93.53769
     13.045        1   -93.51628
     13.195        1   -93.49511
     13.345        1   -93.47352
     13.495        1   -93.45217
     13.645        1   -93.43138
     13.795        1   -93.41115
     13.945        1   -93.39126
     14.095        1   -93.37138
     14.245        1   -93.35141
     14.395        1   -93.33188
     14.545        1   -93.31285
     14.695        1   -93.29345
     14.845        1   -93.27457
     14.995        1   -93.25509
     15.145        1   -93.23699
     15.295        1   -93.21828
     15.445        1   -93.19979
     15.595        1   -93.18191
     15.745        1   -93.16309
     15.895        1   -93.14477
     16.045        1   -93.12636
     16.195        1   -93.10890
     16.345        1   -93.09158
     16.495        1   -93.07421
     16.645        1   -93.05685
     16.795        1   -93.03995
     16.945        1   -93.02237
     17.095        1   -93.00557
     17.245        1   -92.98923
     17.395        1   -92.97196
     17.545        1   -92.95543
     17.695        1   -92.93877
     17.845        1   -92.92288
     17.995        1   -92.90703
     18.145        1   -92.89143
     18.295        1   -92.87580
     18.445        1   -92.86013
     18.595        1   -92.84440
     18.745        1   -92.82915
     18.895        1   -92.81364
     19.045        1   -92.79845
     19.195        1   -92.78234
     19.345        1   -92.76684
     19.495        1   -92.75242
     19.645        1   -92.73767
     19.795        1   -92.72360
     19.945        1   -92.70880
     20.095        1   -92.69454
     20.245        1   -92.67969
     20.395        1   -92.66575
     20.545        1   -92.65138
     20.695        1   -92.63697
     20.845        1   -92.62281
     20.995        1   -92.60851
     21.145        1   -92.59401
     21.295        1   -92.58003
     21.445        1   -92.56583
     21.595        1   -92.55217
     21.745        1   -92.53863
     21.895        1   -92.52528
     22.045        1   -92.51183
     22.195        1   -92.49841
     22.345        1   -92.48474
     22.495        1   -92.47116
     22.645        1   -92.45787
     22.795        1   -92.44472
     22.945        1   -92.43175
     23.095        1   -92.41912
     23.245        1   -92.40676
     23.395        1   -92.39441
     23.545        1   -92.38154
     23.695        1   -92.36911
     23.845        1   -92.35669
     23.995        1   -92.34453
     24.145        1   -92.33198
     24.295        1   -92.31941
     24.445        1   -92.30698
     24.595        1   -92.29460
     24.745        1   -92.28229
     24.895        1   -92.27067
     25.045        1   -92.25897
     25.195        1   -92.24668
     25.345        1   -92.23508
     25.495        1   -92.22354
     25.645        1   -92.21150
     25.795        1   -92.19977
     25.945        1   -92.18836
     26.095        1   -92.17672
     26.245        1   -92.16599
     26.395        1   -92.15456
     26.545        1   -92.14282
     26.695        1   -92.13134
     26.845        1   -92.11990
     26.995        1   -92.10876
     27.145        1   -92.09774
     27.295        1   -92.08703
     27.445        1   -92.07617
     27.595        1   -92.06540
     27.745        1   -92.05471
     27.895        1   -92.04445
     28.045        1   -92.03378
     28.195        1   -92.02305
     28.345        1   -92.01190
     28.495        1   -92.00100
     28.645        1   -91.99079
     28.795        1   -91.98062
     28.945        1   -91.96984
     29.095        1   -91.95919
     29.245        1   -91.94794
     29.395        1   -91.93798
     29.545        1   -91.92788
     29.695        1   -91.91818
     29.845        1   -91.90825
     29.995        1   -91.89792
     30.145        1   -91.88821
     30.295        1   -91.87844
     30.445        1   -91.86836
     30.595        1   -91.85854
     30.745        1   -91.84850
     30.895        1   -91.83870
     31.045        1   -91.82946
     31.195        1   -91.81963
     31.345        1   -91.81042
     31.495        1   -91.80072
     31.645        1   -91.79144
     31.795        1   -91.78161
     31.945        1   -91.77171
     32.095        1   -91.76259
     32.245        1   -91.75310
     32.395        1   -91.74404
     32.545        1   -91.73493
     32.695        1   -91.72583
     32.845        1   -91.71666
     32.995        1   -91.70762
     33.145        1   -91.69797
     33.295        1   -91.68908
     33.445        1   -91.68013
     33.595        1   -91.67039
     33.745        1   -91.66126
     33.895        1   -91.65280
     34.045        1   -91.64404
     34.195        1   -91.63551
     34.345        1   -91.62658
     34.495        1   -91.61803
     34.645        1   -91.60963
     34.795        1   -91.60052
     34.945        1   -91.59226
     35.095        1   -91.58396
     35.245        1   -91.57534
     35.395        1   -91.56663
     35.545        1   -91.55761
     35.695        1   -91.54912
     35.845        1   -91.54072
     35.995        1   -91.53217
     36.145        1   -91.52376
     36.295        1   -91.51557
     36.445        1   -91.50706
     36.595        1   -91.49917
     36.745        1   -91.49151
     36.895        1   -91.48314
     37.045        1   -91.47516
     37.195        1   -91.46697
     37.345        1   -91.45847
     37.495        1   -91.45050
     37.645        1   -91.44167
     37.795        1   -91.43346
     37.945        1   -91.42537
     38.095        1   -91.41759
     38.245        1   -91.40963
     38.395        1   -91.40155
     38.545        1   -91.39378
     38.695        1   -91.38565
     38.845        1   -91.37733
     38.995        1   -91.36954
     39.145        1   -91.36190
     39.295        1   -91.35451
     39.445        1   -91.34672
     39.595        1   -91.33901
     39.745        1   -91.33141
     39.895        1   -91.32388
     40.045        1   -91.31676
     40.195        1   -91.30939
     40.345        1   -91.30195
     40.495        1   -91.29454
     40.645        1   -91.28709
     40.795        1   -91.27955
     40.945        1   -91.27257
     41.095        1   -91.26586
     41.245        1   -91.25867
     41.395        1   -91.25126
     41.545        1   -91.24427
     41.695        1   -91.23653
     41.845        1   -91.22900
     41.995        1   -91.22196
     42.145        1   -91.21479
     42.295        1   -91.20742
     42.445        1   -91.20040
     42.595        1   -91.19321
     42.745        1   -91.18607
     42.895        1   -91.17884
     43.045        1   -91.17188
     43.195        1   -91.16495
     43.345        1   -91.15819
     43.495        1   -91.15139
     43.645        1   -91.14437
     43.795        1   -91.13722
     43.945        1   -91.13027
     44.095        1   -91.12318
     44.245        1   -91.11617
     44.395        1   -91.10890
     44.545        1   -91.10175
     44.695        1   -91.09534
     44.845        1   -91.08834
     44.995        1   -91.08176
     45.145        1   -91.07536
     45.295        1   -91.06868
     45.445        1   -91.06164
     45.595        1   -91.05495
     45.745        1   -91.04836
     45.895        1   -91.04175
     46.045        1   -91.03526
     46.195        1   -91.02820
     46.345        1   -91.02196
     46.495        1   -91.01575
     46.645        1   -91.00936
     46.795        1   -91.00252
     46.945        1   -90.99613
     47.095        1   -90.98962
     47.245        1   -90.98315
     47.395        1   -90.97684
     47.545        1   -90.97015
     47.695        1   -90.96392
     47.845        1   -90.95771
     47.995        1   -90.95129
     48.145        1   -90.94500
     48.295        1   -90.93880
     48.445        1   -90.93244
     48.595        1   -90.92614
     48.745        1   -90.91991
     48.895        1   -90.91342
     49.045        1   -90.90721
     49.195        1   -90.90095
     49.345        1   -90.89487
     49.495        1   -90.88823
     49.645        1   -90.88215
     49.795        1   -90.87617
     49.945        1   -90.87046
     50.095        1   -90.86447
     50.245        1   -90.85810
     50.395        1   -90.85179
     50.545        1   -90.84581
     50.695        1   -90.83973
     50.845        1   -90.83387
     50.995        1   -90.82767
     51.145        1   -90.82161
     51.295        1   -90.81572
     51.445        1   -90.80983
     51.595        1   -90.80392
     51.745        1   -90.79777
     51.895        1   -90.79190
     52.045        1   -90.78609
     52.195        1   -90.78038
     52.345        1   -90.77430
     52.495        1   -90.76848
     52.645        1   -90.76275
     52.795        1   -90.75703
     52.945        1   -90.75120
     53.095        1   -90.74525
     53.245        1   -90.73952
     53.395        1   -90.73373
     53.545        1   -90.72815
     53.695        1   -90.72231
     53.845        1   -90.71662
     53.995        1   -90.71079
     54.145        1   -90.70510
     54.295        1   -90.69954
     54.445        1   -90.69394
     54.595        1   -90.68822
     54.745        1   -90.68308
     54.895        1   -90.67732
     55.045        1   -90.67191
     55.195        1   -90.66631
     55.345        1   -90.66085
     55.495        1   -90.65494
     55.645        1   -90.64934
     55.795        1   -90.64414
     55.945        1   -90.63859
     56.095        1   -90.63297
     56.245        1   -90.62729
     56.395        1   -90.62137
     56.545        1   -90.61614
     56.695        1   -90.61064
     56.845        1   -90.60492
     56.995        1   -90.59928
     57.145        1   -90.59379
     57.295        1   -90.58848
     57.445        1   -90.58273
     57.595        1   -90.57737
     57.745        1   -90.57187
     57.895        1   -90.56637
     58.045        1   -90.56095
     58.195        1   -90.55564
     58.345        1   -90.55020
     58.495        1   -90.54493
     58.645        1   -90.53959
     58.795        1   -90.53452
     58.945        1   -90.52962
     59.095        1   -90.52420
     59.245        1   -90.51909
     59.395        1   -90.51375
     59.545        1   -90.50874
     59.695        1   -90.50351
     59.845        1   -90.49765
     59.995        1   -90.49257
     60.145        1   -90.48743
     70.939        1   -89.82799
     97.698        1   -89.17063
     134.55        1   -88.51179
     185.30        1   -87.86169
     255.20        1   -87.21351
     351.46        1   -86.57435
     484.04        1   -85.94362
     666.62        1   -85.32245
     918.07        1   -84.71024
     1264.4        1   -84.11118
     1741.3        1   -83.51813
     2398.1        1   -82.93880
     3302.7        1   -82.36856
     4548.5        1   -81.80886
     6264.3        1   -81.25782
     8627.2        1   -80.71664
     11881.        1   -80.18491
     16363.        1   -79.66185
     22535.        1   -79.14731
     31036.        1   -78.64188
     42743.        1   -78.14536
     58866.        1   -77.65718
     81070.        1   -77.17500
    0.11165E+06    1   -76.70166
    0.15377E+06    1   -76.23482
    0.21177E+06    1   -75.77564
    0.29165E+06    1   -75.31986
    0.40166E+06    1   -74.87081
    0.55317E+06    1   -74.42467
    0.76182E+06    1   -73.98078
    0.10492E+07    1   -73.54178
    0.14449E+07    1   -73.10531
    0.19900E+07    1   -72.67084
    0.27406E+07    1   -72.23788
    0.37744E+07    1   -71.80354
    0.51981E+07    1   -71.36549
    0.71589E+07    1   -70.92829
    0.98593E+07    1   -70.49063
    0.13578E+08    1   -70.05038
    0.18700E+08    1   -69.60902
    0.25754E+08    1   -69.16777
    0.35468E+08    1   -68.72862
    0.48847E+08    1   -68.29548
    0.67273E+08    1   -67.87385
    0.92648E+08    1   -67.46392
    0.12760E+09    1   -67.06370
    0.17573E+09    1   -66.67547
    0.24201E+09    1   -66.29835
    0.33330E+09    1   -65.93434
    0.45902E+09    1   -65.58720
    0.63217E+09    1   -65.26141
    0.87062E+09    1   -64.95563
    0.11990E+10    1   -64.66943
    0.16513E+10    1   -64.40262
    0.22742E+10    1   -64.15498
    0.31320E+10    1   -63.92409
    0.43134E+10    1   -63.70887
    0.59405E+10    1   -63.50792
    0.81813E+10    1   -63.32034
    0.11267E+11    1   -63.14632
    0.15517E+11    1   -62.98423
    0.21371E+11    1   -62.83305
    0.29432E+11    1   -62.69295
    0.40534E+11    1   -62.56318
    0.55823E+11    1   -62.44248
    0.10000E+12    1   -60.93061
    -149.95        2     0.00000
    -149.80        2     0.00000
    -149.65        2     0.00000
    -149.49        2     0.00000
    -149.34        2     0.00000
    -149.20        2     0.00000
    -149.05        2     0.00000
    -148.90        2     0.00000
    -148.74        2     0.00000
    -148.59        2     0.00000
    -148.45        2     0.00000
    -148.30        2     0.00000
    -148.15        2     0.00000
    -147.99        2     0.00000
    -147.84        2     0.00000
    -147.70        2     0.00000
    -147.55        2     0.00000
    -147.40        2     0.00000
    -147.24        2     0.00000
    -147.09        2     0.00000
    -146.95        2     0.00000
    -146.80        2     0.00000
    -146.65        2     0.00000
    -146.49        2     0.00000
    -146.34        2     0.00000
    -146.20        2     0.00000
    -146.05        2     0.00000
    -145.90        2     0.00000
    -145.74        2     0.00000
    -145.59        2     0.00000
    -145.45        2     0.00000
    -145.30        2     0.00000
    -145.15        2     0.00000
    -144.99        2     0.00000
    -144.84        2     0.00000
    -144.70        2     0.00000
    -144.55        2     0.00000
    -144.40        2     0.00000
    -144.24        2     0.00000
    -144.09        2     0.00000
    -143.95        2     0.00000
    -143.80        2     0.00000
    -143.65        2     0.00000
    -143.49        2     0.00000
    -143.34        2     0.00000
    -143.20        2     0.00000
    -143.05        2     0.00000
    -142.90        2     0.00000
    -142.74        2     0.00000
    -142.59        2     0.00000
    -142.45        2     0.00000
    -142.30        2     0.00000
    -142.15        2     0.00000
    -141.99        2     0.00000
    -141.84        2     0.00000
    -141.70        2     0.00000
    -141.55        2     0.00000
    -141.40        2     0.00000
    -141.24        2     0.00000
    -141.09        2     0.00000
    -140.95        2     0.00000
    -140.80        2     0.00000
    -140.65        2     0.00000
    -140.49        2     0.00000
    -140.34        2     0.00000
    -140.20        2     0.00000
    -140.05        2     0.00000
    -139.90        2     0.00000
    -139.74        2     0.00000
    -139.59        2     0.00000
    -139.45        2     0.00000
    -139.30        2     0.00000
    -139.15        2     0.00000
    -138.99        2     0.00000
    -138.84        2     0.00000
    -138.70        2     0.00000
    -138.55        2     0.00000
    -138.40        2     0.00000
    -138.24        2     0.00000
    -138.09        2     0.00000
    -137.95        2     0.00000
    -137.80        2     0.00000
    -137.65        2     0.00000
    -137.49        2     0.00000
    -137.34        2     0.00000
    -137.20        2     0.00000
    -137.05        2     0.00000
    -136.90        2     0.00000
    -136.74        2     0.00000
    -136.59        2     0.00000
    -136.45        2     0.00000
    -136.30        2     0.00000
    -136.15        2     0.00000
    -135.99        2     0.00000
    -135.84        2     0.00000
    -135.70        2     0.00000
    -135.55        2     0.00000
    -135.40        2     0.00000
    -135.24        2     0.00000
    -135.09        2     0.00000
    -134.95        2     0.00000
    -134.80        2     0.00000
    -134.65        2     0.00000
    -134.49        2     0.00000
    -134.34        2     0.00000
    -134.20        2     0.00000
    -134.05        2     0.00000
    -133.90        2     0.00000
    -133.74        2     0.00000
    -133.59        2     0.00000
    -133.45        2     0.00000
    -133.30        2     0.00000
    -133.15        2     0.00000
    -132.99        2     0.00000
    -132.84        2     0.00000
    -132.70        2     0.00000
    -132.55        2     0.00000
    -132.40        2     0.00000
    -132.24        2     0.00000
    -132.09        2     0.00000
    -131.95        2     0.00000
    -131.80        2     0.00000
    -131.65        2     0.00000
    -131.49        2     0.00000
    -131.34        2     0.00000
    -131.20        2     0.00000
    -131.05        2     0.00000
    -130.90        2     0.00000
    -130.74        2     0.00000
    -130.59        2     0.00000
    -130.45        2     0.00000
    -130.30        2     0.00000
    -130.15        2     0.00000
    -129.99        2     0.00000
    -129.84        2     0.00000
    -129.70        2     0.00000
    -129.55        2     0.00000
    -129.40        2     0.00000
    -129.24        2     0.00000
    -129.09        2     0.00000
    -128.95        2     0.00000
    -128.80        2     0.00000
    -128.65        2     0.00000
    -128.49        2     0.00000
    -128.34        2     0.00000
    -128.20        2     0.00000
    -128.05        2     0.00000
    -127.89        2     0.00000
    -127.75        2     0.00000
    -127.60        2     0.00000
    -127.44        2     0.00000
    -127.30        2     0.00000
    -127.14        2     0.00000
    -127.00        2     0.00000
    -126.85        2     0.00000
    -126.69        2     0.00000
    -126.55        2     0.00000
    -126.39        2     0.00000
    -126.25        2     0.00000
    -126.10        2     0.00000
    -125.94        2     0.00000
    -125.80        2     0.00000
    -125.64        2     0.00000
    -125.50        2     0.00000
    -125.35        2     0.00000
    -125.19        2     0.00000
    -125.05        2     0.00000
    -124.89        2     0.00000
    -124.75        2     0.00000
    -124.60        2     0.00000
    -124.44        2     0.00000
    -124.30        2     0.00000
    -124.14        2     0.00000
    -124.00        2     0.00000
    -123.85        2     0.00000
    -123.69        2     0.00000
    -123.55        2     0.00000
    -123.39        2     0.00000
    -123.25        2     0.00000
    -123.10        2     0.00000
    -122.94        2     0.00000
    -122.80        2     0.00000
    -122.64        2     0.00000
    -122.50        2     0.00000
    -122.35        2     0.00000
    -122.19        2     0.00000
    -122.05        2     0.00000
    -121.89        2     0.00000
    -121.75        2     0.00000
    -121.60        2     0.00000
    -121.44        2     0.00000
    -121.30        2     0.00000
    -121.14        2     0.00000
    -121.00        2     0.00000
    -120.85        2     0.00000
    -120.69        2     0.00000
    -120.55        2     0.00000
    -120.39        2     0.00000
    -120.25        2     0.00000
    -120.10        2     0.00000
    -119.94        2     0.00000
    -119.80        2     0.00000
    -119.64        2     0.00000
    -119.50        2     0.00000
    -119.35        2     0.00000
    -119.19        2     0.00000
    -119.05        2     0.00000
    -118.89        2     0.00000
    -118.75        2     0.00000
    -118.60        2     0.00000
    -118.44        2     0.00000
    -118.30        2     0.00000
    -118.14        2     0.00000
    -118.00        2     0.00000
    -117.85        2     0.00000
    -117.69        2     0.00000
    -117.55        2     0.00000
    -117.39        2     0.00000
    -117.25        2     0.00000
    -117.10        2     0.00000
    -116.94        2     0.00000
    -116.80        2     0.00000
    -116.64        2     0.00000
    -116.50        2     0.00000
    -116.35        2     0.00000
    -116.19        2     0.00000
    -116.05        2     0.00000
    -115.89        2     0.00000
    -115.75        2     0.00000
    -115.60        2     0.00000
    -115.44        2     0.00000
    -115.30        2     0.00000
    -115.14        2     0.00000
    -115.00        2     0.00000
    -114.85        2     0.00000
    -114.69        2     0.00000
    -114.55        2     0.00000
    -114.39        2     0.00000
    -114.25        2     0.00000
    -114.10        2     0.00000
    -113.94        2     0.00000
    -113.80        2     0.00000
    -113.64        2     0.00000
    -113.50        2     0.00000
    -113.35        2     0.00000
    -113.19        2     0.00000
    -113.05        2     0.00000
    -112.89        2     0.00000
    -112.75        2     0.00000
    -112.60        2     0.00000
    -112.44        2     0.00000
    -112.30        2     0.00000
    -112.14        2     0.00000
    -112.00        2     0.00000
    -111.85        2     0.00000
    -111.69        2     0.00000
    -111.55        2     0.00000
    -111.39        2     0.00000
    -111.25        2     0.00000
    -111.10        2     0.00000
    -110.94        2     0.00000
    -110.80        2     0.00000
    -110.64        2     0.00000
    -110.50        2     0.00000
    -110.35        2     0.00000
    -110.19        2     0.00000
    -110.05        2     0.00000
    -109.89        2     0.00000
    -109.75        2     0.00000
    -109.60        2     0.00000
    -109.44        2     0.00000
    -109.30        2     0.00000
    -109.14        2     0.00000
    -109.00        2     0.00000
    -108.85        2     0.00000
    -108.69        2     0.00000
    -108.55        2     0.00000
    -108.39        2     0.00000
    -108.25        2     0.00000
    -108.10        2     0.00000
    -107.94        2     0.00000
    -107.80        2     0.00000
    -107.64        2     0.00000
    -107.50        2     0.00000
    -107.35        2     0.00000
    -107.19        2     0.00000
    -107.05        2     0.00000
    -106.89        2     0.00000
    -106.75        2     0.00000
    -106.60        2     0.00000
    -106.44        2     0.00000
    -106.30        2     0.00000
    -106.14        2     0.00000
    -106.00        2     0.00000
    -105.85        2     0.00000
    -105.69        2     0.00000
    -105.55        2     0.00000
    -105.39        2     0.00000
    -105.25        2     0.00000
    -105.10        2     0.00000
    -104.94        2     0.00000
    -104.80        2     0.00000
    -104.64        2     0.00000
    -104.50        2     0.00000
    -104.35        2     0.00000
    -104.19        2     0.00000
    -104.05        2     0.00000
    -103.89        2     0.00000
    -103.75        2     0.00000
    -103.60        2     0.00000
    -103.44        2     0.00000
    -103.30        2     0.00000
    -103.14        2     0.00000
    -103.00        2     0.00000
    -102.85        2     0.00000
    -102.69        2     0.00000
    -102.55        2     0.00000
    -102.39        2     0.00000
    -102.25        2     0.00000
    -102.10        2     0.00000
    -101.94        2     0.00000
    -101.80        2     0.00000
    -101.64        2     0.00000
    -101.50        2     0.00000
    -101.35        2     0.00000
    -101.19        2     0.00000
    -101.05        2     0.00000
    -100.89        2     0.00000
    -100.75        2     0.00000
    -100.60        2     0.00000
    -100.44        2     0.00000
    -100.30        2     0.00000
    -100.14        2     0.00000
    -99.995        2     0.00000
    -99.845        2     0.00000
    -99.695        2     0.00000
    -99.545        2     0.00000
    -99.395        2     0.00000
    -99.245        2     0.00000
    -99.095        2     0.00000
    -98.945        2     0.00000
    -98.795        2     0.00000
    -98.645        2     0.00000
    -98.495        2     0.00000
    -98.345        2     0.00000
    -98.195        2     0.00000
    -98.045        2     0.00000
    -97.895        2     0.00000
    -97.745        2     0.00000
    -97.595        2     0.00000
    -97.445        2     0.00000
    -97.295        2     0.00000
    -97.145        2     0.00000
    -96.995        2     0.00000
    -96.845        2     0.00000
    -96.695        2     0.00000
    -96.545        2     0.00000
    -96.395        2     0.00000
    -96.245        2     0.00000
    -96.095        2     0.00000
    -95.945        2     0.00000
    -95.795        2     0.00000
    -95.645        2     0.00000
    -95.495        2     0.00000
    -95.345        2     0.00000
    -95.195        2     0.00000
    -95.045        2     0.00000
    -94.895        2     0.00000
    -94.745        2     0.00000
    -94.595        2     0.00000
    -94.445        2     0.00000
    -94.295        2     0.00000
    -94.145        2     0.00000
    -93.995        2     0.00000
    -93.845        2     0.00000
    -93.695        2     0.00000
    -93.545        2     0.00000
    -93.395        2     0.00000
    -93.245        2     0.00000
    -93.095        2     0.00000
    -92.945        2     0.00000
    -92.795        2     0.00000
    -92.645        2     0.00000
    -92.495        2     0.00000
    -92.345        2     0.00000
    -92.195        2     0.00000
    -92.045        2     0.00000
    -91.895        2     0.00000
    -91.745        2     0.00000
    -91.595        2     0.00000
    -91.445        2     0.00000
    -91.295        2     0.00000
    -91.145        2     0.00000
    -90.995        2     0.00000
    -90.845        2     0.00000
    -90.695        2     0.00000
    -90.545        2     0.00000
    -90.395        2     0.00000
    -90.245        2     0.00000
    -90.095        2     0.00000
    -89.945        2     0.00000
    -89.795        2     0.00000
    -89.645        2     0.00000
    -89.495        2     0.00000
    -89.345        2     0.00000
    -89.195        2     0.00000
    -89.045        2     0.00000
    -88.895        2     0.00000
    -88.745        2     0.00000
    -88.595        2     0.00000
    -88.445        2     0.00000
    -88.295        2     0.00000
    -88.145        2     0.00000
    -87.995        2     0.00000
    -87.845        2     0.00000
    -87.695        2     0.00000
    -87.545        2     0.00000
    -87.395        2     0.00000
    -87.245        2     0.00000
    -87.095        2     0.00000
    -86.945        2     0.00000
    -86.795        2     0.00000
    -86.645        2     0.00000
    -86.495        2     0.00000
    -86.345        2     0.00000
    -86.195        2     0.00000
    -86.045        2     0.00000
    -85.895        2     0.00000
    -85.745        2     0.00000
    -85.595        2     0.00000
    -85.445        2     0.00000
    -85.295        2     0.00000
    -85.145        2     0.00000
    -84.995        2     0.00000
    -84.845        2     0.00000
    -84.695        2     0.00000
    -84.545        2     0.00000
    -84.395        2     0.00000
    -84.245        2     0.00000
    -84.095        2     0.00000
    -83.945        2     0.00000
    -83.795        2     0.00000
    -83.645        2     0.00000
    -83.495        2     0.00000
    -83.345        2     0.00000
    -83.195        2     0.00000
    -83.045        2     0.00000
    -82.895        2     0.00000
    -82.745        2     0.00000
    -82.595        2     0.00000
    -82.445        2     0.00000
    -82.295        2     0.00000
    -82.145        2     0.00000
    -81.995        2     0.00000
    -81.845        2     0.00000
    -81.695        2     0.00000
    -81.545        2     0.00000
    -81.395        2     0.00000
    -81.245        2     0.00000
    -81.095        2     0.00000
    -80.945        2     0.00000
    -80.795        2     0.00000
    -80.645        2     0.00000
    -80.495        2     0.00000
    -80.345        2     0.00000
    -80.195        2     0.00000
    -80.045        2     0.00000
    -79.895        2     0.00000
    -79.745        2     0.00000
    -79.595        2     0.00000
    -79.445        2     0.00000
    -79.295        2     0.00000
    -79.145        2     0.00000
    -78.995        2     0.00000
    -78.845        2     0.00000
    -78.695        2     0.00000
    -78.545        2     0.00000
    -78.395        2     0.00000
    -78.245        2     0.00000
    -78.095        2     0.00000
    -77.945        2     0.00000
    -77.795        2     0.00000
    -77.645        2     0.00000
    -77.495        2     0.00000
    -77.345        2     0.00000
    -77.195        2     0.00000
    -77.045        2     0.00000
    -76.895        2     0.00000
    -76.745        2     0.00000
    -76.595        2     0.00000
    -76.445        2     0.00000
    -76.295        2     0.00000
    -76.145        2     0.00000
    -75.995        2     0.00000
    -75.845        2     0.00000
    -75.695        2     0.00000
    -75.545        2     0.00000
    -75.395        2     0.00000
    -75.245        2     0.00000
    -75.095        2     0.00000
    -74.945        2     0.00000
    -74.795        2     0.00000
    -74.645        2     0.00000
    -74.495        2     0.00000
    -74.345        2     0.00000
    -74.195        2     0.00000
    -74.045        2     0.00000
    -73.895        2     0.00000
    -73.745        2     0.00000
    -73.595        2     0.00000
    -73.445        2     0.00000
    -73.295        2     0.00000
    -73.145        2     0.00000
    -72.995        2     0.00000
    -72.845        2     0.00000
    -72.695        2     0.00000
    -72.545        2     0.00000
    -72.395        2     0.00000
    -72.245        2     0.00000
    -72.095        2     0.00000
    -71.945        2     0.00000
    -71.795        2     0.00000
    -71.645        2     0.00000
    -71.495        2     0.00000
    -71.345        2     0.00000
    -71.195        2     0.00000
    -71.045        2     0.00000
    -70.895        2     0.00000
    -70.745        2     0.00000
    -70.595        2     0.00000
    -70.445        2     0.00000
    -70.295        2     0.00000
    -70.145        2     0.00000
    -69.995        2     0.00000
    -69.845        2     0.00000
    -69.695        2     0.00000
    -69.545        2     0.00000
    -69.395        2     0.00000
    -69.245        2     0.00000
    -69.095        2     0.00000
    -68.945        2     0.00000
    -68.795        2     0.00000
    -68.645        2     0.00000
    -68.495        2     0.00000
    -68.345        2     0.00000
    -68.195        2     0.00000
    -68.045        2     0.00000
    -67.895        2     0.00000
    -67.745        2     0.00000
    -67.595        2     0.00000
    -67.445        2     0.00000
    -67.295        2     0.00000
    -67.145        2     0.00000
    -66.995        2     0.00000
    -66.845        2     0.00000
    -66.695        2     0.00000
    -66.545        2     0.00000
    -66.395        2     0.00000
    -66.245        2     0.00000
    -66.095        2     0.00000
    -65.945        2     0.00000
    -65.795        2     0.00000
    -65.645        2     0.00000
    -65.495        2     0.00000
    -65.345        2     0.00000
    -65.195        2     0.00000
    -65.045        2     0.00000
    -64.895        2     0.00000
    -64.745        2     0.00000
    -64.595        2     0.00000
    -64.445        2     0.00000
    -64.295        2     0.00000
    -64.145        2     0.00000
    -63.995        2     0.00000
    -63.845        2     0.00000
    -63.695        2     0.00000
    -63.545        2     0.00000
    -63.395        2     0.00000
    -63.245        2     0.00000
    -63.095        2     0.00000
    -62.945        2     0.00000
    -62.795        2     0.00000
    -62.645        2     0.00000
    -62.495        2     0.00000
    -62.345        2     0.00000
    -62.195        2     0.00000
    -62.045        2     0.00000
    -61.895        2     0.00000
    -61.745        2     0.00000
    -61.595        2     0.00000
    -61.445        2     0.00000
    -61.295        2     0.00000
    -61.145        2     0.00000
    -60.995        2     0.00000
    -60.845        2     0.00000
    -60.695        2     0.00000
    -60.545        2     0.00000
    -60.395        2     0.00000
    -60.245        2     0.00000
    -60.095        2     0.00000
    -59.945        2     0.00000
    -59.795        2     0.00000
    -59.645        2     0.00000
    -59.495        2     0.00000
    -59.345        2     0.00000
    -59.195        2     0.00000
    -59.045        2     0.00000
    -58.895        2     0.00000
    -58.745        2     0.00000
    -58.595        2     0.00000
    -58.445        2     0.00000
    -58.295        2     0.00000
    -58.145        2     0.00000
    -57.995        2     0.00000
    -57.845        2     0.00000
    -57.695        2     0.00000
    -57.545        2     0.00000
    -57.395        2     0.00000
    -57.245        2     0.00000
    -57.095        2     0.00000
    -56.945        2     0.00000
    -56.795        2     0.00000
    -56.645        2     0.00000
    -56.495        2     0.00000
    -56.345        2     0.00000
    -56.195        2     0.00000
    -56.045        2     0.00000
    -55.895        2     0.00000
    -55.745        2     0.00000
    -55.595        2     0.00000
    -55.445        2     0.00000
    -55.295        2     0.00000
    -55.145        2     0.00000
    -54.995        2     0.00000
    -54.845        2     0.00000
    -54.695        2     0.00000
    -54.545        2     0.00000
    -54.395        2     0.00000
    -54.245        2     0.00000
    -54.095        2     0.00000
    -53.945        2     0.00000
    -53.795        2     0.00000
    -53.645        2     0.00000
    -53.495        2     0.00000
    -53.345        2     0.00000
    -53.195        2     0.00000
    -53.045        2     0.00000
    -52.895        2     0.00000
    -52.745        2     0.00000
    -52.595        2     0.00000
    -52.445        2     0.00000
    -52.295        2     0.00000
    -52.145        2     0.00000
    -51.995        2     0.00000
    -51.845        2     0.00000
    -51.695        2     0.00000
    -51.545        2     0.00000
    -51.395        2     0.00000
    -51.245        2     0.00000
    -51.095        2     0.00000
    -50.945        2     0.00000
    -50.795        2     0.00000
    -50.645        2     0.00000
    -50.495        2     0.00000
    -50.345        2     0.00000
    -50.195        2     0.00000
    -50.045        2     0.00000
    -49.895        2     0.00000
    -49.745        2     0.00000
    -49.595        2     0.00000
    -49.445        2     0.00000
    -49.295        2     0.00000
    -49.145        2     0.00000
    -48.995        2     0.00000
    -48.845        2     0.00000
    -48.695        2     0.00000
    -48.545        2     0.00000
    -48.395        2     0.00000
    -48.245        2     0.00000
    -48.095        2     0.00000
    -47.945        2     0.00000
    -47.795        2     0.00000
    -47.645        2     0.00000
    -47.495        2     0.00000
    -47.345        2     0.00000
    -47.195        2     0.00000
    -47.045        2     0.00000
    -46.895        2     0.00000
    -46.745        2     0.00000
    -46.595        2     0.00000
    -46.445        2     0.00000
    -46.295        2     0.00000
    -46.145        2     0.00000
    -45.995        2     0.00000
    -45.845        2     0.00000
    -45.695        2     0.00000
    -45.545        2     0.00000
    -45.395        2     0.00000
    -45.245        2     0.00000
    -45.095        2     0.00000
    -44.945        2     0.00000
    -44.795        2     0.00000
    -44.645        2     0.00000
    -44.495        2     0.00000
    -44.345        2     0.00000
    -44.195        2     0.00000
    -44.045        2     0.00000
    -43.895        2     0.00000
    -43.745        2     0.00000
    -43.595        2     0.00000
    -43.445        2     0.00000
    -43.295        2     0.00000
    -43.145        2     0.00000
    -42.995        2     0.00000
    -42.845        2     0.00000
    -42.695        2     0.00000
    -42.545        2     0.00000
    -42.395        2     0.00000
    -42.245        2     0.00000
    -42.095        2     0.00000
    -41.945        2     0.00000
    -41.795        2     0.00000
    -41.645        2     0.00000
    -41.495        2     0.00000
    -41.345        2     0.00000
    -41.195        2     0.00000
    -41.045        2     0.00000
    -40.895        2     0.00000
    -40.745        2     0.00000
    -40.595        2     0.00000
    -40.445        2     0.00000
    -40.295        2     0.00000
    -40.145        2     0.00000
    -39.995        2     0.00000
    -39.845        2     0.00000
    -39.695        2     0.00000
    -39.545        2     0.00000
    -39.395        2     0.00000
    -39.245        2     0.00000
    -39.095        2     0.00000
    -38.945        2     0.00000
    -38.795        2     0.00000
    -38.645        2     0.00000
    -38.495        2     0.00000
    -38.345        2     0.00000
    -38.195        2     0.00000
    -38.045        2     0.00000
    -37.895        2     0.00000
    -37.745        2     0.00000
    -37.595        2     0.00000
    -37.445        2     0.00000
    -37.295        2     0.00000
    -37.145        2     0.00000
    -36.995        2     0.00000
    -36.845        2     0.00000
    -36.695        2     0.00000
    -36.545        2     0.00000
    -36.395        2     0.00000
    -36.245        2     0.00000
    -36.095        2     0.00000
    -35.945        2     0.00000
    -35.795        2     0.00000
    -35.645        2     0.00000
    -35.495        2     0.00000
    -35.345        2     0.00000
    -35.195        2     0.00000
    -35.045        2     0.00000
    -34.895        2     0.00000
    -34.745        2     0.00000
    -34.595        2     0.00000
    -34.445        2     0.00000
    -34.295        2     0.00000
    -34.145        2     0.00000
    -33.995        2     0.00000
    -33.845        2     0.00000
    -33.695        2     0.00000
    -33.545        2     0.00000
    -33.395        2     0.00000
    -33.245        2     0.00000
    -33.095        2     0.00000
    -32.945        2     0.00000
    -32.795        2     0.00000
    -32.645        2     0.00000
    -32.495        2     0.00000
    -32.345        2     0.00000
    -32.195        2     0.00000
    -32.045        2     0.00000
    -31.895        2     0.00000
    -31.745        2     0.00000
    -31.595        2     0.00000
    -31.445        2     0.00000
    -31.295        2     0.00000
    -31.145        2     0.00000
    -30.995        2     0.00000
    -30.845        2     0.00000
    -30.695        2     0.00000
    -30.545        2     0.00000
    -30.395        2     0.00000
    -30.245        2     0.00000
    -30.095        2     0.00000
    -29.945        2     0.00000
    -29.795        2     0.00000
    -29.645        2     0.00000
    -29.495        2     0.00000
    -29.345        2     0.00000
    -29.195        2     0.00000
    -29.045        2     0.00000
    -28.895        2     0.00000
    -28.745        2     0.00000
    -28.595        2     0.00000
    -28.445        2     0.00000
    -28.295        2     0.00000
    -28.145        2     0.00000
    -27.995        2     0.00000
    -27.845        2     0.00000
    -27.695        2     0.00000
    -27.545        2     0.00000
    -27.395        2     0.00000
    -27.245        2     0.00000
    -27.095        2     0.00000
    -26.945        2     0.00000
    -26.795        2     0.00000
    -26.645        2     0.00000
    -26.495        2     0.00000
    -26.345        2     0.00000
    -26.195        2     0.00000
    -26.045        2     0.00000
    -25.895        2     0.00000
    -25.745        2     0.00000
    -25.595        2     0.00000
    -25.445        2     0.00000
    -25.295        2     0.00000
    -25.145        2     0.00000
    -24.995        2     0.00000
    -24.845        2     0.00000
    -24.695        2     0.00000
    -24.545        2     0.00000
    -24.395        2     0.00000
    -24.245        2     0.00000
    -24.095        2     0.00000
    -23.945        2     0.00000
    -23.795        2     0.00000
    -23.645        2     0.00000
    -23.495        2     0.00000
    -23.345        2     0.00000
    -23.195        2     0.00000
    -23.045        2     0.00000
    -22.895        2     0.00000
    -22.745        2     0.00000
    -22.595        2     0.00000
    -22.445        2     0.00000
    -22.295        2     0.00000
    -22.145        2     0.00000
    -21.995        2     0.00000
    -21.845        2     0.00000
    -21.695        2     0.00000
    -21.545        2     0.00000
    -21.395        2     0.00000
    -21.245        2     0.00000
    -21.095        2     0.00000
    -20.945        2     0.00000
    -20.795        2     0.00000
    -20.645        2     0.00000
    -20.495        2     0.00000
    -20.345        2     0.00000
    -20.195        2     0.00000
    -20.045        2     0.00000
    -19.895        2     0.00000
    -19.745        2     0.00000
    -19.595        2     0.00000
    -19.445        2     0.00000
    -19.295        2     0.00000
    -19.145        2     0.00000
    -18.995        2     0.00000
    -18.845        2     0.00000
    -18.695        2     0.00000
    -18.545        2     0.00000
    -18.395        2     0.00000
    -18.245        2     0.00000
    -18.095        2     0.00000
    -17.945        2     0.00000
    -17.795        2     0.00000
    -17.645        2     0.00000
    -17.495        2     0.00000
    -17.345        2     0.00000
    -17.195        2     0.00000
    -17.045        2     0.00000
    -16.895        2    -0.00046
    -16.745        2    -0.01082
    -16.595        2    -0.04733
    -16.445        2    -0.11259
    -16.295        2    -0.23165
    -16.145        2    -0.38130
    -15.995        2    -0.56393
    -15.845        2    -0.77395
    -15.695        2    -1.00971
    -15.545        2    -1.27521
    -15.395        2    -1.59546
    -15.245        2    -1.98016
    -15.095        2    -2.42154
    -14.945        2    -2.91979
    -14.795        2    -3.47541
    -14.645        2    -4.08576
    -14.495        2    -4.75399
    -14.345        2    -5.48365
    -14.195        2    -6.28300
    -14.045        2    -7.13603
    -13.895        2    -8.05270
    -13.745        2    -8.99226
    -13.595        2    -9.99017
    -13.445        2   -11.00754
    -13.295        2   -12.06304
    -13.145        2   -13.12145
    -12.995        2   -14.15461
    -12.845        2   -15.18256
    -12.695        2   -16.19691
    -12.545        2   -17.19971
    -12.395        2   -18.17519
    -12.245        2   -19.15156
    -12.095        2   -20.07972
    -11.945        2   -20.98410
    -11.795        2   -21.84205
    -11.645        2   -22.65980
    -11.495        2   -23.44635
    -11.345        2   -24.18869
    -11.195        2   -24.89074
    -11.045        2   -25.56581
    -10.895        2   -26.20012
    -10.745        2   -26.82897
    -10.595        2   -27.43886
    -10.445        2   -28.03503
    -10.295        2   -28.63282
    -10.145        2   -29.22454
    -9.9950        2   -29.80159
    -9.8450        2   -30.39613
    -9.6950        2   -30.98804
    -9.5450        2   -31.60851
    -9.3950        2   -32.23019
    -9.2450        2   -32.87487
    -9.0950        2   -33.53844
    -8.9450        2   -34.25377
    -8.7950        2   -35.00067
    -8.6450        2   -35.81234
    -8.4950        2   -36.67292
    -8.3450        2   -37.60318
    -8.1950        2   -38.57415
    -8.0450        2   -39.60090
    -7.8950        2   -40.71038
    -7.7450        2   -41.90194
    -7.5950        2   -43.12824
    -7.4450        2   -44.40931
    -7.2950        2   -45.73914
    -7.1450        2   -47.10396
    -6.9950        2   -48.49629
    -6.8450        2   -49.90016
    -6.6950        2   -51.32345
    -6.5450        2   -52.76886
    -6.3950        2   -54.25684
    -6.2450        2   -55.76666
    -6.0950        2   -57.30751
    -5.9450        2   -58.88630
    -5.7950        2   -60.51639
    -5.6450        2   -62.17522
    -5.4950        2   -63.87272
    -5.3450        2   -65.58688
    -5.1950        2   -67.31204
    -5.0450        2   -69.04590
    -4.8950        2   -70.78536
    -4.7450        2   -72.52818
    -4.5950        2   -74.29416
    -4.4450        2   -76.06371
    -4.2950        2   -77.85513
    -4.1450        2   -79.66852
    -3.9950        2   -81.50258
    -3.8450        2   -83.38644
    -3.6950        2   -85.32723
    -3.5450        2   -87.33980
    -3.3950        2   -89.43493
    -3.2450        2   -91.62275
    -3.0950        2   -93.90234
    -2.9450        2   -96.30885
    -2.7950        2   -98.84537
    -2.6450        2  -101.54407
    -2.4950        2  -104.40902
    -2.3450        2  -107.54076
    -2.1950        2  -110.98777
    -2.0450        2  -114.88000
    -1.8950        2  -119.32140
    -1.7450        2  -124.45750
    -1.5950        2  -130.45374
    -1.4450        2  -137.41760
    -1.2950        2  -145.40907
    -1.1450        2  -154.38122
   -0.99500        2  -164.08986
   -0.84500        2  -174.34125
   -0.69500        2  -185.04684
   -0.54500        2  -196.31329
   -0.39500        2  -208.82410
   -0.25300        2  -218.15077
   -0.21500        2  -218.77956
   -0.20900        2  -219.41622
   -0.20300        2  -220.05956
   -0.19700        2  -220.71121
   -0.19100        2  -221.37258
   -0.18500        2  -222.04251
   -0.17900        2  -222.72235
   -0.17300        2  -223.41010
   -0.16700        2  -224.10816
   -0.16100        2  -224.81795
   -0.15500        2  -225.53991
   -0.14900        2  -226.27268
   -0.14300        2  -227.01976
   -0.13700        2  -227.78081
   -0.13100        2  -228.55457
   -0.12500        2  -229.34550
   -0.11900        2  -230.15131
   -0.11300        2  -230.97612
   -0.10700        2  -231.81817
   -0.10100        2  -232.68174
   -0.95000E-01    2  -233.56805
   -0.89000E-01    2  -234.47847
   -0.83000E-01    2  -235.41776
   -0.77000E-01    2  -236.38756
   -0.71000E-01    2  -237.39185
   -0.65000E-01    2  -238.43461
   -0.59000E-01    2  -239.52346
   -0.53000E-01    2  -240.66333
   -0.47000E-01    2  -241.86875
   -0.41000E-01    2  -243.15695
   -0.35000E-01    2  -244.55667
   -0.29000E-01    2  -246.11410
   -0.23000E-01    2  -247.92088
   -0.19700E-01    2  -248.11864
   -0.19100E-01    2  -248.32058
   -0.18500E-01    2  -248.52697
   -0.17900E-01    2  -248.73798
   -0.17300E-01    2  -248.95366
   -0.16700E-01    2  -249.17478
   -0.16100E-01    2  -249.40202
   -0.15500E-01    2  -249.63524
   -0.14900E-01    2  -249.87500
   -0.14300E-01    2  -250.12238
   -0.13700E-01    2  -250.37801
   -0.13100E-01    2  -250.64258
   -0.12500E-01    2  -250.91737
   -0.11900E-01    2  -251.20256
   -0.11300E-01    2  -251.49901
   -0.10700E-01    2  -251.80766
   -0.10100E-01    2  -252.13024
   -0.95000E-02    2  -252.46676
   -0.89000E-02    2  -252.81988
   -0.83000E-02    2  -253.19071
   -0.77000E-02    2  -253.58179
   -0.71000E-02    2  -253.99598
   -0.65000E-02    2  -254.43672
   -0.59000E-02    2  -254.90947
   -0.53000E-02    2  -255.41969
   -0.47000E-02    2  -255.97552
   -0.41000E-02    2  -256.58773
   -0.35000E-02    2  -257.27054
   -0.29000E-02    2  -258.03732
   -0.23000E-02    2  -258.88824
   -0.17000E-02    2  -259.80171
   -0.11000E-02    2  -260.64955
   -0.50000E-03    2  -261.11824
    0.10000E-03    2  -261.02007
    0.70000E-03    2  -260.39404
    0.13000E-02    2  -259.49250
    0.19000E-02    2  -258.59677
    0.25000E-02    2  -257.77215
    0.31000E-02    2  -257.03406
    0.37000E-02    2  -256.37720
    0.43000E-02    2  -255.78559
    0.49000E-02    2  -255.24699
    0.55000E-02    2  -254.75078
    0.61000E-02    2  -254.28995
    0.67000E-02    2  -253.85936
    0.73000E-02    2  -253.45418
    0.79000E-02    2  -253.07096
    0.85000E-02    2  -252.70738
    0.91000E-02    2  -252.36102
    0.97000E-02    2  -252.03054
    0.10300E-01    2  -251.71401
    0.10900E-01    2  -251.41104
    0.11500E-01    2  -251.11980
    0.12100E-01    2  -250.83982
    0.12700E-01    2  -250.57014
    0.13300E-01    2  -250.31044
    0.13900E-01    2  -250.05942
    0.14500E-01    2  -249.81682
    0.15100E-01    2  -249.58131
    0.15700E-01    2  -249.35251
    0.16300E-01    2  -249.12981
    0.16900E-01    2  -248.91299
    0.17500E-01    2  -248.70146
    0.18100E-01    2  -248.49497
    0.18700E-01    2  -248.29331
    0.19300E-01    2  -248.09603
    0.20200E-01    2  -247.36813
    0.25000E-01    2  -245.71013
    0.31000E-01    2  -244.27821
    0.37000E-01    2  -243.00115
    0.43000E-01    2  -241.84051
    0.49000E-01    2  -240.77095
    0.55000E-01    2  -239.77833
    0.61000E-01    2  -238.84990
    0.67000E-01    2  -237.97911
    0.73000E-01    2  -237.15865
    0.79000E-01    2  -236.38517
    0.85000E-01    2  -235.65263
    0.91000E-01    2  -234.95550
    0.97000E-01    2  -234.29213
    0.10300        2  -233.65821
    0.10900        2  -233.05002
    0.11500        2  -232.46661
    0.12100        2  -231.90729
    0.12700        2  -231.36713
    0.13300        2  -230.84586
    0.13900        2  -230.34210
    0.14500        2  -229.85737
    0.15100        2  -229.38713
    0.15700        2  -228.93301
    0.16300        2  -228.49303
    0.16900        2  -228.06612
    0.17500        2  -227.65109
    0.18100        2  -227.24810
    0.18700        2  -226.85647
    0.19300        2  -226.47637
    0.19900        2  -226.10597
    0.20500        2  -225.74513
    0.21100        2  -225.39331
    0.21700        2  -225.05197
    0.29500        2  -218.30201
    0.44500        2  -214.01837
    0.59500        2  -210.80059
    0.74500        2  -208.14399
    0.89500        2  -205.83127
     1.0450        2  -203.77675
     1.1950        2  -201.92313
     1.3450        2  -200.22246
     1.4950        2  -198.67784
     1.6450        2  -197.25685
     1.7950        2  -195.93522
     1.9450        2  -194.71755
     2.0950        2  -193.58804
     2.2450        2  -192.55307
     2.3950        2  -191.60051
     2.5450        2  -190.72256
     2.6950        2  -189.91352
     2.8450        2  -189.17061
     2.9950        2  -188.48075
     3.1450        2  -187.83954
     3.2950        2  -187.23394
     3.4450        2  -186.67804
     3.5950        2  -186.15062
     3.7450        2  -185.65180
     3.8950        2  -185.17976
     4.0450        2  -184.73329
     4.1950        2  -184.31168
     4.3450        2  -183.90329
     4.4950        2  -183.50760
     4.6450        2  -183.13233
     4.7950        2  -182.77052
     4.9450        2  -182.41441
     5.0950        2  -182.07257
     5.2450        2  -181.74325
     5.3950        2  -181.42479
     5.5450        2  -181.11600
     5.6950        2  -180.81580
     5.8450        2  -180.52600
     5.9950        2  -180.24033
     6.1450        2  -179.96402
     6.2950        2  -179.68847
     6.4450        2  -179.42203
     6.5950        2  -179.16248
     6.7450        2  -178.90987
     6.8950        2  -178.66378
     7.0450        2  -178.41936
     7.1950        2  -178.18300
     7.3450        2  -177.95425
     7.4950        2  -177.72913
     7.6450        2  -177.50500
     7.7950        2  -177.28681
     7.9450        2  -177.07404
     8.0950        2  -176.86267
     8.2450        2  -176.65541
     8.3950        2  -176.45158
     8.5450        2  -176.25242
     8.6950        2  -176.05869
     8.8450        2  -175.86861
     8.9950        2  -175.68030
     9.1450        2  -175.49475
     9.2950        2  -175.30982
     9.4450        2  -175.12803
     9.5950        2  -174.94954
     9.7450        2  -174.77200
     9.8950        2  -174.60142
     10.045        2  -174.43362
     10.195        2  -174.26554
     10.345        2  -174.10044
     10.495        2  -173.93849
     10.645        2  -173.78007
     10.795        2  -173.62142
     10.945        2  -173.46822
     11.095        2  -173.31699
     11.245        2  -173.16523
     11.395        2  -173.01654
     11.545        2  -172.86759
     11.695        2  -172.71969
     11.845        2  -172.57761
     11.995        2  -172.43441
     12.145        2  -172.29233
     12.295        2  -172.15304
     12.445        2  -172.01555
     12.595        2  -171.87947
     12.745        2  -171.74769
     12.895        2  -171.61544
     13.045        2  -171.48438
     13.195        2  -171.35641
     13.345        2  -171.23048
     13.495        2  -171.10538
     13.645        2  -170.97947
     13.795        2  -170.85502
     13.945        2  -170.73328
     14.095        2  -170.61242
     14.245        2  -170.49204
     14.395        2  -170.36877
     14.545        2  -170.25101
     14.695        2  -170.13246
     14.845        2  -170.01860
     14.995        2  -169.90503
     15.145        2  -169.79040
     15.295        2  -169.67949
     15.445        2  -169.56874
     15.595        2  -169.45925
     15.745        2  -169.35171
     15.895        2  -169.24257
     16.045        2  -169.13652
     16.195        2  -169.03247
     16.345        2  -168.92476
     16.495        2  -168.82346
     16.645        2  -168.72304
     16.795        2  -168.62123
     16.945        2  -168.52074
     17.095        2  -168.42041
     17.245        2  -168.32325
     17.395        2  -168.22460
     17.545        2  -168.12655
     17.695        2  -168.03338
     17.845        2  -167.93865
     17.995        2  -167.84429
     18.145        2  -167.74996
     18.295        2  -167.65648
     18.445        2  -167.56116
     18.595        2  -167.46777
     18.745        2  -167.37458
     18.895        2  -167.28516
     19.045        2  -167.19447
     19.195        2  -167.10514
     19.345        2  -167.01594
     19.495        2  -166.92914
     19.645        2  -166.84178
     19.795        2  -166.75788
     19.945        2  -166.67082
     20.095        2  -166.58629
     21.836        2  -164.00787
     30.068        2  -160.20299
     42.097        2  -156.43641
     58.937        2  -152.72264
     82.515        2  -149.07128
     115.53        2  -145.48366
     161.74        2  -141.96836
     226.45        2  -138.54278
     317.04        2  -135.19545
     443.87        2  -131.93398
     621.44        2  -128.75962
     870.05        2  -125.66614
     1218.1        2  -122.65235
     1705.4        2  -119.72301
     2387.7        2  -116.87202
     3342.9        2  -114.09993
     4680.2        2  -111.40485
     6552.5        2  -108.78133
     9173.8        2  -106.22984
     12844.        2  -103.76139
     17982.        2  -101.36222
     25176.        2   -99.03781
     35247.        2   -96.79687
     49348.        2   -94.64382
     69090.        2   -92.57538
     96729.        2   -90.60162
    0.13543E+06    2   -88.71384
    0.18960E+06    2   -86.91384
    0.26545E+06    2   -85.19902
    0.37165E+06    2   -83.56449
    0.52033E+06    2   -82.00470
    0.72849E+06    2   -80.52268
    0.10199E+07    2   -79.10988
    0.14279E+07    2   -77.76080
    0.19992E+07    2   -76.48372
    0.27990E+07    2   -75.26497
    0.39187E+07    2   -74.11050
    0.54864E+07    2   -73.00970
    0.76812E+07    2   -71.96454
    0.10754E+08    2   -70.97336
    0.15056E+08    2   -70.03102
    0.21080E+08    2   -69.13176
    0.29513E+08    2   -68.27901
    0.41319E+08    2   -67.47791
    0.57849E+08    2   -66.72814
    0.80991E+08    2   -66.03433
    0.11339E+09    2   -65.38987
    0.15875E+09    2   -64.78981
    0.22226E+09    2   -64.23255
    0.31118E+09    2   -63.70709
    0.43567E+09    2   -63.21772
    0.60996E+09    2   -62.76904
    0.85398E+09    2   -62.36403
    0.11956E+10    2   -61.99376
    0.16739E+10    2   -61.65334
    0.23436E+10    2   -61.34187
    0.32811E+10    2   -61.05581
    0.45937E+10    2   -60.79170
    0.64315E+10    2   -60.54922
    0.90044E+10    2   -60.32626
    0.12607E+11    2   -60.11972
    0.17650E+11    2   -59.93090
    0.24711E+11    2   -59.75832
    0.34596E+11    2   -59.59921
    0.48437E+11    2   -59.45237
    0.67814E+11    2   -59.31694
    0.10000E+12    2   -57.77775
