    -29.945        1     0.00000
    -29.795        1     0.00000
    -29.645        1     0.00000
    -29.495        1     0.00000
    -29.345        1     0.00000
    -29.195        1     0.00000
    -29.045        1     0.00000
    -28.895        1     0.00000
    -28.745        1     0.00000
    -28.595        1     0.00000
    -28.445        1     0.00000
    -28.295        1     0.00000
    -28.145        1     0.00000
    -27.995        1     0.00000
    -27.845        1     0.00000
    -27.695        1     0.00000
    -27.545        1     0.00000
    -27.395        1     0.00000
    -27.245        1     0.00000
    -27.095        1     0.00000
    -26.945        1     0.00000
    -26.795        1     0.00000
    -26.645        1     0.00000
    -26.495        1     0.00000
    -26.345        1     0.00000
    -26.195        1     0.00000
    -26.045        1     0.00000
    -25.895        1     0.00000
    -25.745        1     0.00000
    -25.595        1    -0.00019
    -25.445        1    -0.00057
    -25.295        1    -0.00057
    -25.145        1    -0.00095
    -24.995        1    -0.00208
    -24.845        1    -0.00302
    -24.695        1    -0.00469
    -24.545        1    -0.00748
    -24.395        1    -0.01133
    -24.245        1    -0.01518
    -24.095        1    -0.02409
    -23.945        1    -0.03292
    -23.795        1    -0.04421
    -23.645        1    -0.05890
    -23.495        1    -0.07533
    -23.345        1    -0.10202
    -23.195        1    -0.12861
    -23.045        1    -0.15819
    -22.895        1    -0.19927
    -22.745        1    -0.24256
    -22.595        1    -0.28817
    -22.445        1    -0.34091
    -22.295        1    -0.40042
    -22.145        1    -0.46964
    -21.995        1    -0.53686
    -21.845        1    -0.61055
    -21.695        1    -0.68752
    -21.545        1    -0.77289
    -21.395        1    -0.86250
    -21.245        1    -0.95701
    -21.095        1    -1.05889
    -20.945        1    -1.16447
    -20.795        1    -1.26506
    -20.645        1    -1.37205
    -20.495        1    -1.48548
    -20.345        1    -1.60073
    -20.195        1    -1.71026
    -20.045        1    -1.82865
    -19.895        1    -1.95275
    -19.745        1    -2.07496
    -19.595        1    -2.19879
    -19.445        1    -2.33220
    -19.295        1    -2.47610
    -19.145        1    -2.62167
    -18.995        1    -2.78438
    -18.845        1    -2.95842
    -18.695        1    -3.14253
    -18.545        1    -3.34234
    -18.395        1    -3.56511
    -18.245        1    -3.79978
    -18.095        1    -4.06530
    -17.945        1    -4.33941
    -17.795        1    -4.64191
    -17.645        1    -4.96841
    -17.495        1    -5.31988
    -17.345        1    -5.69424
    -17.195        1    -6.10513
    -17.045        1    -6.54318
    -16.895        1    -7.00621
    -16.745        1    -7.48644
    -16.595        1    -7.99116
    -16.445        1    -8.52751
    -16.295        1    -9.08134
    -16.145        1    -9.65650
    -15.995        1   -10.23773
    -15.845        1   -10.86717
    -15.695        1   -11.50652
    -15.545        1   -12.13234
    -15.395        1   -12.79029
    -15.245        1   -13.45287
    -15.095        1   -14.13973
    -14.945        1   -14.82856
    -14.795        1   -15.55267
    -14.645        1   -16.28834
    -14.495        1   -17.00224
    -14.345        1   -17.74241
    -14.195        1   -18.49187
    -14.045        1   -19.22946
    -13.895        1   -19.97938
    -13.745        1   -20.72512
    -13.595        1   -21.45810
    -13.445        1   -22.19886
    -13.295        1   -22.93355
    -13.145        1   -23.67347
    -12.995        1   -24.39895
    -12.845        1   -25.11191
    -12.695        1   -25.83291
    -12.545        1   -26.53197
    -12.395        1   -27.22195
    -12.245        1   -27.90927
    -12.095        1   -28.58208
    -11.945        1   -29.26319
    -11.795        1   -29.92971
    -11.645        1   -30.58467
    -11.495        1   -31.24020
    -11.345        1   -31.87619
    -11.195        1   -32.51720
    -11.045        1   -33.15721
    -10.895        1   -33.78287
    -10.745        1   -34.41412
    -10.595        1   -35.03865
    -10.445        1   -35.65506
    -10.295        1   -36.26622
    -10.145        1   -36.87502
    -9.9950        1   -37.48030
    -9.8450        1   -38.07415
    -9.6950        1   -38.67382
    -9.5450        1   -39.24426
    -9.3950        1   -39.81934
    -9.2450        1   -40.37706
    -9.0950        1   -40.92747
    -8.9450        1   -41.47775
    -8.7950        1   -42.02304
    -8.6450        1   -42.55877
    -8.4950        1   -43.09113
    -8.3450        1   -43.61969
    -8.1950        1   -44.16289
    -8.0450        1   -44.69728
    -7.8950        1   -45.23881
    -7.7450        1   -45.76339
    -7.5950        1   -46.28334
    -7.4450        1   -46.81222
    -7.2950        1   -47.34260
    -7.1450        1   -47.87609
    -6.9950        1   -48.41060
    -6.8450        1   -48.95424
    -6.6950        1   -49.49316
    -6.5450        1   -50.04118
    -6.3950        1   -50.60334
    -6.2450        1   -51.16979
    -6.0950        1   -51.74129
    -5.9450        1   -52.33569
    -5.7950        1   -52.94117
    -5.6450        1   -53.54423
    -5.4950        1   -54.16899
    -5.3450        1   -54.80171
    -5.1950        1   -55.45825
    -5.0450        1   -56.12040
    -4.8950        1   -56.80249
    -4.7450        1   -57.51122
    -4.5950        1   -58.23332
    -4.4450        1   -58.98993
    -4.2950        1   -59.77855
    -4.1450        1   -60.59989
    -3.9950        1   -61.46726
    -3.8450        1   -62.38887
    -3.6950        1   -63.36989
    -3.5450        1   -64.41959
    -3.3950        1   -65.54496
    -3.2450        1   -66.74521
    -3.0950        1   -68.02450
    -2.9450        1   -69.38801
    -2.7950        1   -70.84873
    -2.6450        1   -72.41344
    -2.4950        1   -74.06084
    -2.3450        1   -75.79864
    -2.1950        1   -77.60416
    -2.0450        1   -79.45400
    -1.8950        1   -81.33275
    -1.7450        1   -83.21325
    -1.5950        1   -85.07671
    -1.4450        1   -86.92231
    -1.2950        1   -88.75027
    -1.1450        1   -90.57353
   -0.99500        1   -92.40618
   -0.84500        1   -94.29611
   -0.69500        1   -96.30851
   -0.54500        1   -98.53705
   -0.39500        1  -101.14350
   -0.25300        1  -103.13743
   -0.21500        1  -103.27348
   -0.20900        1  -103.41142
   -0.20300        1  -103.55187
   -0.19700        1  -103.69306
   -0.19100        1  -103.83685
   -0.18500        1  -103.98225
   -0.17900        1  -104.13150
   -0.17300        1  -104.28242
   -0.16700        1  -104.43594
   -0.16100        1  -104.59311
   -0.15500        1  -104.75331
   -0.14900        1  -104.91696
   -0.14300        1  -105.08395
   -0.13700        1  -105.25544
   -0.13100        1  -105.43089
   -0.12500        1  -105.61103
   -0.11900        1  -105.79669
   -0.11300        1  -105.98843
   -0.10700        1  -106.18684
   -0.10100        1  -106.39222
   -0.95000E-01    1  -106.60598
   -0.89000E-01    1  -106.82976
   -0.83000E-01    1  -107.06402
   -0.77000E-01    1  -107.31024
   -0.71000E-01    1  -107.57158
   -0.65000E-01    1  -107.85072
   -0.59000E-01    1  -108.15115
   -0.53000E-01    1  -108.47839
   -0.47000E-01    1  -108.83886
   -0.41000E-01    1  -109.24310
   -0.35000E-01    1  -109.70529
   -0.29000E-01    1  -110.25397
   -0.23000E-01    1  -110.93626
   -0.19700E-01    1  -111.01299
   -0.19100E-01    1  -111.09182
   -0.18500E-01    1  -111.17259
   -0.17900E-01    1  -111.25553
   -0.17300E-01    1  -111.34078
   -0.16700E-01    1  -111.42841
   -0.16100E-01    1  -111.51843
   -0.15500E-01    1  -111.61096
   -0.14900E-01    1  -111.70607
   -0.14300E-01    1  -111.80413
   -0.13700E-01    1  -111.90481
   -0.13100E-01    1  -112.00817
   -0.12500E-01    1  -112.11463
   -0.11900E-01    1  -112.22417
   -0.11300E-01    1  -112.33675
   -0.10700E-01    1  -112.45253
   -0.10100E-01    1  -112.57169
   -0.95000E-02    1  -112.69408
   -0.89000E-02    1  -112.81972
   -0.83000E-02    1  -112.94823
   -0.77000E-02    1  -113.07955
   -0.71000E-02    1  -113.21295
   -0.65000E-02    1  -113.34772
   -0.59000E-02    1  -113.48305
   -0.53000E-02    1  -113.61751
   -0.47000E-02    1  -113.74936
   -0.41000E-02    1  -113.87656
   -0.35000E-02    1  -113.99637
   -0.29000E-02    1  -114.10428
   -0.23000E-02    1  -114.19507
   -0.17000E-02    1  -114.26491
   -0.11000E-02    1  -114.31135
   -0.50000E-03    1  -114.33278
    0.10000E-03    1  -114.32848
    0.70000E-03    1  -114.29862
    0.13000E-02    1  -114.24424
    0.19000E-02    1  -114.16725
    0.25000E-02    1  -114.07049
    0.31000E-02    1  -113.95828
    0.37000E-02    1  -113.83597
    0.43000E-02    1  -113.70724
    0.49000E-02    1  -113.57498
    0.55000E-02    1  -113.44095
    0.61000E-02    1  -113.30673
    0.67000E-02    1  -113.17351
    0.73000E-02    1  -113.04179
    0.79000E-02    1  -112.91240
    0.85000E-02    1  -112.78560
    0.91000E-02    1  -112.66171
    0.97000E-02    1  -112.54095
    0.10300E-01    1  -112.42358
    0.10900E-01    1  -112.30927
    0.11500E-01    1  -112.19823
    0.12100E-01    1  -112.09006
    0.12700E-01    1  -111.98492
    0.13300E-01    1  -111.88253
    0.13900E-01    1  -111.78296
    0.14500E-01    1  -111.68607
    0.15100E-01    1  -111.59189
    0.15700E-01    1  -111.50015
    0.16300E-01    1  -111.41103
    0.16900E-01    1  -111.32434
    0.17500E-01    1  -111.24008
    0.18100E-01    1  -111.15809
    0.18700E-01    1  -111.07809
    0.19300E-01    1  -111.00015
    0.20200E-01    1  -110.71495
    0.25000E-01    1  -110.08586
    0.31000E-01    1  -109.57447
    0.37000E-01    1  -109.14011
    0.43000E-01    1  -108.75911
    0.49000E-01    1  -108.41875
    0.55000E-01    1  -108.11105
    0.61000E-01    1  -107.83045
    0.67000E-01    1  -107.57225
    0.73000E-01    1  -107.33252
    0.79000E-01    1  -107.10843
    0.85000E-01    1  -106.89820
    0.91000E-01    1  -106.70035
    0.97000E-01    1  -106.51511
    0.10300        1  -106.34017
    0.10900        1  -106.17372
    0.11500        1  -106.01657
    0.12100        1  -105.86717
    0.12700        1  -105.72515
    0.13300        1  -105.58995
    0.13900        1  -105.46101
    0.14500        1  -105.33838
    0.15100        1  -105.22135
    0.15700        1  -105.10944
    0.16300        1  -105.00197
    0.16900        1  -104.89844
    0.17500        1  -104.79968
    0.18100        1  -104.70511
    0.18700        1  -104.61380
    0.19300        1  -104.52650
    0.19900        1  -104.44219
    0.20500        1  -104.36070
    0.21100        1  -104.28216
    0.21700        1  -104.20678
    0.29500        1  -102.86578
    0.44500        1  -102.19915
    0.59500        1  -101.76281
    0.74500        1  -101.42521
    0.89500        1  -101.13903
     1.0450        1  -100.88766
     1.1950        1  -100.66200
     1.3450        1  -100.45495
     1.4950        1  -100.26481
     1.6450        1  -100.08795
     1.7950        1   -99.92072
     1.9450        1   -99.76488
     2.0950        1   -99.62080
     2.2450        1   -99.48564
     2.3950        1   -99.35781
     2.5450        1   -99.23599
     2.6950        1   -99.12788
     2.8450        1   -99.02404
     2.9950        1   -98.92458
     3.1450        1   -98.83486
     3.2950        1   -98.74562
     3.4450        1   -98.66271
     3.5950        1   -98.58024
     3.7450        1   -98.50715
     3.8950        1   -98.43463
     4.0450        1   -98.36803
     4.1950        1   -98.30328
     4.3450        1   -98.24138
     4.4950        1   -98.18224
     4.6450        1   -98.12741
     4.7950        1   -98.07305
     4.9450        1   -98.02131
     5.0950        1   -97.97126
     5.2450        1   -97.92183
     5.3950        1   -97.87408
     5.5450        1   -97.82893
     5.6950        1   -97.78539
     5.8450        1   -97.74261
     5.9950        1   -97.70028
     6.1450        1   -97.65862
     6.2950        1   -97.61889
     6.4450        1   -97.57937
     6.5950        1   -97.54172
     6.7450        1   -97.50361
     6.8950        1   -97.46725
     7.0450        1   -97.43199
     7.1950        1   -97.39590
     7.3450        1   -97.36227
     7.4950        1   -97.32929
     7.6450        1   -97.29696
     7.7950        1   -97.26418
     7.9450        1   -97.23276
     8.0950        1   -97.20195
     8.2450        1   -97.17038
     8.3950        1   -97.14015
     8.5450        1   -97.11031
     8.6950        1   -97.08066
     8.8450        1   -97.05042
     8.9950        1   -97.02229
     9.1450        1   -96.99447
     9.2950        1   -96.96707
     9.4450        1   -96.93949
     9.5950        1   -96.91306
     9.7450        1   -96.88654
     9.8950        1   -96.86019
     10.045        1   -96.83414
     10.195        1   -96.80866
     10.345        1   -96.78314
     10.495        1   -96.75801
     10.645        1   -96.73281
     10.795        1   -96.70799
     10.945        1   -96.68333
     11.095        1   -96.66002
     11.245        1   -96.63560
     11.395        1   -96.61239
     11.545        1   -96.58915
     11.695        1   -96.56672
     11.845        1   -96.54426
     11.995        1   -96.52181
     12.145        1   -96.49989
     12.295        1   -96.47776
     12.445        1   -96.45650
     12.595        1   -96.43469
     12.745        1   -96.41339
     12.895        1   -96.39293
     13.045        1   -96.37171
     13.195        1   -96.35153
     13.345        1   -96.33168
     13.495        1   -96.31233
     13.645        1   -96.29266
     13.795        1   -96.27290
     13.945        1   -96.25404
     14.095        1   -96.23474
     14.245        1   -96.21557
     14.395        1   -96.19655
     14.545        1   -96.17772
     14.695        1   -96.15885
     14.845        1   -96.14074
     14.995        1   -96.12230
     15.145        1   -96.10474
     15.295        1   -96.08644
     15.445        1   -96.06817
     15.595        1   -96.05100
     15.745        1   -96.03375
     15.895        1   -96.01659
     16.045        1   -95.99925
     16.195        1   -95.98227
     16.345        1   -95.96493
     16.495        1   -95.94797
     16.645        1   -95.93169
     16.795        1   -95.91559
     16.945        1   -95.89969
     17.095        1   -95.88293
     17.245        1   -95.86709
     17.395        1   -95.85062
     17.545        1   -95.83503
     17.695        1   -95.81953
     17.845        1   -95.80405
     17.995        1   -95.78857
     18.145        1   -95.77307
     18.295        1   -95.75779
     18.445        1   -95.74261
     18.595        1   -95.72774
     18.745        1   -95.71302
     18.895        1   -95.69875
     19.045        1   -95.68449
     19.195        1   -95.66985
     19.345        1   -95.65567
     19.495        1   -95.64096
     19.645        1   -95.62657
     19.795        1   -95.61189
     19.945        1   -95.59784
     20.095        1   -95.58357
     20.245        1   -95.56953
     20.395        1   -95.55582
     20.545        1   -95.54207
     20.695        1   -95.52855
     20.845        1   -95.51500
     20.995        1   -95.50124
     21.145        1   -95.48797
     21.295        1   -95.47458
     21.445        1   -95.46156
     21.595        1   -95.44847
     21.745        1   -95.43534
     21.895        1   -95.42200
     22.045        1   -95.40887
     22.195        1   -95.39583
     22.345        1   -95.38290
     22.495        1   -95.37071
     22.645        1   -95.35819
     22.795        1   -95.34533
     22.945        1   -95.33291
     23.095        1   -95.32056
     23.245        1   -95.30841
     23.395        1   -95.29622
     23.545        1   -95.28400
     23.695        1   -95.27214
     23.845        1   -95.25999
     23.995        1   -95.24790
     24.145        1   -95.23587
     24.295        1   -95.22391
     24.445        1   -95.21237
     24.595        1   -95.20063
     24.745        1   -95.18856
     24.895        1   -95.17740
     25.045        1   -95.16596
     25.195        1   -95.15489
     25.345        1   -95.14347
     25.495        1   -95.13202
     25.645        1   -95.12086
     25.795        1   -95.10986
     25.945        1   -95.09874
     26.095        1   -95.08754
     26.245        1   -95.07678
     26.395        1   -95.06637
     26.545        1   -95.05562
     26.695        1   -95.04494
     26.845        1   -95.03435
     26.995        1   -95.02366
     27.145        1   -95.01316
     27.295        1   -95.00249
     27.445        1   -94.99151
     27.595        1   -94.98103
     27.745        1   -94.97058
     27.895        1   -94.96050
     28.045        1   -94.95048
     28.195        1   -94.94027
     28.345        1   -94.93038
     28.495        1   -94.92046
     28.645        1   -94.91074
     28.795        1   -94.90088
     28.945        1   -94.89094
     29.095        1   -94.88118
     29.245        1   -94.87166
     29.395        1   -94.86193
     29.545        1   -94.85209
     29.695        1   -94.84214
     29.845        1   -94.83260
     29.995        1   -94.82288
     30.145        1   -94.81358
     30.295        1   -94.80323
     30.445        1   -94.79408
     30.595        1   -94.78481
     30.745        1   -94.77570
     30.895        1   -94.76655
     31.045        1   -94.75715
     31.195        1   -94.74791
     31.345        1   -94.73863
     31.495        1   -94.72955
     31.645        1   -94.72058
     31.795        1   -94.71159
     31.945        1   -94.70272
     32.095        1   -94.69378
     32.245        1   -94.68482
     32.395        1   -94.67605
     32.545        1   -94.66674
     32.695        1   -94.65812
     32.845        1   -94.64915
     32.995        1   -94.64055
     33.145        1   -94.63182
     33.295        1   -94.62290
     33.445        1   -94.61434
     33.595        1   -94.60579
     33.745        1   -94.59719
     33.895        1   -94.58867
     34.045        1   -94.57999
     34.195        1   -94.57169
     34.345        1   -94.56340
     34.495        1   -94.55478
     34.645        1   -94.54618
     34.795        1   -94.53744
     34.945        1   -94.52912
     35.095        1   -94.52061
     35.245        1   -94.51203
     35.395        1   -94.50347
     35.545        1   -94.49529
     35.695        1   -94.48708
     35.845        1   -94.47882
     35.995        1   -94.47063
     36.145        1   -94.46263
     36.295        1   -94.45460
     36.445        1   -94.44695
     36.595        1   -94.43876
     36.745        1   -94.43066
     36.895        1   -94.42290
     37.045        1   -94.41487
     37.195        1   -94.40733
     37.345        1   -94.39926
     37.495        1   -94.39147
     37.645        1   -94.38366
     37.795        1   -94.37603
     37.945        1   -94.36797
     38.095        1   -94.36007
     38.245        1   -94.35205
     38.395        1   -94.34429
     38.545        1   -94.33681
     38.695        1   -94.32938
     38.845        1   -94.32197
     38.995        1   -94.31411
     39.145        1   -94.30614
     39.295        1   -94.29868
     39.445        1   -94.29144
     39.595        1   -94.28415
     39.745        1   -94.27683
     39.895        1   -94.26897
     40.045        1   -94.26145
     40.195        1   -94.25443
     40.345        1   -94.24741
     40.495        1   -94.24032
     40.645        1   -94.23311
     40.795        1   -94.22597
     40.945        1   -94.21857
     41.095        1   -94.21163
     41.245        1   -94.20459
     41.395        1   -94.19739
     41.545        1   -94.19035
     41.695        1   -94.18321
     41.845        1   -94.17596
     41.995        1   -94.16900
     42.145        1   -94.16161
     42.295        1   -94.15448
     42.445        1   -94.14738
     42.595        1   -94.14077
     42.745        1   -94.13397
     42.895        1   -94.12694
     43.045        1   -94.11995
     43.195        1   -94.11308
     43.345        1   -94.10624
     43.495        1   -94.09936
     43.645        1   -94.09218
     43.795        1   -94.08558
     43.945        1   -94.07885
     44.095        1   -94.07193
     44.245        1   -94.06527
     44.395        1   -94.05858
     44.545        1   -94.05170
     44.695        1   -94.04526
     44.845        1   -94.03855
     44.995        1   -94.03177
     45.145        1   -94.02503
     45.295        1   -94.01823
     45.445        1   -94.01169
     45.595        1   -94.00510
     45.745        1   -93.99826
     45.895        1   -93.99159
     46.045        1   -93.98516
     46.195        1   -93.97883
     46.345        1   -93.97276
     46.495        1   -93.96645
     46.645        1   -93.95994
     46.795        1   -93.95379
     46.945        1   -93.94752
     47.095        1   -93.94120
     47.245        1   -93.93479
     47.395        1   -93.92855
     47.545        1   -93.92265
     47.695        1   -93.91617
     47.845        1   -93.90978
     47.995        1   -93.90346
     48.145        1   -93.89731
     48.295        1   -93.89122
     48.445        1   -93.88501
     48.595        1   -93.87876
     48.745        1   -93.87272
     48.895        1   -93.86655
     49.045        1   -93.86042
     49.195        1   -93.85465
     49.345        1   -93.84898
     49.495        1   -93.84283
     49.645        1   -93.83685
     49.795        1   -93.83076
     49.945        1   -93.82492
     50.095        1   -93.81914
     50.245        1   -93.81341
     50.395        1   -93.80771
     50.545        1   -93.80185
     50.695        1   -93.79605
     50.845        1   -93.78999
     50.995        1   -93.78411
     51.145        1   -93.77814
     51.295        1   -93.77259
     51.445        1   -93.76677
     51.595        1   -93.76109
     51.745        1   -93.75545
     51.895        1   -93.74990
     52.045        1   -93.74418
     52.195        1   -93.73852
     52.345        1   -93.73264
     52.495        1   -93.72693
     52.645        1   -93.72123
     52.795        1   -93.71555
     52.945        1   -93.70986
     53.095        1   -93.70416
     53.245        1   -93.69881
     53.395        1   -93.69315
     53.545        1   -93.68747
     53.695        1   -93.68197
     53.845        1   -93.67628
     53.995        1   -93.67074
     54.145        1   -93.66546
     54.295        1   -93.66007
     54.445        1   -93.65465
     54.595        1   -93.64916
     54.745        1   -93.64378
     54.895        1   -93.63841
     55.045        1   -93.63303
     55.195        1   -93.62763
     55.345        1   -93.62227
     55.495        1   -93.61684
     55.645        1   -93.61165
     55.795        1   -93.60633
     55.945        1   -93.60081
     56.095        1   -93.59574
     56.245        1   -93.59055
     56.395        1   -93.58537
     56.545        1   -93.58022
     56.695        1   -93.57491
     56.845        1   -93.56969
     56.995        1   -93.56432
     57.145        1   -93.55925
     57.295        1   -93.55401
     57.445        1   -93.54898
     57.595        1   -93.54397
     57.745        1   -93.53859
     57.895        1   -93.53345
     58.045        1   -93.52836
     58.195        1   -93.52320
     58.345        1   -93.51810
     58.495        1   -93.51297
     58.645        1   -93.50785
     58.795        1   -93.50291
     58.945        1   -93.49790
     59.095        1   -93.49296
     59.245        1   -93.48802
     59.395        1   -93.48315
     59.545        1   -93.47796
     59.695        1   -93.47294
     59.845        1   -93.46801
     59.995        1   -93.46322
     60.145        1   -93.45803
     70.939        1   -92.81837
     97.698        1   -92.17997
     134.55        1   -91.54525
     185.30        1   -90.91272
     255.20        1   -90.28778
     351.46        1   -89.66928
     484.04        1   -89.06012
     666.62        1   -88.46105
     918.07        1   -87.87003
     1264.4        1   -87.28948
     1741.3        1   -86.71926
     2398.1        1   -86.15805
     3302.7        1   -85.60679
     4548.5        1   -85.06392
     6264.3        1   -84.53016
     8627.2        1   -84.00576
     11881.        1   -83.48868
     16363.        1   -82.98029
     22535.        1   -82.47988
     31036.        1   -81.98804
     42743.        1   -81.50150
     58866.        1   -81.02449
     81070.        1   -80.55504
    0.11165E+06    1   -80.09118
    0.15377E+06    1   -79.63180
    0.21177E+06    1   -79.17933
    0.29165E+06    1   -78.73200
    0.40166E+06    1   -78.28909
    0.55317E+06    1   -77.84829
    0.76182E+06    1   -77.41166
    0.10492E+07    1   -76.97768
    0.14449E+07    1   -76.54463
    0.19900E+07    1   -76.11429
    0.27406E+07    1   -75.68485
    0.37744E+07    1   -75.25447
    0.51981E+07    1   -74.82066
    0.71589E+07    1   -74.38514
    0.98593E+07    1   -73.94888
    0.13578E+08    1   -73.51068
    0.18700E+08    1   -73.07054
    0.25754E+08    1   -72.63023
    0.35468E+08    1   -72.19136
    0.48847E+08    1   -71.76029
    0.67273E+08    1   -71.34061
    0.92648E+08    1   -70.93112
    0.12760E+09    1   -70.53238
    0.17573E+09    1   -70.14445
    0.24201E+09    1   -69.76824
    0.33330E+09    1   -69.40464
    0.45902E+09    1   -69.05769
    0.63217E+09    1   -68.73238
    0.87062E+09    1   -68.42595
    0.11990E+10    1   -68.14032
    0.16513E+10    1   -67.87410
    0.22742E+10    1   -67.62707
    0.31320E+10    1   -67.39548
    0.43134E+10    1   -67.18049
    0.59405E+10    1   -66.97972
    0.81813E+10    1   -66.79270
    0.11267E+11    1   -66.61913
    0.15517E+11    1   -66.45687
    0.21371E+11    1   -66.30632
    0.29432E+11    1   -66.16636
    0.40534E+11    1   -66.03600
    0.55823E+11    1   -65.91543
    0.10000E+12    1   -64.40532
    -149.95        2     0.00000
    -149.80        2     0.00000
    -149.65        2     0.00000
    -149.49        2     0.00000
    -149.34        2     0.00000
    -149.20        2     0.00000
    -149.05        2     0.00000
    -148.90        2     0.00000
    -148.74        2     0.00000
    -148.59        2     0.00000
    -148.45        2     0.00000
    -148.30        2     0.00000
    -148.15        2     0.00000
    -147.99        2     0.00000
    -147.84        2     0.00000
    -147.70        2     0.00000
    -147.55        2     0.00000
    -147.40        2     0.00000
    -147.24        2     0.00000
    -147.09        2     0.00000
    -146.95        2     0.00000
    -146.80        2     0.00000
    -146.65        2     0.00000
    -146.49        2     0.00000
    -146.34        2     0.00000
    -146.20        2     0.00000
    -146.05        2     0.00000
    -145.90        2     0.00000
    -145.74        2     0.00000
    -145.59        2     0.00000
    -145.45        2     0.00000
    -145.30        2     0.00000
    -145.15        2     0.00000
    -144.99        2     0.00000
    -144.84        2     0.00000
    -144.70        2     0.00000
    -144.55        2     0.00000
    -144.40        2     0.00000
    -144.24        2     0.00000
    -144.09        2     0.00000
    -143.95        2     0.00000
    -143.80        2     0.00000
    -143.65        2     0.00000
    -143.49        2     0.00000
    -143.34        2     0.00000
    -143.20        2     0.00000
    -143.05        2     0.00000
    -142.90        2     0.00000
    -142.74        2     0.00000
    -142.59        2     0.00000
    -142.45        2     0.00000
    -142.30        2     0.00000
    -142.15        2     0.00000
    -141.99        2     0.00000
    -141.84        2     0.00000
    -141.70        2     0.00000
    -141.55        2     0.00000
    -141.40        2     0.00000
    -141.24        2     0.00000
    -141.09        2     0.00000
    -140.95        2     0.00000
    -140.80        2     0.00000
    -140.65        2     0.00000
    -140.49        2     0.00000
    -140.34        2     0.00000
    -140.20        2     0.00000
    -140.05        2     0.00000
    -139.90        2     0.00000
    -139.74        2     0.00000
    -139.59        2     0.00000
    -139.45        2     0.00000
    -139.30        2     0.00000
    -139.15        2     0.00000
    -138.99        2     0.00000
    -138.84        2     0.00000
    -138.70        2     0.00000
    -138.55        2     0.00000
    -138.40        2     0.00000
    -138.24        2     0.00000
    -138.09        2     0.00000
    -137.95        2     0.00000
    -137.80        2     0.00000
    -137.65        2     0.00000
    -137.49        2     0.00000
    -137.34        2     0.00000
    -137.20        2     0.00000
    -137.05        2     0.00000
    -136.90        2     0.00000
    -136.74        2     0.00000
    -136.59        2     0.00000
    -136.45        2     0.00000
    -136.30        2     0.00000
    -136.15        2     0.00000
    -135.99        2     0.00000
    -135.84        2     0.00000
    -135.70        2     0.00000
    -135.55        2     0.00000
    -135.40        2     0.00000
    -135.24        2     0.00000
    -135.09        2     0.00000
    -134.95        2     0.00000
    -134.80        2     0.00000
    -134.65        2     0.00000
    -134.49        2     0.00000
    -134.34        2     0.00000
    -134.20        2     0.00000
    -134.05        2     0.00000
    -133.90        2     0.00000
    -133.74        2     0.00000
    -133.59        2     0.00000
    -133.45        2     0.00000
    -133.30        2     0.00000
    -133.15        2     0.00000
    -132.99        2     0.00000
    -132.84        2     0.00000
    -132.70        2     0.00000
    -132.55        2     0.00000
    -132.40        2     0.00000
    -132.24        2     0.00000
    -132.09        2     0.00000
    -131.95        2     0.00000
    -131.80        2     0.00000
    -131.65        2     0.00000
    -131.49        2     0.00000
    -131.34        2     0.00000
    -131.20        2     0.00000
    -131.05        2     0.00000
    -130.90        2     0.00000
    -130.74        2     0.00000
    -130.59        2     0.00000
    -130.45        2     0.00000
    -130.30        2     0.00000
    -130.15        2     0.00000
    -129.99        2     0.00000
    -129.84        2     0.00000
    -129.70        2     0.00000
    -129.55        2     0.00000
    -129.40        2     0.00000
    -129.24        2     0.00000
    -129.09        2     0.00000
    -128.95        2     0.00000
    -128.80        2     0.00000
    -128.65        2     0.00000
    -128.49        2     0.00000
    -128.34        2     0.00000
    -128.20        2     0.00000
    -128.05        2     0.00000
    -127.89        2     0.00000
    -127.75        2     0.00000
    -127.60        2     0.00000
    -127.44        2     0.00000
    -127.30        2     0.00000
    -127.14        2     0.00000
    -127.00        2     0.00000
    -126.85        2     0.00000
    -126.69        2     0.00000
    -126.55        2     0.00000
    -126.39        2     0.00000
    -126.25        2     0.00000
    -126.10        2     0.00000
    -125.94        2     0.00000
    -125.80        2     0.00000
    -125.64        2     0.00000
    -125.50        2     0.00000
    -125.35        2     0.00000
    -125.19        2     0.00000
    -125.05        2     0.00000
    -124.89        2     0.00000
    -124.75        2     0.00000
    -124.60        2     0.00000
    -124.44        2     0.00000
    -124.30        2     0.00000
    -124.14        2     0.00000
    -124.00        2     0.00000
    -123.85        2     0.00000
    -123.69        2     0.00000
    -123.55        2     0.00000
    -123.39        2     0.00000
    -123.25        2     0.00000
    -123.10        2     0.00000
    -122.94        2     0.00000
    -122.80        2     0.00000
    -122.64        2     0.00000
    -122.50        2     0.00000
    -122.35        2     0.00000
    -122.19        2     0.00000
    -122.05        2     0.00000
    -121.89        2     0.00000
    -121.75        2     0.00000
    -121.60        2     0.00000
    -121.44        2     0.00000
    -121.30        2     0.00000
    -121.14        2     0.00000
    -121.00        2     0.00000
    -120.85        2     0.00000
    -120.69        2     0.00000
    -120.55        2     0.00000
    -120.39        2     0.00000
    -120.25        2     0.00000
    -120.10        2     0.00000
    -119.94        2     0.00000
    -119.80        2     0.00000
    -119.64        2     0.00000
    -119.50        2     0.00000
    -119.35        2     0.00000
    -119.19        2     0.00000
    -119.05        2     0.00000
    -118.89        2     0.00000
    -118.75        2     0.00000
    -118.60        2     0.00000
    -118.44        2     0.00000
    -118.30        2     0.00000
    -118.14        2     0.00000
    -118.00        2     0.00000
    -117.85        2     0.00000
    -117.69        2     0.00000
    -117.55        2     0.00000
    -117.39        2     0.00000
    -117.25        2     0.00000
    -117.10        2     0.00000
    -116.94        2     0.00000
    -116.80        2     0.00000
    -116.64        2     0.00000
    -116.50        2     0.00000
    -116.35        2     0.00000
    -116.19        2     0.00000
    -116.05        2     0.00000
    -115.89        2     0.00000
    -115.75        2     0.00000
    -115.60        2     0.00000
    -115.44        2     0.00000
    -115.30        2     0.00000
    -115.14        2     0.00000
    -115.00        2     0.00000
    -114.85        2     0.00000
    -114.69        2     0.00000
    -114.55        2     0.00000
    -114.39        2     0.00000
    -114.25        2     0.00000
    -114.10        2     0.00000
    -113.94        2     0.00000
    -113.80        2     0.00000
    -113.64        2     0.00000
    -113.50        2     0.00000
    -113.35        2     0.00000
    -113.19        2     0.00000
    -113.05        2     0.00000
    -112.89        2     0.00000
    -112.75        2     0.00000
    -112.60        2     0.00000
    -112.44        2     0.00000
    -112.30        2     0.00000
    -112.14        2     0.00000
    -112.00        2     0.00000
    -111.85        2     0.00000
    -111.69        2     0.00000
    -111.55        2     0.00000
    -111.39        2     0.00000
    -111.25        2     0.00000
    -111.10        2     0.00000
    -110.94        2     0.00000
    -110.80        2     0.00000
    -110.64        2     0.00000
    -110.50        2     0.00000
    -110.35        2     0.00000
    -110.19        2     0.00000
    -110.05        2     0.00000
    -109.89        2     0.00000
    -109.75        2     0.00000
    -109.60        2     0.00000
    -109.44        2     0.00000
    -109.30        2     0.00000
    -109.14        2     0.00000
    -109.00        2     0.00000
    -108.85        2     0.00000
    -108.69        2     0.00000
    -108.55        2     0.00000
    -108.39        2     0.00000
    -108.25        2     0.00000
    -108.10        2     0.00000
    -107.94        2     0.00000
    -107.80        2     0.00000
    -107.64        2     0.00000
    -107.50        2     0.00000
    -107.35        2     0.00000
    -107.19        2     0.00000
    -107.05        2     0.00000
    -106.89        2     0.00000
    -106.75        2     0.00000
    -106.60        2     0.00000
    -106.44        2     0.00000
    -106.30        2     0.00000
    -106.14        2     0.00000
    -106.00        2     0.00000
    -105.85        2     0.00000
    -105.69        2     0.00000
    -105.55        2     0.00000
    -105.39        2     0.00000
    -105.25        2     0.00000
    -105.10        2     0.00000
    -104.94        2     0.00000
    -104.80        2     0.00000
    -104.64        2     0.00000
    -104.50        2     0.00000
    -104.35        2     0.00000
    -104.19        2     0.00000
    -104.05        2     0.00000
    -103.89        2     0.00000
    -103.75        2     0.00000
    -103.60        2     0.00000
    -103.44        2     0.00000
    -103.30        2     0.00000
    -103.14        2     0.00000
    -103.00        2     0.00000
    -102.85        2     0.00000
    -102.69        2     0.00000
    -102.55        2     0.00000
    -102.39        2     0.00000
    -102.25        2     0.00000
    -102.10        2     0.00000
    -101.94        2     0.00000
    -101.80        2     0.00000
    -101.64        2     0.00000
    -101.50        2     0.00000
    -101.35        2     0.00000
    -101.19        2     0.00000
    -101.05        2     0.00000
    -100.89        2     0.00000
    -100.75        2     0.00000
    -100.60        2     0.00000
    -100.44        2     0.00000
    -100.30        2     0.00000
    -100.14        2     0.00000
    -99.995        2     0.00000
    -99.845        2     0.00000
    -99.695        2     0.00000
    -99.545        2     0.00000
    -99.395        2     0.00000
    -99.245        2     0.00000
    -99.095        2     0.00000
    -98.945        2     0.00000
    -98.795        2     0.00000
    -98.645        2     0.00000
    -98.495        2     0.00000
    -98.345        2     0.00000
    -98.195        2     0.00000
    -98.045        2     0.00000
    -97.895        2     0.00000
    -97.745        2     0.00000
    -97.595        2     0.00000
    -97.445        2     0.00000
    -97.295        2     0.00000
    -97.145        2     0.00000
    -96.995        2     0.00000
    -96.845        2     0.00000
    -96.695        2     0.00000
    -96.545        2     0.00000
    -96.395        2     0.00000
    -96.245        2     0.00000
    -96.095        2     0.00000
    -95.945        2     0.00000
    -95.795        2     0.00000
    -95.645        2     0.00000
    -95.495        2     0.00000
    -95.345        2     0.00000
    -95.195        2     0.00000
    -95.045        2     0.00000
    -94.895        2     0.00000
    -94.745        2     0.00000
    -94.595        2     0.00000
    -94.445        2     0.00000
    -94.295        2     0.00000
    -94.145        2     0.00000
    -93.995        2     0.00000
    -93.845        2     0.00000
    -93.695        2     0.00000
    -93.545        2     0.00000
    -93.395        2     0.00000
    -93.245        2     0.00000
    -93.095        2     0.00000
    -92.945        2     0.00000
    -92.795        2     0.00000
    -92.645        2     0.00000
    -92.495        2     0.00000
    -92.345        2     0.00000
    -92.195        2     0.00000
    -92.045        2     0.00000
    -91.895        2     0.00000
    -91.745        2     0.00000
    -91.595        2     0.00000
    -91.445        2     0.00000
    -91.295        2     0.00000
    -91.145        2     0.00000
    -90.995        2     0.00000
    -90.845        2     0.00000
    -90.695        2     0.00000
    -90.545        2     0.00000
    -90.395        2     0.00000
    -90.245        2     0.00000
    -90.095        2     0.00000
    -89.945        2     0.00000
    -89.795        2     0.00000
    -89.645        2     0.00000
    -89.495        2     0.00000
    -89.345        2     0.00000
    -89.195        2     0.00000
    -89.045        2     0.00000
    -88.895        2     0.00000
    -88.745        2     0.00000
    -88.595        2     0.00000
    -88.445        2     0.00000
    -88.295        2     0.00000
    -88.145        2     0.00000
    -87.995        2     0.00000
    -87.845        2     0.00000
    -87.695        2     0.00000
    -87.545        2     0.00000
    -87.395        2     0.00000
    -87.245        2     0.00000
    -87.095        2     0.00000
    -86.945        2     0.00000
    -86.795        2     0.00000
    -86.645        2     0.00000
    -86.495        2     0.00000
    -86.345        2     0.00000
    -86.195        2     0.00000
    -86.045        2     0.00000
    -85.895        2     0.00000
    -85.745        2     0.00000
    -85.595        2     0.00000
    -85.445        2     0.00000
    -85.295        2     0.00000
    -85.145        2     0.00000
    -84.995        2     0.00000
    -84.845        2     0.00000
    -84.695        2     0.00000
    -84.545        2     0.00000
    -84.395        2     0.00000
    -84.245        2     0.00000
    -84.095        2     0.00000
    -83.945        2     0.00000
    -83.795        2     0.00000
    -83.645        2     0.00000
    -83.495        2     0.00000
    -83.345        2     0.00000
    -83.195        2     0.00000
    -83.045        2     0.00000
    -82.895        2     0.00000
    -82.745        2     0.00000
    -82.595        2     0.00000
    -82.445        2     0.00000
    -82.295        2     0.00000
    -82.145        2     0.00000
    -81.995        2     0.00000
    -81.845        2     0.00000
    -81.695        2     0.00000
    -81.545        2     0.00000
    -81.395        2     0.00000
    -81.245        2     0.00000
    -81.095        2     0.00000
    -80.945        2     0.00000
    -80.795        2     0.00000
    -80.645        2     0.00000
    -80.495        2     0.00000
    -80.345        2     0.00000
    -80.195        2     0.00000
    -80.045        2     0.00000
    -79.895        2     0.00000
    -79.745        2     0.00000
    -79.595        2     0.00000
    -79.445        2     0.00000
    -79.295        2     0.00000
    -79.145        2     0.00000
    -78.995        2     0.00000
    -78.845        2     0.00000
    -78.695        2     0.00000
    -78.545        2     0.00000
    -78.395        2     0.00000
    -78.245        2     0.00000
    -78.095        2     0.00000
    -77.945        2     0.00000
    -77.795        2     0.00000
    -77.645        2     0.00000
    -77.495        2     0.00000
    -77.345        2     0.00000
    -77.195        2     0.00000
    -77.045        2     0.00000
    -76.895        2     0.00000
    -76.745        2     0.00000
    -76.595        2     0.00000
    -76.445        2     0.00000
    -76.295        2     0.00000
    -76.145        2     0.00000
    -75.995        2     0.00000
    -75.845        2     0.00000
    -75.695        2     0.00000
    -75.545        2     0.00000
    -75.395        2     0.00000
    -75.245        2     0.00000
    -75.095        2     0.00000
    -74.945        2     0.00000
    -74.795        2     0.00000
    -74.645        2     0.00000
    -74.495        2     0.00000
    -74.345        2     0.00000
    -74.195        2     0.00000
    -74.045        2     0.00000
    -73.895        2     0.00000
    -73.745        2     0.00000
    -73.595        2     0.00000
    -73.445        2     0.00000
    -73.295        2     0.00000
    -73.145        2     0.00000
    -72.995        2     0.00000
    -72.845        2     0.00000
    -72.695        2     0.00000
    -72.545        2     0.00000
    -72.395        2     0.00000
    -72.245        2     0.00000
    -72.095        2     0.00000
    -71.945        2     0.00000
    -71.795        2     0.00000
    -71.645        2     0.00000
    -71.495        2     0.00000
    -71.345        2     0.00000
    -71.195        2     0.00000
    -71.045        2     0.00000
    -70.895        2     0.00000
    -70.745        2     0.00000
    -70.595        2     0.00000
    -70.445        2     0.00000
    -70.295        2     0.00000
    -70.145        2     0.00000
    -69.995        2     0.00000
    -69.845        2     0.00000
    -69.695        2     0.00000
    -69.545        2     0.00000
    -69.395        2     0.00000
    -69.245        2     0.00000
    -69.095        2     0.00000
    -68.945        2     0.00000
    -68.795        2     0.00000
    -68.645        2     0.00000
    -68.495        2     0.00000
    -68.345        2     0.00000
    -68.195        2     0.00000
    -68.045        2     0.00000
    -67.895        2     0.00000
    -67.745        2     0.00000
    -67.595        2     0.00000
    -67.445        2     0.00000
    -67.295        2     0.00000
    -67.145        2     0.00000
    -66.995        2     0.00000
    -66.845        2     0.00000
    -66.695        2     0.00000
    -66.545        2     0.00000
    -66.395        2     0.00000
    -66.245        2     0.00000
    -66.095        2     0.00000
    -65.945        2     0.00000
    -65.795        2     0.00000
    -65.645        2     0.00000
    -65.495        2     0.00000
    -65.345        2     0.00000
    -65.195        2     0.00000
    -65.045        2     0.00000
    -64.895        2     0.00000
    -64.745        2     0.00000
    -64.595        2     0.00000
    -64.445        2     0.00000
    -64.295        2     0.00000
    -64.145        2     0.00000
    -63.995        2     0.00000
    -63.845        2     0.00000
    -63.695        2     0.00000
    -63.545        2     0.00000
    -63.395        2     0.00000
    -63.245        2     0.00000
    -63.095        2     0.00000
    -62.945        2     0.00000
    -62.795        2     0.00000
    -62.645        2     0.00000
    -62.495        2     0.00000
    -62.345        2     0.00000
    -62.195        2     0.00000
    -62.045        2     0.00000
    -61.895        2     0.00000
    -61.745        2     0.00000
    -61.595        2     0.00000
    -61.445        2     0.00000
    -61.295        2     0.00000
    -61.145        2     0.00000
    -60.995        2     0.00000
    -60.845        2     0.00000
    -60.695        2     0.00000
    -60.545        2     0.00000
    -60.395        2     0.00000
    -60.245        2     0.00000
    -60.095        2     0.00000
    -59.945        2     0.00000
    -59.795        2     0.00000
    -59.645        2     0.00000
    -59.495        2     0.00000
    -59.345        2     0.00000
    -59.195        2     0.00000
    -59.045        2     0.00000
    -58.895        2     0.00000
    -58.745        2     0.00000
    -58.595        2     0.00000
    -58.445        2     0.00000
    -58.295        2     0.00000
    -58.145        2     0.00000
    -57.995        2     0.00000
    -57.845        2     0.00000
    -57.695        2     0.00000
    -57.545        2     0.00000
    -57.395        2     0.00000
    -57.245        2     0.00000
    -57.095        2     0.00000
    -56.945        2     0.00000
    -56.795        2     0.00000
    -56.645        2     0.00000
    -56.495        2     0.00000
    -56.345        2     0.00000
    -56.195        2     0.00000
    -56.045        2     0.00000
    -55.895        2     0.00000
    -55.745        2     0.00000
    -55.595        2     0.00000
    -55.445        2     0.00000
    -55.295        2     0.00000
    -55.145        2     0.00000
    -54.995        2     0.00000
    -54.845        2     0.00000
    -54.695        2     0.00000
    -54.545        2     0.00000
    -54.395        2     0.00000
    -54.245        2     0.00000
    -54.095        2     0.00000
    -53.945        2     0.00000
    -53.795        2     0.00000
    -53.645        2     0.00000
    -53.495        2     0.00000
    -53.345        2     0.00000
    -53.195        2     0.00000
    -53.045        2     0.00000
    -52.895        2     0.00000
    -52.745        2     0.00000
    -52.595        2     0.00000
    -52.445        2     0.00000
    -52.295        2     0.00000
    -52.145        2     0.00000
    -51.995        2     0.00000
    -51.845        2     0.00000
    -51.695        2     0.00000
    -51.545        2     0.00000
    -51.395        2     0.00000
    -51.245        2     0.00000
    -51.095        2     0.00000
    -50.945        2     0.00000
    -50.795        2     0.00000
    -50.645        2     0.00000
    -50.495        2     0.00000
    -50.345        2     0.00000
    -50.195        2     0.00000
    -50.045        2     0.00000
    -49.895        2     0.00000
    -49.745        2     0.00000
    -49.595        2     0.00000
    -49.445        2     0.00000
    -49.295        2     0.00000
    -49.145        2     0.00000
    -48.995        2     0.00000
    -48.845        2     0.00000
    -48.695        2     0.00000
    -48.545        2     0.00000
    -48.395        2     0.00000
    -48.245        2     0.00000
    -48.095        2     0.00000
    -47.945        2     0.00000
    -47.795        2     0.00000
    -47.645        2     0.00000
    -47.495        2     0.00000
    -47.345        2     0.00000
    -47.195        2     0.00000
    -47.045        2     0.00000
    -46.895        2     0.00000
    -46.745        2     0.00000
    -46.595        2     0.00000
    -46.445        2     0.00000
    -46.295        2     0.00000
    -46.145        2     0.00000
    -45.995        2     0.00000
    -45.845        2     0.00000
    -45.695        2     0.00000
    -45.545        2     0.00000
    -45.395        2     0.00000
    -45.245        2     0.00000
    -45.095        2     0.00000
    -44.945        2     0.00000
    -44.795        2     0.00000
    -44.645        2     0.00000
    -44.495        2     0.00000
    -44.345        2     0.00000
    -44.195        2     0.00000
    -44.045        2     0.00000
    -43.895        2     0.00000
    -43.745        2     0.00000
    -43.595        2     0.00000
    -43.445        2     0.00000
    -43.295        2     0.00000
    -43.145        2     0.00000
    -42.995        2     0.00000
    -42.845        2     0.00000
    -42.695        2     0.00000
    -42.545        2     0.00000
    -42.395        2     0.00000
    -42.245        2     0.00000
    -42.095        2     0.00000
    -41.945        2     0.00000
    -41.795        2     0.00000
    -41.645        2     0.00000
    -41.495        2     0.00000
    -41.345        2     0.00000
    -41.195        2     0.00000
    -41.045        2     0.00000
    -40.895        2     0.00000
    -40.745        2     0.00000
    -40.595        2     0.00000
    -40.445        2     0.00000
    -40.295        2     0.00000
    -40.145        2     0.00000
    -39.995        2     0.00000
    -39.845        2     0.00000
    -39.695        2     0.00000
    -39.545        2     0.00000
    -39.395        2     0.00000
    -39.245        2     0.00000
    -39.095        2     0.00000
    -38.945        2     0.00000
    -38.795        2     0.00000
    -38.645        2     0.00000
    -38.495        2     0.00000
    -38.345        2     0.00000
    -38.195        2     0.00000
    -38.045        2     0.00000
    -37.895        2     0.00000
    -37.745        2     0.00000
    -37.595        2     0.00000
    -37.445        2     0.00000
    -37.295        2     0.00000
    -37.145        2     0.00000
    -36.995        2     0.00000
    -36.845        2     0.00000
    -36.695        2     0.00000
    -36.545        2     0.00000
    -36.395        2     0.00000
    -36.245        2     0.00000
    -36.095        2     0.00000
    -35.945        2     0.00000
    -35.795        2     0.00000
    -35.645        2     0.00000
    -35.495        2     0.00000
    -35.345        2     0.00000
    -35.195        2     0.00000
    -35.045        2     0.00000
    -34.895        2     0.00000
    -34.745        2     0.00000
    -34.595        2     0.00000
    -34.445        2     0.00000
    -34.295        2     0.00000
    -34.145        2     0.00000
    -33.995        2     0.00000
    -33.845        2     0.00000
    -33.695        2     0.00000
    -33.545        2     0.00000
    -33.395        2     0.00000
    -33.245        2     0.00000
    -33.095        2     0.00000
    -32.945        2     0.00000
    -32.795        2     0.00000
    -32.645        2     0.00000
    -32.495        2     0.00000
    -32.345        2     0.00000
    -32.195        2     0.00000
    -32.045        2     0.00000
    -31.895        2     0.00000
    -31.745        2     0.00000
    -31.595        2     0.00000
    -31.445        2     0.00000
    -31.295        2     0.00000
    -31.145        2     0.00000
    -30.995        2     0.00000
    -30.845        2     0.00000
    -30.695        2     0.00000
    -30.545        2     0.00000
    -30.395        2     0.00000
    -30.245        2     0.00000
    -30.095        2     0.00000
    -29.945        2     0.00000
    -29.795        2     0.00000
    -29.645        2     0.00000
    -29.495        2     0.00000
    -29.345        2     0.00000
    -29.195        2     0.00000
    -29.045        2     0.00000
    -28.895        2     0.00000
    -28.745        2     0.00000
    -28.595        2     0.00000
    -28.445        2     0.00000
    -28.295        2     0.00000
    -28.145        2     0.00000
    -27.995        2     0.00000
    -27.845        2     0.00000
    -27.695        2     0.00000
    -27.545        2     0.00000
    -27.395        2     0.00000
    -27.245        2     0.00000
    -27.095        2     0.00000
    -26.945        2     0.00000
    -26.795        2     0.00000
    -26.645        2     0.00000
    -26.495        2     0.00000
    -26.345        2     0.00000
    -26.195        2     0.00000
    -26.045        2     0.00000
    -25.895        2     0.00000
    -25.745        2     0.00000
    -25.595        2     0.00000
    -25.445        2     0.00000
    -25.295        2     0.00000
    -25.145        2     0.00000
    -24.995        2     0.00000
    -24.845        2     0.00000
    -24.695        2     0.00000
    -24.545        2     0.00000
    -24.395        2     0.00000
    -24.245        2     0.00000
    -24.095        2     0.00000
    -23.945        2     0.00000
    -23.795        2     0.00000
    -23.645        2     0.00000
    -23.495        2     0.00000
    -23.345        2     0.00000
    -23.195        2     0.00000
    -23.045        2     0.00000
    -22.895        2     0.00000
    -22.745        2     0.00000
    -22.595        2     0.00000
    -22.445        2     0.00000
    -22.295        2     0.00000
    -22.145        2     0.00000
    -21.995        2     0.00000
    -21.845        2     0.00000
    -21.695        2     0.00000
    -21.545        2     0.00000
    -21.395        2     0.00000
    -21.245        2     0.00000
    -21.095        2     0.00000
    -20.945        2     0.00000
    -20.795        2     0.00000
    -20.645        2     0.00000
    -20.495        2     0.00000
    -20.345        2     0.00000
    -20.195        2     0.00000
    -20.045        2     0.00000
    -19.895        2     0.00000
    -19.745        2     0.00000
    -19.595        2     0.00000
    -19.445        2     0.00000
    -19.295        2     0.00000
    -19.145        2     0.00000
    -18.995        2     0.00000
    -18.845        2     0.00000
    -18.695        2     0.00000
    -18.545        2     0.00000
    -18.395        2     0.00000
    -18.245        2     0.00000
    -18.095        2     0.00000
    -17.945        2     0.00000
    -17.795        2     0.00000
    -17.645        2     0.00000
    -17.495        2     0.00000
    -17.345        2     0.00000
    -17.195        2     0.00000
    -17.045        2     0.00000
    -16.895        2     0.00000
    -16.745        2     0.00000
    -16.595        2     0.00000
    -16.445        2     0.00000
    -16.295        2     0.00000
    -16.145        2     0.00000
    -15.995        2     0.00000
    -15.845        2     0.00000
    -15.695        2     0.00000
    -15.545        2     0.00000
    -15.395        2     0.00000
    -15.245        2    -0.00011
    -15.095        2    -0.00171
    -14.945        2    -0.01003
    -14.795        2    -0.04607
    -14.645        2    -0.14866
    -14.495        2    -0.35713
    -14.345        2    -0.69066
    -14.195        2    -1.15316
    -14.045        2    -1.72040
    -13.895        2    -2.38739
    -13.745        2    -3.13326
    -13.595        2    -3.96875
    -13.445        2    -4.86990
    -13.295        2    -5.84663
    -13.145        2    -6.87189
    -12.995        2    -7.95785
    -12.845        2    -9.06415
    -12.695        2   -10.18970
    -12.545        2   -11.33538
    -12.395        2   -12.45426
    -12.245        2   -13.54894
    -12.095        2   -14.62600
    -11.945        2   -15.65670
    -11.795        2   -16.64844
    -11.645        2   -17.59379
    -11.495        2   -18.50104
    -11.345        2   -19.34982
    -11.195        2   -20.17887
    -11.045        2   -20.98851
    -10.895        2   -21.75737
    -10.745        2   -22.51949
    -10.595        2   -23.26164
    -10.445        2   -23.99765
    -10.295        2   -24.74762
    -10.145        2   -25.50578
    -9.9950        2   -26.28815
    -9.8450        2   -27.07872
    -9.6950        2   -27.89414
    -9.5450        2   -28.73090
    -9.3950        2   -29.60312
    -9.2450        2   -30.49311
    -9.0950        2   -31.42396
    -8.9450        2   -32.36767
    -8.7950        2   -33.34908
    -8.6450        2   -34.37217
    -8.4950        2   -35.43113
    -8.3450        2   -36.52376
    -8.1950        2   -37.65059
    -8.0450        2   -38.80576
    -7.8950        2   -39.99242
    -7.7450        2   -41.22348
    -7.5950        2   -42.46308
    -7.4450        2   -43.75559
    -7.2950        2   -45.06012
    -7.1450        2   -46.40808
    -6.9950        2   -47.78458
    -6.8450        2   -49.18664
    -6.6950        2   -50.63624
    -6.5450        2   -52.12019
    -6.3950        2   -53.64587
    -6.2450        2   -55.17939
    -6.0950        2   -56.73663
    -5.9450        2   -58.32080
    -5.7950        2   -59.93079
    -5.6450        2   -61.54660
    -5.4950        2   -63.17584
    -5.3450        2   -64.82244
    -5.1950        2   -66.48431
    -5.0450        2   -68.12920
    -4.8950        2   -69.79583
    -4.7450        2   -71.47196
    -4.5950        2   -73.18045
    -4.4450        2   -74.91428
    -4.2950        2   -76.68846
    -4.1450        2   -78.51545
    -3.9950        2   -80.39319
    -3.8450        2   -82.32060
    -3.6950        2   -84.29150
    -3.5450        2   -86.34836
    -3.3950        2   -88.45799
    -3.2450        2   -90.66151
    -3.0950        2   -92.97140
    -2.9450        2   -95.42098
    -2.7950        2   -98.02198
    -2.6450        2  -100.80587
    -2.4950        2  -103.83491
    -2.3450        2  -107.16214
    -2.1950        2  -110.84885
    -2.0450        2  -114.96939
    -1.8950        2  -119.64910
    -1.7450        2  -125.03586
    -1.5950        2  -131.26431
    -1.4450        2  -138.36508
    -1.2950        2  -146.31481
    -1.1450        2  -155.00435
   -0.99500        2  -164.27420
   -0.84500        2  -173.96002
   -0.69500        2  -183.97165
   -0.54500        2  -194.47981
   -0.39500        2  -206.16567
   -0.25300        2  -214.97304
   -0.21500        2  -215.57533
   -0.20900        2  -216.18617
   -0.20300        2  -216.80609
   -0.19700        2  -217.43362
   -0.19100        2  -218.07310
   -0.18500        2  -218.72247
   -0.17900        2  -219.38219
   -0.17300        2  -220.05355
   -0.16700        2  -220.73721
   -0.16100        2  -221.43368
   -0.15500        2  -222.14510
   -0.14900        2  -222.87197
   -0.14300        2  -223.61522
   -0.13700        2  -224.37467
   -0.13100        2  -225.15471
   -0.12500        2  -225.95618
   -0.11900        2  -226.77897
   -0.11300        2  -227.62731
   -0.10700        2  -228.50451
   -0.10100        2  -229.40927
   -0.95000E-01    2  -230.35081
   -0.89000E-01    2  -231.32930
   -0.83000E-01    2  -232.35106
   -0.77000E-01    2  -233.42001
   -0.71000E-01    2  -234.54541
   -0.65000E-01    2  -235.73679
   -0.59000E-01    2  -237.00517
   -0.53000E-01    2  -238.36888
   -0.47000E-01    2  -239.85067
   -0.41000E-01    2  -241.48443
   -0.35000E-01    2  -243.32414
   -0.29000E-01    2  -245.45952
   -0.23000E-01    2  -248.05003
   -0.19700E-01    2  -248.34026
   -0.19100E-01    2  -248.63789
   -0.18500E-01    2  -248.94372
   -0.17900E-01    2  -249.25870
   -0.17300E-01    2  -249.58296
   -0.16700E-01    2  -249.91758
   -0.16100E-01    2  -250.26361
   -0.15500E-01    2  -250.62198
   -0.14900E-01    2  -250.99346
   -0.14300E-01    2  -251.37934
   -0.13700E-01    2  -251.78133
   -0.13100E-01    2  -252.20078
   -0.12500E-01    2  -252.63885
   -0.11900E-01    2  -253.09682
   -0.11300E-01    2  -253.57553
   -0.10700E-01    2  -254.07657
   -0.10100E-01    2  -254.60237
   -0.95000E-02    2  -255.15480
   -0.89000E-02    2  -255.73647
   -0.83000E-02    2  -256.35030
   -0.77000E-02    2  -256.99791
   -0.71000E-02    2  -257.68131
   -0.65000E-02    2  -258.40276
   -0.59000E-02    2  -259.16420
   -0.53000E-02    2  -259.96825
   -0.47000E-02    2  -260.81722
   -0.41000E-02    2  -261.70572
   -0.35000E-02    2  -262.62204
   -0.29000E-02    2  -263.54506
   -0.23000E-02    2  -264.43282
   -0.17000E-02    2  -265.22418
   -0.11000E-02    2  -265.80498
   -0.50000E-03    2  -266.08525
    0.10000E-03    2  -266.02842
    0.70000E-03    2  -265.64183
    0.13000E-02    2  -264.97790
    0.19000E-02    2  -264.14504
    0.25000E-02    2  -263.24488
    0.31000E-02    2  -262.33054
    0.37000E-02    2  -261.43161
    0.43000E-02    2  -260.56293
    0.49000E-02    2  -259.73509
    0.55000E-02    2  -258.95020
    0.61000E-02    2  -258.20533
    0.67000E-02    2  -257.49932
    0.73000E-02    2  -256.82990
    0.79000E-02    2  -256.19555
    0.85000E-02    2  -255.59491
    0.91000E-02    2  -255.02557
    0.97000E-02    2  -254.48417
    0.10300E-01    2  -253.96901
    0.10900E-01    2  -253.47752
    0.11500E-01    2  -253.00839
    0.12100E-01    2  -252.55937
    0.12700E-01    2  -252.12948
    0.13300E-01    2  -251.71796
    0.13900E-01    2  -251.32319
    0.14500E-01    2  -250.94411
    0.15100E-01    2  -250.57926
    0.15700E-01    2  -250.22730
    0.16300E-01    2  -249.88720
    0.16900E-01    2  -249.55805
    0.17500E-01    2  -249.23903
    0.18100E-01    2  -248.92903
    0.18700E-01    2  -248.62756
    0.19300E-01    2  -248.33443
    0.20200E-01    2  -247.26317
    0.25000E-01    2  -244.87722
    0.31000E-01    2  -242.89140
    0.37000E-01    2  -241.17413
    0.43000E-01    2  -239.65247
    0.49000E-01    2  -238.28453
    0.55000E-01    2  -237.03945
    0.61000E-01    2  -235.89781
    0.67000E-01    2  -234.84303
    0.73000E-01    2  -233.86386
    0.79000E-01    2  -232.95012
    0.85000E-01    2  -232.09336
    0.91000E-01    2  -231.28735
    0.97000E-01    2  -230.52352
    0.10300        2  -229.80097
    0.10900        2  -229.11436
    0.11500        2  -228.45853
    0.12100        2  -227.83118
    0.12700        2  -227.23181
    0.13300        2  -226.65567
    0.13900        2  -226.10300
    0.14500        2  -225.57167
    0.15100        2  -225.06038
    0.15700        2  -224.56775
    0.16300        2  -224.09092
    0.16900        2  -223.63048
    0.17500        2  -223.18533
    0.18100        2  -222.75442
    0.18700        2  -222.33684
    0.19300        2  -221.93185
    0.19900        2  -221.53855
    0.20500        2  -221.15769
    0.21100        2  -220.78627
    0.21700        2  -220.42631
    0.29500        2  -213.39956
    0.44500        2  -208.98064
    0.59500        2  -205.70589
    0.74500        2  -203.03873
    0.89500        2  -200.74358
     1.0450        2  -198.71099
     1.1950        2  -196.86669
     1.3450        2  -195.18082
     1.4950        2  -193.63499
     1.6450        2  -192.21390
     1.7950        2  -190.89817
     1.9450        2  -189.68246
     2.0950        2  -188.56445
     2.2450        2  -187.53630
     2.3950        2  -186.58468
     2.5450        2  -185.71238
     2.6950        2  -184.89612
     2.8450        2  -184.13898
     2.9950        2  -183.43965
     3.1450        2  -182.79522
     3.2950        2  -182.18382
     3.4450        2  -181.61826
     3.5950        2  -181.09322
     3.7450        2  -180.59387
     3.8950        2  -180.12368
     4.0450        2  -179.67773
     4.1950        2  -179.25414
     4.3450        2  -178.84631
     4.4950        2  -178.45887
     4.6450        2  -178.08598
     4.7950        2  -177.73124
     4.9450        2  -177.38621
     5.0950        2  -177.05331
     5.2450        2  -176.73110
     5.3950        2  -176.42129
     5.5450        2  -176.11814
     5.6950        2  -175.83127
     5.8450        2  -175.54346
     5.9950        2  -175.26209
     6.1450        2  -174.99609
     6.2950        2  -174.73510
     6.4450        2  -174.47667
     6.5950        2  -174.22440
     6.7450        2  -173.98084
     6.8950        2  -173.74406
     7.0450        2  -173.51041
     7.1950        2  -173.28072
     7.3450        2  -173.05708
     7.4950        2  -172.84116
     7.6450        2  -172.62921
     7.7950        2  -172.41852
     7.9450        2  -172.21380
     8.0950        2  -172.01357
     8.2450        2  -171.81648
     8.3950        2  -171.62028
     8.5450        2  -171.42947
     8.6950        2  -171.24069
     8.8450        2  -171.05775
     8.9950        2  -170.87901
     9.1450        2  -170.70123
     9.2950        2  -170.52446
     9.4450        2  -170.35139
     9.5950        2  -170.17987
     9.7450        2  -170.01156
     9.8950        2  -169.84534
     10.045        2  -169.68548
     10.195        2  -169.52255
     10.345        2  -169.36394
     10.495        2  -169.20839
     10.645        2  -169.05938
     10.795        2  -168.90688
     10.945        2  -168.75903
     11.095        2  -168.61177
     11.245        2  -168.46746
     11.395        2  -168.32437
     11.545        2  -168.18254
     11.695        2  -168.04296
     11.845        2  -167.90480
     11.995        2  -167.76940
     12.145        2  -167.63495
     12.295        2  -167.50084
     12.445        2  -167.36857
     12.595        2  -167.24159
     12.745        2  -167.11355
     12.895        2  -166.98830
     13.045        2  -166.86086
     13.195        2  -166.73864
     13.345        2  -166.61613
     13.495        2  -166.49592
     13.645        2  -166.37530
     13.795        2  -166.25484
     13.945        2  -166.13688
     14.095        2  -166.02199
     14.245        2  -165.90647
     14.395        2  -165.79286
     14.545        2  -165.68016
     14.695        2  -165.57173
     14.845        2  -165.45944
     14.995        2  -165.35211
     15.145        2  -165.24524
     15.295        2  -165.13847
     15.445        2  -165.03201
     15.595        2  -164.92747
     15.745        2  -164.82495
     15.895        2  -164.72053
     16.045        2  -164.61969
     16.195        2  -164.51827
     16.345        2  -164.41854
     16.495        2  -164.31901
     16.645        2  -164.22069
     16.795        2  -164.12532
     16.945        2  -164.02830
     17.095        2  -163.93286
     17.245        2  -163.83717
     17.395        2  -163.74450
     17.545        2  -163.65209
     17.695        2  -163.55898
     17.845        2  -163.46816
     17.995        2  -163.37849
     18.145        2  -163.28926
     18.295        2  -163.19952
     18.445        2  -163.11120
     18.595        2  -163.02610
     18.745        2  -162.93696
     18.895        2  -162.85105
     19.045        2  -162.76621
     19.195        2  -162.68115
     19.345        2  -162.59818
     19.495        2  -162.51467
     19.645        2  -162.43258
     19.795        2  -162.34902
     19.945        2  -162.26727
     20.095        2  -162.18480
     21.836        2  -159.71778
     30.068        2  -156.06914
     42.097        2  -152.43884
     58.937        2  -148.85185
     82.515        2  -145.31777
     115.53        2  -141.82115
     161.74        2  -138.39131
     226.45        2  -135.01890
     317.04        2  -131.72254
     443.87        2  -128.49974
     621.44        2  -125.35450
     870.05        2  -122.28618
     1218.1        2  -119.29710
     1705.4        2  -116.38808
     2387.7        2  -113.54871
     3342.9        2  -110.78878
     4680.2        2  -108.09651
     6552.5        2  -105.47684
     9173.8        2  -102.92284
     12844.        2  -100.44386
     17982.        2   -98.04050
     25176.        2   -95.71976
     35247.        2   -93.48045
     49348.        2   -91.33469
     69090.        2   -89.27779
     96729.        2   -87.30914
    0.13543E+06    2   -85.42706
    0.18960E+06    2   -83.63325
    0.26545E+06    2   -81.92114
    0.37165E+06    2   -80.29434
    0.52033E+06    2   -78.74229
    0.72849E+06    2   -77.26377
    0.10199E+07    2   -75.85792
    0.14279E+07    2   -74.52151
    0.19992E+07    2   -73.24816
    0.27990E+07    2   -72.03812
    0.39187E+07    2   -70.88725
    0.54864E+07    2   -69.79163
    0.76812E+07    2   -68.75255
    0.10754E+08    2   -67.76416
    0.15056E+08    2   -66.82161
    0.21080E+08    2   -65.92807
    0.29513E+08    2   -65.08032
    0.41319E+08    2   -64.27996
    0.57849E+08    2   -63.53330
    0.80991E+08    2   -62.84067
    0.11339E+09    2   -62.20171
    0.15875E+09    2   -61.60305
    0.22226E+09    2   -61.04453
    0.31118E+09    2   -60.52171
    0.43567E+09    2   -60.03531
    0.60996E+09    2   -59.58972
    0.85398E+09    2   -59.18648
    0.11956E+10    2   -58.81838
    0.16739E+10    2   -58.48001
    0.23436E+10    2   -58.16873
    0.32811E+10    2   -57.88294
    0.45937E+10    2   -57.62001
    0.64315E+10    2   -57.37707
    0.90044E+10    2   -57.15499
    0.12607E+11    2   -56.95054
    0.17650E+11    2   -56.76265
    0.24711E+11    2   -56.58971
    0.34596E+11    2   -56.43186
    0.48437E+11    2   -56.28645
    0.67814E+11    2   -56.15262
    0.10000E+12    2   -54.62108
