    -29.945        1     0.00000
    -29.795        1     0.00000
    -29.645        1     0.00000
    -29.495        1     0.00000
    -29.345        1     0.00000
    -29.195        1     0.00000
    -29.045        1     0.00000
    -28.895        1     0.00000
    -28.745        1     0.00000
    -28.595        1     0.00000
    -28.445        1     0.00000
    -28.295        1     0.00000
    -28.145        1     0.00000
    -27.995        1     0.00000
    -27.845        1     0.00000
    -27.695        1     0.00000
    -27.545        1     0.00000
    -27.395        1     0.00000
    -27.245        1     0.00000
    -27.095        1     0.00000
    -26.945        1     0.00000
    -26.795        1     0.00000
    -26.645        1     0.00000
    -26.495        1     0.00000
    -26.345        1     0.00000
    -26.195        1     0.00000
    -26.045        1     0.00000
    -25.895        1     0.00000
    -25.745        1     0.00000
    -25.595        1     0.00000
    -25.445        1     0.00000
    -25.295        1     0.00000
    -25.145        1     0.00000
    -24.995        1     0.00000
    -24.845        1     0.00000
    -24.695        1     0.00000
    -24.545        1     0.00000
    -24.395        1     0.00000
    -24.245        1     0.00000
    -24.095        1     0.00000
    -23.945        1     0.00000
    -23.795        1     0.00000
    -23.645        1     0.00000
    -23.495        1     0.00000
    -23.345        1     0.00000
    -23.195        1     0.00000
    -23.045        1     0.00000
    -22.895        1     0.00000
    -22.745        1     0.00000
    -22.595        1     0.00000
    -22.445        1     0.00000
    -22.295        1     0.00000
    -22.145        1     0.00000
    -21.995        1     0.00000
    -21.845        1     0.00000
    -21.695        1     0.00000
    -21.545        1     0.00000
    -21.395        1    -0.00015
    -21.245        1    -0.00030
    -21.095        1    -0.00046
    -20.945        1    -0.00060
    -20.795        1    -0.00105
    -20.645        1    -0.00163
    -20.495        1    -0.00269
    -20.345        1    -0.00358
    -20.195        1    -0.00563
    -20.045        1    -0.01063
    -19.895        1    -0.01369
    -19.745        1    -0.02094
    -19.595        1    -0.02927
    -19.445        1    -0.03966
    -19.295        1    -0.05345
    -19.145        1    -0.07080
    -18.995        1    -0.09835
    -18.845        1    -0.12838
    -18.695        1    -0.16466
    -18.545        1    -0.21328
    -18.395        1    -0.26866
    -18.245        1    -0.33067
    -18.095        1    -0.40658
    -17.945        1    -0.48675
    -17.795        1    -0.58362
    -17.645        1    -0.68902
    -17.495        1    -0.79770
    -17.345        1    -0.91362
    -17.195        1    -1.04396
    -17.045        1    -1.18022
    -16.895        1    -1.31463
    -16.745        1    -1.45348
    -16.595        1    -1.60166
    -16.445        1    -1.75053
    -16.295        1    -1.91405
    -16.145        1    -2.07564
    -15.995        1    -2.23406
    -15.845        1    -2.38770
    -15.695        1    -2.55167
    -15.545        1    -2.71285
    -15.395        1    -2.88075
    -15.245        1    -3.05536
    -15.095        1    -3.22826
    -14.945        1    -3.40167
    -14.795        1    -3.57919
    -14.645        1    -3.76957
    -14.495        1    -3.97259
    -14.345        1    -4.18430
    -14.195        1    -4.40470
    -14.045        1    -4.62975
    -13.895        1    -4.85683
    -13.745        1    -5.09149
    -13.595        1    -5.32880
    -13.445        1    -5.57417
    -13.295        1    -5.81761
    -13.145        1    -6.06674
    -12.995        1    -6.32185
    -12.845        1    -6.57905
    -12.695        1    -6.83610
    -12.545        1    -7.09373
    -12.395        1    -7.35128
    -12.245        1    -7.60438
    -12.095        1    -7.86638
    -11.945        1    -8.12564
    -11.795        1    -8.38720
    -11.645        1    -8.64751
    -11.495        1    -8.90127
    -11.345        1    -9.15983
    -11.195        1    -9.41589
    -11.045        1    -9.66859
    -10.895        1    -9.91079
    -10.745        1   -10.15134
    -10.595        1   -10.38617
    -10.445        1   -10.61343
    -10.295        1   -10.84416
    -10.145        1   -11.06849
    -9.9950        1   -11.28248
    -9.8450        1   -11.49949
    -9.6950        1   -11.71396
    -9.5450        1   -11.92198
    -9.3950        1   -12.13695
    -9.2450        1   -12.35573
    -9.0950        1   -12.55948
    -8.9450        1   -12.77086
    -8.7950        1   -12.97594
    -8.6450        1   -13.18515
    -8.4950        1   -13.39333
    -8.3450        1   -13.60284
    -8.1950        1   -13.80870
    -8.0450        1   -14.01972
    -7.8950        1   -14.23512
    -7.7450        1   -14.45125
    -7.5950        1   -14.66811
    -7.4450        1   -14.89145
    -7.2950        1   -15.11964
    -7.1450        1   -15.35381
    -6.9950        1   -15.59018
    -6.8450        1   -15.82763
    -6.6950        1   -16.07272
    -6.5450        1   -16.32468
    -6.3950        1   -16.58365
    -6.2450        1   -16.85168
    -6.0950        1   -17.12162
    -5.9450        1   -17.39953
    -5.7950        1   -17.67895
    -5.6450        1   -17.96443
    -5.4950        1   -18.24736
    -5.3450        1   -18.53392
    -5.1950        1   -18.82937
    -5.0450        1   -19.13057
    -4.8950        1   -19.44139
    -4.7450        1   -19.75561
    -4.5950        1   -20.07469
    -4.4450        1   -20.40333
    -4.2950        1   -20.74793
    -4.1450        1   -21.10181
    -3.9950        1   -21.47859
    -3.8450        1   -21.87054
    -3.6950        1   -22.28176
    -3.5450        1   -22.71271
    -3.3950        1   -23.16673
    -3.2450        1   -23.65022
    -3.0950        1   -24.15526
    -2.9450        1   -24.69155
    -2.7950        1   -25.24576
    -2.6450        1   -25.82952
    -2.4950        1   -26.42937
    -2.3450        1   -27.05025
    -2.1950        1   -27.68047
    -2.0450        1   -28.31827
    -1.8950        1   -28.96405
    -1.7450        1   -29.60449
    -1.5950        1   -30.24288
    -1.4450        1   -30.87083
    -1.2950        1   -31.50043
    -1.1450        1   -32.13270
   -0.99500        1   -32.77565
   -0.84500        1   -33.44686
   -0.69500        1   -34.16444
   -0.54500        1   -34.96523
   -0.39500        1   -35.91782
   -0.25300        1   -36.66331
   -0.21500        1   -36.71473
   -0.20900        1   -36.76672
   -0.20300        1   -36.81985
   -0.19700        1   -36.87404
   -0.19100        1   -36.92930
   -0.18500        1   -36.98565
   -0.17900        1   -37.04342
   -0.17300        1   -37.10207
   -0.16700        1   -37.16192
   -0.16100        1   -37.22354
   -0.15500        1   -37.28605
   -0.14900        1   -37.35034
   -0.14300        1   -37.41657
   -0.13700        1   -37.48512
   -0.13100        1   -37.55608
   -0.12500        1   -37.62954
   -0.11900        1   -37.70545
   -0.11300        1   -37.78467
   -0.10700        1   -37.86740
   -0.10100        1   -37.95424
   -0.95000E-01    1   -38.04563
   -0.89000E-01    1   -38.14232
   -0.83000E-01    1   -38.24464
   -0.77000E-01    1   -38.35350
   -0.71000E-01    1   -38.46979
   -0.65000E-01    1   -38.59497
   -0.59000E-01    1   -38.73124
   -0.53000E-01    1   -38.88042
   -0.47000E-01    1   -39.04682
   -0.41000E-01    1   -39.23463
   -0.35000E-01    1   -39.44876
   -0.29000E-01    1   -39.69570
   -0.23000E-01    1   -39.98679
   -0.19700E-01    1   -40.01852
   -0.19100E-01    1   -40.05090
   -0.18500E-01    1   -40.08377
   -0.17900E-01    1   -40.11724
   -0.17300E-01    1   -40.15131
   -0.16700E-01    1   -40.18596
   -0.16100E-01    1   -40.22129
   -0.15500E-01    1   -40.25729
   -0.14900E-01    1   -40.29367
   -0.14300E-01    1   -40.33073
   -0.13700E-01    1   -40.36812
   -0.13100E-01    1   -40.40576
   -0.12500E-01    1   -40.44368
   -0.11900E-01    1   -40.48167
   -0.11300E-01    1   -40.51953
   -0.10700E-01    1   -40.55707
   -0.10100E-01    1   -40.59418
   -0.95000E-02    1   -40.63049
   -0.89000E-02    1   -40.66594
   -0.83000E-02    1   -40.70029
   -0.77000E-02    1   -40.73323
   -0.71000E-02    1   -40.76447
   -0.65000E-02    1   -40.79397
   -0.59000E-02    1   -40.82143
   -0.53000E-02    1   -40.84664
   -0.47000E-02    1   -40.86946
   -0.41000E-02    1   -40.88978
   -0.35000E-02    1   -40.90744
   -0.29000E-02    1   -40.92229
   -0.23000E-02    1   -40.93426
   -0.17000E-02    1   -40.94319
   -0.11000E-02    1   -40.94903
   -0.50000E-03    1   -40.95170
    0.10000E-03    1   -40.95117
    0.70000E-03    1   -40.94744
    0.13000E-02    1   -40.94057
    0.19000E-02    1   -40.93060
    0.25000E-02    1   -40.91764
    0.31000E-02    1   -40.90185
    0.37000E-02    1   -40.88330
    0.43000E-02    1   -40.86211
    0.49000E-02    1   -40.83843
    0.55000E-02    1   -40.81247
    0.61000E-02    1   -40.78429
    0.67000E-02    1   -40.75416
    0.73000E-02    1   -40.72235
    0.79000E-02    1   -40.68901
    0.85000E-02    1   -40.65435
    0.91000E-02    1   -40.61866
    0.97000E-02    1   -40.58211
    0.10300E-01    1   -40.54493
    0.10900E-01    1   -40.50740
    0.11500E-01    1   -40.46966
    0.12100E-01    1   -40.43186
    0.12700E-01    1   -40.39405
    0.13300E-01    1   -40.35657
    0.13900E-01    1   -40.31937
    0.14500E-01    1   -40.28267
    0.15100E-01    1   -40.24647
    0.15700E-01    1   -40.21088
    0.16300E-01    1   -40.17600
    0.16900E-01    1   -40.14172
    0.17500E-01    1   -40.10785
    0.18100E-01    1   -40.07477
    0.18700E-01    1   -40.04229
    0.19300E-01    1   -40.01048
    0.20200E-01    1   -39.89215
    0.25000E-01    1   -39.62047
    0.31000E-01    1   -39.38811
    0.37000E-01    1   -39.18594
    0.43000E-01    1   -39.00812
    0.49000E-01    1   -38.84982
    0.55000E-01    1   -38.70792
    0.61000E-01    1   -38.57870
    0.67000E-01    1   -38.45961
    0.73000E-01    1   -38.35013
    0.79000E-01    1   -38.24858
    0.85000E-01    1   -38.15374
    0.91000E-01    1   -38.06540
    0.97000E-01    1   -37.98293
    0.10300        1   -37.90531
    0.10900        1   -37.83217
    0.11500        1   -37.76340
    0.12100        1   -37.69824
    0.12700        1   -37.63674
    0.13300        1   -37.57785
    0.13900        1   -37.52199
    0.14500        1   -37.46872
    0.15100        1   -37.41772
    0.15700        1   -37.36907
    0.16300        1   -37.32263
    0.16900        1   -37.27808
    0.17500        1   -37.23543
    0.18100        1   -37.19465
    0.18700        1   -37.15568
    0.19300        1   -37.11840
    0.19900        1   -37.08277
    0.20500        1   -37.04853
    0.21100        1   -37.01557
    0.21700        1   -36.98372
    0.29500        1   -36.41873
    0.44500        1   -36.13335
    0.59500        1   -35.95057
    0.74500        1   -35.81887
    0.89500        1   -35.71771
     1.0450        1   -35.63290
     1.1950        1   -35.55811
     1.3450        1   -35.49213
     1.4950        1   -35.43026
     1.6450        1   -35.37336
     1.7950        1   -35.32046
     1.9450        1   -35.27102
     2.0950        1   -35.22349
     2.2450        1   -35.17993
     2.3950        1   -35.13962
     2.5450        1   -35.10008
     2.6950        1   -35.06205
     2.8450        1   -35.02718
     2.9950        1   -34.99502
     3.1450        1   -34.96461
     3.2950        1   -34.93619
     3.4450        1   -34.90918
     3.5950        1   -34.88447
     3.7450        1   -34.85972
     3.8950        1   -34.83630
     4.0450        1   -34.81575
     4.1950        1   -34.79584
     4.3450        1   -34.77750
     4.4950        1   -34.75922
     4.6450        1   -34.74196
     4.7950        1   -34.72525
     4.9450        1   -34.70805
     5.0950        1   -34.69233
     5.2450        1   -34.67704
     5.3950        1   -34.66311
     5.5450        1   -34.64887
     5.6950        1   -34.63491
     5.8450        1   -34.62170
     5.9950        1   -34.60924
     6.1450        1   -34.59712
     6.2950        1   -34.58454
     6.4450        1   -34.57297
     6.5950        1   -34.56158
     6.7450        1   -34.55001
     6.8950        1   -34.53887
     7.0450        1   -34.52845
     7.1950        1   -34.51808
     7.3450        1   -34.50731
     7.4950        1   -34.49708
     7.6450        1   -34.48685
     7.7950        1   -34.47678
     7.9450        1   -34.46635
     8.0950        1   -34.45720
     8.2450        1   -34.44757
     8.3950        1   -34.43845
     8.5450        1   -34.42918
     8.6950        1   -34.41982
     8.8450        1   -34.41102
     8.9950        1   -34.40241
     9.1450        1   -34.39360
     9.2950        1   -34.38534
     9.4450        1   -34.37740
     9.5950        1   -34.36881
     9.7450        1   -34.36047
     9.8950        1   -34.35202
     10.045        1   -34.34398
     10.195        1   -34.33596
     10.345        1   -34.32770
     10.495        1   -34.32011
     10.645        1   -34.31263
     10.795        1   -34.30479
     10.945        1   -34.29744
     11.095        1   -34.29028
     11.245        1   -34.28307
     11.395        1   -34.27608
     11.545        1   -34.26858
     11.695        1   -34.26130
     11.845        1   -34.25438
     11.995        1   -34.24768
     12.145        1   -34.24072
     12.295        1   -34.23371
     12.445        1   -34.22694
     12.595        1   -34.22020
     12.745        1   -34.21374
     12.895        1   -34.20719
     13.045        1   -34.20079
     13.195        1   -34.19440
     13.345        1   -34.18836
     13.495        1   -34.18195
     13.645        1   -34.17587
     13.795        1   -34.16981
     13.945        1   -34.16378
     14.095        1   -34.15805
     14.245        1   -34.15184
     14.395        1   -34.14614
     14.545        1   -34.14025
     14.695        1   -34.13429
     14.845        1   -34.12835
     14.995        1   -34.12306
     15.145        1   -34.11754
     15.295        1   -34.11218
     15.445        1   -34.10667
     15.595        1   -34.10098
     15.745        1   -34.09555
     15.895        1   -34.09027
     16.045        1   -34.08516
     16.195        1   -34.07966
     16.345        1   -34.07455
     16.495        1   -34.06954
     16.645        1   -34.06447
     16.795        1   -34.05942
     16.945        1   -34.05428
     17.095        1   -34.04936
     17.245        1   -34.04444
     17.395        1   -34.03943
     17.545        1   -34.03432
     17.695        1   -34.02965
     17.845        1   -34.02487
     17.995        1   -34.02030
     18.145        1   -34.01557
     18.295        1   -34.01089
     18.445        1   -34.00618
     18.595        1   -34.00153
     18.745        1   -33.99684
     18.895        1   -33.99223
     19.045        1   -33.98772
     19.195        1   -33.98300
     19.345        1   -33.97876
     19.495        1   -33.97418
     19.645        1   -33.96963
     19.795        1   -33.96535
     19.945        1   -33.96076
     20.095        1   -33.95664
     20.245        1   -33.95219
     20.395        1   -33.94799
     20.545        1   -33.94371
     20.695        1   -33.93950
     20.845        1   -33.93528
     20.995        1   -33.93105
     21.145        1   -33.92680
     21.295        1   -33.92275
     21.445        1   -33.91859
     21.595        1   -33.91447
     21.745        1   -33.91038
     21.895        1   -33.90640
     22.045        1   -33.90256
     22.195        1   -33.89844
     22.345        1   -33.89460
     22.495        1   -33.89060
     22.645        1   -33.88688
     22.795        1   -33.88284
     22.945        1   -33.87917
     23.095        1   -33.87522
     23.245        1   -33.87144
     23.395        1   -33.86756
     23.545        1   -33.86368
     23.695        1   -33.86010
     23.845        1   -33.85637
     23.995        1   -33.85287
     24.145        1   -33.84920
     24.295        1   -33.84553
     24.445        1   -33.84202
     24.595        1   -33.83848
     24.745        1   -33.83502
     24.895        1   -33.83138
     25.045        1   -33.82779
     25.195        1   -33.82433
     25.345        1   -33.82089
     25.495        1   -33.81754
     25.645        1   -33.81422
     25.795        1   -33.81072
     25.945        1   -33.80729
     26.095        1   -33.80406
     26.245        1   -33.80071
     26.395        1   -33.79734
     26.545        1   -33.79392
     26.695        1   -33.79066
     26.845        1   -33.78745
     26.995        1   -33.78383
     27.145        1   -33.78044
     27.295        1   -33.77728
     27.445        1   -33.77414
     27.595        1   -33.77096
     27.745        1   -33.76779
     27.895        1   -33.76446
     28.045        1   -33.76130
     28.195        1   -33.75816
     28.345        1   -33.75512
     28.495        1   -33.75204
     28.645        1   -33.74892
     28.795        1   -33.74578
     28.945        1   -33.74248
     29.095        1   -33.73948
     29.245        1   -33.73638
     29.395        1   -33.73327
     29.545        1   -33.73008
     29.695        1   -33.72715
     29.845        1   -33.72421
     29.995        1   -33.72108
     30.145        1   -33.71793
     30.295        1   -33.71484
     30.445        1   -33.71193
     30.595        1   -33.70917
     30.745        1   -33.70630
     30.895        1   -33.70341
     31.045        1   -33.70044
     31.195        1   -33.69764
     31.345        1   -33.69488
     31.495        1   -33.69192
     31.645        1   -33.68896
     31.795        1   -33.68613
     31.945        1   -33.68335
     32.095        1   -33.68054
     32.245        1   -33.67790
     32.395        1   -33.67505
     32.545        1   -33.67246
     32.695        1   -33.66963
     32.845        1   -33.66705
     32.995        1   -33.66437
     33.145        1   -33.66167
     33.295        1   -33.65898
     33.445        1   -33.65623
     33.595        1   -33.65345
     33.745        1   -33.65076
     33.895        1   -33.64803
     34.045        1   -33.64558
     34.195        1   -33.64287
     34.345        1   -33.64006
     34.495        1   -33.63752
     34.645        1   -33.63494
     34.795        1   -33.63232
     34.945        1   -33.62973
     35.095        1   -33.62688
     35.245        1   -33.62410
     35.395        1   -33.62147
     35.545        1   -33.61893
     35.695        1   -33.61637
     35.845        1   -33.61373
     35.995        1   -33.61104
     36.145        1   -33.60856
     36.295        1   -33.60583
     36.445        1   -33.60335
     36.595        1   -33.60083
     36.745        1   -33.59844
     36.895        1   -33.59601
     37.045        1   -33.59363
     37.195        1   -33.59117
     37.345        1   -33.58867
     37.495        1   -33.58621
     37.645        1   -33.58389
     37.795        1   -33.58134
     37.945        1   -33.57905
     38.095        1   -33.57661
     38.245        1   -33.57394
     38.395        1   -33.57154
     38.545        1   -33.56926
     38.695        1   -33.56691
     38.845        1   -33.56446
     38.995        1   -33.56207
     39.145        1   -33.55966
     39.295        1   -33.55746
     39.445        1   -33.55518
     39.595        1   -33.55292
     39.745        1   -33.55054
     39.895        1   -33.54814
     40.045        1   -33.54588
     40.195        1   -33.54356
     40.345        1   -33.54131
     40.495        1   -33.53912
     40.645        1   -33.53694
     40.795        1   -33.53467
     40.945        1   -33.53247
     41.095        1   -33.53018
     41.245        1   -33.52795
     41.395        1   -33.52568
     41.545        1   -33.52352
     41.695        1   -33.52131
     41.845        1   -33.51912
     41.995        1   -33.51700
     42.145        1   -33.51482
     42.295        1   -33.51268
     42.445        1   -33.51038
     42.595        1   -33.50827
     42.745        1   -33.50609
     42.895        1   -33.50391
     43.045        1   -33.50184
     43.195        1   -33.49974
     43.345        1   -33.49764
     43.495        1   -33.49562
     43.645        1   -33.49340
     43.795        1   -33.49115
     43.945        1   -33.48907
     44.095        1   -33.48704
     44.245        1   -33.48490
     44.395        1   -33.48280
     44.545        1   -33.48081
     44.695        1   -33.47874
     44.845        1   -33.47666
     44.995        1   -33.47464
     45.145        1   -33.47244
     45.295        1   -33.47017
     45.445        1   -33.46820
     45.595        1   -33.46607
     45.745        1   -33.46409
     45.895        1   -33.46212
     46.045        1   -33.46027
     46.195        1   -33.45832
     46.345        1   -33.45644
     46.495        1   -33.45446
     46.645        1   -33.45257
     46.795        1   -33.45059
     46.945        1   -33.44865
     47.095        1   -33.44677
     47.245        1   -33.44472
     47.395        1   -33.44257
     47.545        1   -33.44058
     47.695        1   -33.43858
     47.845        1   -33.43678
     47.995        1   -33.43489
     48.145        1   -33.43298
     48.295        1   -33.43109
     48.445        1   -33.42907
     48.595        1   -33.42707
     48.745        1   -33.42526
     48.895        1   -33.42340
     49.045        1   -33.42142
     49.195        1   -33.41969
     49.345        1   -33.41775
     49.495        1   -33.41601
     49.645        1   -33.41414
     49.795        1   -33.41228
     49.945        1   -33.41051
     50.095        1   -33.40868
     50.245        1   -33.40692
     50.395        1   -33.40514
     50.545        1   -33.40315
     50.695        1   -33.40130
     50.845        1   -33.39959
     50.995        1   -33.39776
     51.145        1   -33.39608
     51.295        1   -33.39422
     51.445        1   -33.39242
     51.595        1   -33.39058
     51.745        1   -33.38883
     51.895        1   -33.38711
     52.045        1   -33.38530
     52.195        1   -33.38367
     52.345        1   -33.38179
     52.495        1   -33.37990
     52.645        1   -33.37817
     52.795        1   -33.37648
     52.945        1   -33.37477
     53.095        1   -33.37309
     53.245        1   -33.37128
     53.395        1   -33.36958
     53.545        1   -33.36796
     53.695        1   -33.36623
     53.845        1   -33.36460
     53.995        1   -33.36286
     54.145        1   -33.36113
     54.295        1   -33.35941
     54.445        1   -33.35757
     54.595        1   -33.35587
     54.745        1   -33.35421
     54.895        1   -33.35253
     55.045        1   -33.35086
     55.195        1   -33.34923
     55.345        1   -33.34746
     55.495        1   -33.34576
     55.645        1   -33.34415
     55.795        1   -33.34241
     55.945        1   -33.34082
     56.095        1   -33.33919
     56.245        1   -33.33745
     56.395        1   -33.33586
     56.545        1   -33.33410
     56.695        1   -33.33254
     56.845        1   -33.33086
     56.995        1   -33.32915
     57.145        1   -33.32755
     57.295        1   -33.32590
     57.445        1   -33.32429
     57.595        1   -33.32261
     57.745        1   -33.32116
     57.895        1   -33.31954
     58.045        1   -33.31800
     58.195        1   -33.31645
     58.345        1   -33.31482
     58.495        1   -33.31330
     58.645        1   -33.31164
     58.795        1   -33.30987
     58.945        1   -33.30833
     59.095        1   -33.30673
     59.245        1   -33.30509
     59.395        1   -33.30352
     59.545        1   -33.30194
     59.695        1   -33.30045
     59.845        1   -33.29890
     59.995        1   -33.29731
     60.145        1   -33.29585
     70.939        1   -33.09554
     97.698        1   -32.89537
     134.55        1   -32.69529
     185.30        1   -32.49560
     255.20        1   -32.29779
     351.46        1   -32.10166
     484.04        1   -31.90852
     666.62        1   -31.71736
     918.07        1   -31.52911
     1264.4        1   -31.34246
     1741.3        1   -31.15888
     2398.1        1   -30.97820
     3302.7        1   -30.79939
     4548.5        1   -30.62272
     6264.3        1   -30.44902
     8627.2        1   -30.27730
     11881.        1   -30.10740
     16363.        1   -29.94018
     22535.        1   -29.77515
     31036.        1   -29.61233
     42743.        1   -29.45245
     58866.        1   -29.29514
     81070.        1   -29.13996
    0.11165E+06    1   -28.98684
    0.15377E+06    1   -28.83505
    0.21177E+06    1   -28.68435
    0.29165E+06    1   -28.53564
    0.40166E+06    1   -28.38855
    0.55317E+06    1   -28.24259
    0.76182E+06    1   -28.09727
    0.10492E+07    1   -27.95239
    0.14449E+07    1   -27.80866
    0.19900E+07    1   -27.66575
    0.27406E+07    1   -27.52294
    0.37744E+07    1   -27.37981
    0.51981E+07    1   -27.23540
    0.71589E+07    1   -27.09136
    0.98593E+07    1   -26.94659
    0.13578E+08    1   -26.80093
    0.18700E+08    1   -26.65456
    0.25754E+08    1   -26.50825
    0.35468E+08    1   -26.36307
    0.48847E+08    1   -26.22045
    0.67273E+08    1   -26.08120
    0.92648E+08    1   -25.94511
    0.12760E+09    1   -25.81274
    0.17573E+09    1   -25.68445
    0.24201E+09    1   -25.56011
    0.33330E+09    1   -25.44029
    0.45902E+09    1   -25.32581
    0.63217E+09    1   -25.21801
    0.87062E+09    1   -25.11662
    0.11990E+10    1   -25.02223
    0.16513E+10    1   -24.93433
    0.22742E+10    1   -24.85269
    0.31320E+10    1   -24.77629
    0.43134E+10    1   -24.70515
    0.59405E+10    1   -24.63873
    0.81813E+10    1   -24.57676
    0.11267E+11    1   -24.51947
    0.15517E+11    1   -24.46590
    0.21371E+11    1   -24.41637
    0.29432E+11    1   -24.37027
    0.40534E+11    1   -24.32729
    0.55823E+11    1   -24.28735
    0.10000E+12    1   -23.78925
    -149.95        2     0.00000
    -149.79        2     0.00000
    -149.65        2     0.00000
    -149.49        2     0.00000
    -149.34        2     0.00000
    -149.20        2     0.00000
    -149.04        2     0.00000
    -148.90        2     0.00000
    -148.74        2     0.00000
    -148.59        2     0.00000
    -148.45        2     0.00000
    -148.29        2     0.00000
    -148.15        2     0.00000
    -147.99        2     0.00000
    -147.84        2     0.00000
    -147.70        2     0.00000
    -147.54        2     0.00000
    -147.40        2     0.00000
    -147.24        2     0.00000
    -147.09        2     0.00000
    -146.95        2     0.00000
    -146.79        2     0.00000
    -146.65        2     0.00000
    -146.49        2     0.00000
    -146.34        2     0.00000
    -146.20        2     0.00000
    -146.04        2     0.00000
    -145.90        2     0.00000
    -145.74        2     0.00000
    -145.59        2     0.00000
    -145.45        2     0.00000
    -145.29        2     0.00000
    -145.15        2     0.00000
    -144.99        2     0.00000
    -144.84        2     0.00000
    -144.70        2     0.00000
    -144.54        2     0.00000
    -144.40        2     0.00000
    -144.24        2     0.00000
    -144.09        2     0.00000
    -143.95        2     0.00000
    -143.79        2     0.00000
    -143.65        2     0.00000
    -143.49        2     0.00000
    -143.34        2     0.00000
    -143.20        2     0.00000
    -143.04        2     0.00000
    -142.90        2     0.00000
    -142.74        2     0.00000
    -142.59        2     0.00000
    -142.45        2     0.00000
    -142.29        2     0.00000
    -142.15        2     0.00000
    -141.99        2     0.00000
    -141.84        2     0.00000
    -141.70        2     0.00000
    -141.54        2     0.00000
    -141.40        2     0.00000
    -141.24        2     0.00000
    -141.09        2     0.00000
    -140.95        2     0.00000
    -140.79        2     0.00000
    -140.65        2     0.00000
    -140.49        2     0.00000
    -140.34        2     0.00000
    -140.20        2     0.00000
    -140.04        2     0.00000
    -139.90        2     0.00000
    -139.74        2     0.00000
    -139.59        2     0.00000
    -139.45        2     0.00000
    -139.29        2     0.00000
    -139.15        2     0.00000
    -138.99        2     0.00000
    -138.84        2     0.00000
    -138.70        2     0.00000
    -138.54        2     0.00000
    -138.40        2     0.00000
    -138.24        2     0.00000
    -138.09        2     0.00000
    -137.95        2     0.00000
    -137.79        2     0.00000
    -137.65        2     0.00000
    -137.49        2     0.00000
    -137.34        2     0.00000
    -137.20        2     0.00000
    -137.04        2     0.00000
    -136.90        2     0.00000
    -136.74        2     0.00000
    -136.59        2     0.00000
    -136.45        2     0.00000
    -136.29        2     0.00000
    -136.15        2     0.00000
    -135.99        2     0.00000
    -135.84        2     0.00000
    -135.70        2     0.00000
    -135.54        2     0.00000
    -135.40        2     0.00000
    -135.24        2     0.00000
    -135.09        2     0.00000
    -134.95        2     0.00000
    -134.79        2     0.00000
    -134.65        2     0.00000
    -134.49        2     0.00000
    -134.34        2     0.00000
    -134.20        2     0.00000
    -134.04        2     0.00000
    -133.90        2     0.00000
    -133.74        2     0.00000
    -133.59        2     0.00000
    -133.45        2     0.00000
    -133.29        2     0.00000
    -133.15        2     0.00000
    -132.99        2     0.00000
    -132.84        2     0.00000
    -132.70        2     0.00000
    -132.54        2     0.00000
    -132.40        2     0.00000
    -132.24        2     0.00000
    -132.09        2     0.00000
    -131.95        2     0.00000
    -131.79        2     0.00000
    -131.65        2     0.00000
    -131.49        2     0.00000
    -131.34        2     0.00000
    -131.20        2     0.00000
    -131.04        2     0.00000
    -130.90        2     0.00000
    -130.74        2     0.00000
    -130.59        2     0.00000
    -130.45        2     0.00000
    -130.29        2     0.00000
    -130.15        2     0.00000
    -129.99        2     0.00000
    -129.84        2     0.00000
    -129.70        2     0.00000
    -129.54        2     0.00000
    -129.40        2     0.00000
    -129.24        2     0.00000
    -129.09        2     0.00000
    -128.95        2     0.00000
    -128.79        2     0.00000
    -128.65        2     0.00000
    -128.49        2     0.00000
    -128.34        2     0.00000
    -128.20        2     0.00000
    -128.04        2     0.00000
    -127.89        2     0.00000
    -127.75        2     0.00000
    -127.60        2     0.00000
    -127.44        2     0.00000
    -127.30        2     0.00000
    -127.14        2     0.00000
    -127.00        2     0.00000
    -126.85        2     0.00000
    -126.69        2     0.00000
    -126.55        2     0.00000
    -126.39        2     0.00000
    -126.25        2     0.00000
    -126.10        2     0.00000
    -125.94        2     0.00000
    -125.80        2     0.00000
    -125.64        2     0.00000
    -125.50        2     0.00000
    -125.35        2     0.00000
    -125.19        2     0.00000
    -125.05        2     0.00000
    -124.89        2     0.00000
    -124.75        2     0.00000
    -124.60        2     0.00000
    -124.44        2     0.00000
    -124.30        2     0.00000
    -124.14        2     0.00000
    -124.00        2     0.00000
    -123.85        2     0.00000
    -123.69        2     0.00000
    -123.55        2     0.00000
    -123.39        2     0.00000
    -123.25        2     0.00000
    -123.10        2     0.00000
    -122.94        2     0.00000
    -122.80        2     0.00000
    -122.64        2     0.00000
    -122.50        2     0.00000
    -122.35        2     0.00000
    -122.19        2     0.00000
    -122.05        2     0.00000
    -121.89        2     0.00000
    -121.75        2     0.00000
    -121.60        2     0.00000
    -121.44        2     0.00000
    -121.30        2     0.00000
    -121.14        2     0.00000
    -121.00        2     0.00000
    -120.85        2     0.00000
    -120.69        2     0.00000
    -120.55        2     0.00000
    -120.39        2     0.00000
    -120.25        2     0.00000
    -120.10        2     0.00000
    -119.94        2     0.00000
    -119.80        2     0.00000
    -119.64        2     0.00000
    -119.50        2     0.00000
    -119.35        2     0.00000
    -119.19        2     0.00000
    -119.05        2     0.00000
    -118.89        2     0.00000
    -118.75        2     0.00000
    -118.60        2     0.00000
    -118.44        2     0.00000
    -118.30        2     0.00000
    -118.14        2     0.00000
    -118.00        2     0.00000
    -117.85        2     0.00000
    -117.69        2     0.00000
    -117.55        2     0.00000
    -117.39        2     0.00000
    -117.25        2     0.00000
    -117.10        2     0.00000
    -116.94        2     0.00000
    -116.80        2     0.00000
    -116.64        2     0.00000
    -116.50        2     0.00000
    -116.35        2     0.00000
    -116.19        2     0.00000
    -116.05        2     0.00000
    -115.89        2     0.00000
    -115.75        2     0.00000
    -115.60        2     0.00000
    -115.44        2     0.00000
    -115.30        2     0.00000
    -115.14        2     0.00000
    -115.00        2     0.00000
    -114.85        2     0.00000
    -114.69        2     0.00000
    -114.55        2     0.00000
    -114.39        2     0.00000
    -114.25        2     0.00000
    -114.10        2     0.00000
    -113.94        2     0.00000
    -113.80        2     0.00000
    -113.64        2     0.00000
    -113.50        2     0.00000
    -113.35        2     0.00000
    -113.19        2     0.00000
    -113.05        2     0.00000
    -112.89        2     0.00000
    -112.75        2     0.00000
    -112.60        2     0.00000
    -112.44        2     0.00000
    -112.30        2     0.00000
    -112.14        2     0.00000
    -112.00        2     0.00000
    -111.85        2     0.00000
    -111.69        2     0.00000
    -111.55        2     0.00000
    -111.39        2     0.00000
    -111.25        2     0.00000
    -111.10        2     0.00000
    -110.94        2     0.00000
    -110.80        2     0.00000
    -110.64        2     0.00000
    -110.50        2     0.00000
    -110.35        2     0.00000
    -110.19        2     0.00000
    -110.05        2     0.00000
    -109.89        2     0.00000
    -109.75        2     0.00000
    -109.60        2     0.00000
    -109.44        2     0.00000
    -109.30        2     0.00000
    -109.14        2     0.00000
    -109.00        2     0.00000
    -108.85        2     0.00000
    -108.69        2     0.00000
    -108.55        2     0.00000
    -108.39        2     0.00000
    -108.25        2     0.00000
    -108.10        2     0.00000
    -107.94        2     0.00000
    -107.80        2     0.00000
    -107.64        2     0.00000
    -107.50        2     0.00000
    -107.35        2     0.00000
    -107.19        2     0.00000
    -107.05        2     0.00000
    -106.89        2     0.00000
    -106.75        2     0.00000
    -106.60        2     0.00000
    -106.44        2     0.00000
    -106.30        2     0.00000
    -106.14        2     0.00000
    -106.00        2     0.00000
    -105.85        2     0.00000
    -105.69        2     0.00000
    -105.55        2     0.00000
    -105.39        2     0.00000
    -105.25        2     0.00000
    -105.10        2     0.00000
    -104.94        2     0.00000
    -104.80        2     0.00000
    -104.64        2     0.00000
    -104.50        2     0.00000
    -104.35        2     0.00000
    -104.19        2     0.00000
    -104.05        2     0.00000
    -103.89        2     0.00000
    -103.75        2     0.00000
    -103.60        2     0.00000
    -103.44        2     0.00000
    -103.30        2     0.00000
    -103.14        2     0.00000
    -103.00        2     0.00000
    -102.85        2     0.00000
    -102.69        2     0.00000
    -102.55        2     0.00000
    -102.39        2     0.00000
    -102.25        2     0.00000
    -102.10        2     0.00000
    -101.94        2     0.00000
    -101.80        2     0.00000
    -101.64        2     0.00000
    -101.50        2     0.00000
    -101.35        2     0.00000
    -101.19        2     0.00000
    -101.05        2     0.00000
    -100.89        2     0.00000
    -100.75        2     0.00000
    -100.60        2     0.00000
    -100.44        2     0.00000
    -100.30        2     0.00000
    -100.14        2     0.00000
    -99.995        2     0.00000
    -99.845        2     0.00000
    -99.695        2     0.00000
    -99.545        2     0.00000
    -99.395        2     0.00000
    -99.245        2     0.00000
    -99.095        2     0.00000
    -98.945        2     0.00000
    -98.795        2     0.00000
    -98.645        2     0.00000
    -98.495        2     0.00000
    -98.345        2     0.00000
    -98.195        2     0.00000
    -98.045        2     0.00000
    -97.895        2     0.00000
    -97.745        2     0.00000
    -97.595        2     0.00000
    -97.445        2     0.00000
    -97.295        2     0.00000
    -97.145        2     0.00000
    -96.995        2     0.00000
    -96.845        2     0.00000
    -96.695        2     0.00000
    -96.545        2     0.00000
    -96.395        2     0.00000
    -96.245        2     0.00000
    -96.095        2     0.00000
    -95.945        2     0.00000
    -95.795        2     0.00000
    -95.645        2     0.00000
    -95.495        2     0.00000
    -95.345        2     0.00000
    -95.195        2     0.00000
    -95.045        2     0.00000
    -94.895        2     0.00000
    -94.745        2     0.00000
    -94.595        2     0.00000
    -94.445        2     0.00000
    -94.295        2     0.00000
    -94.145        2     0.00000
    -93.995        2     0.00000
    -93.845        2     0.00000
    -93.695        2     0.00000
    -93.545        2     0.00000
    -93.395        2     0.00000
    -93.245        2     0.00000
    -93.095        2     0.00000
    -92.945        2     0.00000
    -92.795        2     0.00000
    -92.645        2     0.00000
    -92.495        2     0.00000
    -92.345        2     0.00000
    -92.195        2     0.00000
    -92.045        2     0.00000
    -91.895        2     0.00000
    -91.745        2     0.00000
    -91.595        2     0.00000
    -91.445        2     0.00000
    -91.295        2     0.00000
    -91.145        2     0.00000
    -90.995        2     0.00000
    -90.845        2     0.00000
    -90.695        2     0.00000
    -90.545        2     0.00000
    -90.395        2     0.00000
    -90.245        2     0.00000
    -90.095        2     0.00000
    -89.945        2     0.00000
    -89.795        2     0.00000
    -89.645        2     0.00000
    -89.495        2     0.00000
    -89.345        2     0.00000
    -89.195        2     0.00000
    -89.045        2     0.00000
    -88.895        2     0.00000
    -88.745        2     0.00000
    -88.595        2     0.00000
    -88.445        2     0.00000
    -88.295        2     0.00000
    -88.145        2     0.00000
    -87.995        2     0.00000
    -87.845        2     0.00000
    -87.695        2     0.00000
    -87.545        2     0.00000
    -87.395        2     0.00000
    -87.245        2     0.00000
    -87.095        2     0.00000
    -86.945        2     0.00000
    -86.795        2     0.00000
    -86.645        2     0.00000
    -86.495        2     0.00000
    -86.345        2     0.00000
    -86.195        2     0.00000
    -86.045        2     0.00000
    -85.895        2     0.00000
    -85.745        2     0.00000
    -85.595        2     0.00000
    -85.445        2     0.00000
    -85.295        2     0.00000
    -85.145        2     0.00000
    -84.995        2     0.00000
    -84.845        2     0.00000
    -84.695        2     0.00000
    -84.545        2     0.00000
    -84.395        2     0.00000
    -84.245        2     0.00000
    -84.095        2     0.00000
    -83.945        2     0.00000
    -83.795        2     0.00000
    -83.645        2     0.00000
    -83.495        2     0.00000
    -83.345        2     0.00000
    -83.195        2     0.00000
    -83.045        2     0.00000
    -82.895        2     0.00000
    -82.745        2     0.00000
    -82.595        2     0.00000
    -82.445        2     0.00000
    -82.295        2     0.00000
    -82.145        2     0.00000
    -81.995        2     0.00000
    -81.845        2     0.00000
    -81.695        2     0.00000
    -81.545        2     0.00000
    -81.395        2     0.00000
    -81.245        2     0.00000
    -81.095        2     0.00000
    -80.945        2     0.00000
    -80.795        2     0.00000
    -80.645        2     0.00000
    -80.495        2     0.00000
    -80.345        2     0.00000
    -80.195        2     0.00000
    -80.045        2     0.00000
    -79.895        2     0.00000
    -79.745        2     0.00000
    -79.595        2     0.00000
    -79.445        2     0.00000
    -79.295        2     0.00000
    -79.145        2     0.00000
    -78.995        2     0.00000
    -78.845        2     0.00000
    -78.695        2     0.00000
    -78.545        2     0.00000
    -78.395        2     0.00000
    -78.245        2     0.00000
    -78.095        2     0.00000
    -77.945        2     0.00000
    -77.795        2     0.00000
    -77.645        2     0.00000
    -77.495        2     0.00000
    -77.345        2     0.00000
    -77.195        2     0.00000
    -77.045        2     0.00000
    -76.895        2     0.00000
    -76.745        2     0.00000
    -76.595        2     0.00000
    -76.445        2     0.00000
    -76.295        2     0.00000
    -76.145        2     0.00000
    -75.995        2     0.00000
    -75.845        2     0.00000
    -75.695        2     0.00000
    -75.545        2     0.00000
    -75.395        2     0.00000
    -75.245        2     0.00000
    -75.095        2     0.00000
    -74.945        2     0.00000
    -74.795        2     0.00000
    -74.645        2     0.00000
    -74.495        2     0.00000
    -74.345        2     0.00000
    -74.195        2     0.00000
    -74.045        2     0.00000
    -73.895        2     0.00000
    -73.745        2     0.00000
    -73.595        2     0.00000
    -73.445        2     0.00000
    -73.295        2     0.00000
    -73.145        2     0.00000
    -72.995        2     0.00000
    -72.845        2     0.00000
    -72.695        2     0.00000
    -72.545        2     0.00000
    -72.395        2     0.00000
    -72.245        2     0.00000
    -72.095        2     0.00000
    -71.945        2     0.00000
    -71.795        2     0.00000
    -71.645        2     0.00000
    -71.495        2     0.00000
    -71.345        2     0.00000
    -71.195        2     0.00000
    -71.045        2     0.00000
    -70.895        2     0.00000
    -70.745        2     0.00000
    -70.595        2     0.00000
    -70.445        2     0.00000
    -70.295        2     0.00000
    -70.145        2     0.00000
    -69.995        2     0.00000
    -69.845        2     0.00000
    -69.695        2     0.00000
    -69.545        2     0.00000
    -69.395        2     0.00000
    -69.245        2     0.00000
    -69.095        2     0.00000
    -68.945        2     0.00000
    -68.795        2     0.00000
    -68.645        2     0.00000
    -68.495        2     0.00000
    -68.345        2     0.00000
    -68.195        2     0.00000
    -68.045        2     0.00000
    -67.895        2     0.00000
    -67.745        2     0.00000
    -67.595        2     0.00000
    -67.445        2     0.00000
    -67.295        2     0.00000
    -67.145        2     0.00000
    -66.995        2     0.00000
    -66.845        2     0.00000
    -66.695        2     0.00000
    -66.545        2     0.00000
    -66.395        2     0.00000
    -66.245        2     0.00000
    -66.095        2     0.00000
    -65.945        2     0.00000
    -65.795        2     0.00000
    -65.645        2     0.00000
    -65.495        2     0.00000
    -65.345        2     0.00000
    -65.195        2     0.00000
    -65.045        2     0.00000
    -64.895        2     0.00000
    -64.745        2     0.00000
    -64.595        2     0.00000
    -64.445        2     0.00000
    -64.295        2     0.00000
    -64.145        2     0.00000
    -63.995        2     0.00000
    -63.845        2     0.00000
    -63.695        2     0.00000
    -63.545        2     0.00000
    -63.395        2     0.00000
    -63.245        2     0.00000
    -63.095        2     0.00000
    -62.945        2     0.00000
    -62.795        2     0.00000
    -62.645        2     0.00000
    -62.495        2     0.00000
    -62.345        2     0.00000
    -62.195        2     0.00000
    -62.045        2     0.00000
    -61.895        2     0.00000
    -61.745        2     0.00000
    -61.595        2     0.00000
    -61.445        2     0.00000
    -61.295        2     0.00000
    -61.145        2     0.00000
    -60.995        2     0.00000
    -60.845        2     0.00000
    -60.695        2     0.00000
    -60.545        2     0.00000
    -60.395        2     0.00000
    -60.245        2     0.00000
    -60.095        2     0.00000
    -59.945        2     0.00000
    -59.795        2     0.00000
    -59.645        2     0.00000
    -59.495        2     0.00000
    -59.345        2     0.00000
    -59.195        2     0.00000
    -59.045        2     0.00000
    -58.895        2     0.00000
    -58.745        2     0.00000
    -58.595        2     0.00000
    -58.445        2     0.00000
    -58.295        2     0.00000
    -58.145        2     0.00000
    -57.995        2     0.00000
    -57.845        2     0.00000
    -57.695        2     0.00000
    -57.545        2     0.00000
    -57.395        2     0.00000
    -57.245        2     0.00000
    -57.095        2     0.00000
    -56.945        2     0.00000
    -56.795        2     0.00000
    -56.645        2     0.00000
    -56.495        2     0.00000
    -56.345        2     0.00000
    -56.195        2     0.00000
    -56.045        2     0.00000
    -55.895        2     0.00000
    -55.745        2     0.00000
    -55.595        2     0.00000
    -55.445        2     0.00000
    -55.295        2     0.00000
    -55.145        2     0.00000
    -54.995        2     0.00000
    -54.845        2     0.00000
    -54.695        2     0.00000
    -54.545        2     0.00000
    -54.395        2     0.00000
    -54.245        2     0.00000
    -54.095        2     0.00000
    -53.945        2     0.00000
    -53.795        2     0.00000
    -53.645        2     0.00000
    -53.495        2     0.00000
    -53.345        2     0.00000
    -53.195        2     0.00000
    -53.045        2     0.00000
    -52.895        2     0.00000
    -52.745        2     0.00000
    -52.595        2     0.00000
    -52.445        2     0.00000
    -52.295        2     0.00000
    -52.145        2     0.00000
    -51.995        2     0.00000
    -51.845        2     0.00000
    -51.695        2     0.00000
    -51.545        2     0.00000
    -51.395        2     0.00000
    -51.245        2     0.00000
    -51.095        2     0.00000
    -50.945        2     0.00000
    -50.795        2     0.00000
    -50.645        2     0.00000
    -50.495        2     0.00000
    -50.345        2     0.00000
    -50.195        2     0.00000
    -50.045        2     0.00000
    -49.895        2     0.00000
    -49.745        2     0.00000
    -49.595        2     0.00000
    -49.445        2     0.00000
    -49.295        2     0.00000
    -49.145        2     0.00000
    -48.995        2     0.00000
    -48.845        2     0.00000
    -48.695        2     0.00000
    -48.545        2     0.00000
    -48.395        2     0.00000
    -48.245        2     0.00000
    -48.095        2     0.00000
    -47.945        2     0.00000
    -47.795        2     0.00000
    -47.645        2     0.00000
    -47.495        2     0.00000
    -47.345        2     0.00000
    -47.195        2     0.00000
    -47.045        2     0.00000
    -46.895        2     0.00000
    -46.745        2     0.00000
    -46.595        2     0.00000
    -46.445        2     0.00000
    -46.295        2     0.00000
    -46.145        2     0.00000
    -45.995        2     0.00000
    -45.845        2     0.00000
    -45.695        2     0.00000
    -45.545        2     0.00000
    -45.395        2     0.00000
    -45.245        2     0.00000
    -45.095        2     0.00000
    -44.945        2     0.00000
    -44.795        2     0.00000
    -44.645        2     0.00000
    -44.495        2     0.00000
    -44.345        2     0.00000
    -44.195        2     0.00000
    -44.045        2     0.00000
    -43.895        2     0.00000
    -43.745        2     0.00000
    -43.595        2     0.00000
    -43.445        2     0.00000
    -43.295        2     0.00000
    -43.145        2     0.00000
    -42.995        2     0.00000
    -42.845        2     0.00000
    -42.695        2     0.00000
    -42.545        2     0.00000
    -42.395        2     0.00000
    -42.245        2     0.00000
    -42.095        2     0.00000
    -41.945        2     0.00000
    -41.795        2     0.00000
    -41.645        2     0.00000
    -41.495        2     0.00000
    -41.345        2     0.00000
    -41.195        2     0.00000
    -41.045        2     0.00000
    -40.895        2     0.00000
    -40.745        2     0.00000
    -40.595        2     0.00000
    -40.445        2     0.00000
    -40.295        2     0.00000
    -40.145        2     0.00000
    -39.995        2     0.00000
    -39.845        2     0.00000
    -39.695        2     0.00000
    -39.545        2     0.00000
    -39.395        2     0.00000
    -39.245        2     0.00000
    -39.095        2     0.00000
    -38.945        2     0.00000
    -38.795        2     0.00000
    -38.645        2     0.00000
    -38.495        2     0.00000
    -38.345        2     0.00000
    -38.195        2     0.00000
    -38.045        2     0.00000
    -37.895        2     0.00000
    -37.745        2     0.00000
    -37.595        2     0.00000
    -37.445        2     0.00000
    -37.295        2     0.00000
    -37.145        2     0.00000
    -36.995        2     0.00000
    -36.845        2     0.00000
    -36.695        2     0.00000
    -36.545        2     0.00000
    -36.395        2     0.00000
    -36.245        2     0.00000
    -36.095        2     0.00000
    -35.945        2     0.00000
    -35.795        2     0.00000
    -35.645        2     0.00000
    -35.495        2     0.00000
    -35.345        2     0.00000
    -35.195        2     0.00000
    -35.045        2     0.00000
    -34.895        2     0.00000
    -34.745        2     0.00000
    -34.595        2     0.00000
    -34.445        2     0.00000
    -34.295        2     0.00000
    -34.145        2     0.00000
    -33.995        2     0.00000
    -33.845        2     0.00000
    -33.695        2     0.00000
    -33.545        2     0.00000
    -33.395        2     0.00000
    -33.245        2     0.00000
    -33.095        2     0.00000
    -32.945        2     0.00000
    -32.795        2     0.00000
    -32.645        2     0.00000
    -32.495        2     0.00000
    -32.345        2     0.00000
    -32.195        2     0.00000
    -32.045        2     0.00000
    -31.895        2     0.00000
    -31.745        2     0.00000
    -31.595        2     0.00000
    -31.445        2     0.00000
    -31.295        2     0.00000
    -31.145        2     0.00000
    -30.995        2     0.00000
    -30.845        2     0.00000
    -30.695        2     0.00000
    -30.545        2     0.00000
    -30.395        2     0.00000
    -30.245        2     0.00000
    -30.095        2     0.00000
    -29.945        2     0.00000
    -29.795        2     0.00000
    -29.645        2     0.00000
    -29.495        2     0.00000
    -29.345        2     0.00000
    -29.195        2     0.00000
    -29.045        2     0.00000
    -28.895        2     0.00000
    -28.745        2     0.00000
    -28.595        2     0.00000
    -28.445        2     0.00000
    -28.295        2     0.00000
    -28.145        2     0.00000
    -27.995        2     0.00000
    -27.845        2     0.00000
    -27.695        2     0.00000
    -27.545        2     0.00000
    -27.395        2     0.00000
    -27.245        2     0.00000
    -27.095        2     0.00000
    -26.945        2     0.00000
    -26.795        2     0.00000
    -26.645        2     0.00000
    -26.495        2     0.00000
    -26.345        2     0.00000
    -26.195        2     0.00000
    -26.045        2     0.00000
    -25.895        2     0.00000
    -25.745        2     0.00000
    -25.595        2     0.00000
    -25.445        2     0.00000
    -25.295        2     0.00000
    -25.145        2     0.00000
    -24.995        2     0.00000
    -24.845        2     0.00000
    -24.695        2     0.00000
    -24.545        2     0.00000
    -24.395        2     0.00000
    -24.245        2     0.00000
    -24.095        2     0.00000
    -23.945        2     0.00000
    -23.795        2     0.00000
    -23.645        2     0.00000
    -23.495        2     0.00000
    -23.345        2     0.00000
    -23.195        2     0.00000
    -23.045        2     0.00000
    -22.895        2     0.00000
    -22.745        2     0.00000
    -22.595        2     0.00000
    -22.445        2     0.00000
    -22.295        2     0.00000
    -22.145        2     0.00000
    -21.995        2     0.00000
    -21.845        2     0.00000
    -21.695        2     0.00000
    -21.545        2     0.00000
    -21.395        2     0.00000
    -21.245        2     0.00000
    -21.095        2     0.00000
    -20.945        2     0.00000
    -20.795        2     0.00000
    -20.645        2     0.00000
    -20.495        2     0.00000
    -20.345        2     0.00000
    -20.195        2     0.00000
    -20.045        2     0.00000
    -19.895        2     0.00000
    -19.745        2     0.00000
    -19.595        2     0.00000
    -19.445        2     0.00000
    -19.295        2     0.00000
    -19.145        2     0.00000
    -18.995        2     0.00000
    -18.845        2     0.00000
    -18.695        2     0.00000
    -18.545        2     0.00000
    -18.395        2     0.00000
    -18.245        2     0.00000
    -18.095        2     0.00000
    -17.945        2     0.00000
    -17.795        2     0.00000
    -17.645        2     0.00000
    -17.495        2     0.00000
    -17.345        2     0.00000
    -17.195        2     0.00000
    -17.045        2     0.00000
    -16.895        2     0.00000
    -16.745        2     0.00000
    -16.595        2     0.00000
    -16.445        2     0.00000
    -16.295        2     0.00000
    -16.145        2     0.00000
    -15.995        2     0.00000
    -15.845        2     0.00000
    -15.695        2     0.00000
    -15.545        2     0.00000
    -15.395        2     0.00000
    -15.245        2     0.00000
    -15.095        2    -0.00103
    -14.945        2    -0.01241
    -14.795        2    -0.05149
    -14.645        2    -0.12629
    -14.495        2    -0.24045
    -14.345        2    -0.40152
    -14.195        2    -0.62216
    -14.045        2    -0.90142
    -13.895        2    -1.25305
    -13.745        2    -1.66228
    -13.595        2    -2.13288
    -13.445        2    -2.69644
    -13.295        2    -3.38935
    -13.145        2    -4.22879
    -12.995        2    -5.22643
    -12.845        2    -6.34485
    -12.695        2    -7.56493
    -12.545        2    -8.87104
    -12.395        2   -10.25851
    -12.245        2   -11.70613
    -12.095        2   -13.16475
    -11.945        2   -14.62845
    -11.795        2   -16.09323
    -11.645        2   -17.54442
    -11.495        2   -18.96823
    -11.345        2   -20.37417
    -11.195        2   -21.75999
    -11.045        2   -23.16598
    -10.895        2   -24.52861
    -10.745        2   -25.85424
    -10.595        2   -27.12710
    -10.445        2   -28.36696
    -10.295        2   -29.55548
    -10.145        2   -30.68917
    -9.9950        2   -31.77363
    -9.8450        2   -32.83409
    -9.6950        2   -33.87925
    -9.5450        2   -34.90694
    -9.3950        2   -35.91721
    -9.2450        2   -36.91237
    -9.0950        2   -37.93103
    -8.9450        2   -38.95077
    -8.7950        2   -40.00972
    -8.6450        2   -41.10493
    -8.4950        2   -42.27089
    -8.3450        2   -43.52639
    -8.1950        2   -44.86352
    -8.0450        2   -46.27843
    -7.8950        2   -47.76368
    -7.7450        2   -49.35449
    -7.5950        2   -51.01769
    -7.4450        2   -52.74612
    -7.2950        2   -54.50850
    -7.1450        2   -56.32673
    -6.9950        2   -58.19334
    -6.8450        2   -60.08921
    -6.6950        2   -62.03132
    -6.5450        2   -64.01912
    -6.3950        2   -66.04495
    -6.2450        2   -68.07833
    -6.0950        2   -70.14297
    -5.9450        2   -72.23130
    -5.7950        2   -74.31741
    -5.6450        2   -76.43590
    -5.4950        2   -78.56298
    -5.3450        2   -80.68262
    -5.1950        2   -82.78003
    -5.0450        2   -84.87835
    -4.8950        2   -86.96415
    -4.7450        2   -89.05239
    -4.5950        2   -91.15211
    -4.4450        2   -93.27850
    -4.2950        2   -95.41325
    -4.1450        2   -97.59127
    -3.9950        2   -99.82554
    -3.8450        2  -102.13657
    -3.6950        2  -104.51117
    -3.5450        2  -106.99141
    -3.3950        2  -109.59303
    -3.2450        2  -112.33634
    -3.0950        2  -115.25029
    -2.9450        2  -118.33848
    -2.7950        2  -121.63868
    -2.6450        2  -125.17488
    -2.4950        2  -128.98849
    -2.3450        2  -133.18667
    -2.1950        2  -137.84009
    -2.0450        2  -143.09305
    -1.8950        2  -149.09476
    -1.7450        2  -155.97947
    -1.5950        2  -163.88219
    -1.4450        2  -172.77136
    -1.2950        2  -182.60945
    -1.1450        2  -193.28185
   -0.99500        2  -204.61543
   -0.84500        2  -216.47600
   -0.69500        2  -228.93506
   -0.54500        2  -242.32813
   -0.39500        2  -257.64554
   -0.25300        2  -269.52011
   -0.21500        2  -270.34156
   -0.20900        2  -271.17580
   -0.20300        2  -272.02541
   -0.19700        2  -272.88934
   -0.19100        2  -273.76790
   -0.18500        2  -274.66534
   -0.17900        2  -275.58181
   -0.17300        2  -276.51687
   -0.16700        2  -277.47228
   -0.16100        2  -278.44990
   -0.15500        2  -279.45059
   -0.14900        2  -280.47680
   -0.14300        2  -281.52874
   -0.13700        2  -282.61271
   -0.13100        2  -283.72776
   -0.12500        2  -284.87905
   -0.11900        2  -286.07011
   -0.11300        2  -287.30403
   -0.10700        2  -288.58677
   -0.10100        2  -289.92323
   -0.95000E-01    2  -291.32224
   -0.89000E-01    2  -292.78839
   -0.83000E-01    2  -294.33372
   -0.77000E-01    2  -295.96849
   -0.71000E-01    2  -297.70668
   -0.65000E-01    2  -299.57132
   -0.59000E-01    2  -301.59052
   -0.53000E-01    2  -303.80580
   -0.47000E-01    2  -306.26887
   -0.41000E-01    2  -309.04243
   -0.35000E-01    2  -312.22641
   -0.29000E-01    2  -315.98223
   -0.23000E-01    2  -320.62585
   -0.19700E-01    2  -321.14879
   -0.19100E-01    2  -321.68528
   -0.18500E-01    2  -322.23625
   -0.17900E-01    2  -322.80177
   -0.17300E-01    2  -323.38316
   -0.16700E-01    2  -323.98046
   -0.16100E-01    2  -324.59499
   -0.15500E-01    2  -325.22719
   -0.14900E-01    2  -325.87750
   -0.14300E-01    2  -326.54760
   -0.13700E-01    2  -327.23879
   -0.13100E-01    2  -327.95142
   -0.12500E-01    2  -328.68768
   -0.11900E-01    2  -329.44890
   -0.11300E-01    2  -330.23736
   -0.10700E-01    2  -331.05422
   -0.10100E-01    2  -331.90029
   -0.95000E-02    2  -332.77639
   -0.89000E-02    2  -333.68359
   -0.83000E-02    2  -334.62223
   -0.77000E-02    2  -335.59148
   -0.71000E-02    2  -336.58547
   -0.65000E-02    2  -337.59398
   -0.59000E-02    2  -338.60349
   -0.53000E-02    2  -339.59878
   -0.47000E-02    2  -340.55919
   -0.41000E-02    2  -341.46052
   -0.35000E-02    2  -342.27816
   -0.29000E-02    2  -342.99095
   -0.23000E-02    2  -343.58055
   -0.17000E-02    2  -344.03164
   -0.11000E-02    2  -344.33163
   -0.50000E-03    2  -344.47046
    0.10000E-03    2  -344.44259
    0.70000E-03    2  -344.24911
    0.13000E-02    2  -343.89767
    0.19000E-02    2  -343.39915
    0.25000E-02    2  -342.76738
    0.31000E-02    2  -342.01812
    0.37000E-02    2  -341.17132
    0.43000E-02    2  -340.24916
    0.49000E-02    2  -339.27644
    0.55000E-02    2  -338.27666
    0.61000E-02    2  -337.26770
    0.67000E-02    2  -336.26522
    0.73000E-02    2  -335.28109
    0.79000E-02    2  -334.32414
    0.85000E-02    2  -333.39878
    0.91000E-02    2  -332.50655
    0.97000E-02    2  -331.64600
    0.10300E-01    2  -330.81606
    0.10900E-01    2  -330.01616
    0.11500E-01    2  -329.24460
    0.12100E-01    2  -328.49983
    0.12700E-01    2  -327.77922
    0.13300E-01    2  -327.08088
    0.13900E-01    2  -326.40317
    0.14500E-01    2  -325.74515
    0.15100E-01    2  -325.10563
    0.15700E-01    2  -324.48432
    0.16300E-01    2  -323.88008
    0.16900E-01    2  -323.29191
    0.17500E-01    2  -322.71986
    0.18100E-01    2  -322.16282
    0.18700E-01    2  -321.62043
    0.19300E-01    2  -321.09163
    0.20200E-01    2  -319.15924
    0.25000E-01    2  -314.89639
    0.31000E-01    2  -311.39745
    0.37000E-01    2  -308.41626
    0.43000E-01    2  -305.81967
    0.49000E-01    2  -303.52422
    0.55000E-01    2  -301.47424
    0.61000E-01    2  -299.61920
    0.67000E-01    2  -297.92156
    0.73000E-01    2  -296.35698
    0.79000E-01    2  -294.90949
    0.85000E-01    2  -293.56323
    0.91000E-01    2  -292.30627
    0.97000E-01    2  -291.12507
    0.10300        2  -290.01460
    0.10900        2  -288.96516
    0.11500        2  -287.96890
    0.12100        2  -287.02286
    0.12700        2  -286.11866
    0.13300        2  -285.25477
    0.13900        2  -284.42683
    0.14500        2  -283.63150
    0.15100        2  -282.86871
    0.15700        2  -282.13339
    0.16300        2  -281.42523
    0.16900        2  -280.74156
    0.17500        2  -280.08010
    0.18100        2  -279.44076
    0.18700        2  -278.82226
    0.19300        2  -278.22317
    0.19900        2  -277.64248
    0.20500        2  -277.07918
    0.21100        2  -276.53224
    0.21700        2  -276.00091
    0.29500        2  -265.71325
    0.44500        2  -259.44142
    0.59500        2  -255.04697
    0.74500        2  -251.62362
    0.89500        2  -248.75731
     1.0450        2  -246.25971
     1.1950        2  -244.03054
     1.3450        2  -242.00240
     1.4950        2  -240.15119
     1.6450        2  -238.44452
     1.7950        2  -236.87615
     1.9450        2  -235.42736
     2.0950        2  -234.10124
     2.2450        2  -232.88254
     2.3950        2  -231.75346
     2.5450        2  -230.72394
     2.6950        2  -229.78139
     2.8450        2  -228.91189
     2.9950        2  -228.10732
     3.1450        2  -227.36436
     3.2950        2  -226.67245
     3.4450        2  -226.01619
     3.5950        2  -225.40623
     3.7450        2  -224.82471
     3.8950        2  -224.27771
     4.0450        2  -223.75577
     4.1950        2  -223.25296
     4.3450        2  -222.76802
     4.4950        2  -222.30500
     4.6450        2  -221.85383
     4.7950        2  -221.42495
     4.9450        2  -221.01198
     5.0950        2  -220.61111
     5.2450        2  -220.22306
     5.3950        2  -219.85003
     5.5450        2  -219.48644
     5.6950        2  -219.13174
     5.8450        2  -218.78745
     5.9950        2  -218.45016
     6.1450        2  -218.11848
     6.2950        2  -217.79857
     6.4450        2  -217.48576
     6.5950        2  -217.18128
     6.7450        2  -216.88313
     6.8950        2  -216.59059
     7.0450        2  -216.30604
     7.1950        2  -216.02903
     7.3450        2  -215.75421
     7.4950        2  -215.48295
     7.6450        2  -215.21807
     7.7950        2  -214.95867
     7.9450        2  -214.70429
     8.0950        2  -214.45513
     8.2450        2  -214.21024
     8.3950        2  -213.96890
     8.5450        2  -213.73442
     8.6950        2  -213.50138
     8.8450        2  -213.27403
     8.9950        2  -213.04813
     9.1450        2  -212.82645
     9.2950        2  -212.61158
     9.4450        2  -212.39818
     9.5950        2  -212.18832
     9.7450        2  -211.98113
     9.8950        2  -211.77596
     10.045        2  -211.57390
     10.195        2  -211.37467
     10.345        2  -211.17947
     10.495        2  -210.98516
     10.645        2  -210.79601
     10.795        2  -210.60859
     10.945        2  -210.42369
     11.095        2  -210.24108
     11.245        2  -210.06005
     11.395        2  -209.88126
     11.545        2  -209.70592
     11.695        2  -209.53129
     11.845        2  -209.35909
     11.995        2  -209.19059
     12.145        2  -209.02032
     12.295        2  -208.85404
     12.445        2  -208.69080
     12.595        2  -208.52694
     12.745        2  -208.36762
     12.895        2  -208.20901
     13.045        2  -208.05512
     13.195        2  -207.90120
     13.345        2  -207.74917
     13.495        2  -207.59906
     13.645        2  -207.44853
     13.795        2  -207.30148
     13.945        2  -207.15412
     14.095        2  -207.00857
     14.245        2  -206.86594
     14.395        2  -206.72405
     14.545        2  -206.58313
     14.695        2  -206.44374
     14.845        2  -206.30515
     14.995        2  -206.16884
     15.145        2  -206.03313
     15.295        2  -205.89958
     15.445        2  -205.76764
     15.595        2  -205.63510
     15.745        2  -205.50608
     15.895        2  -205.37673
     16.045        2  -205.24962
     16.195        2  -205.12364
     16.345        2  -204.99764
     16.495        2  -204.87295
     16.645        2  -204.75170
     16.795        2  -204.62921
     16.945        2  -204.50661
     17.095        2  -204.38602
     17.245        2  -204.26747
     17.395        2  -204.15049
     17.545        2  -204.03236
     17.695        2  -203.91620
     17.845        2  -203.80102
     17.995        2  -203.68639
     18.145        2  -203.57362
     18.295        2  -203.45984
     18.445        2  -203.34830
     18.595        2  -203.23860
     18.745        2  -203.12874
     18.895        2  -203.02003
     19.045        2  -202.91151
     19.195        2  -202.80409
     19.345        2  -202.69876
     19.495        2  -202.59397
     19.645        2  -202.48943
     19.795        2  -202.38426
     19.945        2  -202.28002
     20.095        2  -202.17784
     21.836        2  -199.05918
     30.068        2  -194.44585
     42.097        2  -189.83863
     58.937        2  -185.26131
     82.515        2  -180.72360
     115.53        2  -176.23021
     161.74        2  -171.77828
     226.45        2  -167.41214
     317.04        2  -163.13143
     443.87        2  -158.94569
     621.44        2  -154.85626
     870.05        2  -150.84786
     1218.1        2  -146.93547
     1705.4        2  -143.10837
     2387.7        2  -139.38989
     3342.9        2  -135.76904
     4680.2        2  -132.25114
     6552.5        2  -128.82857
     9173.8        2  -125.49642
     12844.        2  -122.25823
     17982.        2  -119.11514
     25176.        2  -116.08411
     35247.        2  -113.16738
     49348.        2  -110.36498
     69090.        2  -107.68391
     96729.        2  -105.11837
    0.13543E+06    2  -102.67248
    0.18960E+06    2  -100.34040
    0.26545E+06    2   -98.11758
    0.37165E+06    2   -95.99775
    0.52033E+06    2   -93.97988
    0.72849E+06    2   -92.06242
    0.10199E+07    2   -90.23393
    0.14279E+07    2   -88.49683
    0.19992E+07    2   -86.84172
    0.27990E+07    2   -85.26992
    0.39187E+07    2   -83.77590
    0.54864E+07    2   -82.35322
    0.76812E+07    2   -81.00297
    0.10754E+08    2   -79.71665
    0.15056E+08    2   -78.49519
    0.21080E+08    2   -77.33602
    0.29513E+08    2   -76.23459
    0.41319E+08    2   -75.19740
    0.57849E+08    2   -74.23162
    0.80991E+08    2   -73.33917
    0.11339E+09    2   -72.50905
    0.15875E+09    2   -71.73477
    0.22226E+09    2   -71.01228
    0.31118E+09    2   -70.33754
    0.43567E+09    2   -69.70743
    0.60996E+09    2   -69.13019
    0.85398E+09    2   -68.60746
    0.11956E+10    2   -68.12941
    0.16739E+10    2   -67.69162
    0.23436E+10    2   -67.28841
    0.32811E+10    2   -66.91900
    0.45937E+10    2   -66.57875
    0.64315E+10    2   -66.26667
    0.90044E+10    2   -65.97825
    0.12607E+11    2   -65.71470
    0.17650E+11    2   -65.47146
    0.24711E+11    2   -65.24960
    0.34596E+11    2   -65.04370
    0.48437E+11    2   -64.85469
    0.67814E+11    2   -64.67989
    0.10000E+12    2   -62.69803
