    -29.945         0.00000
    -29.795         0.00000
    -29.645         0.00000
    -29.495         0.00000
    -29.345         0.00000
    -29.195         0.00000
    -29.045         0.00000
    -28.895         0.00000
    -28.745         0.00000
    -28.595         0.00000
    -28.445         0.00000
    -28.295         0.00000
    -28.145         0.00000
    -27.995         0.00000
    -27.845         0.00000
    -27.695         0.00000
    -27.545         0.00000
    -27.395         0.00000
    -27.245         0.00000
    -27.095         0.00000
    -26.945         0.00000
    -26.795         0.00000
    -26.645         0.00000
    -26.495         0.00000
    -26.345         0.00000
    -26.195         0.00000
    -26.045         0.00000
    -25.895         0.00000
    -25.745         0.00000
    -25.595         0.00000
    -25.445         0.00000
    -25.295         0.00000
    -25.145         0.00000
    -24.995         0.00000
    -24.845         0.00000
    -24.695         0.00000
    -24.545         0.00000
    -24.395         0.00000
    -24.245         0.00000
    -24.095         0.00000
    -23.945         0.00000
    -23.795         0.00000
    -23.645         0.00000
    -23.495         0.00000
    -23.345         0.00000
    -23.195         0.00000
    -23.045         0.00000
    -22.895         0.00000
    -22.745         0.00000
    -22.595         0.00000
    -22.445         0.00000
    -22.295         0.00000
    -22.145         0.00000
    -21.995         0.00000
    -21.845         0.00000
    -21.695         0.00000
    -21.545         0.00000
    -21.395         0.00000
    -21.245         0.00000
    -21.095         0.00000
    -20.945         0.00000
    -20.795         0.00000
    -20.645         0.00000
    -20.495         0.00000
    -20.345         0.00000
    -20.195         0.00000
    -20.045         0.00000
    -19.895         0.00000
    -19.745         0.00000
    -19.595         0.00000
    -19.445         0.00000
    -19.295         0.00000
    -19.145         0.00000
    -18.995         0.00000
    -18.845         0.00000
    -18.695         0.00000
    -18.545         0.00000
    -18.395         0.00000
    -18.245         0.00000
    -18.095         0.00000
    -17.945         0.00000
    -17.795         0.00000
    -17.645         0.00000
    -17.495         0.00000
    -17.345         0.00000
    -17.195         0.00000
    -17.045         0.00000
    -16.895         0.00000
    -16.745         0.00000
    -16.595         0.00000
    -16.445         0.00000
    -16.295         0.00000
    -16.145         0.00000
    -15.995         0.00000
    -15.845         0.00000
    -15.695         0.00000
    -15.545         0.00000
    -15.395         0.00000
    -15.245         0.00000
    -15.095         0.00000
    -14.945         0.00000
    -14.795         0.00000
    -14.645        -0.00021
    -14.495        -0.00243
    -14.345        -0.01671
    -14.195        -0.06728
    -14.045        -0.19343
    -13.895        -0.40929
    -13.745        -0.71617
    -13.595        -1.13046
    -13.445        -1.64633
    -13.295        -2.31647
    -13.145        -3.10502
    -12.995        -4.03785
    -12.845        -5.08662
    -12.695        -6.21924
    -12.545        -7.42484
    -12.395        -8.69992
    -12.245       -10.00279
    -12.095       -11.39288
    -11.945       -12.83658
    -11.795       -14.32991
    -11.645       -15.82607
    -11.495       -17.33374
    -11.345       -18.85553
    -11.195       -20.35884
    -11.045       -21.84578
    -10.895       -23.31859
    -10.745       -24.76943
    -10.595       -26.21215
    -10.445       -27.63278
    -10.295       -29.07598
    -10.145       -30.53941
    -9.9950       -31.98214
    -9.8450       -33.44686
    -9.6950       -34.95992
    -9.5450       -36.48523
    -9.3950       -38.06726
    -9.2450       -39.68075
    -9.0950       -41.32067
    -8.9450       -43.01227
    -8.7950       -44.73578
    -8.6450       -46.50106
    -8.4950       -48.30664
    -8.3450       -50.13505
    -8.1950       -52.02777
    -8.0450       -53.95029
    -7.8950       -55.91658
    -7.7450       -57.92528
    -7.5950       -59.97690
    -7.4450       -62.10492
    -7.2950       -64.27738
    -7.1450       -66.53332
    -6.9950       -68.84104
    -6.8450       -71.22759
    -6.6950       -73.68746
    -6.5450       -76.18139
    -6.3950       -78.73062
    -6.2450       -81.34753
    -6.0950       -83.99509
    -5.9450       -86.67953
    -5.7950       -89.37062
    -5.6450       -92.09760
    -5.4950       -94.83758
    -5.3450       -97.57469
    -5.1950      -100.31377
    -5.0450      -103.03956
    -4.8950      -105.79613
    -4.7450      -108.57231
    -4.5950      -111.36906
    -4.4450      -114.20203
    -4.2950      -117.09829
    -4.1450      -120.04894
    -3.9950      -123.08473
    -3.8450      -126.20117
    -3.6950      -129.40051
    -3.5450      -132.76026
    -3.3950      -136.25109
    -3.2450      -139.93736
    -3.0950      -143.80623
    -2.9450      -147.89193
    -2.7950      -152.23680
    -2.6450      -156.88520
    -2.4950      -161.86915
    -2.3450      -167.29781
    -2.1950      -173.26910
    -2.0450      -179.97925
    -1.8950      -187.53292
    -1.7450      -196.06358
    -1.5950      -205.63988
    -1.4450      -216.26781
    -1.2950      -227.92832
    -1.1450      -240.52612
   -0.99500      -253.89971
   -0.84500      -267.98175
   -0.69500      -282.80597
   -0.54500      -298.79532
   -0.39500      -317.09515
   -0.25300      -331.08782
   -0.21500      -332.04253
   -0.20900      -333.01261
   -0.20300      -333.99774
   -0.19700      -334.99680
   -0.19100      -336.01019
   -0.18500      -337.04262
   -0.17900      -338.09332
   -0.17300      -339.16076
   -0.16700      -340.24781
   -0.16100      -341.35623
   -0.15500      -342.48400
   -0.14900      -343.63712
   -0.14300      -344.81401
   -0.13700      -346.01691
   -0.13100      -347.24743
   -0.12500      -348.50783
   -0.11900      -349.79996
   -0.11300      -351.12642
   -0.10700      -352.49075
   -0.10100      -353.89952
   -0.95000E-01  -355.35369
   -0.89000E-01  -356.86113
   -0.83000E-01  -358.42607
   -0.77000E-01  -360.05870
   -0.71000E-01  -361.76606
   -0.65000E-01  -363.56161
   -0.59000E-01  -365.46280
   -0.53000E-01  -367.49343
   -0.47000E-01  -369.68337
   -0.41000E-01  -372.07505
   -0.35000E-01  -374.72941
   -0.29000E-01  -377.73913
   -0.23000E-01  -381.25811
   -0.19700E-01  -381.64260
   -0.19100E-01  -382.03526
   -0.18500E-01  -382.43642
   -0.17900E-01  -382.84646
   -0.17300E-01  -383.26605
   -0.16700E-01  -383.69588
   -0.16100E-01  -384.13707
   -0.15500E-01  -384.58994
   -0.14900E-01  -385.05586
   -0.14300E-01  -385.53602
   -0.13700E-01  -386.03173
   -0.13100E-01  -386.54443
   -0.12500E-01  -387.07578
   -0.11900E-01  -387.62741
   -0.11300E-01  -388.20170
   -0.10700E-01  -388.80029
   -0.10100E-01  -389.42533
   -0.95000E-02  -390.07784
   -0.89000E-02  -390.75978
   -0.83000E-02  -391.47291
   -0.77000E-02  -392.21797
   -0.71000E-02  -392.99581
   -0.65000E-02  -393.80692
   -0.59000E-02  -394.65079
   -0.53000E-02  -395.52219
   -0.47000E-02  -396.41108
   -0.41000E-02  -397.30242
   -0.35000E-02  -398.17564
   -0.29000E-02  -399.00413
   -0.23000E-02  -399.75270
   -0.17000E-02  -400.37253
   -0.11000E-02  -400.80529
   -0.50000E-03  -401.01013
    0.10000E-03  -400.96877
    0.70000E-03  -400.68490
    0.13000E-02  -400.18442
    0.19000E-02  -399.51547
    0.25000E-02  -398.73618
    0.31000E-02  -397.89029
    0.37000E-02  -397.00995
    0.43000E-02  -396.11902
    0.49000E-02  -395.23570
    0.55000E-02  -394.37394
    0.61000E-02  -393.54233
    0.67000E-02  -392.74503
    0.73000E-02  -391.98205
    0.79000E-02  -391.25208
    0.85000E-02  -390.55454
    0.91000E-02  -389.88823
    0.97000E-02  -389.25018
    0.10300E-01  -388.63926
    0.10900E-01  -388.05418
    0.11500E-01  -387.49333
    0.12100E-01  -386.95419
    0.12700E-01  -386.43439
    0.13300E-01  -385.93334
    0.13900E-01  -385.44847
    0.14500E-01  -384.97814
    0.15100E-01  -384.52171
    0.15700E-01  -384.07797
    0.16300E-01  -383.64575
    0.16900E-01  -383.22431
    0.17500E-01  -382.81257
    0.18100E-01  -382.41067
    0.18700E-01  -382.01770
    0.19300E-01  -381.63307
    0.20200E-01  -380.20943
    0.25000E-01  -376.94827
    0.31000E-01  -374.14592
    0.37000E-01  -371.67413
    0.43000E-01  -369.45249
    0.49000E-01  -367.42972
    0.55000E-01  -365.56388
    0.61000E-01  -363.82650
    0.67000E-01  -362.19888
    0.73000E-01  -360.66551
    0.79000E-01  -359.21549
    0.85000E-01  -357.83650
    0.91000E-01  -356.52416
    0.97000E-01  -355.27160
    0.10300      -354.07179
    0.10900      -352.92217
    0.11500      -351.81659
    0.12100      -350.75585
    0.12700      -349.73112
    0.13300      -348.74320
    0.13900      -347.79346
    0.14500      -346.87394
    0.15100      -345.98494
    0.15700      -345.12577
    0.16300      -344.29465
    0.16900      -343.48926
    0.17500      -342.70744
    0.18100      -341.95074
    0.18700      -341.21448
    0.19300      -340.49972
    0.19900      -339.80577
    0.20500      -339.13110
    0.21100      -338.47442
    0.21700      -337.83580
    0.29500      -325.29379
    0.44500      -317.56586
    0.59500      -312.00675
    0.74500      -307.60916
    0.89500      -303.93185
     1.0450      -300.71759
     1.1950      -297.81616
     1.3450      -295.17697
     1.4950      -292.74588
     1.6450      -290.49086
     1.7950      -288.40113
     1.9450      -286.46736
     2.0950      -284.67875
     2.2450      -283.03002
     2.3950      -281.50454
     2.5450      -280.10626
     2.6950      -278.82376
     2.8450      -277.65615
     2.9950      -276.58606
     3.1450      -275.60194
     3.2950      -274.70054
     3.4450      -273.86918
     3.5950      -273.10491
     3.7450      -272.38845
     3.8950      -271.70943
     4.0450      -271.07235
     4.1950      -270.46928
     4.3450      -269.89890
     4.4950      -269.35374
     4.6450      -268.83304
     4.7950      -268.33307
     4.9450      -267.85298
     5.0950      -267.38800
     5.2450      -266.94095
     5.3950      -266.50077
     5.5450      -266.07964
     5.6950      -265.67110
     5.8450      -265.27386
     5.9950      -264.88697
     6.1450      -264.51076
     6.2950      -264.14143
     6.4450      -263.78398
     6.5950      -263.43235
     6.7450      -263.09063
     6.8950      -262.75508
     7.0450      -262.43099
     7.1950      -262.11259
     7.3450      -261.79972
     7.4950      -261.49232
     7.6450      -261.19235
     7.7950      -260.89436
     7.9450      -260.60565
     8.0950      -260.32219
     8.2450      -260.04283
     8.3950      -259.76788
     8.5450      -259.49901
     8.6950      -259.23601
     8.8450      -258.97558
     8.9950      -258.71909
     9.1450      -258.46758
     9.2950      -258.21959
     9.4450      -257.97603
     9.5950      -257.73696
     9.7450      -257.50207
     9.8950      -257.26858
     10.045      -257.03835
     10.195      -256.81191
     10.345      -256.58746
     10.495      -256.36710
     10.645      -256.15029
     10.795      -255.93689
     10.945      -255.72639
     11.095      -255.51866
     11.245      -255.31238
     11.395      -255.11006
     11.545      -254.90990
     11.695      -254.71234
     11.845      -254.51670
     11.995      -254.32454
     12.145      -254.13474
     12.295      -253.94667
     12.445      -253.76149
     12.595      -253.57808
     12.745      -253.39730
     12.895      -253.21823
     13.045      -253.04077
     13.195      -252.86611
     13.345      -252.69276
     13.495      -252.52082
     13.645      -252.35066
     13.795      -252.18254
     13.945      -252.01653
     14.095      -251.85223
     14.245      -251.68976
     14.395      -251.52848
     14.545      -251.36900
     14.695      -251.21115
     14.845      -251.05562
     14.995      -250.90198
     15.145      -250.74773
     15.295      -250.59738
     15.445      -250.44855
     15.595      -250.29909
     15.745      -250.15362
     15.895      -250.00766
     16.045      -249.86376
     16.195      -249.72095
     16.345      -249.57956
     16.495      -249.43935
     16.645      -249.29997
     16.795      -249.16172
     16.945      -249.02493
     17.095      -248.88923
     17.245      -248.75426
     17.395      -248.62086
     17.545      -248.48892
     17.695      -248.35794
     17.845      -248.22834
     17.995      -248.10068
     18.145      -247.97338
     18.295      -247.84736
     18.445      -247.72213
     18.595      -247.59760
     18.745      -247.47477
     18.895      -247.35189
     19.045      -247.23043
     19.195      -247.10979
     19.345      -246.98992
     19.495      -246.87144
     19.645      -246.75419
     19.795      -246.63684
     19.945      -246.52053
     20.095      -246.40419
     20.245      -246.28920
     20.395      -246.17576
     20.545      -246.06387
     20.695      -245.95221
     20.845      -245.84095
     20.995      -245.73078
     21.145      -245.62212
     21.295      -245.51398
     21.445      -245.40599
     21.595      -245.29757
     21.745      -245.19128
     21.895      -245.08600
     22.045      -244.98021
     22.195      -244.87707
     22.345      -244.77283
     22.495      -244.67037
     22.645      -244.56741
     22.795      -244.46600
     22.945      -244.36525
     23.095      -244.26455
     23.245      -244.16577
     23.395      -244.06642
     23.545      -243.96859
     23.695      -243.87098
     23.845      -243.77395
     23.995      -243.67737
     24.145      -243.58154
     24.295      -243.48676
     24.445      -243.39204
     24.595      -243.29791
     24.745      -243.20527
     24.895      -243.11285
     25.045      -243.02008
     25.195      -242.92770
     25.345      -242.83721
     25.495      -242.74651
     25.645      -242.65537
     25.795      -242.56547
     25.945      -242.47612
     26.095      -242.38775
     26.245      -242.29969
     26.395      -242.21143
     26.545      -242.12446
     26.695      -242.03765
     26.845      -241.95120
     26.995      -241.86475
     27.145      -241.78020
     27.295      -241.69510
     27.445      -241.61061
     27.595      -241.52670
     27.745      -241.44331
     27.895      -241.36014
     28.045      -241.27749
     28.195      -241.19606
     28.345      -241.11403
     28.495      -241.03292
     28.645      -240.95292
     28.795      -240.87354
     28.945      -240.79393
     29.095      -240.71410
     29.245      -240.63539
     29.395      -240.55737
     29.545      -240.47860
     29.695      -240.39977
     29.845      -240.32212
     29.995      -240.24485
     30.145      -240.16829
     30.295      -240.09183
     30.445      -240.01590
     30.595      -239.94136
     30.745      -239.86633
     30.895      -239.79157
     31.045      -239.71684
     31.195      -239.64274
     31.345      -239.56919
     31.495      -239.49593
     31.645      -239.42286
     31.795      -239.35066
     31.945      -239.27884
     32.095      -239.20717
     32.245      -239.13567
     32.395      -239.06465
     32.545      -238.99297
     32.695      -238.92264
     32.845      -238.85233
     32.995      -238.78251
     33.145      -238.71297
     33.295      -238.64469
     33.445      -238.57587
     33.595      -238.50690
     33.745      -238.43813
     33.895      -238.36941
     34.045      -238.30201
     34.195      -238.23433
     34.345      -238.16751
     34.495      -238.10103
     34.645      -238.03455
     34.795      -237.96843
     34.945      -237.90244
     35.095      -237.83710
     35.245      -237.77186
     35.395      -237.70732
     35.545      -237.64294
     35.695      -237.57847
     35.845      -237.51434
     35.995      -237.45040
     36.145      -237.38715
     36.295      -237.32382
     36.445      -237.26050
     36.595      -237.19775
     36.745      -237.13535
     36.895      -237.07321
     37.045      -237.01102
     37.195      -236.94911
     37.345      -236.88679
     37.495      -236.82606
     37.645      -236.76471
     37.795      -236.70430
     37.945      -236.64390
     38.095      -236.58356
     38.245      -236.52302
     38.395      -236.46296
     38.545      -236.40292
     38.695      -236.34371
     38.845      -236.28422
     38.995      -236.22541
     39.145      -236.16636
     39.295      -236.10766
     39.445      -236.04920
     39.595      -235.99182
     39.745      -235.93323
     39.895      -235.87577
     40.045      -235.81829
     40.195      -235.76134
     40.345      -235.70445
     40.495      -235.64853
     40.645      -235.59168
     40.795      -235.53573
     40.945      -235.48013
     41.095      -235.42411
     41.245      -235.36785
     41.395      -235.31227
     41.545      -235.25712
     41.695      -235.20172
     41.845      -235.14733
     41.995      -235.09223
     42.145      -235.03748
     42.295      -234.98310
     42.445      -234.92895
     42.595      -234.87550
     42.745      -234.82153
     42.895      -234.76829
     43.045      -234.71474
     43.195      -234.66145
     43.345      -234.60828
     43.495      -234.55519
     43.645      -234.50197
     43.795      -234.45019
     43.945      -234.39812
     44.095      -234.34652
     44.245      -234.29462
     44.395      -234.24276
     44.545      -234.19122
     44.695      -234.14011
     44.845      -234.08844
     44.995      -234.03801
     45.145      -233.98729
     45.295      -233.93688
     45.445      -233.88630
     45.595      -233.83615
     45.745      -233.78603
     45.895      -233.73623
     46.045      -233.68606
     46.195      -233.63571
     46.345      -233.58606
     46.495      -233.53694
     46.645      -233.48816
     46.795      -233.43902
     46.945      -233.38991
     47.095      -233.34159
     47.245      -233.29321
     47.395      -233.24540
     47.545      -233.19734
     47.695      -233.14979
     47.845      -233.10203
     47.995      -233.05451
     48.145      -233.00672
     48.295      -232.95895
     48.445      -232.91214
     48.595      -232.86502
     48.745      -232.81849
     48.895      -232.77164
     49.045      -232.72497
     49.195      -232.67816
     49.345      -232.63215
     49.495      -232.58606
     49.645      -232.53965
     49.795      -232.49345
     49.945      -232.44805
     50.095      -232.40289
     50.245      -232.35747
     50.395      -232.31244
     50.545      -232.26716
     50.695      -232.22224
     50.845      -232.17728
     50.995      -232.13256
     51.145      -232.08794
     51.295      -232.04307
     51.445      -231.99906
     51.595      -231.95519
     51.745      -231.91093
     51.895      -231.86641
     52.045      -231.82299
     52.195      -231.77915
     52.345      -231.73551
     52.495      -231.69201
     52.645      -231.64835
     52.795      -231.60532
     52.945      -231.56208
     53.095      -231.51919
     53.245      -231.47680
     53.395      -231.43411
     53.545      -231.39167
     53.695      -231.34895
     53.845      -231.30682
     53.995      -231.26491
     54.145      -231.22265
     54.295      -231.18040
     54.445      -231.13888
     54.595      -231.09716
     54.745      -231.05539
     54.895      -231.01386
     55.045      -230.97226
     55.195      -230.93125
     55.345      -230.89008
     55.495      -230.84910
     55.645      -230.80812
     55.795      -230.76731
     55.945      -230.72666
     56.095      -230.68581
     56.245      -230.64559
     56.395      -230.60559
     56.545      -230.56524
     56.695      -230.52503
     56.845      -230.48514
     56.995      -230.44548
     57.145      -230.40580
     57.295      -230.36584
     57.445      -230.32592
     57.595      -230.28619
     57.745      -230.24666
     57.895      -230.20748
     58.045      -230.16843
     58.195      -230.12934
     58.345      -230.08990
     58.495      -230.05136
     58.645      -230.01296
     58.795      -229.97482
     58.945      -229.93659
     59.095      -229.89835
     59.245      -229.85980
     59.395      -229.82166
     59.545      -229.78378
     59.695      -229.74564
     59.845      -229.70751
     59.995      -229.67004
     60.145      -229.63245
     70.939      -224.82462
     97.698      -220.08323
     134.55      -215.42073
     185.30      -210.84523
     255.20      -206.35562
     351.46      -201.95861
     484.04      -197.65774
     666.62      -193.44545
     918.07      -189.31687
     1264.4      -185.28138
     1741.3      -181.34321
     2398.1      -177.49589
     3302.7      -173.73910
     4548.5      -170.06961
     6264.3      -166.49203
     8627.2      -162.99808
     11881.      -159.59613
     16363.      -156.29290
     22535.      -153.09220
     31036.      -149.99957
     42743.      -147.01568
     58866.      -144.14607
     81070.      -141.38957
    0.11165E+06  -138.75302
    0.15377E+06  -136.23094
    0.21177E+06  -133.81997
    0.29165E+06  -131.51893
    0.40166E+06  -129.32230
    0.55317E+06  -127.22556
    0.76182E+06  -125.22647
    0.10492E+07  -123.31794
    0.14449E+07  -121.49857
    0.19900E+07  -119.76347
    0.27406E+07  -118.11009
    0.37744E+07  -116.53488
    0.51981E+07  -115.03099
    0.71589E+07  -113.59934
    0.98593E+07  -112.23551
    0.13578E+08  -110.93622
    0.18700E+08  -109.69692
    0.25754E+08  -108.51746
    0.35468E+08  -107.39810
    0.48847E+08  -106.34554
    0.67273E+08  -105.36511
    0.92648E+08  -104.45232
    0.12760E+09  -103.60202
    0.17573E+09  -102.80503
    0.24201E+09  -102.05862
    0.33330E+09  -101.35935
    0.45902E+09  -100.70260
    0.63217E+09  -100.10352
    0.87062E+09   -99.55775
    0.11990E+10   -99.05613
    0.16513E+10   -98.59403
    0.22742E+10   -98.16690
    0.31320E+10   -97.77384
    0.43134E+10   -97.41130
    0.59405E+10   -97.07646
    0.81813E+10   -96.76728
    0.11267E+11   -96.48142
    0.15517E+11   -96.21811
    0.21371E+11   -95.97513
    0.29432E+11   -95.75040
    0.40534E+11   -95.54248
    0.55823E+11   -95.35107
    0.10000E+12   -93.04838
