    -29.945        1     0.00000
    -29.795        1     0.00000
    -29.645        1     0.00000
    -29.495        1     0.00000
    -29.345        1     0.00000
    -29.195        1     0.00000
    -29.045        1     0.00000
    -28.895        1     0.00000
    -28.745        1     0.00000
    -28.595        1     0.00000
    -28.445        1     0.00000
    -28.295        1     0.00000
    -28.145        1     0.00000
    -27.995        1     0.00000
    -27.845        1     0.00000
    -27.695        1     0.00000
    -27.545        1     0.00000
    -27.395        1     0.00000
    -27.245        1     0.00000
    -27.095        1     0.00000
    -26.945        1     0.00000
    -26.795        1     0.00000
    -26.645        1     0.00000
    -26.495        1     0.00000
    -26.345        1     0.00000
    -26.195        1     0.00000
    -26.045        1     0.00000
    -25.895        1     0.00000
    -25.745        1     0.00000
    -25.595        1     0.00000
    -25.445        1     0.00000
    -25.295        1     0.00000
    -25.145        1     0.00000
    -24.995        1     0.00000
    -24.845        1     0.00000
    -24.695        1     0.00000
    -24.545        1     0.00000
    -24.395        1     0.00000
    -24.245        1     0.00000
    -24.095        1     0.00000
    -23.945        1     0.00000
    -23.795        1     0.00000
    -23.645        1     0.00000
    -23.495        1     0.00000
    -23.345        1     0.00000
    -23.195        1     0.00000
    -23.045        1     0.00000
    -22.895        1     0.00000
    -22.745        1     0.00000
    -22.595        1     0.00000
    -22.445        1     0.00000
    -22.295        1     0.00000
    -22.145        1     0.00000
    -21.995        1     0.00000
    -21.845        1     0.00000
    -21.695        1     0.00000
    -21.545        1     0.00000
    -21.395        1     0.00000
    -21.245        1     0.00000
    -21.095        1    -0.00016
    -20.945        1    -0.00016
    -20.795        1    -0.00016
    -20.645        1    -0.00046
    -20.495        1    -0.00075
    -20.345        1    -0.00149
    -20.195        1    -0.00266
    -20.045        1    -0.00397
    -19.895        1    -0.00615
    -19.745        1    -0.00843
    -19.595        1    -0.01462
    -19.445        1    -0.02127
    -19.295        1    -0.03301
    -19.145        1    -0.04624
    -18.995        1    -0.06381
    -18.845        1    -0.08594
    -18.695        1    -0.11927
    -18.545        1    -0.15874
    -18.395        1    -0.20623
    -18.245        1    -0.26963
    -18.095        1    -0.34059
    -17.945        1    -0.42513
    -17.795        1    -0.52663
    -17.645        1    -0.64404
    -17.495        1    -0.78297
    -17.345        1    -0.93703
    -17.195        1    -1.11146
    -17.045        1    -1.31037
    -16.895        1    -1.52256
    -16.745        1    -1.75930
    -16.595        1    -2.00693
    -16.445        1    -2.26198
    -16.295        1    -2.53943
    -16.145        1    -2.83089
    -15.995        1    -3.12682
    -15.845        1    -3.44918
    -15.695        1    -3.78427
    -15.545        1    -4.11698
    -15.395        1    -4.46680
    -15.245        1    -4.82126
    -15.095        1    -5.20414
    -14.945        1    -5.58659
    -14.795        1    -5.99027
    -14.645        1    -6.39586
    -14.495        1    -6.80963
    -14.345        1    -7.21966
    -14.195        1    -7.63309
    -14.045        1    -8.05823
    -13.895        1    -8.47603
    -13.745        1    -8.88783
    -13.595        1    -9.31118
    -13.445        1    -9.74196
    -13.295        1   -10.16254
    -13.145        1   -10.58989
    -12.995        1   -11.02349
    -12.845        1   -11.47224
    -12.695        1   -11.90696
    -12.545        1   -12.36264
    -12.395        1   -12.81175
    -12.245        1   -13.29086
    -12.095        1   -13.76637
    -11.945        1   -14.24536
    -11.795        1   -14.72555
    -11.645        1   -15.21790
    -11.495        1   -15.72660
    -11.345        1   -16.23461
    -11.195        1   -16.75123
    -11.045        1   -17.25958
    -10.895        1   -17.78775
    -10.745        1   -18.31400
    -10.595        1   -18.85853
    -10.445        1   -19.38539
    -10.295        1   -19.92875
    -10.145        1   -20.48168
    -9.9950        1   -21.02273
    -9.8450        1   -21.55645
    -9.6950        1   -22.10389
    -9.5450        1   -22.63996
    -9.3950        1   -23.17840
    -9.2450        1   -23.71452
    -9.0950        1   -24.24582
    -8.9450        1   -24.76677
    -8.7950        1   -25.28991
    -8.6450        1   -25.81790
    -8.4950        1   -26.33069
    -8.3450        1   -26.84732
    -8.1950        1   -27.36581
    -8.0450        1   -27.89166
    -7.8950        1   -28.40631
    -7.7450        1   -28.92998
    -7.5950        1   -29.44989
    -7.4450        1   -29.98074
    -7.2950        1   -30.50841
    -7.1450        1   -31.04062
    -6.9950        1   -31.58663
    -6.8450        1   -32.15576
    -6.6950        1   -32.73317
    -6.5450        1   -33.33139
    -6.3950        1   -33.95197
    -6.2450        1   -34.59686
    -6.0950        1   -35.25487
    -5.9450        1   -35.93788
    -5.7950        1   -36.64627
    -5.6450        1   -37.37373
    -5.4950        1   -38.13741
    -5.3450        1   -38.92039
    -5.1950        1   -39.71666
    -5.0450        1   -40.55888
    -4.8950        1   -41.40360
    -4.7450        1   -42.28239
    -4.5950        1   -43.19322
    -4.4450        1   -44.12762
    -4.2950        1   -45.09249
    -4.1450        1   -46.08323
    -3.9950        1   -47.12619
    -3.8450        1   -48.21618
    -3.6950        1   -49.34370
    -3.5450        1   -50.52816
    -3.3950        1   -51.77375
    -3.2450        1   -53.08036
    -3.0950        1   -54.45358
    -2.9450        1   -55.91302
    -2.7950        1   -57.45769
    -2.6450        1   -59.05226
    -2.4950        1   -60.70684
    -2.3450        1   -62.41063
    -2.1950        1   -64.14837
    -2.0450        1   -65.90819
    -1.8950        1   -67.67169
    -1.7450        1   -69.43791
    -1.5950        1   -71.20321
    -1.4450        1   -72.96822
    -1.2950        1   -74.75695
    -1.1450        1   -76.58406
   -0.99500        1   -78.47791
   -0.84500        1   -80.49818
   -0.69500        1   -82.73127
   -0.54500        1   -85.31421
   -0.39500        1   -88.55495
   -0.25300        1   -91.24613
   -0.21500        1   -91.43822
   -0.20900        1   -91.63366
   -0.20300        1   -91.83279
   -0.19700        1   -92.03622
   -0.19100        1   -92.24499
   -0.18500        1   -92.45778
   -0.17900        1   -92.67674
   -0.17300        1   -92.90132
   -0.16700        1   -93.13250
   -0.16100        1   -93.36991
   -0.15500        1   -93.61557
   -0.14900        1   -93.86901
   -0.14300        1   -94.13134
   -0.13700        1   -94.40337
   -0.13100        1   -94.68468
   -0.12500        1   -94.97789
   -0.11900        1   -95.28437
   -0.11300        1   -95.60400
   -0.10700        1   -95.94008
   -0.10100        1   -96.29361
   -0.95000E-01    1   -96.66780
   -0.89000E-01    1   -97.06663
   -0.83000E-01    1   -97.49224
   -0.77000E-01    1   -97.95211
   -0.71000E-01    1   -98.45244
   -0.65000E-01    1   -99.00299
   -0.59000E-01    1   -99.61726
   -0.53000E-01    1  -100.31131
   -0.47000E-01    1  -101.09179
   -0.41000E-01    1  -101.96959
   -0.35000E-01    1  -102.95619
   -0.29000E-01    1  -104.06665
   -0.23000E-01    1  -105.31803
   -0.19700E-01    1  -105.45021
   -0.19100E-01    1  -105.58373
   -0.18500E-01    1  -105.71892
   -0.17900E-01    1  -105.85579
   -0.17300E-01    1  -105.99425
   -0.16700E-01    1  -106.13443
   -0.16100E-01    1  -106.27631
   -0.15500E-01    1  -106.41956
   -0.14900E-01    1  -106.56409
   -0.14300E-01    1  -106.70992
   -0.13700E-01    1  -106.85621
   -0.13100E-01    1  -107.00256
   -0.12500E-01    1  -107.14869
   -0.11900E-01    1  -107.29396
   -0.11300E-01    1  -107.43767
   -0.10700E-01    1  -107.57960
   -0.10100E-01    1  -107.71891
   -0.95000E-02    1  -107.85498
   -0.89000E-02    1  -107.98708
   -0.83000E-02    1  -108.11462
   -0.77000E-02    1  -108.23637
   -0.71000E-02    1  -108.35145
   -0.65000E-02    1  -108.45919
   -0.59000E-02    1  -108.55917
   -0.53000E-02    1  -108.65050
   -0.47000E-02    1  -108.73273
   -0.41000E-02    1  -108.80555
   -0.35000E-02    1  -108.86847
   -0.29000E-02    1  -108.92113
   -0.23000E-02    1  -108.96320
   -0.17000E-02    1  -108.99451
   -0.11000E-02    1  -109.01488
   -0.50000E-03    1  -109.02415
    0.10000E-03    1  -109.02229
    0.70000E-03    1  -109.00932
    0.13000E-02    1  -108.98532
    0.19000E-02    1  -108.95045
    0.25000E-02    1  -108.90485
    0.31000E-02    1  -108.84887
    0.37000E-02    1  -108.78283
    0.43000E-02    1  -108.70698
    0.49000E-02    1  -108.62171
    0.55000E-02    1  -108.52763
    0.61000E-02    1  -108.42527
    0.67000E-02    1  -108.31527
    0.73000E-02    1  -108.19798
    0.79000E-02    1  -108.07452
    0.85000E-02    1  -107.94559
    0.91000E-02    1  -107.81248
    0.97000E-02    1  -107.67563
    0.10300E-01    1  -107.53577
    0.10900E-01    1  -107.39375
    0.11500E-01    1  -107.24972
    0.12100E-01    1  -107.10470
    0.12700E-01    1  -106.95899
    0.13300E-01    1  -106.81299
    0.13900E-01    1  -106.66743
    0.14500E-01    1  -106.52260
    0.15100E-01    1  -106.37893
    0.15700E-01    1  -106.23676
    0.16300E-01    1  -106.09597
    0.16900E-01    1  -105.95687
    0.17500E-01    1  -105.81942
    0.18100E-01    1  -105.68379
    0.18700E-01    1  -105.54970
    0.19300E-01    1  -105.41738
    0.20200E-01    1  -104.91663
    0.25000E-01    1  -103.72032
    0.31000E-01    1  -102.65871
    0.37000E-01    1  -101.71591
    0.43000E-01    1  -100.87749
    0.49000E-01    1  -100.13343
    0.55000E-01    1   -99.47528
    0.61000E-01    1   -98.89030
    0.67000E-01    1   -98.36563
    0.73000E-01    1   -97.88887
    0.79000E-01    1   -97.44953
    0.85000E-01    1   -97.04107
    0.91000E-01    1   -96.65864
    0.97000E-01    1   -96.30080
    0.10300        1   -95.96437
    0.10900        1   -95.64679
    0.11500        1   -95.34515
    0.12100        1   -95.05856
    0.12700        1   -94.78636
    0.13300        1   -94.52686
    0.13900        1   -94.27920
    0.14500        1   -94.04267
    0.15100        1   -93.81602
    0.15700        1   -93.59840
    0.16300        1   -93.39064
    0.16900        1   -93.19051
    0.17500        1   -92.99783
    0.18100        1   -92.81344
    0.18700        1   -92.63548
    0.19300        1   -92.46447
    0.19900        1   -92.30013
    0.20500        1   -92.14094
    0.21100        1   -91.98711
    0.21700        1   -91.83915
    0.29500        1   -89.15652
    0.44500        1   -87.88214
    0.59500        1   -87.16926
    0.74500        1   -86.70178
    0.89500        1   -86.36369
     1.0450        1   -86.09861
     1.1950        1   -85.88371
     1.3450        1   -85.69846
     1.4950        1   -85.53754
     1.6450        1   -85.39072
     1.7950        1   -85.25599
     1.9450        1   -85.13136
     2.0950        1   -85.01846
     2.2450        1   -84.91315
     2.3950        1   -84.81454
     2.5450        1   -84.72457
     2.6950        1   -84.64051
     2.8450        1   -84.55888
     2.9950        1   -84.48070
     3.1450        1   -84.40882
     3.2950        1   -84.34064
     3.4450        1   -84.27790
     3.5950        1   -84.21637
     3.7450        1   -84.15767
     3.8950        1   -84.10164
     4.0450        1   -84.04840
     4.1950        1   -83.99670
     4.3450        1   -83.94709
     4.4950        1   -83.89873
     4.6450        1   -83.85111
     4.7950        1   -83.80472
     4.9450        1   -83.76050
     5.0950        1   -83.71721
     5.2450        1   -83.67493
     5.3950        1   -83.63418
     5.5450        1   -83.59455
     5.6950        1   -83.55555
     5.8450        1   -83.51820
     5.9950        1   -83.48057
     6.1450        1   -83.44389
     6.2950        1   -83.40892
     6.4450        1   -83.37369
     6.5950        1   -83.33933
     6.7450        1   -83.30592
     6.8950        1   -83.27311
     7.0450        1   -83.24113
     7.1950        1   -83.20926
     7.3450        1   -83.17753
     7.4950        1   -83.14684
     7.6450        1   -83.11685
     7.7950        1   -83.08705
     7.9450        1   -83.05811
     8.0950        1   -83.02955
     8.2450        1   -83.00085
     8.3950        1   -82.97271
     8.5450        1   -82.94548
     8.6950        1   -82.91822
     8.8450        1   -82.89135
     8.9950        1   -82.86502
     9.1450        1   -82.83915
     9.2950        1   -82.81307
     9.4450        1   -82.78785
     9.5950        1   -82.76285
     9.7450        1   -82.73845
     9.8950        1   -82.71412
     10.045        1   -82.69039
     10.195        1   -82.66647
     10.345        1   -82.64327
     10.495        1   -82.62016
     10.645        1   -82.59708
     10.795        1   -82.57451
     10.945        1   -82.55214
     11.095        1   -82.52993
     11.245        1   -82.50792
     11.395        1   -82.48621
     11.545        1   -82.46467
     11.695        1   -82.44374
     11.845        1   -82.42277
     11.995        1   -82.40204
     12.145        1   -82.38136
     12.295        1   -82.36064
     12.445        1   -82.34047
     12.595        1   -82.32049
     12.745        1   -82.30083
     12.895        1   -82.28124
     13.045        1   -82.26189
     13.195        1   -82.24328
     13.345        1   -82.22424
     13.495        1   -82.20487
     13.645        1   -82.18613
     13.795        1   -82.16772
     13.945        1   -82.14905
     14.095        1   -82.13124
     14.245        1   -82.11329
     14.395        1   -82.09525
     14.545        1   -82.07759
     14.695        1   -82.06044
     14.845        1   -82.04308
     14.995        1   -82.02616
     15.145        1   -82.00896
     15.295        1   -81.99194
     15.445        1   -81.97496
     15.595        1   -81.95849
     15.745        1   -81.94209
     15.895        1   -81.92570
     16.045        1   -81.90944
     16.195        1   -81.89354
     16.345        1   -81.87748
     16.495        1   -81.86162
     16.645        1   -81.84615
     16.795        1   -81.83030
     16.945        1   -81.81468
     17.095        1   -81.79926
     17.245        1   -81.78442
     17.395        1   -81.76934
     17.545        1   -81.75466
     17.695        1   -81.74010
     17.845        1   -81.72514
     17.995        1   -81.71044
     18.145        1   -81.69609
     18.295        1   -81.68186
     18.445        1   -81.66763
     18.595        1   -81.65356
     18.745        1   -81.63948
     18.895        1   -81.62578
     19.045        1   -81.61208
     19.195        1   -81.59826
     19.345        1   -81.58454
     19.495        1   -81.57083
     19.645        1   -81.55736
     19.795        1   -81.54393
     19.945        1   -81.53055
     20.095        1   -81.51722
     20.245        1   -81.50395
     20.395        1   -81.49071
     20.545        1   -81.47816
     20.695        1   -81.46533
     20.845        1   -81.45273
     20.995        1   -81.44030
     21.145        1   -81.42730
     21.295        1   -81.41459
     21.445        1   -81.40231
     21.595        1   -81.38982
     21.745        1   -81.37743
     21.895        1   -81.36539
     22.045        1   -81.35342
     22.195        1   -81.34131
     22.345        1   -81.32944
     22.495        1   -81.31704
     22.645        1   -81.30506
     22.795        1   -81.29305
     22.945        1   -81.28118
     23.095        1   -81.26950
     23.245        1   -81.25800
     23.395        1   -81.24648
     23.545        1   -81.23491
     23.695        1   -81.22328
     23.845        1   -81.21222
     23.995        1   -81.20100
     24.145        1   -81.19015
     24.295        1   -81.17889
     24.445        1   -81.16786
     24.595        1   -81.15665
     24.745        1   -81.14572
     24.895        1   -81.13483
     25.045        1   -81.12405
     25.195        1   -81.11311
     25.345        1   -81.10224
     25.495        1   -81.09178
     25.645        1   -81.08109
     25.795        1   -81.07057
     25.945        1   -81.06014
     26.095        1   -81.04953
     26.245        1   -81.03932
     26.395        1   -81.02926
     26.545        1   -81.01886
     26.695        1   -81.00874
     26.845        1   -80.99873
     26.995        1   -80.98868
     27.145        1   -80.97851
     27.295        1   -80.96852
     27.445        1   -80.95842
     27.595        1   -80.94832
     27.745        1   -80.93848
     27.895        1   -80.92887
     28.045        1   -80.91869
     28.195        1   -80.90893
     28.345        1   -80.89920
     28.495        1   -80.88966
     28.645        1   -80.88007
     28.795        1   -80.87069
     28.945        1   -80.86108
     29.095        1   -80.85181
     29.245        1   -80.84230
     29.395        1   -80.83312
     29.545        1   -80.82380
     29.695        1   -80.81456
     29.845        1   -80.80538
     29.995        1   -80.79641
     30.145        1   -80.78744
     30.295        1   -80.77829
     30.445        1   -80.76938
     30.595        1   -80.76035
     30.745        1   -80.75148
     30.895        1   -80.74245
     31.045        1   -80.73363
     31.195        1   -80.72491
     31.345        1   -80.71599
     31.495        1   -80.70743
     31.645        1   -80.69870
     31.795        1   -80.68972
     31.945        1   -80.68112
     32.095        1   -80.67261
     32.245        1   -80.66380
     32.395        1   -80.65518
     32.545        1   -80.64666
     32.695        1   -80.63804
     32.845        1   -80.62981
     32.995        1   -80.62130
     33.145        1   -80.61294
     33.295        1   -80.60456
     33.445        1   -80.59630
     33.595        1   -80.58815
     33.745        1   -80.57979
     33.895        1   -80.57133
     34.045        1   -80.56295
     34.195        1   -80.55502
     34.345        1   -80.54704
     34.495        1   -80.53917
     34.645        1   -80.53124
     34.795        1   -80.52329
     34.945        1   -80.51535
     35.095        1   -80.50747
     35.245        1   -80.49953
     35.395        1   -80.49162
     35.545        1   -80.48378
     35.695        1   -80.47588
     35.845        1   -80.46805
     35.995        1   -80.46019
     36.145        1   -80.45227
     36.295        1   -80.44461
     36.445        1   -80.43700
     36.595        1   -80.42966
     36.745        1   -80.42215
     36.895        1   -80.41465
     37.045        1   -80.40713
     37.195        1   -80.39955
     37.345        1   -80.39191
     37.495        1   -80.38448
     37.645        1   -80.37707
     37.795        1   -80.36976
     37.945        1   -80.36252
     38.095        1   -80.35541
     38.245        1   -80.34815
     38.395        1   -80.34102
     38.545        1   -80.33376
     38.695        1   -80.32650
     38.845        1   -80.31934
     38.995        1   -80.31209
     39.145        1   -80.30488
     39.295        1   -80.29762
     39.445        1   -80.29054
     39.595        1   -80.28348
     39.745        1   -80.27660
     39.895        1   -80.26980
     40.045        1   -80.26280
     40.195        1   -80.25587
     40.345        1   -80.24913
     40.495        1   -80.24217
     40.645        1   -80.23536
     40.795        1   -80.22852
     40.945        1   -80.22180
     41.095        1   -80.21493
     41.245        1   -80.20820
     41.395        1   -80.20129
     41.545        1   -80.19450
     41.695        1   -80.18751
     41.845        1   -80.18082
     41.995        1   -80.17415
     42.145        1   -80.16752
     42.295        1   -80.16094
     42.445        1   -80.15431
     42.595        1   -80.14771
     42.745        1   -80.14096
     42.895        1   -80.13433
     43.045        1   -80.12777
     43.195        1   -80.12134
     43.345        1   -80.11473
     43.495        1   -80.10841
     43.645        1   -80.10179
     43.795        1   -80.09545
     43.945        1   -80.08882
     44.095        1   -80.08233
     44.245        1   -80.07592
     44.395        1   -80.06959
     44.545        1   -80.06328
     44.695        1   -80.05691
     44.845        1   -80.05067
     44.995        1   -80.04454
     45.145        1   -80.03842
     45.295        1   -80.03214
     45.445        1   -80.02605
     45.595        1   -80.01978
     45.745        1   -80.01377
     45.895        1   -80.00774
     46.045        1   -80.00156
     46.195        1   -79.99545
     46.345        1   -79.98947
     46.495        1   -79.98322
     46.645        1   -79.97736
     46.795        1   -79.97098
     46.945        1   -79.96489
     47.095        1   -79.95879
     47.245        1   -79.95297
     47.395        1   -79.94692
     47.545        1   -79.94094
     47.695        1   -79.93494
     47.845        1   -79.92896
     47.995        1   -79.92311
     48.145        1   -79.91748
     48.295        1   -79.91170
     48.445        1   -79.90581
     48.595        1   -79.89985
     48.745        1   -79.89428
     48.895        1   -79.88860
     49.045        1   -79.88284
     49.195        1   -79.87702
     49.345        1   -79.87137
     49.495        1   -79.86561
     49.645        1   -79.85992
     49.795        1   -79.85437
     49.945        1   -79.84880
     50.095        1   -79.84304
     50.245        1   -79.83718
     50.395        1   -79.83155
     50.545        1   -79.82589
     50.695        1   -79.82036
     50.845        1   -79.81484
     50.995        1   -79.80944
     51.145        1   -79.80391
     51.295        1   -79.79843
     51.445        1   -79.79282
     51.595        1   -79.78732
     51.745        1   -79.78192
     51.895        1   -79.77630
     52.045        1   -79.77078
     52.195        1   -79.76541
     52.345        1   -79.76003
     52.495        1   -79.75487
     52.645        1   -79.74943
     52.795        1   -79.74406
     52.945        1   -79.73867
     53.095        1   -79.73339
     53.245        1   -79.72799
     53.395        1   -79.72263
     53.545        1   -79.71743
     53.695        1   -79.71205
     53.845        1   -79.70686
     53.995        1   -79.70166
     54.145        1   -79.69642
     54.295        1   -79.69124
     54.445        1   -79.68590
     54.595        1   -79.68061
     54.745        1   -79.67539
     54.895        1   -79.67035
     55.045        1   -79.66522
     55.195        1   -79.65978
     55.345        1   -79.65475
     55.495        1   -79.64952
     55.645        1   -79.64445
     55.795        1   -79.63947
     55.945        1   -79.63427
     56.095        1   -79.62923
     56.245        1   -79.62418
     56.395        1   -79.61899
     56.545        1   -79.61408
     56.695        1   -79.60916
     56.845        1   -79.60407
     56.995        1   -79.59905
     57.145        1   -79.59401
     57.295        1   -79.58905
     57.445        1   -79.58418
     57.595        1   -79.57935
     57.745        1   -79.57421
     57.895        1   -79.56935
     58.045        1   -79.56454
     58.195        1   -79.55968
     58.345        1   -79.55483
     58.495        1   -79.54993
     58.645        1   -79.54528
     58.795        1   -79.54049
     58.945        1   -79.53561
     59.095        1   -79.53085
     59.245        1   -79.52599
     59.395        1   -79.52126
     59.545        1   -79.51654
     59.695        1   -79.51184
     59.845        1   -79.50701
     59.995        1   -79.50232
     60.145        1   -79.49765
     70.939        1   -78.88813
     97.698        1   -78.27521
     134.55        1   -77.66555
     185.30        1   -77.05751
     255.20        1   -76.45307
     351.46        1   -75.85488
     484.04        1   -75.26234
     666.62        1   -74.68070
     918.07        1   -74.10776
     1264.4        1   -73.54164
     1741.3        1   -72.98543
     2398.1        1   -72.43862
     3302.7        1   -71.89940
     4548.5        1   -71.36911
     6264.3        1   -70.84769
     8627.2        1   -70.33431
     11881.        1   -69.82841
     16363.        1   -69.33022
     22535.        1   -68.84006
     31036.        1   -68.35592
     42743.        1   -67.87871
     58866.        1   -67.40922
     81070.        1   -66.94603
    0.11165E+06    1   -66.48860
    0.15377E+06    1   -66.03670
    0.21177E+06    1   -65.58962
    0.29165E+06    1   -65.14753
    0.40166E+06    1   -64.70911
    0.55317E+06    1   -64.27253
    0.76182E+06    1   -63.83931
    0.10492E+07    1   -63.40877
    0.14449E+07    1   -62.97945
    0.19900E+07    1   -62.55109
    0.27406E+07    1   -62.12346
    0.37744E+07    1   -61.69403
    0.51981E+07    1   -61.26267
    0.71589E+07    1   -60.82977
    0.98593E+07    1   -60.39478
    0.13578E+08    1   -59.95788
    0.18700E+08    1   -59.51836
    0.25754E+08    1   -59.07786
    0.35468E+08    1   -58.63926
    0.48847E+08    1   -58.20846
    0.67273E+08    1   -57.78819
    0.92648E+08    1   -57.37788
    0.12760E+09    1   -56.97858
    0.17573E+09    1   -56.59012
    0.24201E+09    1   -56.21308
    0.33330E+09    1   -55.84954
    0.45902E+09    1   -55.50270
    0.63217E+09    1   -55.17652
    0.87062E+09    1   -54.86956
    0.11990E+10    1   -54.58331
    0.16513E+10    1   -54.31667
    0.22742E+10    1   -54.06832
    0.31320E+10    1   -53.83661
    0.43134E+10    1   -53.62094
    0.59405E+10    1   -53.41954
    0.81813E+10    1   -53.23238
    0.11267E+11    1   -53.05756
    0.15517E+11    1   -52.89499
    0.21371E+11    1   -52.74362
    0.29432E+11    1   -52.60317
    0.40534E+11    1   -52.47311
    0.55823E+11    1   -52.35184
    0.10000E+12    1   -50.83732
    -149.95        2     0.00000
    -149.80        2     0.00000
    -149.65        2     0.00000
    -149.49        2     0.00000
    -149.34        2     0.00000
    -149.20        2     0.00000
    -149.05        2     0.00000
    -148.90        2     0.00000
    -148.74        2     0.00000
    -148.59        2     0.00000
    -148.45        2     0.00000
    -148.30        2     0.00000
    -148.15        2     0.00000
    -147.99        2     0.00000
    -147.84        2     0.00000
    -147.70        2     0.00000
    -147.55        2     0.00000
    -147.40        2     0.00000
    -147.24        2     0.00000
    -147.09        2     0.00000
    -146.95        2     0.00000
    -146.80        2     0.00000
    -146.65        2     0.00000
    -146.49        2     0.00000
    -146.34        2     0.00000
    -146.20        2     0.00000
    -146.05        2     0.00000
    -145.90        2     0.00000
    -145.74        2     0.00000
    -145.59        2     0.00000
    -145.45        2     0.00000
    -145.30        2     0.00000
    -145.15        2     0.00000
    -144.99        2     0.00000
    -144.84        2     0.00000
    -144.70        2     0.00000
    -144.55        2     0.00000
    -144.40        2     0.00000
    -144.24        2     0.00000
    -144.09        2     0.00000
    -143.95        2     0.00000
    -143.80        2     0.00000
    -143.65        2     0.00000
    -143.49        2     0.00000
    -143.34        2     0.00000
    -143.20        2     0.00000
    -143.05        2     0.00000
    -142.90        2     0.00000
    -142.74        2     0.00000
    -142.59        2     0.00000
    -142.45        2     0.00000
    -142.30        2     0.00000
    -142.15        2     0.00000
    -141.99        2     0.00000
    -141.84        2     0.00000
    -141.70        2     0.00000
    -141.55        2     0.00000
    -141.40        2     0.00000
    -141.24        2     0.00000
    -141.09        2     0.00000
    -140.95        2     0.00000
    -140.80        2     0.00000
    -140.65        2     0.00000
    -140.49        2     0.00000
    -140.34        2     0.00000
    -140.20        2     0.00000
    -140.05        2     0.00000
    -139.90        2     0.00000
    -139.74        2     0.00000
    -139.59        2     0.00000
    -139.45        2     0.00000
    -139.30        2     0.00000
    -139.15        2     0.00000
    -138.99        2     0.00000
    -138.84        2     0.00000
    -138.70        2     0.00000
    -138.55        2     0.00000
    -138.40        2     0.00000
    -138.24        2     0.00000
    -138.09        2     0.00000
    -137.95        2     0.00000
    -137.80        2     0.00000
    -137.65        2     0.00000
    -137.49        2     0.00000
    -137.34        2     0.00000
    -137.20        2     0.00000
    -137.05        2     0.00000
    -136.90        2     0.00000
    -136.74        2     0.00000
    -136.59        2     0.00000
    -136.45        2     0.00000
    -136.30        2     0.00000
    -136.15        2     0.00000
    -135.99        2     0.00000
    -135.84        2     0.00000
    -135.70        2     0.00000
    -135.55        2     0.00000
    -135.40        2     0.00000
    -135.24        2     0.00000
    -135.09        2     0.00000
    -134.95        2     0.00000
    -134.80        2     0.00000
    -134.65        2     0.00000
    -134.49        2     0.00000
    -134.34        2     0.00000
    -134.20        2     0.00000
    -134.05        2     0.00000
    -133.90        2     0.00000
    -133.74        2     0.00000
    -133.59        2     0.00000
    -133.45        2     0.00000
    -133.30        2     0.00000
    -133.15        2     0.00000
    -132.99        2     0.00000
    -132.84        2     0.00000
    -132.70        2     0.00000
    -132.55        2     0.00000
    -132.40        2     0.00000
    -132.24        2     0.00000
    -132.09        2     0.00000
    -131.95        2     0.00000
    -131.80        2     0.00000
    -131.65        2     0.00000
    -131.49        2     0.00000
    -131.34        2     0.00000
    -131.20        2     0.00000
    -131.05        2     0.00000
    -130.90        2     0.00000
    -130.74        2     0.00000
    -130.59        2     0.00000
    -130.45        2     0.00000
    -130.30        2     0.00000
    -130.15        2     0.00000
    -129.99        2     0.00000
    -129.84        2     0.00000
    -129.70        2     0.00000
    -129.55        2     0.00000
    -129.40        2     0.00000
    -129.24        2     0.00000
    -129.09        2     0.00000
    -128.95        2     0.00000
    -128.80        2     0.00000
    -128.65        2     0.00000
    -128.49        2     0.00000
    -128.34        2     0.00000
    -128.20        2     0.00000
    -128.05        2     0.00000
    -127.89        2     0.00000
    -127.75        2     0.00000
    -127.60        2     0.00000
    -127.44        2     0.00000
    -127.30        2     0.00000
    -127.14        2     0.00000
    -127.00        2     0.00000
    -126.85        2     0.00000
    -126.69        2     0.00000
    -126.55        2     0.00000
    -126.39        2     0.00000
    -126.25        2     0.00000
    -126.10        2     0.00000
    -125.94        2     0.00000
    -125.80        2     0.00000
    -125.64        2     0.00000
    -125.50        2     0.00000
    -125.35        2     0.00000
    -125.19        2     0.00000
    -125.05        2     0.00000
    -124.89        2     0.00000
    -124.75        2     0.00000
    -124.60        2     0.00000
    -124.44        2     0.00000
    -124.30        2     0.00000
    -124.14        2     0.00000
    -124.00        2     0.00000
    -123.85        2     0.00000
    -123.69        2     0.00000
    -123.55        2     0.00000
    -123.39        2     0.00000
    -123.25        2     0.00000
    -123.10        2     0.00000
    -122.94        2     0.00000
    -122.80        2     0.00000
    -122.64        2     0.00000
    -122.50        2     0.00000
    -122.35        2     0.00000
    -122.19        2     0.00000
    -122.05        2     0.00000
    -121.89        2     0.00000
    -121.75        2     0.00000
    -121.60        2     0.00000
    -121.44        2     0.00000
    -121.30        2     0.00000
    -121.14        2     0.00000
    -121.00        2     0.00000
    -120.85        2     0.00000
    -120.69        2     0.00000
    -120.55        2     0.00000
    -120.39        2     0.00000
    -120.25        2     0.00000
    -120.10        2     0.00000
    -119.94        2     0.00000
    -119.80        2     0.00000
    -119.64        2     0.00000
    -119.50        2     0.00000
    -119.35        2     0.00000
    -119.19        2     0.00000
    -119.05        2     0.00000
    -118.89        2     0.00000
    -118.75        2     0.00000
    -118.60        2     0.00000
    -118.44        2     0.00000
    -118.30        2     0.00000
    -118.14        2     0.00000
    -118.00        2     0.00000
    -117.85        2     0.00000
    -117.69        2     0.00000
    -117.55        2     0.00000
    -117.39        2     0.00000
    -117.25        2     0.00000
    -117.10        2     0.00000
    -116.94        2     0.00000
    -116.80        2     0.00000
    -116.64        2     0.00000
    -116.50        2     0.00000
    -116.35        2     0.00000
    -116.19        2     0.00000
    -116.05        2     0.00000
    -115.89        2     0.00000
    -115.75        2     0.00000
    -115.60        2     0.00000
    -115.44        2     0.00000
    -115.30        2     0.00000
    -115.14        2     0.00000
    -115.00        2     0.00000
    -114.85        2     0.00000
    -114.69        2     0.00000
    -114.55        2     0.00000
    -114.39        2     0.00000
    -114.25        2     0.00000
    -114.10        2     0.00000
    -113.94        2     0.00000
    -113.80        2     0.00000
    -113.64        2     0.00000
    -113.50        2     0.00000
    -113.35        2     0.00000
    -113.19        2     0.00000
    -113.05        2     0.00000
    -112.89        2     0.00000
    -112.75        2     0.00000
    -112.60        2     0.00000
    -112.44        2     0.00000
    -112.30        2     0.00000
    -112.14        2     0.00000
    -112.00        2     0.00000
    -111.85        2     0.00000
    -111.69        2     0.00000
    -111.55        2     0.00000
    -111.39        2     0.00000
    -111.25        2     0.00000
    -111.10        2     0.00000
    -110.94        2     0.00000
    -110.80        2     0.00000
    -110.64        2     0.00000
    -110.50        2     0.00000
    -110.35        2     0.00000
    -110.19        2     0.00000
    -110.05        2     0.00000
    -109.89        2     0.00000
    -109.75        2     0.00000
    -109.60        2     0.00000
    -109.44        2     0.00000
    -109.30        2     0.00000
    -109.14        2     0.00000
    -109.00        2     0.00000
    -108.85        2     0.00000
    -108.69        2     0.00000
    -108.55        2     0.00000
    -108.39        2     0.00000
    -108.25        2     0.00000
    -108.10        2     0.00000
    -107.94        2     0.00000
    -107.80        2     0.00000
    -107.64        2     0.00000
    -107.50        2     0.00000
    -107.35        2     0.00000
    -107.19        2     0.00000
    -107.05        2     0.00000
    -106.89        2     0.00000
    -106.75        2     0.00000
    -106.60        2     0.00000
    -106.44        2     0.00000
    -106.30        2     0.00000
    -106.14        2     0.00000
    -106.00        2     0.00000
    -105.85        2     0.00000
    -105.69        2     0.00000
    -105.55        2     0.00000
    -105.39        2     0.00000
    -105.25        2     0.00000
    -105.10        2     0.00000
    -104.94        2     0.00000
    -104.80        2     0.00000
    -104.64        2     0.00000
    -104.50        2     0.00000
    -104.35        2     0.00000
    -104.19        2     0.00000
    -104.05        2     0.00000
    -103.89        2     0.00000
    -103.75        2     0.00000
    -103.60        2     0.00000
    -103.44        2     0.00000
    -103.30        2     0.00000
    -103.14        2     0.00000
    -103.00        2     0.00000
    -102.85        2     0.00000
    -102.69        2     0.00000
    -102.55        2     0.00000
    -102.39        2     0.00000
    -102.25        2     0.00000
    -102.10        2     0.00000
    -101.94        2     0.00000
    -101.80        2     0.00000
    -101.64        2     0.00000
    -101.50        2     0.00000
    -101.35        2     0.00000
    -101.19        2     0.00000
    -101.05        2     0.00000
    -100.89        2     0.00000
    -100.75        2     0.00000
    -100.60        2     0.00000
    -100.44        2     0.00000
    -100.30        2     0.00000
    -100.14        2     0.00000
    -99.995        2     0.00000
    -99.845        2     0.00000
    -99.695        2     0.00000
    -99.545        2     0.00000
    -99.395        2     0.00000
    -99.245        2     0.00000
    -99.095        2     0.00000
    -98.945        2     0.00000
    -98.795        2     0.00000
    -98.645        2     0.00000
    -98.495        2     0.00000
    -98.345        2     0.00000
    -98.195        2     0.00000
    -98.045        2     0.00000
    -97.895        2     0.00000
    -97.745        2     0.00000
    -97.595        2     0.00000
    -97.445        2     0.00000
    -97.295        2     0.00000
    -97.145        2     0.00000
    -96.995        2     0.00000
    -96.845        2     0.00000
    -96.695        2     0.00000
    -96.545        2     0.00000
    -96.395        2     0.00000
    -96.245        2     0.00000
    -96.095        2     0.00000
    -95.945        2     0.00000
    -95.795        2     0.00000
    -95.645        2     0.00000
    -95.495        2     0.00000
    -95.345        2     0.00000
    -95.195        2     0.00000
    -95.045        2     0.00000
    -94.895        2     0.00000
    -94.745        2     0.00000
    -94.595        2     0.00000
    -94.445        2     0.00000
    -94.295        2     0.00000
    -94.145        2     0.00000
    -93.995        2     0.00000
    -93.845        2     0.00000
    -93.695        2     0.00000
    -93.545        2     0.00000
    -93.395        2     0.00000
    -93.245        2     0.00000
    -93.095        2     0.00000
    -92.945        2     0.00000
    -92.795        2     0.00000
    -92.645        2     0.00000
    -92.495        2     0.00000
    -92.345        2     0.00000
    -92.195        2     0.00000
    -92.045        2     0.00000
    -91.895        2     0.00000
    -91.745        2     0.00000
    -91.595        2     0.00000
    -91.445        2     0.00000
    -91.295        2     0.00000
    -91.145        2     0.00000
    -90.995        2     0.00000
    -90.845        2     0.00000
    -90.695        2     0.00000
    -90.545        2     0.00000
    -90.395        2     0.00000
    -90.245        2     0.00000
    -90.095        2     0.00000
    -89.945        2     0.00000
    -89.795        2     0.00000
    -89.645        2     0.00000
    -89.495        2     0.00000
    -89.345        2     0.00000
    -89.195        2     0.00000
    -89.045        2     0.00000
    -88.895        2     0.00000
    -88.745        2     0.00000
    -88.595        2     0.00000
    -88.445        2     0.00000
    -88.295        2     0.00000
    -88.145        2     0.00000
    -87.995        2     0.00000
    -87.845        2     0.00000
    -87.695        2     0.00000
    -87.545        2     0.00000
    -87.395        2     0.00000
    -87.245        2     0.00000
    -87.095        2     0.00000
    -86.945        2     0.00000
    -86.795        2     0.00000
    -86.645        2     0.00000
    -86.495        2     0.00000
    -86.345        2     0.00000
    -86.195        2     0.00000
    -86.045        2     0.00000
    -85.895        2     0.00000
    -85.745        2     0.00000
    -85.595        2     0.00000
    -85.445        2     0.00000
    -85.295        2     0.00000
    -85.145        2     0.00000
    -84.995        2     0.00000
    -84.845        2     0.00000
    -84.695        2     0.00000
    -84.545        2     0.00000
    -84.395        2     0.00000
    -84.245        2     0.00000
    -84.095        2     0.00000
    -83.945        2     0.00000
    -83.795        2     0.00000
    -83.645        2     0.00000
    -83.495        2     0.00000
    -83.345        2     0.00000
    -83.195        2     0.00000
    -83.045        2     0.00000
    -82.895        2     0.00000
    -82.745        2     0.00000
    -82.595        2     0.00000
    -82.445        2     0.00000
    -82.295        2     0.00000
    -82.145        2     0.00000
    -81.995        2     0.00000
    -81.845        2     0.00000
    -81.695        2     0.00000
    -81.545        2     0.00000
    -81.395        2     0.00000
    -81.245        2     0.00000
    -81.095        2     0.00000
    -80.945        2     0.00000
    -80.795        2     0.00000
    -80.645        2     0.00000
    -80.495        2     0.00000
    -80.345        2     0.00000
    -80.195        2     0.00000
    -80.045        2     0.00000
    -79.895        2     0.00000
    -79.745        2     0.00000
    -79.595        2     0.00000
    -79.445        2     0.00000
    -79.295        2     0.00000
    -79.145        2     0.00000
    -78.995        2     0.00000
    -78.845        2     0.00000
    -78.695        2     0.00000
    -78.545        2     0.00000
    -78.395        2     0.00000
    -78.245        2     0.00000
    -78.095        2     0.00000
    -77.945        2     0.00000
    -77.795        2     0.00000
    -77.645        2     0.00000
    -77.495        2     0.00000
    -77.345        2     0.00000
    -77.195        2     0.00000
    -77.045        2     0.00000
    -76.895        2     0.00000
    -76.745        2     0.00000
    -76.595        2     0.00000
    -76.445        2     0.00000
    -76.295        2     0.00000
    -76.145        2     0.00000
    -75.995        2     0.00000
    -75.845        2     0.00000
    -75.695        2     0.00000
    -75.545        2     0.00000
    -75.395        2     0.00000
    -75.245        2     0.00000
    -75.095        2     0.00000
    -74.945        2     0.00000
    -74.795        2     0.00000
    -74.645        2     0.00000
    -74.495        2     0.00000
    -74.345        2     0.00000
    -74.195        2     0.00000
    -74.045        2     0.00000
    -73.895        2     0.00000
    -73.745        2     0.00000
    -73.595        2     0.00000
    -73.445        2     0.00000
    -73.295        2     0.00000
    -73.145        2     0.00000
    -72.995        2     0.00000
    -72.845        2     0.00000
    -72.695        2     0.00000
    -72.545        2     0.00000
    -72.395        2     0.00000
    -72.245        2     0.00000
    -72.095        2     0.00000
    -71.945        2     0.00000
    -71.795        2     0.00000
    -71.645        2     0.00000
    -71.495        2     0.00000
    -71.345        2     0.00000
    -71.195        2     0.00000
    -71.045        2     0.00000
    -70.895        2     0.00000
    -70.745        2     0.00000
    -70.595        2     0.00000
    -70.445        2     0.00000
    -70.295        2     0.00000
    -70.145        2     0.00000
    -69.995        2     0.00000
    -69.845        2     0.00000
    -69.695        2     0.00000
    -69.545        2     0.00000
    -69.395        2     0.00000
    -69.245        2     0.00000
    -69.095        2     0.00000
    -68.945        2     0.00000
    -68.795        2     0.00000
    -68.645        2     0.00000
    -68.495        2     0.00000
    -68.345        2     0.00000
    -68.195        2     0.00000
    -68.045        2     0.00000
    -67.895        2     0.00000
    -67.745        2     0.00000
    -67.595        2     0.00000
    -67.445        2     0.00000
    -67.295        2     0.00000
    -67.145        2     0.00000
    -66.995        2     0.00000
    -66.845        2     0.00000
    -66.695        2     0.00000
    -66.545        2     0.00000
    -66.395        2     0.00000
    -66.245        2     0.00000
    -66.095        2     0.00000
    -65.945        2     0.00000
    -65.795        2     0.00000
    -65.645        2     0.00000
    -65.495        2     0.00000
    -65.345        2     0.00000
    -65.195        2     0.00000
    -65.045        2     0.00000
    -64.895        2     0.00000
    -64.745        2     0.00000
    -64.595        2     0.00000
    -64.445        2     0.00000
    -64.295        2     0.00000
    -64.145        2     0.00000
    -63.995        2     0.00000
    -63.845        2     0.00000
    -63.695        2     0.00000
    -63.545        2     0.00000
    -63.395        2     0.00000
    -63.245        2     0.00000
    -63.095        2     0.00000
    -62.945        2     0.00000
    -62.795        2     0.00000
    -62.645        2     0.00000
    -62.495        2     0.00000
    -62.345        2     0.00000
    -62.195        2     0.00000
    -62.045        2     0.00000
    -61.895        2     0.00000
    -61.745        2     0.00000
    -61.595        2     0.00000
    -61.445        2     0.00000
    -61.295        2     0.00000
    -61.145        2     0.00000
    -60.995        2     0.00000
    -60.845        2     0.00000
    -60.695        2     0.00000
    -60.545        2     0.00000
    -60.395        2     0.00000
    -60.245        2     0.00000
    -60.095        2     0.00000
    -59.945        2     0.00000
    -59.795        2     0.00000
    -59.645        2     0.00000
    -59.495        2     0.00000
    -59.345        2     0.00000
    -59.195        2     0.00000
    -59.045        2     0.00000
    -58.895        2     0.00000
    -58.745        2     0.00000
    -58.595        2     0.00000
    -58.445        2     0.00000
    -58.295        2     0.00000
    -58.145        2     0.00000
    -57.995        2     0.00000
    -57.845        2     0.00000
    -57.695        2     0.00000
    -57.545        2     0.00000
    -57.395        2     0.00000
    -57.245        2     0.00000
    -57.095        2     0.00000
    -56.945        2     0.00000
    -56.795        2     0.00000
    -56.645        2     0.00000
    -56.495        2     0.00000
    -56.345        2     0.00000
    -56.195        2     0.00000
    -56.045        2     0.00000
    -55.895        2     0.00000
    -55.745        2     0.00000
    -55.595        2     0.00000
    -55.445        2     0.00000
    -55.295        2     0.00000
    -55.145        2     0.00000
    -54.995        2     0.00000
    -54.845        2     0.00000
    -54.695        2     0.00000
    -54.545        2     0.00000
    -54.395        2     0.00000
    -54.245        2     0.00000
    -54.095        2     0.00000
    -53.945        2     0.00000
    -53.795        2     0.00000
    -53.645        2     0.00000
    -53.495        2     0.00000
    -53.345        2     0.00000
    -53.195        2     0.00000
    -53.045        2     0.00000
    -52.895        2     0.00000
    -52.745        2     0.00000
    -52.595        2     0.00000
    -52.445        2     0.00000
    -52.295        2     0.00000
    -52.145        2     0.00000
    -51.995        2     0.00000
    -51.845        2     0.00000
    -51.695        2     0.00000
    -51.545        2     0.00000
    -51.395        2     0.00000
    -51.245        2     0.00000
    -51.095        2     0.00000
    -50.945        2     0.00000
    -50.795        2     0.00000
    -50.645        2     0.00000
    -50.495        2     0.00000
    -50.345        2     0.00000
    -50.195        2     0.00000
    -50.045        2     0.00000
    -49.895        2     0.00000
    -49.745        2     0.00000
    -49.595        2     0.00000
    -49.445        2     0.00000
    -49.295        2     0.00000
    -49.145        2     0.00000
    -48.995        2     0.00000
    -48.845        2     0.00000
    -48.695        2     0.00000
    -48.545        2     0.00000
    -48.395        2     0.00000
    -48.245        2     0.00000
    -48.095        2     0.00000
    -47.945        2     0.00000
    -47.795        2     0.00000
    -47.645        2     0.00000
    -47.495        2     0.00000
    -47.345        2     0.00000
    -47.195        2     0.00000
    -47.045        2     0.00000
    -46.895        2     0.00000
    -46.745        2     0.00000
    -46.595        2     0.00000
    -46.445        2     0.00000
    -46.295        2     0.00000
    -46.145        2     0.00000
    -45.995        2     0.00000
    -45.845        2     0.00000
    -45.695        2     0.00000
    -45.545        2     0.00000
    -45.395        2     0.00000
    -45.245        2     0.00000
    -45.095        2     0.00000
    -44.945        2     0.00000
    -44.795        2     0.00000
    -44.645        2     0.00000
    -44.495        2     0.00000
    -44.345        2     0.00000
    -44.195        2     0.00000
    -44.045        2     0.00000
    -43.895        2     0.00000
    -43.745        2     0.00000
    -43.595        2     0.00000
    -43.445        2     0.00000
    -43.295        2     0.00000
    -43.145        2     0.00000
    -42.995        2     0.00000
    -42.845        2     0.00000
    -42.695        2     0.00000
    -42.545        2     0.00000
    -42.395        2     0.00000
    -42.245        2     0.00000
    -42.095        2     0.00000
    -41.945        2     0.00000
    -41.795        2     0.00000
    -41.645        2     0.00000
    -41.495        2     0.00000
    -41.345        2     0.00000
    -41.195        2     0.00000
    -41.045        2     0.00000
    -40.895        2     0.00000
    -40.745        2     0.00000
    -40.595        2     0.00000
    -40.445        2     0.00000
    -40.295        2     0.00000
    -40.145        2     0.00000
    -39.995        2     0.00000
    -39.845        2     0.00000
    -39.695        2     0.00000
    -39.545        2     0.00000
    -39.395        2     0.00000
    -39.245        2     0.00000
    -39.095        2     0.00000
    -38.945        2     0.00000
    -38.795        2     0.00000
    -38.645        2     0.00000
    -38.495        2     0.00000
    -38.345        2     0.00000
    -38.195        2     0.00000
    -38.045        2     0.00000
    -37.895        2     0.00000
    -37.745        2     0.00000
    -37.595        2     0.00000
    -37.445        2     0.00000
    -37.295        2     0.00000
    -37.145        2     0.00000
    -36.995        2     0.00000
    -36.845        2     0.00000
    -36.695        2     0.00000
    -36.545        2     0.00000
    -36.395        2     0.00000
    -36.245        2     0.00000
    -36.095        2     0.00000
    -35.945        2     0.00000
    -35.795        2     0.00000
    -35.645        2     0.00000
    -35.495        2     0.00000
    -35.345        2     0.00000
    -35.195        2     0.00000
    -35.045        2     0.00000
    -34.895        2     0.00000
    -34.745        2     0.00000
    -34.595        2     0.00000
    -34.445        2     0.00000
    -34.295        2     0.00000
    -34.145        2     0.00000
    -33.995        2     0.00000
    -33.845        2     0.00000
    -33.695        2     0.00000
    -33.545        2     0.00000
    -33.395        2     0.00000
    -33.245        2     0.00000
    -33.095        2     0.00000
    -32.945        2     0.00000
    -32.795        2     0.00000
    -32.645        2     0.00000
    -32.495        2     0.00000
    -32.345        2     0.00000
    -32.195        2     0.00000
    -32.045        2     0.00000
    -31.895        2     0.00000
    -31.745        2     0.00000
    -31.595        2     0.00000
    -31.445        2     0.00000
    -31.295        2     0.00000
    -31.145        2     0.00000
    -30.995        2     0.00000
    -30.845        2     0.00000
    -30.695        2     0.00000
    -30.545        2     0.00000
    -30.395        2     0.00000
    -30.245        2     0.00000
    -30.095        2     0.00000
    -29.945        2     0.00000
    -29.795        2     0.00000
    -29.645        2     0.00000
    -29.495        2     0.00000
    -29.345        2     0.00000
    -29.195        2     0.00000
    -29.045        2     0.00000
    -28.895        2     0.00000
    -28.745        2     0.00000
    -28.595        2     0.00000
    -28.445        2     0.00000
    -28.295        2     0.00000
    -28.145        2     0.00000
    -27.995        2     0.00000
    -27.845        2     0.00000
    -27.695        2     0.00000
    -27.545        2     0.00000
    -27.395        2     0.00000
    -27.245        2     0.00000
    -27.095        2     0.00000
    -26.945        2     0.00000
    -26.795        2     0.00000
    -26.645        2     0.00000
    -26.495        2     0.00000
    -26.345        2     0.00000
    -26.195        2     0.00000
    -26.045        2     0.00000
    -25.895        2     0.00000
    -25.745        2     0.00000
    -25.595        2     0.00000
    -25.445        2     0.00000
    -25.295        2     0.00000
    -25.145        2     0.00000
    -24.995        2     0.00000
    -24.845        2     0.00000
    -24.695        2     0.00000
    -24.545        2     0.00000
    -24.395        2     0.00000
    -24.245        2     0.00000
    -24.095        2     0.00000
    -23.945        2     0.00000
    -23.795        2     0.00000
    -23.645        2     0.00000
    -23.495        2     0.00000
    -23.345        2     0.00000
    -23.195        2     0.00000
    -23.045        2     0.00000
    -22.895        2     0.00000
    -22.745        2     0.00000
    -22.595        2     0.00000
    -22.445        2     0.00000
    -22.295        2     0.00000
    -22.145        2     0.00000
    -21.995        2     0.00000
    -21.845        2     0.00000
    -21.695        2     0.00000
    -21.545        2     0.00000
    -21.395        2     0.00000
    -21.245        2     0.00000
    -21.095        2     0.00000
    -20.945        2     0.00000
    -20.795        2     0.00000
    -20.645        2     0.00000
    -20.495        2     0.00000
    -20.345        2     0.00000
    -20.195        2     0.00000
    -20.045        2     0.00000
    -19.895        2     0.00000
    -19.745        2     0.00000
    -19.595        2     0.00000
    -19.445        2     0.00000
    -19.295        2     0.00000
    -19.145        2     0.00000
    -18.995        2     0.00000
    -18.845        2     0.00000
    -18.695        2     0.00000
    -18.545        2     0.00000
    -18.395        2     0.00000
    -18.245        2     0.00000
    -18.095        2     0.00000
    -17.945        2     0.00000
    -17.795        2     0.00000
    -17.645        2     0.00000
    -17.495        2     0.00000
    -17.345        2     0.00000
    -17.195        2     0.00000
    -17.045        2     0.00000
    -16.895        2     0.00000
    -16.745        2     0.00000
    -16.595        2     0.00000
    -16.445        2     0.00000
    -16.295        2     0.00000
    -16.145        2     0.00000
    -15.995        2     0.00000
    -15.845        2     0.00000
    -15.695        2     0.00000
    -15.545        2     0.00000
    -15.395        2     0.00000
    -15.245        2     0.00000
    -15.095        2     0.00000
    -14.945        2     0.00000
    -14.795        2     0.00000
    -14.645        2     0.00000
    -14.495        2     0.00000
    -14.345        2     0.00000
    -14.195        2    -0.00020
    -14.045        2    -0.00482
    -13.895        2    -0.02254
    -13.745        2    -0.06497
    -13.595        2    -0.14146
    -13.445        2    -0.25105
    -13.295        2    -0.38584
    -13.145        2    -0.55682
    -12.995        2    -0.77340
    -12.845        2    -1.05415
    -12.695        2    -1.40189
    -12.545        2    -1.79266
    -12.395        2    -2.23596
    -12.245        2    -2.72417
    -12.095        2    -3.23311
    -11.945        2    -3.77329
    -11.795        2    -4.34214
    -11.645        2    -4.93073
    -11.495        2    -5.52862
    -11.345        2    -6.16885
    -11.195        2    -6.82047
    -11.045        2    -7.49734
    -10.895        2    -8.20525
    -10.745        2    -8.94510
    -10.595        2    -9.75734
    -10.445        2   -10.61823
    -10.295        2   -11.53540
    -10.145        2   -12.49013
    -9.9950        2   -13.48781
    -9.8450        2   -14.51313
    -9.6950        2   -15.54545
    -9.5450        2   -16.58257
    -9.3950        2   -17.64765
    -9.2450        2   -18.69304
    -9.0950        2   -19.75035
    -8.9450        2   -20.78171
    -8.7950        2   -21.81704
    -8.6450        2   -22.82822
    -8.4950        2   -23.83423
    -8.3450        2   -24.84376
    -8.1950        2   -25.87836
    -8.0450        2   -26.93612
    -7.8950        2   -28.03107
    -7.7450        2   -29.17567
    -7.5950        2   -30.37684
    -7.4450        2   -31.64122
    -7.2950        2   -32.96899
    -7.1450        2   -34.38559
    -6.9950        2   -35.86525
    -6.8450        2   -37.42309
    -6.6950        2   -39.09321
    -6.5450        2   -40.80915
    -6.3950        2   -42.56976
    -6.2450        2   -44.38016
    -6.0950        2   -46.23694
    -5.9450        2   -48.07862
    -5.7950        2   -49.95488
    -5.6450        2   -51.81014
    -5.4950        2   -53.66512
    -5.3450        2   -55.50318
    -5.1950        2   -57.32590
    -5.0450        2   -59.11432
    -4.8950        2   -60.88378
    -4.7450        2   -62.63299
    -4.5950        2   -64.35836
    -4.4450        2   -66.05130
    -4.2950        2   -67.73322
    -4.1450        2   -69.41994
    -3.9950        2   -71.10529
    -3.8450        2   -72.82360
    -3.6950        2   -74.58086
    -3.5450        2   -76.41813
    -3.3950        2   -78.35378
    -3.2450        2   -80.43022
    -3.0950        2   -82.68558
    -2.9450        2   -85.15647
    -2.7950        2   -87.84999
    -2.6450        2   -90.80370
    -2.4950        2   -94.05072
    -2.3450        2   -97.58650
    -2.1950        2  -101.52083
    -2.0450        2  -105.91906
    -1.8950        2  -110.88872
    -1.7450        2  -116.55972
    -1.5950        2  -122.96698
    -1.4450        2  -130.10721
    -1.2950        2  -137.92808
    -1.1450        2  -146.33073
   -0.99500        2  -155.21115
   -0.84500        2  -164.54972
   -0.69500        2  -174.43339
   -0.54500        2  -185.28494
   -0.39500        2  -198.16495
   -0.25300        2  -208.59925
   -0.21500        2  -209.34468
   -0.20900        2  -210.10505
   -0.20300        2  -210.88302
   -0.19700        2  -211.68089
   -0.19100        2  -212.49867
   -0.18500        2  -213.33719
   -0.17900        2  -214.19566
   -0.17300        2  -215.07745
   -0.16700        2  -215.98327
   -0.16100        2  -216.91620
   -0.15500        2  -217.87358
   -0.14900        2  -218.86082
   -0.14300        2  -219.87898
   -0.13700        2  -220.92891
   -0.13100        2  -222.01489
   -0.12500        2  -223.14091
   -0.11900        2  -224.30909
   -0.11300        2  -225.52643
   -0.10700        2  -226.79658
   -0.10100        2  -228.12716
   -0.95000E-01    2  -229.52522
   -0.89000E-01    2  -230.99883
   -0.83000E-01    2  -232.56209
   -0.77000E-01    2  -234.23126
   -0.71000E-01    2  -236.02113
   -0.65000E-01    2  -237.95702
   -0.59000E-01    2  -240.06928
   -0.53000E-01    2  -242.39980
   -0.47000E-01    2  -245.01184
   -0.41000E-01    2  -247.99930
   -0.35000E-01    2  -251.52669
   -0.29000E-01    2  -255.90735
   -0.23000E-01    2  -261.48076
   -0.19700E-01    2  -262.10624
   -0.19100E-01    2  -262.74603
   -0.18500E-01    2  -263.40039
   -0.17900E-01    2  -264.06956
   -0.17300E-01    2  -264.75477
   -0.16700E-01    2  -265.45601
   -0.16100E-01    2  -266.17409
   -0.15500E-01    2  -266.90927
   -0.14900E-01    2  -267.66149
   -0.14300E-01    2  -268.43181
   -0.13700E-01    2  -269.22029
   -0.13100E-01    2  -270.02737
   -0.12500E-01    2  -270.85273
   -0.11900E-01    2  -271.69733
   -0.11300E-01    2  -272.56077
   -0.10700E-01    2  -273.44315
   -0.10100E-01    2  -274.34415
   -0.95000E-02    2  -275.26585
   -0.89000E-02    2  -276.20963
   -0.83000E-02    2  -277.17518
   -0.77000E-02    2  -278.15949
   -0.71000E-02    2  -279.15691
   -0.65000E-02    2  -280.15554
   -0.59000E-02    2  -281.14198
   -0.53000E-02    2  -282.10237
   -0.47000E-02    2  -283.01895
   -0.41000E-02    2  -283.87250
   -0.35000E-02    2  -284.63844
   -0.29000E-02    2  -285.29861
   -0.23000E-02    2  -285.83891
   -0.17000E-02    2  -286.24762
   -0.11000E-02    2  -286.51667
   -0.50000E-03    2  -286.64013
    0.10000E-03    2  -286.61538
    0.70000E-03    2  -286.44298
    0.13000E-02    2  -286.12674
    0.19000E-02    2  -285.67331
    0.25000E-02    2  -285.09227
    0.31000E-02    2  -284.39602
    0.37000E-02    2  -283.59947
    0.43000E-02    2  -282.72395
    0.49000E-02    2  -281.79339
    0.55000E-02    2  -280.82542
    0.61000E-02    2  -279.83604
    0.67000E-02    2  -278.83841
    0.73000E-02    2  -277.84667
    0.79000E-02    2  -276.87126
    0.85000E-02    2  -275.91587
    0.91000E-02    2  -274.98302
    0.97000E-02    2  -274.07175
    0.10300E-01    2  -273.18046
    0.10900E-01    2  -272.30795
    0.11500E-01    2  -271.45459
    0.12100E-01    2  -270.62016
    0.12700E-01    2  -269.80460
    0.13300E-01    2  -269.00787
    0.13900E-01    2  -268.22973
    0.14500E-01    2  -267.46955
    0.15100E-01    2  -266.72656
    0.15700E-01    2  -266.00116
    0.16300E-01    2  -265.29240
    0.16900E-01    2  -264.60071
    0.17500E-01    2  -263.92475
    0.18100E-01    2  -263.26471
    0.18700E-01    2  -262.62014
    0.19300E-01    2  -261.98995
    0.20200E-01    2  -259.67424
    0.25000E-01    2  -254.57404
    0.31000E-01    2  -250.56673
    0.37000E-01    2  -247.29239
    0.43000E-01    2  -244.49359
    0.49000E-01    2  -242.03395
    0.55000E-01    2  -239.83915
    0.61000E-01    2  -237.85261
    0.67000E-01    2  -236.04115
    0.73000E-01    2  -234.37338
    0.79000E-01    2  -232.83058
    0.85000E-01    2  -231.39542
    0.91000E-01    2  -230.05254
    0.97000E-01    2  -228.78966
    0.10300        2  -227.59908
    0.10900        2  -226.47501
    0.11500        2  -225.41000
    0.12100        2  -224.39896
    0.12700        2  -223.43677
    0.13300        2  -222.51912
    0.13900        2  -221.64196
    0.14500        2  -220.80199
    0.15100        2  -219.99766
    0.15700        2  -219.22470
    0.16300        2  -218.48263
    0.16900        2  -217.76945
    0.17500        2  -217.08111
    0.18100        2  -216.41992
    0.18700        2  -215.78427
    0.19300        2  -215.17251
    0.19900        2  -214.58425
    0.20500        2  -214.01768
    0.21100        2  -213.47026
    0.21700        2  -212.94296
    0.29500        2  -203.19053
    0.44500        2  -197.70696
    0.59500        2  -193.97929
    0.74500        2  -191.15495
    0.89500        2  -188.85249
     1.0450        2  -186.89973
     1.1950        2  -185.20580
     1.3450        2  -183.69753
     1.4950        2  -182.35471
     1.6450        2  -181.14904
     1.7950        2  -180.06298
     1.9450        2  -179.06555
     2.0950        2  -178.15602
     2.2450        2  -177.32687
     2.3950        2  -176.55680
     2.5450        2  -175.84853
     2.6950        2  -175.19957
     2.8450        2  -174.58957
     2.9950        2  -174.01950
     3.1450        2  -173.48454
     3.2950        2  -172.98552
     3.4450        2  -172.50712
     3.5950        2  -172.05708
     3.7450        2  -171.62441
     3.8950        2  -171.21386
     4.0450        2  -170.81713
     4.1950        2  -170.43589
     4.3450        2  -170.07042
     4.4950        2  -169.72032
     4.6450        2  -169.37973
     4.7950        2  -169.05097
     4.9450        2  -168.73207
     5.0950        2  -168.42452
     5.2450        2  -168.12297
     5.3950        2  -167.82901
     5.5450        2  -167.54593
     5.6950        2  -167.26993
     5.8450        2  -166.99804
     5.9950        2  -166.73715
     6.1450        2  -166.48085
     6.2950        2  -166.23019
     6.4450        2  -165.98506
     6.5950        2  -165.74676
     6.7450        2  -165.51475
     6.8950        2  -165.28526
     7.0450        2  -165.06377
     7.1950        2  -164.84287
     7.3450        2  -164.62641
     7.4950        2  -164.41587
     7.6450        2  -164.21010
     7.7950        2  -164.00717
     7.9450        2  -163.80852
     8.0950        2  -163.61430
     8.2450        2  -163.42247
     8.3950        2  -163.23443
     8.5450        2  -163.05183
     8.6950        2  -162.86894
     8.8450        2  -162.69128
     8.9950        2  -162.51532
     9.1450        2  -162.34259
     9.2950        2  -162.17186
     9.4450        2  -162.00391
     9.5950        2  -161.83999
     9.7450        2  -161.67686
     9.8950        2  -161.51775
     10.045        2  -161.36030
     10.195        2  -161.20377
     10.345        2  -161.05036
     10.495        2  -160.90031
     10.645        2  -160.75132
     10.795        2  -160.60283
     10.945        2  -160.45684
     11.095        2  -160.31342
     11.245        2  -160.17263
     11.395        2  -160.03359
     11.545        2  -159.89459
     11.695        2  -159.75919
     11.845        2  -159.62497
     11.995        2  -159.49349
     12.145        2  -159.36341
     12.295        2  -159.23357
     12.445        2  -159.10591
     12.595        2  -158.97844
     12.745        2  -158.85357
     12.895        2  -158.72978
     13.045        2  -158.60826
     13.195        2  -158.48819
     13.345        2  -158.36882
     13.495        2  -158.25077
     13.645        2  -158.13400
     13.795        2  -158.01884
     13.945        2  -157.90332
     14.095        2  -157.78971
     14.245        2  -157.67804
     14.395        2  -157.56733
     14.545        2  -157.45705
     14.695        2  -157.34884
     14.845        2  -157.24210
     14.995        2  -157.13515
     15.145        2  -157.02982
     15.295        2  -156.92591
     15.445        2  -156.82321
     15.595        2  -156.72003
     15.745        2  -156.61771
     15.895        2  -156.51824
     16.045        2  -156.41758
     16.195        2  -156.31813
     16.345        2  -156.22099
     16.495        2  -156.12227
     16.645        2  -156.02581
     16.795        2  -155.93022
     16.945        2  -155.83569
     17.095        2  -155.74209
     17.245        2  -155.64889
     17.395        2  -155.55761
     17.545        2  -155.46699
     17.695        2  -155.37669
     17.845        2  -155.28707
     17.995        2  -155.19855
     18.145        2  -155.10992
     18.295        2  -155.02286
     18.445        2  -154.93686
     18.595        2  -154.85045
     18.745        2  -154.76336
     18.895        2  -154.67885
     19.045        2  -154.59540
     19.195        2  -154.51172
     19.345        2  -154.42940
     19.495        2  -154.34624
     19.645        2  -154.26565
     19.795        2  -154.18502
     19.945        2  -154.10475
     20.095        2  -154.02447
     21.836        2  -151.60309
     30.068        2  -148.00893
     42.097        2  -144.43064
     58.937        2  -140.88954
     82.515        2  -137.39462
     115.53        2  -133.95077
     161.74        2  -130.56595
     226.45        2  -127.24626
     317.04        2  -123.99649
     443.87        2  -120.81563
     621.44        2  -117.71064
     870.05        2  -114.67724
     1218.1        2  -111.70958
     1705.4        2  -108.80938
     2387.7        2  -105.97951
     3342.9        2  -103.21947
     4680.2        2  -100.52371
     6552.5        2   -97.89422
     9173.8        2   -95.32831
     12844.        2   -92.83254
     17982.        2   -90.41201
     25176.        2   -88.07705
     35247.        2   -85.82710
     49348.        2   -83.66437
     69090.        2   -81.59224
     96729.        2   -79.61118
    0.13543E+06    2   -77.71778
    0.18960E+06    2   -75.91381
    0.26545E+06    2   -74.19428
    0.37165E+06    2   -72.55761
    0.52033E+06    2   -71.00138
    0.72849E+06    2   -69.52118
    0.10199E+07    2   -68.11144
    0.14279E+07    2   -66.77115
    0.19992E+07    2   -65.49633
    0.27990E+07    2   -64.28164
    0.39187E+07    2   -63.12733
    0.54864E+07    2   -62.02911
    0.76812E+07    2   -60.98560
    0.10754E+08    2   -59.99451
    0.15056E+08    2   -59.05255
    0.21080E+08    2   -58.16030
    0.29513E+08    2   -57.31007
    0.41319E+08    2   -56.50869
    0.57849E+08    2   -55.76216
    0.80991E+08    2   -55.07167
    0.11339E+09    2   -54.42925
    0.15875E+09    2   -53.83104
    0.22226E+09    2   -53.27302
    0.31118E+09    2   -52.75071
    0.43567E+09    2   -52.26173
    0.60996E+09    2   -51.81629
    0.85398E+09    2   -51.41215
    0.11956E+10    2   -51.04321
    0.16739E+10    2   -50.70424
    0.23436E+10    2   -50.39319
    0.32811E+10    2   -50.10795
    0.45937E+10    2   -49.84504
    0.64315E+10    2   -49.60343
    0.90044E+10    2   -49.38122
    0.12607E+11    2   -49.17698
    0.17650E+11    2   -48.98819
    0.24711E+11    2   -48.81580
    0.34596E+11    2   -48.65736
    0.48437E+11    2   -48.51083
    0.67814E+11    2   -48.37605
    0.10000E+12    2   -46.84260
