    -29.945        1     0.00000
    -29.795        1     0.00000
    -29.645        1     0.00000
    -29.495        1     0.00000
    -29.345        1     0.00000
    -29.195        1     0.00000
    -29.045        1     0.00000
    -28.895        1     0.00000
    -28.745        1     0.00000
    -28.595        1     0.00000
    -28.445        1     0.00000
    -28.295        1     0.00000
    -28.145        1     0.00000
    -27.995        1     0.00000
    -27.845        1     0.00000
    -27.695        1     0.00000
    -27.545        1     0.00000
    -27.395        1     0.00000
    -27.245        1     0.00000
    -27.095        1     0.00000
    -26.945        1     0.00000
    -26.795        1     0.00000
    -26.645        1     0.00000
    -26.495        1     0.00000
    -26.345        1     0.00000
    -26.195        1     0.00000
    -26.045        1     0.00000
    -25.895        1     0.00000
    -25.745        1     0.00000
    -25.595        1     0.00000
    -25.445        1     0.00000
    -25.295        1     0.00000
    -25.145        1     0.00000
    -24.995        1     0.00000
    -24.845        1     0.00000
    -24.695        1    -0.00017
    -24.545        1    -0.00051
    -24.395        1    -0.00051
    -24.245        1    -0.00085
    -24.095        1    -0.00169
    -23.945        1    -0.00405
    -23.795        1    -0.00856
    -23.645        1    -0.01220
    -23.495        1    -0.01965
    -23.345        1    -0.03001
    -23.195        1    -0.04610
    -23.045        1    -0.06621
    -22.895        1    -0.09145
    -22.745        1    -0.12473
    -22.595        1    -0.16114
    -22.445        1    -0.20257
    -22.295        1    -0.25043
    -22.145        1    -0.30625
    -21.995        1    -0.36479
    -21.845        1    -0.42532
    -21.695        1    -0.49104
    -21.545        1    -0.56463
    -21.395        1    -0.63876
    -21.245        1    -0.71185
    -21.095        1    -0.77985
    -20.945        1    -0.85118
    -20.795        1    -0.91826
    -20.645        1    -0.99106
    -20.495        1    -1.05305
    -20.345        1    -1.11544
    -20.195        1    -1.18136
    -20.045        1    -1.24219
    -19.895        1    -1.31028
    -19.745        1    -1.37969
    -19.595        1    -1.45542
    -19.445        1    -1.54028
    -19.295        1    -1.62976
    -19.145        1    -1.72948
    -18.995        1    -1.83988
    -18.845        1    -1.96210
    -18.695        1    -2.09817
    -18.545        1    -2.25260
    -18.395        1    -2.40238
    -18.245        1    -2.57985
    -18.095        1    -2.75249
    -17.945        1    -2.94352
    -17.795        1    -3.14341
    -17.645        1    -3.35249
    -17.495        1    -3.57036
    -17.345        1    -3.78263
    -17.195        1    -4.00439
    -17.045        1    -4.23667
    -16.895        1    -4.46156
    -16.745        1    -4.69266
    -16.595        1    -4.92492
    -16.445        1    -5.14097
    -16.295        1    -5.36451
    -16.145        1    -5.57709
    -15.995        1    -5.79546
    -15.845        1    -5.99584
    -15.695        1    -6.19789
    -15.545        1    -6.39493
    -15.395        1    -6.58289
    -15.245        1    -6.76831
    -15.095        1    -6.93112
    -14.945        1    -7.09820
    -14.795        1    -7.25102
    -14.645        1    -7.39717
    -14.495        1    -7.54398
    -14.345        1    -7.68949
    -14.195        1    -7.84515
    -14.045        1    -7.99068
    -13.895        1    -8.13780
    -13.745        1    -8.29779
    -13.595        1    -8.47268
    -13.445        1    -8.65016
    -13.295        1    -8.85245
    -13.145        1    -9.06333
    -12.995        1    -9.29206
    -12.845        1    -9.52573
    -12.695        1    -9.77110
    -12.545        1   -10.01766
    -12.395        1   -10.28775
    -12.245        1   -10.55037
    -12.095        1   -10.82873
    -11.945        1   -11.09598
    -11.795        1   -11.37205
    -11.645        1   -11.64752
    -11.495        1   -11.91386
    -11.345        1   -12.18490
    -11.195        1   -12.44803
    -11.045        1   -12.71138
    -10.895        1   -12.98202
    -10.745        1   -13.23722
    -10.595        1   -13.49072
    -10.445        1   -13.73965
    -10.295        1   -13.98786
    -10.145        1   -14.22224
    -9.9950        1   -14.45367
    -9.8450        1   -14.68240
    -9.6950        1   -14.90685
    -9.5450        1   -15.12414
    -9.3950        1   -15.34765
    -9.2450        1   -15.56283
    -9.0950        1   -15.77717
    -8.9450        1   -15.98182
    -8.7950        1   -16.19023
    -8.6450        1   -16.39397
    -8.4950        1   -16.59860
    -8.3450        1   -16.79606
    -8.1950        1   -16.99658
    -8.0450        1   -17.19133
    -7.8950        1   -17.38769
    -7.7450        1   -17.58634
    -7.5950        1   -17.79377
    -7.4450        1   -18.00461
    -7.2950        1   -18.21275
    -7.1450        1   -18.42821
    -6.9950        1   -18.64615
    -6.8450        1   -18.86838
    -6.6950        1   -19.09249
    -6.5450        1   -19.32075
    -6.3950        1   -19.55253
    -6.2450        1   -19.79348
    -6.0950        1   -20.03682
    -5.9450        1   -20.27388
    -5.7950        1   -20.51124
    -5.6450        1   -20.75458
    -5.4950        1   -20.99506
    -5.3450        1   -21.23851
    -5.1950        1   -21.48695
    -5.0450        1   -21.72803
    -4.8950        1   -21.97518
    -4.7450        1   -22.22640
    -4.5950        1   -22.48532
    -4.4450        1   -22.75066
    -4.2950        1   -23.02801
    -4.1450        1   -23.31595
    -3.9950        1   -23.61264
    -3.8450        1   -23.91621
    -3.6950        1   -24.23945
    -3.5450        1   -24.57005
    -3.3950        1   -24.92416
    -3.2450        1   -25.30340
    -3.0950        1   -25.70962
    -2.9450        1   -26.14199
    -2.7950        1   -26.61236
    -2.6450        1   -27.12216
    -2.4950        1   -27.66673
    -2.3450        1   -28.24507
    -2.1950        1   -28.84195
    -2.0450        1   -29.45806
    -1.8950        1   -30.07869
    -1.7450        1   -30.69400
    -1.5950        1   -31.30513
    -1.4450        1   -31.91394
    -1.2950        1   -32.51633
    -1.1450        1   -33.11799
   -0.99500        1   -33.72409
   -0.84500        1   -34.34867
   -0.69500        1   -35.01507
   -0.54500        1   -35.75221
   -0.39500        1   -36.60144
   -0.25300        1   -37.23626
   -0.21500        1   -37.27921
   -0.20900        1   -37.32279
   -0.20300        1   -37.36688
   -0.19700        1   -37.41121
   -0.19100        1   -37.45656
   -0.18500        1   -37.50244
   -0.17900        1   -37.54886
   -0.17300        1   -37.59673
   -0.16700        1   -37.64548
   -0.16100        1   -37.69483
   -0.15500        1   -37.74584
   -0.14900        1   -37.79758
   -0.14300        1   -37.85008
   -0.13700        1   -37.90428
   -0.13100        1   -37.96035
   -0.12500        1   -38.01759
   -0.11900        1   -38.07671
   -0.11300        1   -38.13747
   -0.10700        1   -38.20033
   -0.10100        1   -38.26601
   -0.95000E-01    1   -38.33389
   -0.89000E-01    1   -38.40480
   -0.83000E-01    1   -38.47934
   -0.77000E-01    1   -38.55812
   -0.71000E-01    1   -38.64077
   -0.65000E-01    1   -38.72906
   -0.59000E-01    1   -38.82333
   -0.53000E-01    1   -38.92541
   -0.47000E-01    1   -39.03694
   -0.41000E-01    1   -39.16096
   -0.35000E-01    1   -39.30147
   -0.29000E-01    1   -39.46497
   -0.23000E-01    1   -39.66023
   -0.19700E-01    1   -39.68179
   -0.19100E-01    1   -39.70387
   -0.18500E-01    1   -39.72646
   -0.17900E-01    1   -39.74948
   -0.17300E-01    1   -39.77304
   -0.16700E-01    1   -39.79717
   -0.16100E-01    1   -39.82192
   -0.15500E-01    1   -39.84728
   -0.14900E-01    1   -39.87320
   -0.14300E-01    1   -39.89974
   -0.13700E-01    1   -39.92687
   -0.13100E-01    1   -39.95473
   -0.12500E-01    1   -39.98327
   -0.11900E-01    1   -40.01247
   -0.11300E-01    1   -40.04234
   -0.10700E-01    1   -40.07290
   -0.10100E-01    1   -40.10419
   -0.95000E-02    1   -40.13610
   -0.89000E-02    1   -40.16868
   -0.83000E-02    1   -40.20187
   -0.77000E-02    1   -40.23555
   -0.71000E-02    1   -40.26976
   -0.65000E-02    1   -40.30427
   -0.59000E-02    1   -40.33873
   -0.53000E-02    1   -40.37252
   -0.47000E-02    1   -40.40498
   -0.41000E-02    1   -40.43542
   -0.35000E-02    1   -40.46306
   -0.29000E-02    1   -40.48729
   -0.23000E-02    1   -40.50743
   -0.17000E-02    1   -40.52299
   -0.11000E-02    1   -40.53359
   -0.50000E-03    1   -40.53892
    0.10000E-03    1   -40.53868
    0.70000E-03    1   -40.53288
    0.13000E-02    1   -40.52144
    0.19000E-02    1   -40.50483
    0.25000E-02    1   -40.48347
    0.31000E-02    1   -40.45814
    0.37000E-02    1   -40.42951
    0.43000E-02    1   -40.39833
    0.49000E-02    1   -40.36538
    0.55000E-02    1   -40.33138
    0.61000E-02    1   -40.29694
    0.67000E-02    1   -40.26259
    0.73000E-02    1   -40.22855
    0.79000E-02    1   -40.19511
    0.85000E-02    1   -40.16223
    0.91000E-02    1   -40.12996
    0.97000E-02    1   -40.09836
    0.10300E-01    1   -40.06740
    0.10900E-01    1   -40.03707
    0.11500E-01    1   -40.00751
    0.12100E-01    1   -39.97854
    0.12700E-01    1   -39.95035
    0.13300E-01    1   -39.92274
    0.13900E-01    1   -39.89589
    0.14500E-01    1   -39.86960
    0.15100E-01    1   -39.84394
    0.15700E-01    1   -39.81897
    0.16300E-01    1   -39.79458
    0.16900E-01    1   -39.77075
    0.17500E-01    1   -39.74742
    0.18100E-01    1   -39.72460
    0.18700E-01    1   -39.70222
    0.19300E-01    1   -39.68040
    0.20200E-01    1   -39.59984
    0.25000E-01    1   -39.41687
    0.31000E-01    1   -39.26250
    0.37000E-01    1   -39.12939
    0.43000E-01    1   -39.01164
    0.49000E-01    1   -38.90552
    0.55000E-01    1   -38.80908
    0.61000E-01    1   -38.72089
    0.67000E-01    1   -38.63941
    0.73000E-01    1   -38.56428
    0.79000E-01    1   -38.49418
    0.85000E-01    1   -38.42904
    0.91000E-01    1   -38.36790
    0.97000E-01    1   -38.31030
    0.10300        1   -38.25623
    0.10900        1   -38.20531
    0.11500        1   -38.15662
    0.12100        1   -38.11098
    0.12700        1   -38.06740
    0.13300        1   -38.02604
    0.13900        1   -37.98652
    0.14500        1   -37.94912
    0.15100        1   -37.91337
    0.15700        1   -37.87914
    0.16300        1   -37.84622
    0.16900        1   -37.81471
    0.17500        1   -37.78487
    0.18100        1   -37.75611
    0.18700        1   -37.72841
    0.19300        1   -37.70194
    0.19900        1   -37.67645
    0.20500        1   -37.65207
    0.21100        1   -37.62852
    0.21700        1   -37.60596
    0.29500        1   -37.20775
    0.44500        1   -37.00847
    0.59500        1   -36.87346
    0.74500        1   -36.76669
    0.89500        1   -36.67590
     1.0450        1   -36.59513
     1.1950        1   -36.52202
     1.3450        1   -36.45491
     1.4950        1   -36.39205
     1.6450        1   -36.33283
     1.7950        1   -36.27752
     1.9450        1   -36.22583
     2.0950        1   -36.17597
     2.2450        1   -36.12956
     2.3950        1   -36.08507
     2.5450        1   -36.04566
     2.6950        1   -36.00611
     2.8450        1   -35.96951
     2.9950        1   -35.93505
     3.1450        1   -35.90297
     3.2950        1   -35.87396
     3.4450        1   -35.84649
     3.5950        1   -35.82148
     3.7450        1   -35.79661
     3.8950        1   -35.77295
     4.0450        1   -35.75159
     4.1950        1   -35.72770
     4.3450        1   -35.70714
     4.4950        1   -35.68794
     4.6450        1   -35.66720
     4.7950        1   -35.65092
     4.9450        1   -35.63277
     5.0950        1   -35.61685
     5.2450        1   -35.60102
     5.3950        1   -35.58574
     5.5450        1   -35.57121
     5.6950        1   -35.55778
     5.8450        1   -35.54437
     5.9950        1   -35.53070
     6.1450        1   -35.51830
     6.2950        1   -35.50618
     6.4450        1   -35.49399
     6.5950        1   -35.48246
     6.7450        1   -35.47130
     6.8950        1   -35.46016
     7.0450        1   -35.44919
     7.1950        1   -35.43847
     7.3450        1   -35.42706
     7.4950        1   -35.41726
     7.6450        1   -35.40638
     7.7950        1   -35.39676
     7.9450        1   -35.38716
     8.0950        1   -35.37740
     8.2450        1   -35.36784
     8.3950        1   -35.35835
     8.5450        1   -35.34921
     8.6950        1   -35.33998
     8.8450        1   -35.33103
     8.9950        1   -35.32234
     9.1450        1   -35.31355
     9.2950        1   -35.30526
     9.4450        1   -35.29708
     9.5950        1   -35.28902
     9.7450        1   -35.28059
     9.8950        1   -35.27247
     10.045        1   -35.26434
     10.195        1   -35.25617
     10.345        1   -35.24803
     10.495        1   -35.24052
     10.645        1   -35.23259
     10.795        1   -35.22488
     10.945        1   -35.21754
     11.095        1   -35.21043
     11.245        1   -35.20316
     11.395        1   -35.19560
     11.545        1   -35.18847
     11.695        1   -35.18145
     11.845        1   -35.17449
     11.995        1   -35.16758
     12.145        1   -35.16060
     12.295        1   -35.15427
     12.445        1   -35.14761
     12.595        1   -35.14116
     12.745        1   -35.13452
     12.895        1   -35.12826
     13.045        1   -35.12220
     13.195        1   -35.11588
     13.345        1   -35.10970
     13.495        1   -35.10340
     13.645        1   -35.09728
     13.795        1   -35.09113
     13.945        1   -35.08514
     14.095        1   -35.07913
     14.245        1   -35.07307
     14.395        1   -35.06716
     14.545        1   -35.06168
     14.695        1   -35.05615
     14.845        1   -35.05043
     14.995        1   -35.04485
     15.145        1   -35.03920
     15.295        1   -35.03388
     15.445        1   -35.02838
     15.595        1   -35.02306
     15.745        1   -35.01778
     15.895        1   -35.01269
     16.045        1   -35.00730
     16.195        1   -35.00213
     16.345        1   -34.99680
     16.495        1   -34.99170
     16.645        1   -34.98647
     16.795        1   -34.98139
     16.945        1   -34.97635
     17.095        1   -34.97133
     17.245        1   -34.96658
     17.395        1   -34.96176
     17.545        1   -34.95681
     17.695        1   -34.95196
     17.845        1   -34.94735
     17.995        1   -34.94267
     18.145        1   -34.93767
     18.295        1   -34.93319
     18.445        1   -34.92854
     18.595        1   -34.92385
     18.745        1   -34.91893
     18.895        1   -34.91446
     19.045        1   -34.90998
     19.195        1   -34.90550
     19.345        1   -34.90103
     19.495        1   -34.89677
     19.645        1   -34.89241
     19.795        1   -34.88794
     19.945        1   -34.88358
     20.095        1   -34.87928
     20.245        1   -34.87494
     20.395        1   -34.87067
     20.545        1   -34.86635
     20.695        1   -34.86219
     20.845        1   -34.85808
     20.995        1   -34.85377
     21.145        1   -34.84936
     21.295        1   -34.84510
     21.445        1   -34.84118
     21.595        1   -34.83718
     21.745        1   -34.83306
     21.895        1   -34.82909
     22.045        1   -34.82520
     22.195        1   -34.82127
     22.345        1   -34.81737
     22.495        1   -34.81336
     22.645        1   -34.80970
     22.795        1   -34.80596
     22.945        1   -34.80212
     23.095        1   -34.79821
     23.245        1   -34.79457
     23.395        1   -34.79089
     23.545        1   -34.78729
     23.695        1   -34.78351
     23.845        1   -34.77971
     23.995        1   -34.77601
     24.145        1   -34.77230
     24.295        1   -34.76894
     24.445        1   -34.76530
     24.595        1   -34.76155
     24.745        1   -34.75780
     24.895        1   -34.75427
     25.045        1   -34.75088
     25.195        1   -34.74740
     25.345        1   -34.74387
     25.495        1   -34.74018
     25.645        1   -34.73661
     25.795        1   -34.73321
     25.945        1   -34.72986
     26.095        1   -34.72643
     26.245        1   -34.72312
     26.395        1   -34.71987
     26.545        1   -34.71646
     26.695        1   -34.71305
     26.845        1   -34.70969
     26.995        1   -34.70650
     27.145        1   -34.70298
     27.295        1   -34.69997
     27.445        1   -34.69680
     27.595        1   -34.69358
     27.745        1   -34.69023
     27.895        1   -34.68703
     28.045        1   -34.68389
     28.195        1   -34.68073
     28.345        1   -34.67755
     28.495        1   -34.67450
     28.645        1   -34.67152
     28.795        1   -34.66839
     28.945        1   -34.66521
     29.095        1   -34.66197
     29.245        1   -34.65900
     29.395        1   -34.65600
     29.545        1   -34.65292
     29.695        1   -34.64977
     29.845        1   -34.64688
     29.995        1   -34.64395
     30.145        1   -34.64095
     30.295        1   -34.63789
     30.445        1   -34.63484
     30.595        1   -34.63194
     30.745        1   -34.62886
     30.895        1   -34.62596
     31.045        1   -34.62299
     31.195        1   -34.62026
     31.345        1   -34.61746
     31.495        1   -34.61450
     31.645        1   -34.61140
     31.795        1   -34.60850
     31.945        1   -34.60581
     32.095        1   -34.60298
     32.245        1   -34.60023
     32.395        1   -34.59736
     32.545        1   -34.59444
     32.695        1   -34.59178
     32.845        1   -34.58907
     32.995        1   -34.58631
     33.145        1   -34.58365
     33.295        1   -34.58097
     33.445        1   -34.57838
     33.595        1   -34.57569
     33.745        1   -34.57306
     33.895        1   -34.57036
     34.045        1   -34.56780
     34.195        1   -34.56505
     34.345        1   -34.56260
     34.495        1   -34.56006
     34.645        1   -34.55750
     34.795        1   -34.55477
     34.945        1   -34.55238
     35.095        1   -34.54975
     35.245        1   -34.54723
     35.395        1   -34.54457
     35.545        1   -34.54197
     35.695        1   -34.53930
     35.845        1   -34.53684
     35.995        1   -34.53419
     36.145        1   -34.53173
     36.295        1   -34.52926
     36.445        1   -34.52669
     36.595        1   -34.52426
     36.745        1   -34.52171
     36.895        1   -34.51941
     37.045        1   -34.51696
     37.195        1   -34.51448
     37.345        1   -34.51184
     37.495        1   -34.50959
     37.645        1   -34.50711
     37.795        1   -34.50476
     37.945        1   -34.50250
     38.095        1   -34.50017
     38.245        1   -34.49778
     38.395        1   -34.49520
     38.545        1   -34.49273
     38.695        1   -34.49039
     38.845        1   -34.48785
     38.995        1   -34.48554
     39.145        1   -34.48316
     39.295        1   -34.48063
     39.445        1   -34.47825
     39.595        1   -34.47592
     39.745        1   -34.47372
     39.895        1   -34.47151
     40.045        1   -34.46927
     40.195        1   -34.46713
     40.345        1   -34.46492
     40.495        1   -34.46261
     40.645        1   -34.46046
     40.795        1   -34.45842
     40.945        1   -34.45613
     41.095        1   -34.45394
     41.245        1   -34.45146
     41.395        1   -34.44932
     41.545        1   -34.44712
     41.695        1   -34.44521
     41.845        1   -34.44302
     41.995        1   -34.44102
     42.145        1   -34.43869
     42.295        1   -34.43645
     42.445        1   -34.43429
     42.595        1   -34.43217
     42.745        1   -34.43005
     42.895        1   -34.42791
     43.045        1   -34.42584
     43.195        1   -34.42392
     43.345        1   -34.42180
     43.495        1   -34.41970
     43.645        1   -34.41754
     43.795        1   -34.41552
     43.945        1   -34.41336
     44.095        1   -34.41135
     44.245        1   -34.40915
     44.395        1   -34.40706
     44.545        1   -34.40518
     44.695        1   -34.40304
     44.845        1   -34.40110
     44.995        1   -34.39902
     45.145        1   -34.39708
     45.295        1   -34.39503
     45.445        1   -34.39315
     45.595        1   -34.39118
     45.745        1   -34.38912
     45.895        1   -34.38723
     46.045        1   -34.38517
     46.195        1   -34.38314
     46.345        1   -34.38133
     46.495        1   -34.37937
     46.645        1   -34.37745
     46.795        1   -34.37559
     46.945        1   -34.37373
     47.095        1   -34.37184
     47.245        1   -34.36990
     47.395        1   -34.36807
     47.545        1   -34.36622
     47.695        1   -34.36415
     47.845        1   -34.36220
     47.995        1   -34.36033
     48.145        1   -34.35848
     48.295        1   -34.35660
     48.445        1   -34.35479
     48.595        1   -34.35303
     48.745        1   -34.35107
     48.895        1   -34.34915
     49.045        1   -34.34725
     49.195        1   -34.34559
     49.345        1   -34.34376
     49.495        1   -34.34193
     49.645        1   -34.34012
     49.795        1   -34.33826
     49.945        1   -34.33650
     50.095        1   -34.33471
     50.245        1   -34.33305
     50.395        1   -34.33122
     50.545        1   -34.32945
     50.695        1   -34.32762
     50.845        1   -34.32589
     50.995        1   -34.32402
     51.145        1   -34.32225
     51.295        1   -34.32044
     51.445        1   -34.31855
     51.595        1   -34.31680
     51.745        1   -34.31506
     51.895        1   -34.31320
     52.045        1   -34.31143
     52.195        1   -34.30964
     52.345        1   -34.30798
     52.495        1   -34.30625
     52.645        1   -34.30438
     52.795        1   -34.30264
     52.945        1   -34.30087
     53.095        1   -34.29910
     53.245        1   -34.29727
     53.395        1   -34.29555
     53.545        1   -34.29388
     53.695        1   -34.29215
     53.845        1   -34.29049
     53.995        1   -34.28881
     54.145        1   -34.28702
     54.295        1   -34.28523
     54.445        1   -34.28355
     54.595        1   -34.28183
     54.745        1   -34.28010
     54.895        1   -34.27835
     55.045        1   -34.27665
     55.195        1   -34.27494
     55.345        1   -34.27329
     55.495        1   -34.27164
     55.645        1   -34.26990
     55.795        1   -34.26819
     55.945        1   -34.26644
     56.095        1   -34.26481
     56.245        1   -34.26322
     56.395        1   -34.26147
     56.545        1   -34.25976
     56.695        1   -34.25810
     56.845        1   -34.25659
     56.995        1   -34.25492
     57.145        1   -34.25338
     57.295        1   -34.25173
     57.445        1   -34.25003
     57.595        1   -34.24855
     57.745        1   -34.24696
     57.895        1   -34.24534
     58.045        1   -34.24373
     58.195        1   -34.24218
     58.345        1   -34.24063
     58.495        1   -34.23905
     58.645        1   -34.23743
     58.795        1   -34.23590
     58.945        1   -34.23425
     59.095        1   -34.23272
     59.245        1   -34.23107
     59.395        1   -34.22966
     59.545        1   -34.22812
     59.695        1   -34.22665
     59.845        1   -34.22508
     59.995        1   -34.22364
     60.145        1   -34.22222
     70.939        1   -34.02406
     97.698        1   -33.82411
     134.55        1   -33.62484
     185.30        1   -33.42784
     255.20        1   -33.23129
     351.46        1   -33.03532
     484.04        1   -32.84192
     666.62        1   -32.65136
     918.07        1   -32.46238
     1264.4        1   -32.27716
     1741.3        1   -32.09265
     2398.1        1   -31.91157
     3302.7        1   -31.73328
     4548.5        1   -31.55662
     6264.3        1   -31.38314
     8627.2        1   -31.21245
     11881.        1   -31.04403
     16363.        1   -30.87820
     22535.        1   -30.71509
     31036.        1   -30.55336
     42743.        1   -30.39474
     58866.        1   -30.23809
     81070.        1   -30.08353
    0.11165E+06    1   -29.93076
    0.15377E+06    1   -29.78017
    0.21177E+06    1   -29.63124
    0.29165E+06    1   -29.48369
    0.40166E+06    1   -29.33711
    0.55317E+06    1   -29.19279
    0.76182E+06    1   -29.04829
    0.10492E+07    1   -28.90512
    0.14449E+07    1   -28.76272
    0.19900E+07    1   -28.62056
    0.27406E+07    1   -28.47833
    0.37744E+07    1   -28.33570
    0.51981E+07    1   -28.19207
    0.71589E+07    1   -28.04869
    0.98593E+07    1   -27.90513
    0.13578E+08    1   -27.76069
    0.18700E+08    1   -27.61543
    0.25754E+08    1   -27.47006
    0.35468E+08    1   -27.32510
    0.48847E+08    1   -27.18265
    0.67273E+08    1   -27.04389
    0.92648E+08    1   -26.90877
    0.12760E+09    1   -26.77725
    0.17573E+09    1   -26.64895
    0.24201E+09    1   -26.52432
    0.33330E+09    1   -26.40459
    0.45902E+09    1   -26.29053
    0.63217E+09    1   -26.18356
    0.87062E+09    1   -26.08291
    0.11990E+10    1   -25.98893
    0.16513E+10    1   -25.90129
    0.22742E+10    1   -25.81946
    0.31320E+10    1   -25.74336
    0.43134E+10    1   -25.67231
    0.59405E+10    1   -25.60627
    0.81813E+10    1   -25.54454
    0.11267E+11    1   -25.48730
    0.15517E+11    1   -25.43390
    0.21371E+11    1   -25.38429
    0.29432E+11    1   -25.33808
    0.40534E+11    1   -25.29530
    0.55823E+11    1   -25.25529
    0.10000E+12    1   -24.75887
    -149.95        2     0.00000
    -149.79        2     0.00000
    -149.65        2     0.00000
    -149.49        2     0.00000
    -149.34        2     0.00000
    -149.20        2     0.00000
    -149.04        2     0.00000
    -148.90        2     0.00000
    -148.74        2     0.00000
    -148.59        2     0.00000
    -148.45        2     0.00000
    -148.29        2     0.00000
    -148.15        2     0.00000
    -147.99        2     0.00000
    -147.84        2     0.00000
    -147.70        2     0.00000
    -147.54        2     0.00000
    -147.40        2     0.00000
    -147.24        2     0.00000
    -147.09        2     0.00000
    -146.95        2     0.00000
    -146.79        2     0.00000
    -146.65        2     0.00000
    -146.49        2     0.00000
    -146.34        2     0.00000
    -146.20        2     0.00000
    -146.04        2     0.00000
    -145.90        2     0.00000
    -145.74        2     0.00000
    -145.59        2     0.00000
    -145.45        2     0.00000
    -145.29        2     0.00000
    -145.15        2     0.00000
    -144.99        2     0.00000
    -144.84        2     0.00000
    -144.70        2     0.00000
    -144.54        2     0.00000
    -144.40        2     0.00000
    -144.24        2     0.00000
    -144.09        2     0.00000
    -143.95        2     0.00000
    -143.79        2     0.00000
    -143.65        2     0.00000
    -143.49        2     0.00000
    -143.34        2     0.00000
    -143.20        2     0.00000
    -143.04        2     0.00000
    -142.90        2     0.00000
    -142.74        2     0.00000
    -142.59        2     0.00000
    -142.45        2     0.00000
    -142.29        2     0.00000
    -142.15        2     0.00000
    -141.99        2     0.00000
    -141.84        2     0.00000
    -141.70        2     0.00000
    -141.54        2     0.00000
    -141.40        2     0.00000
    -141.24        2     0.00000
    -141.09        2     0.00000
    -140.95        2     0.00000
    -140.79        2     0.00000
    -140.65        2     0.00000
    -140.49        2     0.00000
    -140.34        2     0.00000
    -140.20        2     0.00000
    -140.04        2     0.00000
    -139.90        2     0.00000
    -139.74        2     0.00000
    -139.59        2     0.00000
    -139.45        2     0.00000
    -139.29        2     0.00000
    -139.15        2     0.00000
    -138.99        2     0.00000
    -138.84        2     0.00000
    -138.70        2     0.00000
    -138.54        2     0.00000
    -138.40        2     0.00000
    -138.24        2     0.00000
    -138.09        2     0.00000
    -137.95        2     0.00000
    -137.79        2     0.00000
    -137.65        2     0.00000
    -137.49        2     0.00000
    -137.34        2     0.00000
    -137.20        2     0.00000
    -137.04        2     0.00000
    -136.90        2     0.00000
    -136.74        2     0.00000
    -136.59        2     0.00000
    -136.45        2     0.00000
    -136.29        2     0.00000
    -136.15        2     0.00000
    -135.99        2     0.00000
    -135.84        2     0.00000
    -135.70        2     0.00000
    -135.54        2     0.00000
    -135.40        2     0.00000
    -135.24        2     0.00000
    -135.09        2     0.00000
    -134.95        2     0.00000
    -134.79        2     0.00000
    -134.65        2     0.00000
    -134.49        2     0.00000
    -134.34        2     0.00000
    -134.20        2     0.00000
    -134.04        2     0.00000
    -133.90        2     0.00000
    -133.74        2     0.00000
    -133.59        2     0.00000
    -133.45        2     0.00000
    -133.29        2     0.00000
    -133.15        2     0.00000
    -132.99        2     0.00000
    -132.84        2     0.00000
    -132.70        2     0.00000
    -132.54        2     0.00000
    -132.40        2     0.00000
    -132.24        2     0.00000
    -132.09        2     0.00000
    -131.95        2     0.00000
    -131.79        2     0.00000
    -131.65        2     0.00000
    -131.49        2     0.00000
    -131.34        2     0.00000
    -131.20        2     0.00000
    -131.04        2     0.00000
    -130.90        2     0.00000
    -130.74        2     0.00000
    -130.59        2     0.00000
    -130.45        2     0.00000
    -130.29        2     0.00000
    -130.15        2     0.00000
    -129.99        2     0.00000
    -129.84        2     0.00000
    -129.70        2     0.00000
    -129.54        2     0.00000
    -129.40        2     0.00000
    -129.24        2     0.00000
    -129.09        2     0.00000
    -128.95        2     0.00000
    -128.79        2     0.00000
    -128.65        2     0.00000
    -128.49        2     0.00000
    -128.34        2     0.00000
    -128.20        2     0.00000
    -128.04        2     0.00000
    -127.89        2     0.00000
    -127.75        2     0.00000
    -127.60        2     0.00000
    -127.44        2     0.00000
    -127.30        2     0.00000
    -127.14        2     0.00000
    -127.00        2     0.00000
    -126.85        2     0.00000
    -126.69        2     0.00000
    -126.55        2     0.00000
    -126.39        2     0.00000
    -126.25        2     0.00000
    -126.10        2     0.00000
    -125.94        2     0.00000
    -125.80        2     0.00000
    -125.64        2     0.00000
    -125.50        2     0.00000
    -125.35        2     0.00000
    -125.19        2     0.00000
    -125.05        2     0.00000
    -124.89        2     0.00000
    -124.75        2     0.00000
    -124.60        2     0.00000
    -124.44        2     0.00000
    -124.30        2     0.00000
    -124.14        2     0.00000
    -124.00        2     0.00000
    -123.85        2     0.00000
    -123.69        2     0.00000
    -123.55        2     0.00000
    -123.39        2     0.00000
    -123.25        2     0.00000
    -123.10        2     0.00000
    -122.94        2     0.00000
    -122.80        2     0.00000
    -122.64        2     0.00000
    -122.50        2     0.00000
    -122.35        2     0.00000
    -122.19        2     0.00000
    -122.05        2     0.00000
    -121.89        2     0.00000
    -121.75        2     0.00000
    -121.60        2     0.00000
    -121.44        2     0.00000
    -121.30        2     0.00000
    -121.14        2     0.00000
    -121.00        2     0.00000
    -120.85        2     0.00000
    -120.69        2     0.00000
    -120.55        2     0.00000
    -120.39        2     0.00000
    -120.25        2     0.00000
    -120.10        2     0.00000
    -119.94        2     0.00000
    -119.80        2     0.00000
    -119.64        2     0.00000
    -119.50        2     0.00000
    -119.35        2     0.00000
    -119.19        2     0.00000
    -119.05        2     0.00000
    -118.89        2     0.00000
    -118.75        2     0.00000
    -118.60        2     0.00000
    -118.44        2     0.00000
    -118.30        2     0.00000
    -118.14        2     0.00000
    -118.00        2     0.00000
    -117.85        2     0.00000
    -117.69        2     0.00000
    -117.55        2     0.00000
    -117.39        2     0.00000
    -117.25        2     0.00000
    -117.10        2     0.00000
    -116.94        2     0.00000
    -116.80        2     0.00000
    -116.64        2     0.00000
    -116.50        2     0.00000
    -116.35        2     0.00000
    -116.19        2     0.00000
    -116.05        2     0.00000
    -115.89        2     0.00000
    -115.75        2     0.00000
    -115.60        2     0.00000
    -115.44        2     0.00000
    -115.30        2     0.00000
    -115.14        2     0.00000
    -115.00        2     0.00000
    -114.85        2     0.00000
    -114.69        2     0.00000
    -114.55        2     0.00000
    -114.39        2     0.00000
    -114.25        2     0.00000
    -114.10        2     0.00000
    -113.94        2     0.00000
    -113.80        2     0.00000
    -113.64        2     0.00000
    -113.50        2     0.00000
    -113.35        2     0.00000
    -113.19        2     0.00000
    -113.05        2     0.00000
    -112.89        2     0.00000
    -112.75        2     0.00000
    -112.60        2     0.00000
    -112.44        2     0.00000
    -112.30        2     0.00000
    -112.14        2     0.00000
    -112.00        2     0.00000
    -111.85        2     0.00000
    -111.69        2     0.00000
    -111.55        2     0.00000
    -111.39        2     0.00000
    -111.25        2     0.00000
    -111.10        2     0.00000
    -110.94        2     0.00000
    -110.80        2     0.00000
    -110.64        2     0.00000
    -110.50        2     0.00000
    -110.35        2     0.00000
    -110.19        2     0.00000
    -110.05        2     0.00000
    -109.89        2     0.00000
    -109.75        2     0.00000
    -109.60        2     0.00000
    -109.44        2     0.00000
    -109.30        2     0.00000
    -109.14        2     0.00000
    -109.00        2     0.00000
    -108.85        2     0.00000
    -108.69        2     0.00000
    -108.55        2     0.00000
    -108.39        2     0.00000
    -108.25        2     0.00000
    -108.10        2     0.00000
    -107.94        2     0.00000
    -107.80        2     0.00000
    -107.64        2     0.00000
    -107.50        2     0.00000
    -107.35        2     0.00000
    -107.19        2     0.00000
    -107.05        2     0.00000
    -106.89        2     0.00000
    -106.75        2     0.00000
    -106.60        2     0.00000
    -106.44        2     0.00000
    -106.30        2     0.00000
    -106.14        2     0.00000
    -106.00        2     0.00000
    -105.85        2     0.00000
    -105.69        2     0.00000
    -105.55        2     0.00000
    -105.39        2     0.00000
    -105.25        2     0.00000
    -105.10        2     0.00000
    -104.94        2     0.00000
    -104.80        2     0.00000
    -104.64        2     0.00000
    -104.50        2     0.00000
    -104.35        2     0.00000
    -104.19        2     0.00000
    -104.05        2     0.00000
    -103.89        2     0.00000
    -103.75        2     0.00000
    -103.60        2     0.00000
    -103.44        2     0.00000
    -103.30        2     0.00000
    -103.14        2     0.00000
    -103.00        2     0.00000
    -102.85        2     0.00000
    -102.69        2     0.00000
    -102.55        2     0.00000
    -102.39        2     0.00000
    -102.25        2     0.00000
    -102.10        2     0.00000
    -101.94        2     0.00000
    -101.80        2     0.00000
    -101.64        2     0.00000
    -101.50        2     0.00000
    -101.35        2     0.00000
    -101.19        2     0.00000
    -101.05        2     0.00000
    -100.89        2     0.00000
    -100.75        2     0.00000
    -100.60        2     0.00000
    -100.44        2     0.00000
    -100.30        2     0.00000
    -100.14        2     0.00000
    -99.995        2     0.00000
    -99.845        2     0.00000
    -99.695        2     0.00000
    -99.545        2     0.00000
    -99.395        2     0.00000
    -99.245        2     0.00000
    -99.095        2     0.00000
    -98.945        2     0.00000
    -98.795        2     0.00000
    -98.645        2     0.00000
    -98.495        2     0.00000
    -98.345        2     0.00000
    -98.195        2     0.00000
    -98.045        2     0.00000
    -97.895        2     0.00000
    -97.745        2     0.00000
    -97.595        2     0.00000
    -97.445        2     0.00000
    -97.295        2     0.00000
    -97.145        2     0.00000
    -96.995        2     0.00000
    -96.845        2     0.00000
    -96.695        2     0.00000
    -96.545        2     0.00000
    -96.395        2     0.00000
    -96.245        2     0.00000
    -96.095        2     0.00000
    -95.945        2     0.00000
    -95.795        2     0.00000
    -95.645        2     0.00000
    -95.495        2     0.00000
    -95.345        2     0.00000
    -95.195        2     0.00000
    -95.045        2     0.00000
    -94.895        2     0.00000
    -94.745        2     0.00000
    -94.595        2     0.00000
    -94.445        2     0.00000
    -94.295        2     0.00000
    -94.145        2     0.00000
    -93.995        2     0.00000
    -93.845        2     0.00000
    -93.695        2     0.00000
    -93.545        2     0.00000
    -93.395        2     0.00000
    -93.245        2     0.00000
    -93.095        2     0.00000
    -92.945        2     0.00000
    -92.795        2     0.00000
    -92.645        2     0.00000
    -92.495        2     0.00000
    -92.345        2     0.00000
    -92.195        2     0.00000
    -92.045        2     0.00000
    -91.895        2     0.00000
    -91.745        2     0.00000
    -91.595        2     0.00000
    -91.445        2     0.00000
    -91.295        2     0.00000
    -91.145        2     0.00000
    -90.995        2     0.00000
    -90.845        2     0.00000
    -90.695        2     0.00000
    -90.545        2     0.00000
    -90.395        2     0.00000
    -90.245        2     0.00000
    -90.095        2     0.00000
    -89.945        2     0.00000
    -89.795        2     0.00000
    -89.645        2     0.00000
    -89.495        2     0.00000
    -89.345        2     0.00000
    -89.195        2     0.00000
    -89.045        2     0.00000
    -88.895        2     0.00000
    -88.745        2     0.00000
    -88.595        2     0.00000
    -88.445        2     0.00000
    -88.295        2     0.00000
    -88.145        2     0.00000
    -87.995        2     0.00000
    -87.845        2     0.00000
    -87.695        2     0.00000
    -87.545        2     0.00000
    -87.395        2     0.00000
    -87.245        2     0.00000
    -87.095        2     0.00000
    -86.945        2     0.00000
    -86.795        2     0.00000
    -86.645        2     0.00000
    -86.495        2     0.00000
    -86.345        2     0.00000
    -86.195        2     0.00000
    -86.045        2     0.00000
    -85.895        2     0.00000
    -85.745        2     0.00000
    -85.595        2     0.00000
    -85.445        2     0.00000
    -85.295        2     0.00000
    -85.145        2     0.00000
    -84.995        2     0.00000
    -84.845        2     0.00000
    -84.695        2     0.00000
    -84.545        2     0.00000
    -84.395        2     0.00000
    -84.245        2     0.00000
    -84.095        2     0.00000
    -83.945        2     0.00000
    -83.795        2     0.00000
    -83.645        2     0.00000
    -83.495        2     0.00000
    -83.345        2     0.00000
    -83.195        2     0.00000
    -83.045        2     0.00000
    -82.895        2     0.00000
    -82.745        2     0.00000
    -82.595        2     0.00000
    -82.445        2     0.00000
    -82.295        2     0.00000
    -82.145        2     0.00000
    -81.995        2     0.00000
    -81.845        2     0.00000
    -81.695        2     0.00000
    -81.545        2     0.00000
    -81.395        2     0.00000
    -81.245        2     0.00000
    -81.095        2     0.00000
    -80.945        2     0.00000
    -80.795        2     0.00000
    -80.645        2     0.00000
    -80.495        2     0.00000
    -80.345        2     0.00000
    -80.195        2     0.00000
    -80.045        2     0.00000
    -79.895        2     0.00000
    -79.745        2     0.00000
    -79.595        2     0.00000
    -79.445        2     0.00000
    -79.295        2     0.00000
    -79.145        2     0.00000
    -78.995        2     0.00000
    -78.845        2     0.00000
    -78.695        2     0.00000
    -78.545        2     0.00000
    -78.395        2     0.00000
    -78.245        2     0.00000
    -78.095        2     0.00000
    -77.945        2     0.00000
    -77.795        2     0.00000
    -77.645        2     0.00000
    -77.495        2     0.00000
    -77.345        2     0.00000
    -77.195        2     0.00000
    -77.045        2     0.00000
    -76.895        2     0.00000
    -76.745        2     0.00000
    -76.595        2     0.00000
    -76.445        2     0.00000
    -76.295        2     0.00000
    -76.145        2     0.00000
    -75.995        2     0.00000
    -75.845        2     0.00000
    -75.695        2     0.00000
    -75.545        2     0.00000
    -75.395        2     0.00000
    -75.245        2     0.00000
    -75.095        2     0.00000
    -74.945        2     0.00000
    -74.795        2     0.00000
    -74.645        2     0.00000
    -74.495        2     0.00000
    -74.345        2     0.00000
    -74.195        2     0.00000
    -74.045        2     0.00000
    -73.895        2     0.00000
    -73.745        2     0.00000
    -73.595        2     0.00000
    -73.445        2     0.00000
    -73.295        2     0.00000
    -73.145        2     0.00000
    -72.995        2     0.00000
    -72.845        2     0.00000
    -72.695        2     0.00000
    -72.545        2     0.00000
    -72.395        2     0.00000
    -72.245        2     0.00000
    -72.095        2     0.00000
    -71.945        2     0.00000
    -71.795        2     0.00000
    -71.645        2     0.00000
    -71.495        2     0.00000
    -71.345        2     0.00000
    -71.195        2     0.00000
    -71.045        2     0.00000
    -70.895        2     0.00000
    -70.745        2     0.00000
    -70.595        2     0.00000
    -70.445        2     0.00000
    -70.295        2     0.00000
    -70.145        2     0.00000
    -69.995        2     0.00000
    -69.845        2     0.00000
    -69.695        2     0.00000
    -69.545        2     0.00000
    -69.395        2     0.00000
    -69.245        2     0.00000
    -69.095        2     0.00000
    -68.945        2     0.00000
    -68.795        2     0.00000
    -68.645        2     0.00000
    -68.495        2     0.00000
    -68.345        2     0.00000
    -68.195        2     0.00000
    -68.045        2     0.00000
    -67.895        2     0.00000
    -67.745        2     0.00000
    -67.595        2     0.00000
    -67.445        2     0.00000
    -67.295        2     0.00000
    -67.145        2     0.00000
    -66.995        2     0.00000
    -66.845        2     0.00000
    -66.695        2     0.00000
    -66.545        2     0.00000
    -66.395        2     0.00000
    -66.245        2     0.00000
    -66.095        2     0.00000
    -65.945        2     0.00000
    -65.795        2     0.00000
    -65.645        2     0.00000
    -65.495        2     0.00000
    -65.345        2     0.00000
    -65.195        2     0.00000
    -65.045        2     0.00000
    -64.895        2     0.00000
    -64.745        2     0.00000
    -64.595        2     0.00000
    -64.445        2     0.00000
    -64.295        2     0.00000
    -64.145        2     0.00000
    -63.995        2     0.00000
    -63.845        2     0.00000
    -63.695        2     0.00000
    -63.545        2     0.00000
    -63.395        2     0.00000
    -63.245        2     0.00000
    -63.095        2     0.00000
    -62.945        2     0.00000
    -62.795        2     0.00000
    -62.645        2     0.00000
    -62.495        2     0.00000
    -62.345        2     0.00000
    -62.195        2     0.00000
    -62.045        2     0.00000
    -61.895        2     0.00000
    -61.745        2     0.00000
    -61.595        2     0.00000
    -61.445        2     0.00000
    -61.295        2     0.00000
    -61.145        2     0.00000
    -60.995        2     0.00000
    -60.845        2     0.00000
    -60.695        2     0.00000
    -60.545        2     0.00000
    -60.395        2     0.00000
    -60.245        2     0.00000
    -60.095        2     0.00000
    -59.945        2     0.00000
    -59.795        2     0.00000
    -59.645        2     0.00000
    -59.495        2     0.00000
    -59.345        2     0.00000
    -59.195        2     0.00000
    -59.045        2     0.00000
    -58.895        2     0.00000
    -58.745        2     0.00000
    -58.595        2     0.00000
    -58.445        2     0.00000
    -58.295        2     0.00000
    -58.145        2     0.00000
    -57.995        2     0.00000
    -57.845        2     0.00000
    -57.695        2     0.00000
    -57.545        2     0.00000
    -57.395        2     0.00000
    -57.245        2     0.00000
    -57.095        2     0.00000
    -56.945        2     0.00000
    -56.795        2     0.00000
    -56.645        2     0.00000
    -56.495        2     0.00000
    -56.345        2     0.00000
    -56.195        2     0.00000
    -56.045        2     0.00000
    -55.895        2     0.00000
    -55.745        2     0.00000
    -55.595        2     0.00000
    -55.445        2     0.00000
    -55.295        2     0.00000
    -55.145        2     0.00000
    -54.995        2     0.00000
    -54.845        2     0.00000
    -54.695        2     0.00000
    -54.545        2     0.00000
    -54.395        2     0.00000
    -54.245        2     0.00000
    -54.095        2     0.00000
    -53.945        2     0.00000
    -53.795        2     0.00000
    -53.645        2     0.00000
    -53.495        2     0.00000
    -53.345        2     0.00000
    -53.195        2     0.00000
    -53.045        2     0.00000
    -52.895        2     0.00000
    -52.745        2     0.00000
    -52.595        2     0.00000
    -52.445        2     0.00000
    -52.295        2     0.00000
    -52.145        2     0.00000
    -51.995        2     0.00000
    -51.845        2     0.00000
    -51.695        2     0.00000
    -51.545        2     0.00000
    -51.395        2     0.00000
    -51.245        2     0.00000
    -51.095        2     0.00000
    -50.945        2     0.00000
    -50.795        2     0.00000
    -50.645        2     0.00000
    -50.495        2     0.00000
    -50.345        2     0.00000
    -50.195        2     0.00000
    -50.045        2     0.00000
    -49.895        2     0.00000
    -49.745        2     0.00000
    -49.595        2     0.00000
    -49.445        2     0.00000
    -49.295        2     0.00000
    -49.145        2     0.00000
    -48.995        2     0.00000
    -48.845        2     0.00000
    -48.695        2     0.00000
    -48.545        2     0.00000
    -48.395        2     0.00000
    -48.245        2     0.00000
    -48.095        2     0.00000
    -47.945        2     0.00000
    -47.795        2     0.00000
    -47.645        2     0.00000
    -47.495        2     0.00000
    -47.345        2     0.00000
    -47.195        2     0.00000
    -47.045        2     0.00000
    -46.895        2     0.00000
    -46.745        2     0.00000
    -46.595        2     0.00000
    -46.445        2     0.00000
    -46.295        2     0.00000
    -46.145        2     0.00000
    -45.995        2     0.00000
    -45.845        2     0.00000
    -45.695        2     0.00000
    -45.545        2     0.00000
    -45.395        2     0.00000
    -45.245        2     0.00000
    -45.095        2     0.00000
    -44.945        2     0.00000
    -44.795        2     0.00000
    -44.645        2     0.00000
    -44.495        2     0.00000
    -44.345        2     0.00000
    -44.195        2     0.00000
    -44.045        2     0.00000
    -43.895        2     0.00000
    -43.745        2     0.00000
    -43.595        2     0.00000
    -43.445        2     0.00000
    -43.295        2     0.00000
    -43.145        2     0.00000
    -42.995        2     0.00000
    -42.845        2     0.00000
    -42.695        2     0.00000
    -42.545        2     0.00000
    -42.395        2     0.00000
    -42.245        2     0.00000
    -42.095        2     0.00000
    -41.945        2     0.00000
    -41.795        2     0.00000
    -41.645        2     0.00000
    -41.495        2     0.00000
    -41.345        2     0.00000
    -41.195        2     0.00000
    -41.045        2     0.00000
    -40.895        2     0.00000
    -40.745        2     0.00000
    -40.595        2     0.00000
    -40.445        2     0.00000
    -40.295        2     0.00000
    -40.145        2     0.00000
    -39.995        2     0.00000
    -39.845        2     0.00000
    -39.695        2     0.00000
    -39.545        2     0.00000
    -39.395        2     0.00000
    -39.245        2     0.00000
    -39.095        2     0.00000
    -38.945        2     0.00000
    -38.795        2     0.00000
    -38.645        2     0.00000
    -38.495        2     0.00000
    -38.345        2     0.00000
    -38.195        2     0.00000
    -38.045        2     0.00000
    -37.895        2     0.00000
    -37.745        2     0.00000
    -37.595        2     0.00000
    -37.445        2     0.00000
    -37.295        2     0.00000
    -37.145        2     0.00000
    -36.995        2     0.00000
    -36.845        2     0.00000
    -36.695        2     0.00000
    -36.545        2     0.00000
    -36.395        2     0.00000
    -36.245        2     0.00000
    -36.095        2     0.00000
    -35.945        2     0.00000
    -35.795        2     0.00000
    -35.645        2     0.00000
    -35.495        2     0.00000
    -35.345        2     0.00000
    -35.195        2     0.00000
    -35.045        2     0.00000
    -34.895        2     0.00000
    -34.745        2     0.00000
    -34.595        2     0.00000
    -34.445        2     0.00000
    -34.295        2     0.00000
    -34.145        2     0.00000
    -33.995        2     0.00000
    -33.845        2     0.00000
    -33.695        2     0.00000
    -33.545        2     0.00000
    -33.395        2     0.00000
    -33.245        2     0.00000
    -33.095        2     0.00000
    -32.945        2     0.00000
    -32.795        2     0.00000
    -32.645        2     0.00000
    -32.495        2     0.00000
    -32.345        2     0.00000
    -32.195        2     0.00000
    -32.045        2     0.00000
    -31.895        2     0.00000
    -31.745        2     0.00000
    -31.595        2     0.00000
    -31.445        2     0.00000
    -31.295        2     0.00000
    -31.145        2     0.00000
    -30.995        2     0.00000
    -30.845        2     0.00000
    -30.695        2     0.00000
    -30.545        2     0.00000
    -30.395        2     0.00000
    -30.245        2     0.00000
    -30.095        2     0.00000
    -29.945        2     0.00000
    -29.795        2     0.00000
    -29.645        2     0.00000
    -29.495        2     0.00000
    -29.345        2     0.00000
    -29.195        2     0.00000
    -29.045        2     0.00000
    -28.895        2     0.00000
    -28.745        2     0.00000
    -28.595        2     0.00000
    -28.445        2     0.00000
    -28.295        2     0.00000
    -28.145        2     0.00000
    -27.995        2     0.00000
    -27.845        2     0.00000
    -27.695        2     0.00000
    -27.545        2     0.00000
    -27.395        2     0.00000
    -27.245        2     0.00000
    -27.095        2     0.00000
    -26.945        2     0.00000
    -26.795        2     0.00000
    -26.645        2     0.00000
    -26.495        2     0.00000
    -26.345        2     0.00000
    -26.195        2     0.00000
    -26.045        2     0.00000
    -25.895        2     0.00000
    -25.745        2     0.00000
    -25.595        2     0.00000
    -25.445        2     0.00000
    -25.295        2     0.00000
    -25.145        2     0.00000
    -24.995        2     0.00000
    -24.845        2     0.00000
    -24.695        2     0.00000
    -24.545        2     0.00000
    -24.395        2     0.00000
    -24.245        2     0.00000
    -24.095        2     0.00000
    -23.945        2     0.00000
    -23.795        2     0.00000
    -23.645        2     0.00000
    -23.495        2     0.00000
    -23.345        2     0.00000
    -23.195        2     0.00000
    -23.045        2     0.00000
    -22.895        2     0.00000
    -22.745        2     0.00000
    -22.595        2     0.00000
    -22.445        2     0.00000
    -22.295        2     0.00000
    -22.145        2     0.00000
    -21.995        2     0.00000
    -21.845        2     0.00000
    -21.695        2     0.00000
    -21.545        2     0.00000
    -21.395        2     0.00000
    -21.245        2     0.00000
    -21.095        2     0.00000
    -20.945        2     0.00000
    -20.795        2     0.00000
    -20.645        2     0.00000
    -20.495        2     0.00000
    -20.345        2     0.00000
    -20.195        2     0.00000
    -20.045        2     0.00000
    -19.895        2     0.00000
    -19.745        2     0.00000
    -19.595        2     0.00000
    -19.445        2     0.00000
    -19.295        2     0.00000
    -19.145        2     0.00000
    -18.995        2     0.00000
    -18.845        2     0.00000
    -18.695        2     0.00000
    -18.545        2     0.00000
    -18.395        2     0.00000
    -18.245        2     0.00000
    -18.095        2     0.00000
    -17.945        2     0.00000
    -17.795        2     0.00000
    -17.645        2     0.00000
    -17.495        2     0.00000
    -17.345        2     0.00000
    -17.195        2     0.00000
    -17.045        2     0.00000
    -16.895        2     0.00000
    -16.745        2     0.00000
    -16.595        2     0.00000
    -16.445        2     0.00000
    -16.295        2     0.00000
    -16.145        2     0.00000
    -15.995        2    -0.00022
    -15.845        2    -0.00724
    -15.695        2    -0.04435
    -15.545        2    -0.13410
    -15.395        2    -0.31199
    -15.245        2    -0.57112
    -15.095        2    -0.90619
    -14.945        2    -1.31599
    -14.795        2    -1.79768
    -14.645        2    -2.32077
    -14.495        2    -2.89027
    -14.345        2    -3.45025
    -14.195        2    -4.05881
    -14.045        2    -4.67948
    -13.895        2    -5.34262
    -13.745        2    -6.06817
    -13.595        2    -6.82573
    -13.445        2    -7.62385
    -13.295        2    -8.46802
    -13.145        2    -9.38090
    -12.995        2   -10.35560
    -12.845        2   -11.39273
    -12.695        2   -12.44802
    -12.545        2   -13.55403
    -12.395        2   -14.68058
    -12.245        2   -15.83427
    -12.095        2   -17.00595
    -11.945        2   -18.22161
    -11.795        2   -19.47001
    -11.645        2   -20.71771
    -11.495        2   -22.00896
    -11.345        2   -23.31835
    -11.195        2   -24.62860
    -11.045        2   -25.93004
    -10.895        2   -27.22607
    -10.745        2   -28.51369
    -10.595        2   -29.77766
    -10.445        2   -31.01721
    -10.295        2   -32.22241
    -10.145        2   -33.39160
    -9.9950        2   -34.54196
    -9.8450        2   -35.67800
    -9.6950        2   -36.81362
    -9.5450        2   -37.94015
    -9.3950        2   -39.08012
    -9.2450        2   -40.26853
    -9.0950        2   -41.50317
    -8.9450        2   -42.81525
    -8.7950        2   -44.20095
    -8.6450        2   -45.69530
    -8.4950        2   -47.33062
    -8.3450        2   -49.08067
    -8.1950        2   -50.99844
    -8.0450        2   -53.02965
    -7.8950        2   -55.19801
    -7.7450        2   -57.44260
    -7.5950        2   -59.77628
    -7.4450        2   -62.20758
    -7.2950        2   -64.70372
    -7.1450        2   -67.19490
    -6.9950        2   -69.70186
    -6.8450        2   -72.19737
    -6.6950        2   -74.66251
    -6.5450        2   -77.10816
    -6.3950        2   -79.51780
    -6.2450        2   -81.86599
    -6.0950        2   -84.17151
    -5.9450        2   -86.41547
    -5.7950        2   -88.61225
    -5.6450        2   -90.75529
    -5.4950        2   -92.86924
    -5.3450        2   -94.95494
    -5.1950        2   -97.01646
    -5.0450        2   -99.04953
    -4.8950        2  -101.07432
    -4.7450        2  -103.07406
    -4.5950        2  -105.05828
    -4.4450        2  -107.05882
    -4.2950        2  -109.07782
    -4.1450        2  -111.11314
    -3.9950        2  -113.22117
    -3.8450        2  -115.39837
    -3.6950        2  -117.67527
    -3.5450        2  -120.08531
    -3.3950        2  -122.62864
    -3.2450        2  -125.34749
    -3.0950        2  -128.23758
    -2.9450        2  -131.36985
    -2.7950        2  -134.71753
    -2.6450        2  -138.32208
    -2.4950        2  -142.20616
    -2.3450        2  -146.40458
    -2.1950        2  -150.92856
    -2.0450        2  -155.91473
    -1.8950        2  -161.47919
    -1.7450        2  -167.79955
    -1.5950        2  -175.10586
    -1.4450        2  -183.50782
    -1.2950        2  -192.97843
    -1.1450        2  -203.39948
   -0.99500        2  -214.52654
   -0.84500        2  -226.16896
   -0.69500        2  -238.29262
   -0.54500        2  -251.10645
   -0.39500        2  -265.49609
   -0.25300        2  -276.46011
   -0.21500        2  -277.20510
   -0.20900        2  -277.96291
   -0.20300        2  -278.73007
   -0.19700        2  -279.50916
   -0.19100        2  -280.29953
   -0.18500        2  -281.10313
   -0.17900        2  -281.91798
   -0.17300        2  -282.74741
   -0.16700        2  -283.59005
   -0.16100        2  -284.44904
   -0.15500        2  -285.32543
   -0.14900        2  -286.21790
   -0.14300        2  -287.12838
   -0.13700        2  -288.06016
   -0.13100        2  -289.01154
   -0.12500        2  -289.98676
   -0.11900        2  -290.98872
   -0.11300        2  -292.01671
   -0.10700        2  -293.07682
   -0.10100        2  -294.17012
   -0.95000E-01    2  -295.30275
   -0.89000E-01    2  -296.47839
   -0.83000E-01    2  -297.70486
   -0.77000E-01    2  -298.99139
   -0.71000E-01    2  -300.34654
   -0.65000E-01    2  -301.78214
   -0.59000E-01    2  -303.31507
   -0.53000E-01    2  -304.96362
   -0.47000E-01    2  -306.75850
   -0.41000E-01    2  -308.74201
   -0.35000E-01    2  -310.97191
   -0.29000E-01    2  -313.54154
   -0.23000E-01    2  -316.62068
   -0.19700E-01    2  -316.96272
   -0.19100E-01    2  -317.31369
   -0.18500E-01    2  -317.67414
   -0.17900E-01    2  -318.04434
   -0.17300E-01    2  -318.42518
   -0.16700E-01    2  -318.81680
   -0.16100E-01    2  -319.22057
   -0.15500E-01    2  -319.63617
   -0.14900E-01    2  -320.06517
   -0.14300E-01    2  -320.50806
   -0.13700E-01    2  -320.96546
   -0.13100E-01    2  -321.43862
   -0.12500E-01    2  -321.92928
   -0.11900E-01    2  -322.43876
   -0.11300E-01    2  -322.96849
   -0.10700E-01    2  -323.51992
   -0.10100E-01    2  -324.09459
   -0.95000E-02    2  -324.69451
   -0.89000E-02    2  -325.32074
   -0.83000E-02    2  -325.97558
   -0.77000E-02    2  -326.66181
   -0.71000E-02    2  -327.38075
   -0.65000E-02    2  -328.13367
   -0.59000E-02    2  -328.92275
   -0.53000E-02    2  -329.74667
   -0.47000E-02    2  -330.60470
   -0.41000E-02    2  -331.49430
   -0.35000E-02    2  -332.40785
   -0.29000E-02    2  -333.31971
   -0.23000E-02    2  -334.16844
   -0.17000E-02    2  -334.88001
   -0.11000E-02    2  -335.38534
   -0.50000E-03    2  -335.63739
    0.10000E-03    2  -335.60701
    0.70000E-03    2  -335.28371
    0.13000E-02    2  -334.70416
    0.19000E-02    2  -333.93882
    0.25000E-02    2  -333.06128
    0.31000E-02    2  -332.14323
    0.37000E-02    2  -331.23647
    0.43000E-02    2  -330.35686
    0.49000E-02    2  -329.51040
    0.55000E-02    2  -328.69836
    0.61000E-02    2  -327.92219
    0.67000E-02    2  -327.18133
    0.73000E-02    2  -326.47435
    0.79000E-02    2  -325.79993
    0.85000E-02    2  -325.15622
    0.91000E-02    2  -324.54078
    0.97000E-02    2  -323.95109
    0.10300E-01    2  -323.38587
    0.10900E-01    2  -322.84328
    0.11500E-01    2  -322.32176
    0.12100E-01    2  -321.82016
    0.12700E-01    2  -321.33737
    0.13300E-01    2  -320.87190
    0.13900E-01    2  -320.42179
    0.14500E-01    2  -319.98600
    0.15100E-01    2  -319.56378
    0.15700E-01    2  -319.15417
    0.16300E-01    2  -318.75711
    0.16900E-01    2  -318.37111
    0.17500E-01    2  -317.99633
    0.18100E-01    2  -317.63181
    0.18700E-01    2  -317.27740
    0.19300E-01    2  -316.93179
    0.20200E-01    2  -315.66516
    0.25000E-01    2  -312.81775
    0.31000E-01    2  -310.42110
    0.37000E-01    2  -308.34336
    0.43000E-01    2  -306.50651
    0.49000E-01    2  -304.85950
    0.55000E-01    2  -303.36461
    0.61000E-01    2  -301.99686
    0.67000E-01    2  -300.73385
    0.73000E-01    2  -299.56084
    0.79000E-01    2  -298.46385
    0.85000E-01    2  -297.43224
    0.91000E-01    2  -296.45733
    0.97000E-01    2  -295.53205
    0.10300        2  -294.65122
    0.10900        2  -293.81059
    0.11500        2  -293.00472
    0.12100        2  -292.23349
    0.12700        2  -291.49197
    0.13300        2  -290.77910
    0.13900        2  -290.09190
    0.14500        2  -289.43028
    0.15100        2  -288.79153
    0.15700        2  -288.17455
    0.16300        2  -287.57704
    0.16900        2  -286.99882
    0.17500        2  -286.43943
    0.18100        2  -285.89773
    0.18700        2  -285.37200
    0.19300        2  -284.86208
    0.19900        2  -284.36809
    0.20500        2  -283.88808
    0.21100        2  -283.42261
    0.21700        2  -282.97080
    0.29500        2  -274.28894
    0.44500        2  -269.02897
    0.59500        2  -265.18245
    0.74500        2  -262.03069
    0.89500        2  -259.27788
     1.0450        2  -256.79989
     1.1950        2  -254.52755
     1.3450        2  -252.42929
     1.4950        2  -250.48530
     1.6450        2  -248.68355
     1.7950        2  -247.01412
     1.9450        2  -245.47642
     2.0950        2  -244.03781
     2.2450        2  -242.71983
     2.3950        2  -241.51067
     2.5450        2  -240.41191
     2.6950        2  -239.40275
     2.8450        2  -238.47272
     2.9950        2  -237.61853
     3.1450        2  -236.83164
     3.2950        2  -236.10578
     3.4450        2  -235.42738
     3.5950        2  -234.78536
     3.7450        2  -234.18255
     3.8950        2  -233.61288
     4.0450        2  -233.07075
     4.1950        2  -232.56215
     4.3450        2  -232.06843
     4.4950        2  -231.59750
     4.6450        2  -231.14685
     4.7950        2  -230.71406
     4.9450        2  -230.29403
     5.0950        2  -229.88539
     5.2450        2  -229.48829
     5.3950        2  -229.10718
     5.5450        2  -228.74162
     5.6950        2  -228.38142
     5.8450        2  -228.03479
     5.9950        2  -227.69607
     6.1450        2  -227.36416
     6.2950        2  -227.04111
     6.4450        2  -226.72789
     6.5950        2  -226.42623
     6.7450        2  -226.12647
     6.8950        2  -225.83168
     7.0450        2  -225.54400
     7.1950        2  -225.26396
     7.3450        2  -224.98750
     7.4950        2  -224.71747
     7.6450        2  -224.45117
     7.7950        2  -224.19394
     7.9450        2  -223.93927
     8.0950        2  -223.69313
     8.2450        2  -223.45111
     8.3950        2  -223.21049
     8.5450        2  -222.97613
     8.6950        2  -222.74453
     8.8450        2  -222.51563
     8.9950        2  -222.29077
     9.1450        2  -222.06842
     9.2950        2  -221.84941
     9.4450        2  -221.63647
     9.5950        2  -221.42436
     9.7450        2  -221.21860
     9.8950        2  -221.01350
     10.045        2  -220.80978
     10.195        2  -220.60937
     10.345        2  -220.41419
     10.495        2  -220.22064
     10.645        2  -220.02735
     10.795        2  -219.84068
     10.945        2  -219.65479
     11.095        2  -219.46866
     11.245        2  -219.28746
     11.395        2  -219.11080
     11.545        2  -218.93797
     11.695        2  -218.76325
     11.845        2  -218.59471
     11.995        2  -218.42415
     12.145        2  -218.25532
     12.295        2  -218.08918
     12.445        2  -217.92487
     12.595        2  -217.76207
     12.745        2  -217.60163
     12.895        2  -217.44348
     13.045        2  -217.28899
     13.195        2  -217.13354
     13.345        2  -216.98109
     13.495        2  -216.82925
     13.645        2  -216.68188
     13.795        2  -216.53453
     13.945        2  -216.38783
     14.095        2  -216.24308
     14.245        2  -216.09985
     14.395        2  -215.95735
     14.545        2  -215.81775
     14.695        2  -215.67812
     14.845        2  -215.54073
     14.995        2  -215.40469
     15.145        2  -215.26979
     15.295        2  -215.13632
     15.445        2  -215.00323
     15.595        2  -214.87186
     15.745        2  -214.74134
     15.895        2  -214.61241
     16.045        2  -214.48453
     16.195        2  -214.35684
     16.345        2  -214.23180
     16.495        2  -214.10882
     16.645        2  -213.98529
     16.795        2  -213.86390
     16.945        2  -213.74227
     17.095        2  -213.62379
     17.245        2  -213.50519
     17.395        2  -213.38855
     17.545        2  -213.27191
     17.695        2  -213.15698
     17.845        2  -213.04136
     17.995        2  -212.92799
     18.145        2  -212.81333
     18.295        2  -212.70038
     18.445        2  -212.58780
     18.595        2  -212.47786
     18.745        2  -212.36924
     18.895        2  -212.25926
     19.045        2  -212.15200
     19.195        2  -212.04578
     19.345        2  -211.94031
     19.495        2  -211.83481
     19.645        2  -211.72998
     19.795        2  -211.62565
     19.945        2  -211.52304
     20.095        2  -211.42020
     21.836        2  -208.32265
     30.068        2  -203.71427
     42.097        2  -199.11595
     58.937        2  -194.54410
     82.515        2  -190.01115
     115.53        2  -185.53774
     161.74        2  -181.12913
     226.45        2  -176.79663
     317.04        2  -172.55483
     443.87        2  -168.41668
     621.44        2  -164.37886
     870.05        2  -160.43139
     1218.1        2  -156.56655
     1705.4        2  -152.78177
     2387.7        2  -149.09788
     3342.9        2  -145.51528
     4680.2        2  -142.01661
     6552.5        2  -138.60633
     9173.8        2  -135.29123
     12844.        2  -132.08440
     17982.        2  -128.97403
     25176.        2  -125.96524
     35247.        2  -123.06371
     49348.        2  -120.27279
     69090.        2  -117.59934
     96729.        2  -115.04270
    0.13543E+06    2  -112.60506
    0.18960E+06    2  -110.28012
    0.26545E+06    2  -108.06437
    0.37165E+06    2  -105.95211
    0.52033E+06    2  -103.94246
    0.72849E+06    2  -102.02683
    0.10199E+07    2  -100.20617
    0.14279E+07    2   -98.47307
    0.19992E+07    2   -96.82497
    0.27990E+07    2   -95.25540
    0.39187E+07    2   -93.76235
    0.54864E+07    2   -92.34207
    0.76812E+07    2   -90.99531
    0.10754E+08    2   -89.71619
    0.15056E+08    2   -88.49967
    0.21080E+08    2   -87.34558
    0.29513E+08    2   -86.25117
    0.41319E+08    2   -85.22036
    0.57849E+08    2   -84.25710
    0.80991E+08    2   -83.36777
    0.11339E+09    2   -82.54179
    0.15875E+09    2   -81.77167
    0.22226E+09    2   -81.05296
    0.31118E+09    2   -80.38139
    0.43567E+09    2   -79.75233
    0.60996E+09    2   -79.17617
    0.85398E+09    2   -78.65593
    0.11956E+10    2   -78.17894
    0.16739E+10    2   -77.74174
    0.23436E+10    2   -77.34063
    0.32811E+10    2   -76.97248
    0.45937E+10    2   -76.63389
    0.64315E+10    2   -76.32318
    0.90044E+10    2   -76.03730
    0.12607E+11    2   -75.77340
    0.17650E+11    2   -75.53071
    0.24711E+11    2   -75.30760
    0.34596E+11    2   -75.10206
    0.48437E+11    2   -74.91437
    0.67814E+11    2   -74.74197
    0.10000E+12    2   -72.76727
