    -29.945         0.00000
    -29.795         0.00000
    -29.645         0.00000
    -29.495         0.00000
    -29.345         0.00000
    -29.195         0.00000
    -29.045         0.00000
    -28.895         0.00000
    -28.745         0.00000
    -28.595         0.00000
    -28.445         0.00000
    -28.295         0.00000
    -28.145         0.00000
    -27.995         0.00000
    -27.845         0.00000
    -27.695         0.00000
    -27.545         0.00000
    -27.395         0.00000
    -27.245         0.00000
    -27.095         0.00000
    -26.945         0.00000
    -26.795         0.00000
    -26.645         0.00000
    -26.495         0.00000
    -26.345         0.00000
    -26.195         0.00000
    -26.045         0.00000
    -25.895         0.00000
    -25.745         0.00000
    -25.595         0.00000
    -25.445         0.00000
    -25.295         0.00000
    -25.145         0.00000
    -24.995         0.00000
    -24.845         0.00000
    -24.695         0.00000
    -24.545         0.00000
    -24.395         0.00000
    -24.245         0.00000
    -24.095         0.00000
    -23.945         0.00000
    -23.795         0.00000
    -23.645         0.00000
    -23.495         0.00000
    -23.345         0.00000
    -23.195         0.00000
    -23.045         0.00000
    -22.895         0.00000
    -22.745         0.00000
    -22.595         0.00000
    -22.445         0.00000
    -22.295         0.00000
    -22.145         0.00000
    -21.995         0.00000
    -21.845         0.00000
    -21.695         0.00000
    -21.545         0.00000
    -21.395         0.00000
    -21.245         0.00000
    -21.095         0.00000
    -20.945         0.00000
    -20.795         0.00000
    -20.645         0.00000
    -20.495         0.00000
    -20.345         0.00000
    -20.195         0.00000
    -20.045         0.00000
    -19.895         0.00000
    -19.745         0.00000
    -19.595         0.00000
    -19.445         0.00000
    -19.295         0.00000
    -19.145         0.00000
    -18.995         0.00000
    -18.845         0.00000
    -18.695         0.00000
    -18.545         0.00000
    -18.395         0.00000
    -18.245         0.00000
    -18.095         0.00000
    -17.945         0.00000
    -17.795         0.00000
    -17.645         0.00000
    -17.495         0.00000
    -17.345         0.00000
    -17.195        -0.00024
    -17.045        -0.00485
    -16.895        -0.03066
    -16.745        -0.09431
    -16.595        -0.21094
    -16.445        -0.37542
    -16.295        -0.59220
    -16.145        -0.84167
    -15.995        -1.12224
    -15.845        -1.42884
    -15.695        -1.74889
    -15.545        -2.07514
    -15.395        -2.39024
    -15.245        -2.69673
    -15.095        -3.00363
    -14.945        -3.30118
    -14.795        -3.62040
    -14.645        -3.97008
    -14.495        -4.37428
    -14.345        -4.81619
    -14.195        -5.30867
    -14.045        -5.88985
    -13.895        -6.56630
    -13.745        -7.36027
    -13.595        -8.26626
    -13.445        -9.30539
    -13.295       -10.46092
    -13.145       -11.72320
    -12.995       -13.07084
    -12.845       -14.50701
    -12.695       -15.98895
    -12.545       -17.49075
    -12.395       -19.02583
    -12.245       -20.56527
    -12.095       -22.07331
    -11.945       -23.54536
    -11.795       -24.97405
    -11.645       -26.34567
    -11.495       -27.64067
    -11.345       -28.86772
    -11.195       -30.01682
    -11.045       -31.11797
    -10.895       -32.17579
    -10.745       -33.18344
    -10.595       -34.17752
    -10.445       -35.16212
    -10.295       -36.16370
    -10.145       -37.19074
    -9.9950       -38.28621
    -9.8450       -39.45136
    -9.6950       -40.68424
    -9.5450       -41.98506
    -9.3950       -43.33523
    -9.2450       -44.72769
    -9.0950       -46.16091
    -8.9450       -47.60140
    -8.7950       -49.07221
    -8.6450       -50.56278
    -8.4950       -52.09504
    -8.3450       -53.70004
    -8.1950       -55.35846
    -8.0450       -57.09281
    -7.8950       -58.88409
    -7.7450       -60.74945
    -7.5950       -62.69514
    -7.4450       -64.72310
    -7.2950       -66.85061
    -7.1450       -69.05133
    -6.9950       -71.34458
    -6.8450       -73.69203
    -6.6950       -76.10353
    -6.5450       -78.56383
    -6.3950       -81.06655
    -6.2450       -83.60008
    -6.0950       -86.15671
    -5.9450       -88.72872
    -5.7950       -91.31820
    -5.6450       -93.88561
    -5.4950       -96.44812
    -5.3450       -98.99715
    -5.1950      -101.52008
    -5.0450      -104.00558
    -4.8950      -106.49519
    -4.7450      -108.95239
    -4.5950      -111.39270
    -4.4450      -113.83499
    -4.2950      -116.29098
    -4.1450      -118.75451
    -3.9950      -121.23539
    -3.8450      -123.75814
    -3.6950      -126.35087
    -3.5450      -129.03094
    -3.3950      -131.84592
    -3.2450      -134.84255
    -3.0950      -138.01483
    -2.9450      -141.42576
    -2.7950      -145.10285
    -2.6450      -149.05945
    -2.4950      -153.34252
    -2.3450      -157.97884
    -2.1950      -163.04332
    -2.0450      -168.67712
    -1.8950      -175.06690
    -1.7450      -182.34502
    -1.5950      -190.66400
    -1.4450      -200.07663
    -1.2950      -210.44179
    -1.1450      -221.66821
   -0.99500      -233.58120
   -0.84500      -245.99133
   -0.69500      -258.92066
   -0.54500      -272.71301
   -0.39500      -288.41580
   -0.25300      -300.42577
   -0.21500      -301.24521
   -0.20900      -302.07697
   -0.20300      -302.92042
   -0.19700      -303.77519
   -0.19100      -304.64200
   -0.18500      -305.52284
   -0.17900      -306.41787
   -0.17300      -307.32929
   -0.16700      -308.25826
   -0.16100      -309.20636
   -0.15500      -310.17251
   -0.14900      -311.15961
   -0.14300      -312.16900
   -0.13700      -313.20205
   -0.13100      -314.25867
   -0.12500      -315.34573
   -0.11900      -316.46494
   -0.11300      -317.61648
   -0.10700      -318.80594
   -0.10100      -320.03766
   -0.95000E-01  -321.31776
   -0.89000E-01  -322.65411
   -0.83000E-01  -324.05588
   -0.77000E-01  -325.53266
   -0.71000E-01  -327.10219
   -0.65000E-01  -328.78545
   -0.59000E-01  -330.61101
   -0.53000E-01  -332.61625
   -0.47000E-01  -334.84718
   -0.41000E-01  -337.35733
   -0.35000E-01  -340.22671
   -0.29000E-01  -343.59210
   -0.23000E-01  -347.70722
   -0.19700E-01  -348.17134
   -0.19100E-01  -348.64875
   -0.18500E-01  -349.13997
   -0.17900E-01  -349.64619
   -0.17300E-01  -350.16826
   -0.16700E-01  -350.70780
   -0.16100E-01  -351.26616
   -0.15500E-01  -351.84474
   -0.14900E-01  -352.44605
   -0.14300E-01  -353.07332
   -0.13700E-01  -353.72767
   -0.13100E-01  -354.41002
   -0.12500E-01  -355.12040
   -0.11900E-01  -355.86000
   -0.11300E-01  -356.62903
   -0.10700E-01  -357.42825
   -0.10100E-01  -358.25724
   -0.95000E-02  -359.11604
   -0.89000E-02  -360.00700
   -0.83000E-02  -360.93207
   -0.77000E-02  -361.88825
   -0.71000E-02  -362.87242
   -0.65000E-02  -363.87873
   -0.59000E-02  -364.89384
   -0.53000E-02  -365.89903
   -0.47000E-02  -366.87435
   -0.41000E-02  -367.79882
   -0.35000E-02  -368.65051
   -0.29000E-02  -369.41510
   -0.23000E-02  -370.09932
   -0.17000E-02  -370.72126
   -0.11000E-02  -371.27792
   -0.50000E-03  -371.72971
    0.10000E-03  -372.02555
    0.70000E-03  -372.10354
    0.13000E-02  -371.93160
    0.19000E-02  -371.50667
    0.25000E-02  -370.87098
    0.31000E-02  -370.08899
    0.37000E-02  -369.21176
    0.43000E-02  -368.26862
    0.49000E-02  -367.28238
    0.55000E-02  -366.27339
    0.61000E-02  -365.26164
    0.67000E-02  -364.26453
    0.73000E-02  -363.29214
    0.79000E-02  -362.34910
    0.85000E-02  -361.43845
    0.91000E-02  -360.56170
    0.97000E-02  -359.71606
    0.10300E-01  -358.90059
    0.10900E-01  -358.11441
    0.11500E-01  -357.35833
    0.12100E-01  -356.63181
    0.12700E-01  -355.93410
    0.13300E-01  -355.26452
    0.13900E-01  -354.62277
    0.14500E-01  -354.00751
    0.15100E-01  -353.41721
    0.15700E-01  -352.84869
    0.16300E-01  -352.30036
    0.16900E-01  -351.76962
    0.17500E-01  -351.25653
    0.18100E-01  -350.75893
    0.18700E-01  -350.27580
    0.19300E-01  -349.80675
    0.20200E-01  -348.09868
    0.25000E-01  -344.31163
    0.31000E-01  -341.17916
    0.37000E-01  -338.50004
    0.43000E-01  -336.16222
    0.49000E-01  -334.10291
    0.55000E-01  -332.27079
    0.61000E-01  -330.62376
    0.67000E-01  -329.12409
    0.73000E-01  -327.74722
    0.79000E-01  -326.47187
    0.85000E-01  -325.28169
    0.91000E-01  -324.16666
    0.97000E-01  -323.11615
    0.10300      -322.12095
    0.10900      -321.17738
    0.11500      -320.28033
    0.12100      -319.42144
    0.12700      -318.60006
    0.13300      -317.81173
    0.13900      -317.05535
    0.14500      -316.32582
    0.15100      -315.62190
    0.15700      -314.94227
    0.16300      -314.28579
    0.16900      -313.64997
    0.17500      -313.03485
    0.18100      -312.43811
    0.18700      -311.85893
    0.19300      -311.29644
    0.19900      -310.75110
    0.20500      -310.22172
    0.21100      -309.70647
    0.21700      -309.20580
    0.29500      -299.61539
    0.44500      -293.92404
    0.59500      -289.81701
    0.74500      -286.52116
    0.89500      -283.68642
     1.0450      -281.15926
     1.1950      -278.84822
     1.3450      -276.71972
     1.4950      -274.73893
     1.6450      -272.89197
     1.7950      -271.18239
     1.9450      -269.60016
     2.0950      -268.13406
     2.2450      -266.78836
     2.3950      -265.55187
     2.5450      -264.42302
     2.6950      -263.38100
     2.8450      -262.43102
     2.9950      -261.55112
     3.1450      -260.73879
     3.2950      -259.98955
     3.4450      -259.29125
     3.5950      -258.62839
     3.7450      -258.00612
     3.8950      -257.41655
     4.0450      -256.85277
     4.1950      -256.32002
     4.3450      -255.80659
     4.4950      -255.31174
     4.6450      -254.83432
     4.7950      -254.37380
     4.9450      -253.93067
     5.0950      -253.50086
     5.2450      -253.08290
     5.3950      -252.67780
     5.5450      -252.28542
     5.6950      -251.90217
     5.8450      -251.53087
     5.9950      -251.16810
     6.1450      -250.81629
     6.2950      -250.46840
     6.4450      -250.13028
     6.5950      -249.79900
     6.7450      -249.47471
     6.8950      -249.15509
     7.0450      -248.84712
     7.1950      -248.54513
     7.3450      -248.24861
     7.4950      -247.95696
     7.6450      -247.67162
     7.7950      -247.38982
     7.9450      -247.11503
     8.0950      -246.84404
     8.2450      -246.57786
     8.3950      -246.31590
     8.5450      -246.06198
     8.6950      -245.80892
     8.8450      -245.55953
     8.9950      -245.31440
     9.1450      -245.07608
     9.2950      -244.84165
     9.4450      -244.60848
     9.5950      -244.38052
     9.7450      -244.15311
     9.8950      -243.93196
     10.045      -243.71185
     10.195      -243.49487
     10.345      -243.28347
     10.495      -243.07313
     10.645      -242.86481
     10.795      -242.65913
     10.945      -242.45740
     11.095      -242.25840
     11.245      -242.06287
     11.395      -241.86944
     11.545      -241.67761
     11.695      -241.48781
     11.845      -241.29892
     11.995      -241.11524
     12.145      -240.93137
     12.295      -240.75136
     12.445      -240.57299
     12.595      -240.39716
     12.745      -240.22390
     12.895      -240.05154
     13.045      -239.88290
     13.195      -239.71585
     13.345      -239.54904
     13.495      -239.38610
     13.645      -239.22259
     13.795      -239.06054
     13.945      -238.90176
     14.095      -238.74298
     14.245      -238.58641
     14.395      -238.43145
     14.545      -238.27904
     14.695      -238.12764
     14.845      -237.97692
     14.995      -237.82832
     15.145      -237.68071
     15.295      -237.53344
     15.445      -237.38818
     15.595      -237.24397
     15.745      -237.10230
     15.895      -236.96084
     16.045      -236.82099
     16.195      -236.68334
     16.345      -236.54652
     16.495      -236.41126
     16.645      -236.27681
     16.795      -236.14327
     16.945      -236.01264
     17.095      -235.88190
     17.245      -235.75167
     17.395      -235.62315
     17.545      -235.49537
     17.695      -235.36950
     17.845      -235.24305
     17.995      -235.11974
     18.145      -234.99647
     18.295      -234.87490
     18.445      -234.75383
     18.595      -234.63437
     18.745      -234.51495
     18.895      -234.39617
     19.045      -234.27831
     19.195      -234.16163
     19.345      -234.04573
     19.495      -233.92972
     19.645      -233.81583
     19.795      -233.70107
     19.945      -233.58905
     20.095      -233.47699
     20.245      -233.36635
     20.395      -233.25586
     20.545      -233.14717
     20.695      -233.03836
     20.845      -232.93064
     20.995      -232.82406
     21.145      -232.71767
     21.295      -232.61165
     21.445      -232.50811
     21.595      -232.40270
     21.745      -232.30056
     21.895      -232.19655
     22.045      -232.09413
     22.195      -231.99209
     22.345      -231.89180
     22.495      -231.79131
     22.645      -231.69095
     22.795      -231.59141
     22.945      -231.49328
     23.095      -231.39626
     23.245      -231.29979
     23.395      -231.20366
     23.545      -231.10779
     23.695      -231.01297
     23.845      -230.91880
     23.995      -230.82555
     24.145      -230.73222
     24.295      -230.63836
     24.445      -230.54508
     24.595      -230.45338
     24.745      -230.36301
     24.895      -230.27183
     25.045      -230.18302
     25.195      -230.09414
     25.345      -230.00527
     25.495      -229.91660
     25.645      -229.82729
     25.795      -229.74025
     25.945      -229.65289
     26.095      -229.56663
     26.245      -229.48065
     26.395      -229.39491
     26.545      -229.31013
     26.695      -229.22558
     26.845      -229.14194
     26.995      -229.05763
     27.145      -228.97454
     27.295      -228.89194
     27.445      -228.80973
     27.595      -228.72715
     27.745      -228.64597
     27.895      -228.56518
     28.045      -228.48556
     28.195      -228.40521
     28.345      -228.32529
     28.495      -228.24557
     28.645      -228.16610
     28.795      -228.08772
     28.945      -228.00954
     29.095      -227.93145
     29.245      -227.85399
     29.395      -227.77662
     29.545      -227.69958
     29.695      -227.62319
     29.845      -227.54706
     29.995      -227.47138
     30.145      -227.39629
     30.295      -227.32167
     30.445      -227.24828
     30.595      -227.17518
     30.745      -227.10237
     30.895      -227.02908
     31.045      -226.95661
     31.195      -226.88373
     31.345      -226.81234
     31.495      -226.74066
     31.645      -226.66953
     31.795      -226.59896
     31.945      -226.52773
     32.095      -226.45758
     32.245      -226.38771
     32.395      -226.31801
     32.545      -226.24874
     32.695      -226.17922
     32.845      -226.11072
     32.995      -226.04208
     33.145      -225.97450
     33.295      -225.90677
     33.445      -225.83881
     33.595      -225.77111
     33.745      -225.70401
     33.895      -225.63795
     34.045      -225.57134
     34.195      -225.50478
     34.345      -225.43898
     34.495      -225.37319
     34.645      -225.30815
     34.795      -225.24413
     34.945      -225.17893
     35.095      -225.11519
     35.245      -225.05188
     35.395      -224.98829
     35.545      -224.92428
     35.695      -224.86187
     35.845      -224.79882
     35.995      -224.73615
     36.145      -224.67368
     36.295      -224.61130
     36.445      -224.54901
     36.595      -224.48863
     36.745      -224.42708
     36.895      -224.36536
     37.045      -224.30435
     37.195      -224.24430
     37.345      -224.18414
     37.495      -224.12364
     37.645      -224.06358
     37.795      -224.00379
     37.945      -223.94391
     38.095      -223.88459
     38.245      -223.82538
     38.395      -223.76724
     38.545      -223.70836
     38.695      -223.65113
     38.845      -223.59228
     38.995      -223.53415
     39.145      -223.47682
     39.295      -223.41972
     39.445      -223.36242
     39.595      -223.30532
     39.745      -223.24836
     39.895      -223.19130
     40.045      -223.13517
     40.195      -223.07933
     40.345      -223.02385
     40.495      -222.96765
     40.645      -222.91191
     40.795      -222.85726
     40.945      -222.80212
     41.095      -222.74710
     41.245      -222.69258
     41.395      -222.63933
     41.545      -222.58414
     41.695      -222.53099
     41.845      -222.47789
     41.995      -222.42383
     42.145      -222.37005
     42.295      -222.31657
     42.445      -222.26374
     42.595      -222.21130
     42.745      -222.15933
     42.895      -222.10657
     43.045      -222.05379
     43.195      -222.00192
     43.345      -221.95019
     43.495      -221.89844
     43.645      -221.84726
     43.795      -221.79647
     43.945      -221.74557
     44.095      -221.69448
     44.245      -221.64371
     44.395      -221.59295
     44.545      -221.54279
     44.695      -221.49308
     44.845      -221.44339
     44.995      -221.39347
     45.145      -221.34319
     45.295      -221.29372
     45.445      -221.24523
     45.595      -221.19537
     45.745      -221.14630
     45.895      -221.09671
     46.045      -221.04754
     46.195      -220.99867
     46.345      -220.95007
     46.495      -220.90273
     46.645      -220.85402
     46.795      -220.80550
     46.945      -220.75794
     47.095      -220.70936
     47.245      -220.66141
     47.395      -220.61326
     47.545      -220.56613
     47.695      -220.51892
     47.845      -220.47187
     47.995      -220.42483
     48.145      -220.37811
     48.295      -220.33100
     48.445      -220.28440
     48.595      -220.23946
     48.745      -220.19352
     48.895      -220.14779
     49.045      -220.10133
     49.195      -220.05606
     49.345      -220.00972
     49.495      -219.96469
     49.645      -219.91963
     49.795      -219.87424
     49.945      -219.82826
     50.095      -219.78370
     50.245      -219.73910
     50.395      -219.69496
     50.545      -219.65048
     50.695      -219.60576
     50.845      -219.56184
     50.995      -219.51808
     51.145      -219.47388
     51.295      -219.43029
     51.445      -219.38687
     51.595      -219.34355
     51.745      -219.30014
     51.895      -219.25724
     52.045      -219.21395
     52.195      -219.17062
     52.345      -219.12738
     52.495      -219.08499
     52.645      -219.04253
     52.795      -218.99906
     52.945      -218.95583
     53.095      -218.91393
     53.245      -218.87170
     53.395      -218.82975
     53.545      -218.78865
     53.695      -218.74671
     53.845      -218.70480
     53.995      -218.66295
     54.145      -218.62179
     54.295      -218.58045
     54.445      -218.53965
     54.595      -218.49858
     54.745      -218.45763
     54.895      -218.41637
     55.045      -218.37538
     55.195      -218.33463
     55.345      -218.29389
     55.495      -218.25308
     55.645      -218.21235
     55.795      -218.17271
     55.945      -218.13210
     56.095      -218.09111
     56.245      -218.05076
     56.395      -218.01073
     56.545      -217.97131
     56.695      -217.93155
     56.845      -217.89268
     56.995      -217.85292
     57.145      -217.81375
     57.295      -217.77454
     57.445      -217.73493
     57.595      -217.69627
     57.745      -217.65721
     57.895      -217.61806
     58.045      -217.57863
     58.195      -217.54009
     58.345      -217.50149
     58.495      -217.46375
     58.645      -217.42589
     58.795      -217.38790
     58.945      -217.35015
     59.095      -217.31203
     59.245      -217.27401
     59.395      -217.23650
     59.545      -217.19914
     59.695      -217.16136
     59.845      -217.12412
     59.995      -217.08723
     60.145      -217.04976
     70.939      -212.27214
     97.698      -207.52482
     134.55      -202.81514
     185.30      -198.17471
     255.20      -193.59889
     351.46      -189.10219
     484.04      -184.70493
     666.62      -180.40415
     918.07      -176.20655
     1264.4      -172.11259
     1741.3      -168.12788
     2398.1      -164.23957
     3302.7      -160.45810
     4548.5      -156.76902
     6264.3      -153.17615
     8627.2      -149.67294
     11881.      -146.26110
     16363.      -142.94450
     22535.      -139.72334
     31036.      -136.60791
     42743.      -133.60382
     58866.      -130.71639
     81070.      -127.94749
    0.11165E+06  -125.29766
    0.15377E+06  -122.76324
    0.21177E+06  -120.34153
    0.29165E+06  -118.02599
    0.40166E+06  -115.81778
    0.55317E+06  -113.70738
    0.76182E+06  -111.69513
    0.10492E+07  -109.77911
    0.14449E+07  -107.95044
    0.19900E+07  -106.20506
    0.27406E+07  -104.54217
    0.37744E+07  -102.95659
    0.51981E+07  -101.44409
    0.71589E+07  -100.00470
    0.98593E+07   -98.63279
    0.13578E+08   -97.32700
    0.18700E+08   -96.08338
    0.25754E+08   -94.89837
    0.35468E+08   -93.77350
    0.48847E+08   -92.71697
    0.67273E+08   -91.73213
    0.92648E+08   -90.81827
    0.12760E+09   -89.96374
    0.17573E+09   -89.16584
    0.24201E+09   -88.41791
    0.33330E+09   -87.71775
    0.45902E+09   -87.05925
    0.63217E+09   -86.45736
    0.87062E+09   -85.90973
    0.11990E+10   -85.40570
    0.16513E+10   -84.94151
    0.22742E+10   -84.51391
    0.31320E+10   -84.11812
    0.43134E+10   -83.75352
    0.59405E+10   -83.41760
    0.81813E+10   -83.10722
    0.11267E+11   -82.82072
    0.15517E+11   -82.55602
    0.21371E+11   -82.31164
    0.29432E+11   -82.08661
    0.40534E+11   -81.87782
    0.55823E+11   -81.68581
    0.10000E+12   -79.37329
