    -29.945         0.00000
    -29.795         0.00000
    -29.645         0.00000
    -29.495         0.00000
    -29.345         0.00000
    -29.195         0.00000
    -29.045         0.00000
    -28.895         0.00000
    -28.745         0.00000
    -28.595         0.00000
    -28.445         0.00000
    -28.295         0.00000
    -28.145         0.00000
    -27.995         0.00000
    -27.845         0.00000
    -27.695         0.00000
    -27.545         0.00000
    -27.395         0.00000
    -27.245         0.00000
    -27.095         0.00000
    -26.945         0.00000
    -26.795         0.00000
    -26.645         0.00000
    -26.495         0.00000
    -26.345         0.00000
    -26.195         0.00000
    -26.045         0.00000
    -25.895         0.00000
    -25.745         0.00000
    -25.595         0.00000
    -25.445         0.00000
    -25.295         0.00000
    -25.145         0.00000
    -24.995         0.00000
    -24.845         0.00000
    -24.695         0.00000
    -24.545         0.00000
    -24.395         0.00000
    -24.245         0.00000
    -24.095         0.00000
    -23.945         0.00000
    -23.795         0.00000
    -23.645         0.00000
    -23.495         0.00000
    -23.345         0.00000
    -23.195         0.00000
    -23.045         0.00000
    -22.895         0.00000
    -22.745         0.00000
    -22.595         0.00000
    -22.445         0.00000
    -22.295         0.00000
    -22.145         0.00000
    -21.995         0.00000
    -21.845         0.00000
    -21.695         0.00000
    -21.545         0.00000
    -21.395         0.00000
    -21.245         0.00000
    -21.095         0.00000
    -20.945         0.00000
    -20.795         0.00000
    -20.645         0.00000
    -20.495         0.00000
    -20.345         0.00000
    -20.195         0.00000
    -20.045         0.00000
    -19.895         0.00000
    -19.745         0.00000
    -19.595         0.00000
    -19.445         0.00000
    -19.295         0.00000
    -19.145         0.00000
    -18.995         0.00000
    -18.845         0.00000
    -18.695         0.00000
    -18.545         0.00000
    -18.395         0.00000
    -18.245         0.00000
    -18.095         0.00000
    -17.945         0.00000
    -17.795         0.00000
    -17.645         0.00000
    -17.495         0.00000
    -17.345         0.00000
    -17.195         0.00000
    -17.045         0.00000
    -16.895         0.00000
    -16.745         0.00000
    -16.595         0.00000
    -16.445         0.00000
    -16.295         0.00000
    -16.145         0.00000
    -15.995         0.00000
    -15.845         0.00000
    -15.695         0.00000
    -15.545         0.00000
    -15.395        -0.00129
    -15.245        -0.00741
    -15.095        -0.02703
    -14.945        -0.06852
    -14.795        -0.12589
    -14.645        -0.21469
    -14.495        -0.32427
    -14.345        -0.45555
    -14.195        -0.61485
    -14.045        -0.84655
    -13.895        -1.14317
    -13.745        -1.53738
    -13.595        -2.03397
    -13.445        -2.61966
    -13.295        -3.30124
    -13.145        -4.04053
    -12.995        -4.85244
    -12.845        -5.69383
    -12.695        -6.53261
    -12.545        -7.36423
    -12.395        -8.18304
    -12.245        -8.98412
    -12.095        -9.73564
    -11.945       -10.46787
    -11.795       -11.16986
    -11.645       -11.86359
    -11.495       -12.54110
    -11.345       -13.23732
    -11.195       -13.94219
    -11.045       -14.64538
    -10.895       -15.38487
    -10.745       -16.14156
    -10.595       -16.93123
    -10.445       -17.78625
    -10.295       -18.68256
    -10.145       -19.62636
    -9.9950       -20.66111
    -9.8450       -21.79946
    -9.6950       -23.03019
    -9.5450       -24.37408
    -9.3950       -25.80315
    -9.2450       -27.32547
    -9.0950       -28.96482
    -8.9450       -30.73358
    -8.7950       -32.63466
    -8.6450       -34.66734
    -8.4950       -36.85024
    -8.3450       -39.20587
    -8.1950       -41.73363
    -8.0450       -44.42269
    -7.8950       -47.25937
    -7.7450       -50.26730
    -7.5950       -53.39863
    -7.4450       -56.67129
    -7.2950       -60.00437
    -7.1450       -63.42559
    -6.9950       -66.85844
    -6.8450       -70.30261
    -6.6950       -73.74544
    -6.5450       -77.12508
    -6.3950       -80.47372
    -6.2450       -83.75855
    -6.0950       -86.97553
    -5.9450       -90.12067
    -5.7950       -93.18278
    -5.6450       -96.16916
    -5.4950       -99.06814
    -5.3450      -101.91686
    -5.1950      -104.69149
    -5.0450      -107.41850
    -4.8950      -110.09469
    -4.7450      -112.75277
    -4.5950      -115.37606
    -4.4450      -118.01560
    -4.2950      -120.67117
    -4.1450      -123.36358
    -3.9950      -126.12016
    -3.8450      -128.99067
    -3.6950      -131.97325
    -3.5450      -135.12032
    -3.3950      -138.46224
    -3.2450      -141.99796
    -3.0950      -145.75307
    -2.9450      -149.80733
    -2.7950      -154.11923
    -2.6450      -158.76188
    -2.4950      -163.79508
    -2.3450      -169.30273
    -2.1950      -175.39892
    -2.0450      -182.24381
    -1.8950      -189.98988
    -1.7450      -198.70867
    -1.5950      -208.53696
    -1.4450      -219.53884
    -1.2950      -231.63630
    -1.1450      -244.73105
   -0.99500      -258.67800
   -0.84500      -273.30916
   -0.69500      -288.67827
   -0.54500      -305.15794
   -0.39500      -323.99466
   -0.25300      -338.56777
   -0.21500      -339.57470
   -0.20900      -340.60104
   -0.20300      -341.64501
   -0.19700      -342.70671
   -0.19100      -343.79028
   -0.18500      -344.89448
   -0.17900      -346.01955
   -0.17300      -347.17195
   -0.16700      -348.34896
   -0.16100      -349.55535
   -0.15500      -350.79015
   -0.14900      -352.05681
   -0.14300      -353.35698
   -0.13700      -354.69351
   -0.13100      -356.06531
   -0.12500      -357.47820
   -0.11900      -358.93932
   -0.11300      -360.44666
   -0.10700      -362.00656
   -0.10100      -363.62347
   -0.95000E-01  -365.30519
   -0.89000E-01  -367.05675
   -0.83000E-01  -368.89109
   -0.77000E-01  -370.81600
   -0.71000E-01  -372.84395
   -0.65000E-01  -374.99253
   -0.59000E-01  -377.27827
   -0.53000E-01  -379.72000
   -0.47000E-01  -382.35288
   -0.41000E-01  -385.22151
   -0.35000E-01  -388.39304
   -0.29000E-01  -391.96420
   -0.23000E-01  -396.10403
   -0.19700E-01  -396.55423
   -0.19100E-01  -397.01334
   -0.18500E-01  -397.48149
   -0.17900E-01  -397.95992
   -0.17300E-01  -398.44888
   -0.16700E-01  -398.94912
   -0.16100E-01  -399.46173
   -0.15500E-01  -399.98715
   -0.14900E-01  -400.52637
   -0.14300E-01  -401.08101
   -0.13700E-01  -401.65301
   -0.13100E-01  -402.24339
   -0.12500E-01  -402.85517
   -0.11900E-01  -403.49112
   -0.11300E-01  -404.15247
   -0.10700E-01  -404.84083
   -0.10100E-01  -405.55603
   -0.95000E-02  -406.29837
   -0.89000E-02  -407.06806
   -0.83000E-02  -407.86387
   -0.77000E-02  -408.68378
   -0.71000E-02  -409.52479
   -0.65000E-02  -410.38218
   -0.59000E-02  -411.24962
   -0.53000E-02  -412.12041
   -0.47000E-02  -412.98510
   -0.41000E-02  -413.83232
   -0.35000E-02  -414.64703
   -0.29000E-02  -415.40444
   -0.23000E-02  -416.07052
   -0.17000E-02  -416.60645
   -0.11000E-02  -416.97523
   -0.50000E-03  -417.14923
    0.10000E-03  -417.11407
    0.70000E-03  -416.87297
    0.13000E-02  -416.44533
    0.19000E-02  -415.86252
    0.25000E-02  -415.16247
    0.31000E-02  -414.38425
    0.37000E-02  -413.55871
    0.43000E-02  -412.70624
    0.49000E-02  -411.83980
    0.55000E-02  -410.97041
    0.61000E-02  -410.10677
    0.67000E-02  -409.25562
    0.73000E-02  -408.42318
    0.79000E-02  -407.61272
    0.85000E-02  -406.82735
    0.91000E-02  -406.06878
    0.97000E-02  -405.33787
    0.10300E-01  -404.63412
    0.10900E-01  -403.95746
    0.11500E-01  -403.30727
    0.12100E-01  -402.68276
    0.12700E-01  -402.08186
    0.13300E-01  -401.50122
    0.13900E-01  -400.93824
    0.14500E-01  -400.39209
    0.15100E-01  -399.86073
    0.15700E-01  -399.34293
    0.16300E-01  -398.83812
    0.16900E-01  -398.34543
    0.17500E-01  -397.86345
    0.18100E-01  -397.39229
    0.18700E-01  -396.93075
    0.19300E-01  -396.47901
    0.20200E-01  -394.80060
    0.25000E-01  -390.93285
    0.31000E-01  -387.58369
    0.37000E-01  -384.61792
    0.43000E-01  -381.95386
    0.49000E-01  -379.52986
    0.55000E-01  -377.30280
    0.61000E-01  -375.24341
    0.67000E-01  -373.32896
    0.73000E-01  -371.54348
    0.79000E-01  -369.87151
    0.85000E-01  -368.29964
    0.91000E-01  -366.81554
    0.97000E-01  -365.41399
    0.10300      -364.08533
    0.10900      -362.82515
    0.11500      -361.62785
    0.12100      -360.48950
    0.12700      -359.40680
    0.13300      -358.37451
    0.13900      -357.39026
    0.14500      -356.44898
    0.15100      -355.54668
    0.15700      -354.68355
    0.16300      -353.85198
    0.16900      -353.05164
    0.17500      -352.27845
    0.18100      -351.53250
    0.18700      -350.80883
    0.19300      -350.10797
    0.19900      -349.42830
    0.20500      -348.77093
    0.21100      -348.13029
    0.21700      -347.50711
    0.29500      -335.27637
    0.44500      -327.56302
    0.59500      -321.87852
    0.74500      -317.28802
    0.89500      -313.38976
     1.0450      -309.95285
     1.1950      -306.83847
     1.3450      -303.97313
     1.4950      -301.31641
     1.6450      -298.83108
     1.7950      -296.50384
     1.9450      -294.32027
     2.0950      -292.27403
     2.2450      -290.36014
     2.3950      -288.58646
     2.5450      -286.94070
     2.6950      -285.42807
     2.8450      -284.03075
     2.9950      -282.75818
     3.1450      -281.59827
     3.2950      -280.54972
     3.4450      -279.57574
     3.5950      -278.70406
     3.7450      -277.89123
     3.8950      -277.14922
     4.0450      -276.46310
     4.1950      -275.81367
     4.3450      -275.20512
     4.4950      -274.62442
     4.6450      -274.06747
     4.7950      -273.54396
     4.9450      -273.04254
     5.0950      -272.55827
     5.2450      -272.09030
     5.3950      -271.64171
     5.5450      -271.20842
     5.6950      -270.78749
     5.8450      -270.37559
     5.9950      -269.97778
     6.1450      -269.58935
     6.2950      -269.21180
     6.4450      -268.84232
     6.5950      -268.48184
     6.7450      -268.13172
     6.8950      -267.78895
     7.0450      -267.45460
     7.1950      -267.12836
     7.3450      -266.80740
     7.4950      -266.49341
     7.6450      -266.18543
     7.7950      -265.88301
     7.9450      -265.58752
     8.0950      -265.29534
     8.2450      -265.00945
     8.3950      -264.72985
     8.5450      -264.45317
     8.6950      -264.18241
     8.8450      -263.91853
     8.9950      -263.65800
     9.1450      -263.40144
     9.2950      -263.14799
     9.4450      -262.89970
     9.5950      -262.65342
     9.7450      -262.41220
     9.8950      -262.17541
     10.045      -261.94129
     10.195      -261.71157
     10.345      -261.48525
     10.495      -261.26225
     10.645      -261.04040
     10.795      -260.82338
     10.945      -260.60737
     11.095      -260.39455
     11.245      -260.18498
     11.395      -259.97784
     11.545      -259.77297
     11.695      -259.57216
     11.845      -259.37387
     11.995      -259.17774
     12.145      -258.98404
     12.295      -258.79320
     12.445      -258.60312
     12.595      -258.41524
     12.745      -258.23121
     12.895      -258.04818
     13.045      -257.86686
     13.195      -257.68891
     13.345      -257.51099
     13.495      -257.33572
     13.645      -257.16162
     13.795      -256.99144
     13.945      -256.82305
     14.095      -256.65475
     14.245      -256.48972
     14.395      -256.32447
     14.545      -256.16222
     14.695      -256.00133
     14.845      -255.84142
     14.995      -255.68420
     15.145      -255.52812
     15.295      -255.37312
     15.445      -255.22104
     15.595      -255.06990
     15.745      -254.92024
     15.895      -254.77121
     16.045      -254.62474
     16.195      -254.47961
     16.345      -254.33461
     16.495      -254.18960
     16.645      -254.04714
     16.795      -253.90575
     16.945      -253.76607
     17.095      -253.62865
     17.245      -253.49161
     17.395      -253.35591
     17.545      -253.22107
     17.695      -253.08860
     17.845      -252.95684
     17.995      -252.82476
     18.145      -252.69446
     18.295      -252.56582
     18.445      -252.43836
     18.595      -252.31113
     18.745      -252.18592
     18.895      -252.06105
     19.045      -251.93649
     19.195      -251.81413
     19.345      -251.69239
     19.495      -251.57075
     19.645      -251.44959
     19.795      -251.32974
     19.945      -251.21239
     20.095      -251.09445
     20.245      -250.97874
     20.395      -250.86326
     20.545      -250.74809
     20.695      -250.63380
     20.845      -250.52187
     20.995      -250.40888
     21.145      -250.29662
     21.295      -250.18577
     21.445      -250.07549
     21.595      -249.96566
     21.745      -249.85620
     21.895      -249.74804
     22.045      -249.64093
     22.195      -249.53524
     22.345      -249.43013
     22.495      -249.32464
     22.645      -249.22090
     22.795      -249.11774
     22.945      -249.01462
     23.095      -248.91353
     23.245      -248.81117
     23.395      -248.71135
     23.545      -248.61163
     23.695      -248.51227
     23.845      -248.41300
     23.995      -248.31489
     24.145      -248.21714
     24.295      -248.11907
     24.445      -248.02351
     24.595      -247.92835
     24.745      -247.83334
     24.895      -247.73990
     25.045      -247.64558
     25.195      -247.55264
     25.345      -247.45963
     25.495      -247.36772
     25.645      -247.27535
     25.795      -247.18395
     25.945      -247.09275
     26.095      -247.00306
     26.245      -246.91292
     26.395      -246.82375
     26.545      -246.73645
     26.695      -246.64873
     26.845      -246.56212
     26.995      -246.47564
     27.145      -246.39119
     27.295      -246.30503
     27.445      -246.21939
     27.595      -246.13431
     27.745      -246.04977
     27.895      -245.96538
     28.045      -245.88099
     28.195      -245.79729
     28.345      -245.71426
     28.495      -245.63217
     28.645      -245.55068
     28.795      -245.46882
     28.945      -245.38786
     29.095      -245.30614
     29.245      -245.22569
     29.395      -245.14543
     29.545      -245.06612
     29.695      -244.98740
     29.845      -244.90805
     29.995      -244.82969
     30.145      -244.75200
     30.295      -244.67484
     30.445      -244.59798
     30.595      -244.52175
     30.745      -244.44609
     30.895      -244.36944
     31.045      -244.29468
     31.195      -244.21998
     31.345      -244.14519
     31.495      -244.07004
     31.645      -243.99547
     31.795      -243.92143
     31.945      -243.84791
     32.095      -243.77415
     32.245      -243.70133
     32.395      -243.62884
     32.545      -243.55620
     32.695      -243.48462
     32.845      -243.41252
     32.995      -243.34193
     33.145      -243.27148
     33.295      -243.20071
     33.445      -243.13040
     33.595      -243.06082
     33.745      -242.99161
     33.895      -242.92210
     34.045      -242.85290
     34.195      -242.78417
     34.345      -242.71524
     34.495      -242.64718
     34.645      -242.57962
     34.795      -242.51310
     34.945      -242.44592
     35.095      -242.37939
     35.245      -242.31278
     35.395      -242.24624
     35.545      -242.18029
     35.695      -242.11413
     35.845      -242.04780
     35.995      -241.98303
     36.145      -241.91813
     36.295      -241.85378
     36.445      -241.78913
     36.595      -241.72476
     36.745      -241.66044
     36.895      -241.59659
     37.045      -241.53294
     37.195      -241.46928
     37.345      -241.40693
     37.495      -241.34435
     37.645      -241.28234
     37.795      -241.22024
     37.945      -241.15826
     38.095      -241.09790
     38.245      -241.03639
     38.395      -240.97446
     38.545      -240.91334
     38.695      -240.85308
     38.845      -240.79336
     38.995      -240.73423
     39.145      -240.67405
     39.295      -240.61430
     39.445      -240.55573
     39.595      -240.49646
     39.745      -240.43763
     39.895      -240.37872
     40.045      -240.31980
     40.195      -240.26158
     40.345      -240.20424
     40.495      -240.14716
     40.645      -240.08938
     40.795      -240.03198
     40.945      -239.97461
     41.095      -239.91756
     41.245      -239.86169
     41.395      -239.80521
     41.545      -239.74940
     41.695      -239.69345
     41.845      -239.63841
     41.995      -239.58214
     42.145      -239.52674
     42.295      -239.47142
     42.445      -239.41624
     42.595      -239.36233
     42.745      -239.30809
     42.895      -239.25387
     43.045      -239.19995
     43.195      -239.14599
     43.345      -239.09181
     43.495      -239.03842
     43.645      -238.98525
     43.795      -238.93200
     43.945      -238.87900
     44.095      -238.82582
     44.245      -238.77308
     44.395      -238.72076
     44.545      -238.66890
     44.695      -238.61697
     44.845      -238.56543
     44.995      -238.51414
     45.145      -238.46317
     45.295      -238.41196
     45.445      -238.36073
     45.595      -238.30965
     45.745      -238.25888
     45.895      -238.20819
     46.045      -238.15799
     46.195      -238.10784
     46.345      -238.05776
     46.495      -238.00739
     46.645      -237.95782
     46.795      -237.90771
     46.945      -237.85878
     47.095      -237.80973
     47.245      -237.76024
     47.395      -237.71064
     47.545      -237.66156
     47.695      -237.61281
     47.845      -237.56438
     47.995      -237.51544
     48.145      -237.46668
     48.295      -237.41871
     48.445      -237.37096
     48.595      -237.32304
     48.745      -237.27516
     48.895      -237.22730
     49.045      -237.17973
     49.195      -237.13282
     49.345      -237.08550
     49.495      -237.03816
     49.645      -236.99150
     49.795      -236.94445
     49.945      -236.89797
     50.095      -236.85211
     50.245      -236.80591
     50.395      -236.75984
     50.545      -236.71443
     50.695      -236.66894
     50.845      -236.62282
     50.995      -236.57707
     51.145      -236.53144
     51.295      -236.48680
     51.445      -236.44158
     51.595      -236.39617
     51.745      -236.35171
     51.895      -236.30746
     52.045      -236.26269
     52.195      -236.21854
     52.345      -236.17448
     52.495      -236.13012
     52.645      -236.08565
     52.795      -236.04148
     52.945      -235.99698
     53.095      -235.95312
     53.245      -235.90954
     53.395      -235.86673
     53.545      -235.82337
     53.695      -235.77976
     53.845      -235.73692
     53.995      -235.69373
     54.145      -235.65134
     54.295      -235.60886
     54.445      -235.56645
     54.595      -235.52338
     54.745      -235.48059
     54.895      -235.43815
     55.045      -235.39595
     55.195      -235.35388
     55.345      -235.31189
     55.495      -235.27009
     55.645      -235.22865
     55.795      -235.18694
     55.945      -235.14547
     56.095      -235.10344
     56.245      -235.06216
     56.395      -235.02073
     56.545      -234.97963
     56.695      -234.93872
     56.845      -234.89781
     56.995      -234.85728
     57.145      -234.81701
     57.295      -234.77664
     57.445      -234.73684
     57.595      -234.69615
     57.745      -234.65540
     57.895      -234.61545
     58.045      -234.57586
     58.195      -234.53606
     58.345      -234.49650
     58.495      -234.45698
     58.645      -234.41780
     58.795      -234.37878
     58.945      -234.33933
     59.095      -234.30048
     59.245      -234.26125
     59.395      -234.22203
     59.545      -234.18321
     59.695      -234.14446
     59.845      -234.10604
     59.995      -234.06789
     60.145      -234.02968
     70.939      -229.13947
     97.698      -224.31743
     134.55      -219.58036
     185.30      -214.92829
     255.20      -210.37550
     351.46      -205.92589
     484.04      -201.57561
     666.62      -197.32410
     918.07      -193.17275
     1264.4      -189.12214
     1741.3      -185.17390
     2398.1      -181.32453
     3302.7      -177.57883
     4548.5      -173.92718
     6264.3      -170.37178
     8627.2      -166.90548
     11881.      -163.53180
     16363.      -160.24450
     22535.      -157.04647
     31036.      -153.95834
     42743.      -150.98313
     58866.      -148.12449
     81070.      -145.38510
    0.11165E+06  -142.76061
    0.15377E+06  -140.24778
    0.21177E+06  -137.84511
    0.29165E+06  -135.54874
    0.40166E+06  -133.35965
    0.55317E+06  -131.26692
    0.76182E+06  -129.27306
    0.10492E+07  -127.37075
    0.14449E+07  -125.55594
    0.19900E+07  -123.82836
    0.27406E+07  -122.17772
    0.37744E+07  -120.60541
    0.51981E+07  -119.10777
    0.71589E+07  -117.67985
    0.98593E+07  -116.31817
    0.13578E+08  -115.02083
    0.18700E+08  -113.78441
    0.25754E+08  -112.60709
    0.35468E+08  -111.49004
    0.48847E+08  -110.43597
    0.67273E+08  -109.45679
    0.92648E+08  -108.54662
    0.12760E+09  -107.69753
    0.17573E+09  -106.90219
    0.24201E+09  -106.15772
    0.33330E+09  -105.45959
    0.45902E+09  -104.80427
    0.63217E+09  -104.20517
    0.87062E+09  -103.65935
    0.11990E+10  -103.15812
    0.16513E+10  -102.69605
    0.22742E+10  -102.26981
    0.31320E+10  -101.87702
    0.43134E+10  -101.51447
    0.59405E+10  -101.17987
    0.81813E+10  -100.87121
    0.11267E+11  -100.58529
    0.15517E+11  -100.32193
    0.21371E+11  -100.07861
    0.29432E+11   -99.85436
    0.40534E+11   -99.64766
    0.55823E+11   -99.45586
    0.10000E+12   -97.15211
