    -29.945        1     0.00000
    -29.795        1     0.00000
    -29.645        1     0.00000
    -29.495        1     0.00000
    -29.345        1     0.00000
    -29.195        1     0.00000
    -29.045        1     0.00000
    -28.895        1     0.00000
    -28.745        1     0.00000
    -28.595        1     0.00000
    -28.445        1     0.00000
    -28.295        1     0.00000
    -28.145        1     0.00000
    -27.995        1     0.00000
    -27.845        1     0.00000
    -27.695        1     0.00000
    -27.545        1     0.00000
    -27.395        1     0.00000
    -27.245        1     0.00000
    -27.095        1     0.00000
    -26.945        1     0.00000
    -26.795        1     0.00000
    -26.645        1     0.00000
    -26.495        1     0.00000
    -26.345        1     0.00000
    -26.195        1     0.00000
    -26.045        1     0.00000
    -25.895        1     0.00000
    -25.745        1     0.00000
    -25.595        1     0.00000
    -25.445        1     0.00000
    -25.295        1     0.00000
    -25.145        1     0.00000
    -24.995        1     0.00000
    -24.845        1     0.00000
    -24.695        1     0.00000
    -24.545        1     0.00000
    -24.395        1     0.00000
    -24.245        1     0.00000
    -24.095        1     0.00000
    -23.945        1    -0.00066
    -23.795        1    -0.00066
    -23.645        1    -0.00115
    -23.495        1    -0.00115
    -23.345        1    -0.00227
    -23.195        1    -0.00339
    -23.045        1    -0.00498
    -22.895        1    -0.00783
    -22.745        1    -0.01086
    -22.595        1    -0.01417
    -22.445        1    -0.02003
    -22.295        1    -0.02892
    -22.145        1    -0.04186
    -21.995        1    -0.05634
    -21.845        1    -0.07571
    -21.695        1    -0.10111
    -21.545        1    -0.14057
    -21.395        1    -0.18583
    -21.245        1    -0.23598
    -21.095        1    -0.30077
    -20.945        1    -0.37762
    -20.795        1    -0.46764
    -20.645        1    -0.56426
    -20.495        1    -0.67315
    -20.345        1    -0.80135
    -20.195        1    -0.94197
    -20.045        1    -1.10246
    -19.895        1    -1.27536
    -19.745        1    -1.45513
    -19.595        1    -1.65799
    -19.445        1    -1.86682
    -19.295        1    -2.08131
    -19.145        1    -2.29575
    -18.995        1    -2.51176
    -18.845        1    -2.73368
    -18.695        1    -2.96836
    -18.545        1    -3.20097
    -18.395        1    -3.42458
    -18.245        1    -3.66050
    -18.095        1    -3.88885
    -17.945        1    -4.11545
    -17.795        1    -4.33851
    -17.645        1    -4.56454
    -17.495        1    -4.78246
    -17.345        1    -4.98694
    -17.195        1    -5.18899
    -17.045        1    -5.39187
    -16.895        1    -5.58978
    -16.745        1    -5.77881
    -16.595        1    -5.96191
    -16.445        1    -6.14874
    -16.295        1    -6.33450
    -16.145        1    -6.51086
    -15.995        1    -6.67696
    -15.845        1    -6.85009
    -15.695        1    -7.01653
    -15.545        1    -7.19498
    -15.395        1    -7.36234
    -15.245        1    -7.52091
    -15.095        1    -7.67871
    -14.945        1    -7.83637
    -14.795        1    -7.99686
    -14.645        1    -8.15470
    -14.495        1    -8.30501
    -14.345        1    -8.45704
    -14.195        1    -8.60777
    -14.045        1    -8.76126
    -13.895        1    -8.91773
    -13.745        1    -9.06850
    -13.595        1    -9.21220
    -13.445        1    -9.35742
    -13.295        1    -9.50876
    -13.145        1    -9.65943
    -12.995        1    -9.82311
    -12.845        1    -9.98730
    -12.695        1   -10.16297
    -12.545        1   -10.33937
    -12.395        1   -10.52231
    -12.245        1   -10.70035
    -12.095        1   -10.88553
    -11.945        1   -11.09409
    -11.795        1   -11.29536
    -11.645        1   -11.49133
    -11.495        1   -11.70611
    -11.345        1   -11.92506
    -11.195        1   -12.15580
    -11.045        1   -12.37989
    -10.895        1   -12.60491
    -10.745        1   -12.82769
    -10.595        1   -13.05915
    -10.445        1   -13.28949
    -10.295        1   -13.52414
    -10.145        1   -13.74577
    -9.9950        1   -13.96785
    -9.8450        1   -14.19490
    -9.6950        1   -14.42814
    -9.5450        1   -14.65057
    -9.3950        1   -14.87505
    -9.2450        1   -15.09504
    -9.0950        1   -15.30802
    -8.9450        1   -15.52963
    -8.7950        1   -15.74481
    -8.6450        1   -15.96620
    -8.4950        1   -16.18600
    -8.3450        1   -16.40747
    -8.1950        1   -16.62341
    -8.0450        1   -16.84817
    -7.8950        1   -17.06565
    -7.7450        1   -17.28508
    -7.5950        1   -17.51102
    -7.4450        1   -17.74174
    -7.2950        1   -17.97345
    -7.1450        1   -18.20591
    -6.9950        1   -18.43887
    -6.8450        1   -18.67156
    -6.6950        1   -18.90688
    -6.5450        1   -19.14245
    -6.3950        1   -19.38537
    -6.2450        1   -19.62321
    -6.0950        1   -19.86365
    -5.9450        1   -20.10958
    -5.7950        1   -20.35670
    -5.6450        1   -20.60429
    -5.4950        1   -20.85687
    -5.3450        1   -21.11212
    -5.1950        1   -21.37080
    -5.0450        1   -21.64219
    -4.8950        1   -21.90985
    -4.7450        1   -22.19039
    -4.5950        1   -22.47658
    -4.4450        1   -22.78092
    -4.2950        1   -23.09438
    -4.1450        1   -23.42611
    -3.9950        1   -23.77671
    -3.8450        1   -24.14322
    -3.6950        1   -24.53381
    -3.5450        1   -24.95086
    -3.3950        1   -25.38973
    -3.2450        1   -25.85790
    -3.0950        1   -26.35117
    -2.9450        1   -26.86455
    -2.7950        1   -27.40614
    -2.6450        1   -27.97855
    -2.4950        1   -28.57416
    -2.3450        1   -29.18782
    -2.1950        1   -29.80778
    -2.0450        1   -30.44179
    -1.8950        1   -31.08052
    -1.7450        1   -31.71592
    -1.5950        1   -32.34854
    -1.4450        1   -32.98109
    -1.2950        1   -33.61052
    -1.1450        1   -34.24549
   -0.99500        1   -34.89740
   -0.84500        1   -35.57772
   -0.69500        1   -36.31024
   -0.54500        1   -37.12325
   -0.39500        1   -38.06635
   -0.25300        1   -38.78036
   -0.21500        1   -38.82930
   -0.20900        1   -38.87886
   -0.20300        1   -38.92887
   -0.19700        1   -38.97958
   -0.19100        1   -39.03173
   -0.18500        1   -39.08461
   -0.17900        1   -39.13839
   -0.17300        1   -39.19277
   -0.16700        1   -39.24866
   -0.16100        1   -39.30579
   -0.15500        1   -39.36445
   -0.14900        1   -39.42439
   -0.14300        1   -39.48533
   -0.13700        1   -39.54835
   -0.13100        1   -39.61266
   -0.12500        1   -39.67916
   -0.11900        1   -39.74809
   -0.11300        1   -39.81933
   -0.10700        1   -39.89302
   -0.10100        1   -39.96978
   -0.95000E-01    1   -40.04956
   -0.89000E-01    1   -40.13338
   -0.83000E-01    1   -40.22125
   -0.77000E-01    1   -40.31444
   -0.71000E-01    1   -40.41328
   -0.65000E-01    1   -40.51875
   -0.59000E-01    1   -40.63311
   -0.53000E-01    1   -40.75753
   -0.47000E-01    1   -40.89541
   -0.41000E-01    1   -41.05232
   -0.35000E-01    1   -41.23660
   -0.29000E-01    1   -41.45773
   -0.23000E-01    1   -41.72294
   -0.19700E-01    1   -41.75176
   -0.19100E-01    1   -41.78092
   -0.18500E-01    1   -41.81062
   -0.17900E-01    1   -41.84069
   -0.17300E-01    1   -41.87130
   -0.16700E-01    1   -41.90233
   -0.16100E-01    1   -41.93374
   -0.15500E-01    1   -41.96558
   -0.14900E-01    1   -41.99788
   -0.14300E-01    1   -42.03063
   -0.13700E-01    1   -42.06370
   -0.13100E-01    1   -42.09712
   -0.12500E-01    1   -42.13091
   -0.11900E-01    1   -42.16508
   -0.11300E-01    1   -42.19958
   -0.10700E-01    1   -42.23438
   -0.10100E-01    1   -42.26946
   -0.95000E-02    1   -42.30462
   -0.89000E-02    1   -42.33987
   -0.83000E-02    1   -42.37482
   -0.77000E-02    1   -42.40943
   -0.71000E-02    1   -42.44325
   -0.65000E-02    1   -42.47605
   -0.59000E-02    1   -42.50737
   -0.53000E-02    1   -42.53674
   -0.47000E-02    1   -42.56375
   -0.41000E-02    1   -42.58808
   -0.35000E-02    1   -42.60943
   -0.29000E-02    1   -42.62750
   -0.23000E-02    1   -42.64203
   -0.17000E-02    1   -42.65289
   -0.11000E-02    1   -42.65998
   -0.50000E-03    1   -42.66322
    0.10000E-03    1   -42.66258
    0.70000E-03    1   -42.65806
    0.13000E-02    1   -42.64973
    0.19000E-02    1   -42.63763
    0.25000E-02    1   -42.62195
    0.31000E-02    1   -42.60284
    0.37000E-02    1   -42.58056
    0.43000E-02    1   -42.55530
    0.49000E-02    1   -42.52756
    0.55000E-02    1   -42.49758
    0.61000E-02    1   -42.46585
    0.67000E-02    1   -42.43286
    0.73000E-02    1   -42.39894
    0.79000E-02    1   -42.36445
    0.85000E-02    1   -42.32965
    0.91000E-02    1   -42.29464
    0.97000E-02    1   -42.25975
    0.10300E-01    1   -42.22504
    0.10900E-01    1   -42.19066
    0.11500E-01    1   -42.15658
    0.12100E-01    1   -42.12287
    0.12700E-01    1   -42.08931
    0.13300E-01    1   -42.05613
    0.13900E-01    1   -42.02325
    0.14500E-01    1   -41.99077
    0.15100E-01    1   -41.95868
    0.15700E-01    1   -41.92709
    0.16300E-01    1   -41.89588
    0.16900E-01    1   -41.86503
    0.17500E-01    1   -41.83465
    0.18100E-01    1   -41.80478
    0.18700E-01    1   -41.77531
    0.19300E-01    1   -41.74620
    0.20200E-01    1   -41.63777
    0.25000E-01    1   -41.38936
    0.31000E-01    1   -41.18303
    0.37000E-01    1   -41.01068
    0.43000E-01    1   -40.86272
    0.49000E-01    1   -40.73165
    0.55000E-01    1   -40.61355
    0.61000E-01    1   -40.50585
    0.67000E-01    1   -40.40651
    0.73000E-01    1   -40.31449
    0.79000E-01    1   -40.22853
    0.85000E-01    1   -40.14819
    0.91000E-01    1   -40.07241
    0.97000E-01    1   -40.00079
    0.10300        1   -39.93327
    0.10900        1   -39.86873
    0.11500        1   -39.80759
    0.12100        1   -39.74900
    0.12700        1   -39.69316
    0.13300        1   -39.64001
    0.13900        1   -39.58916
    0.14500        1   -39.54001
    0.15100        1   -39.49326
    0.15700        1   -39.44807
    0.16300        1   -39.40495
    0.16900        1   -39.36341
    0.17500        1   -39.32368
    0.18100        1   -39.28535
    0.18700        1   -39.24858
    0.19300        1   -39.21311
    0.19900        1   -39.17898
    0.20500        1   -39.14597
    0.21100        1   -39.11435
    0.21700        1   -39.08379
    0.29500        1   -38.54278
    0.44500        1   -38.27165
    0.59500        1   -38.09738
    0.74500        1   -37.96392
    0.89500        1   -37.85189
     1.0450        1   -37.75539
     1.1950        1   -37.67004
     1.3450        1   -37.59220
     1.4950        1   -37.52199
     1.6450        1   -37.45603
     1.7950        1   -37.39435
     1.9450        1   -37.33470
     2.0950        1   -37.28002
     2.2450        1   -37.22694
     2.3950        1   -37.17581
     2.5450        1   -37.12533
     2.6950        1   -37.07801
     2.8450        1   -37.03298
     2.9950        1   -36.99192
     3.1450        1   -36.95286
     3.2950        1   -36.91607
     3.4450        1   -36.88291
     3.5950        1   -36.85092
     3.7450        1   -36.82081
     3.8950        1   -36.79331
     4.0450        1   -36.76608
     4.1950        1   -36.74065
     4.3450        1   -36.71547
     4.4950        1   -36.69211
     4.6450        1   -36.67047
     4.7950        1   -36.65170
     4.9450        1   -36.63202
     5.0950        1   -36.61312
     5.2450        1   -36.59511
     5.3950        1   -36.57738
     5.5450        1   -36.56163
     5.6950        1   -36.54661
     5.8450        1   -36.53201
     5.9950        1   -36.51727
     6.1450        1   -36.50302
     6.2950        1   -36.48942
     6.4450        1   -36.47743
     6.5950        1   -36.46635
     6.7450        1   -36.45361
     6.8950        1   -36.44200
     7.0450        1   -36.43119
     7.1950        1   -36.42057
     7.3450        1   -36.40929
     7.4950        1   -36.39891
     7.6450        1   -36.38879
     7.7950        1   -36.37876
     7.9450        1   -36.36728
     8.0950        1   -36.35762
     8.2450        1   -36.34799
     8.3950        1   -36.33887
     8.5450        1   -36.32984
     8.6950        1   -36.32071
     8.8450        1   -36.31149
     8.9950        1   -36.30244
     9.1450        1   -36.29349
     9.2950        1   -36.28477
     9.4450        1   -36.27606
     9.5950        1   -36.26797
     9.7450        1   -36.25983
     9.8950        1   -36.25106
     10.045        1   -36.24300
     10.195        1   -36.23527
     10.345        1   -36.22770
     10.495        1   -36.22002
     10.645        1   -36.21225
     10.795        1   -36.20480
     10.945        1   -36.19681
     11.095        1   -36.18958
     11.245        1   -36.18231
     11.395        1   -36.17514
     11.545        1   -36.16701
     11.695        1   -36.15992
     11.845        1   -36.15298
     11.995        1   -36.14637
     12.145        1   -36.13881
     12.295        1   -36.13179
     12.445        1   -36.12499
     12.595        1   -36.11869
     12.745        1   -36.11190
     12.895        1   -36.10585
     13.045        1   -36.09952
     13.195        1   -36.09324
     13.345        1   -36.08691
     13.495        1   -36.08062
     13.645        1   -36.07472
     13.795        1   -36.06873
     13.945        1   -36.06265
     14.095        1   -36.05654
     14.245        1   -36.05062
     14.395        1   -36.04506
     14.545        1   -36.03928
     14.695        1   -36.03350
     14.845        1   -36.02760
     14.995        1   -36.02186
     15.145        1   -36.01591
     15.295        1   -36.01046
     15.445        1   -36.00493
     15.595        1   -35.99912
     15.745        1   -35.99371
     15.895        1   -35.98849
     16.045        1   -35.98331
     16.195        1   -35.97800
     16.345        1   -35.97288
     16.495        1   -35.96777
     16.645        1   -35.96271
     16.795        1   -35.95764
     16.945        1   -35.95234
     17.095        1   -35.94735
     17.245        1   -35.94231
     17.395        1   -35.93756
     17.545        1   -35.93263
     17.695        1   -35.92768
     17.845        1   -35.92288
     17.995        1   -35.91804
     18.145        1   -35.91337
     18.295        1   -35.90864
     18.445        1   -35.90410
     18.595        1   -35.89956
     18.745        1   -35.89512
     18.895        1   -35.89050
     19.045        1   -35.88577
     19.195        1   -35.88133
     19.345        1   -35.87691
     19.495        1   -35.87252
     19.645        1   -35.86808
     19.795        1   -35.86390
     19.945        1   -35.85961
     20.095        1   -35.85538
     20.245        1   -35.85110
     20.395        1   -35.84680
     20.545        1   -35.84272
     20.695        1   -35.83858
     20.845        1   -35.83428
     20.995        1   -35.83029
     21.145        1   -35.82611
     21.295        1   -35.82188
     21.445        1   -35.81783
     21.595        1   -35.81399
     21.745        1   -35.80973
     21.895        1   -35.80574
     22.045        1   -35.80177
     22.195        1   -35.79758
     22.345        1   -35.79357
     22.495        1   -35.78973
     22.645        1   -35.78554
     22.795        1   -35.78155
     22.945        1   -35.77768
     23.095        1   -35.77407
     23.245        1   -35.77018
     23.395        1   -35.76658
     23.545        1   -35.76261
     23.695        1   -35.75895
     23.845        1   -35.75533
     23.995        1   -35.75185
     24.145        1   -35.74816
     24.295        1   -35.74458
     24.445        1   -35.74087
     24.595        1   -35.73731
     24.745        1   -35.73368
     24.895        1   -35.73003
     25.045        1   -35.72660
     25.195        1   -35.72297
     25.345        1   -35.71935
     25.495        1   -35.71577
     25.645        1   -35.71240
     25.795        1   -35.70896
     25.945        1   -35.70577
     26.095        1   -35.70226
     26.245        1   -35.69885
     26.395        1   -35.69528
     26.545        1   -35.69194
     26.695        1   -35.68862
     26.845        1   -35.68533
     26.995        1   -35.68198
     27.145        1   -35.67859
     27.295        1   -35.67538
     27.445        1   -35.67192
     27.595        1   -35.66857
     27.745        1   -35.66525
     27.895        1   -35.66183
     28.045        1   -35.65854
     28.195        1   -35.65548
     28.345        1   -35.65179
     28.495        1   -35.64870
     28.645        1   -35.64572
     28.795        1   -35.64249
     28.945        1   -35.63951
     29.095        1   -35.63651
     29.245        1   -35.63326
     29.395        1   -35.63023
     29.545        1   -35.62725
     29.695        1   -35.62416
     29.845        1   -35.62139
     29.995        1   -35.61839
     30.145        1   -35.61557
     30.295        1   -35.61260
     30.445        1   -35.60916
     30.595        1   -35.60629
     30.745        1   -35.60346
     30.895        1   -35.60055
     31.045        1   -35.59773
     31.195        1   -35.59464
     31.345        1   -35.59183
     31.495        1   -35.58863
     31.645        1   -35.58575
     31.795        1   -35.58297
     31.945        1   -35.58023
     32.095        1   -35.57737
     32.245        1   -35.57468
     32.395        1   -35.57187
     32.545        1   -35.56924
     32.695        1   -35.56624
     32.845        1   -35.56355
     32.995        1   -35.56079
     33.145        1   -35.55817
     33.295        1   -35.55553
     33.445        1   -35.55230
     33.595        1   -35.54973
     33.745        1   -35.54712
     33.895        1   -35.54468
     34.045        1   -35.54211
     34.195        1   -35.53965
     34.345        1   -35.53713
     34.495        1   -35.53441
     34.645        1   -35.53184
     34.795        1   -35.52936
     34.945        1   -35.52691
     35.095        1   -35.52441
     35.245        1   -35.52159
     35.395        1   -35.51890
     35.545        1   -35.51642
     35.695        1   -35.51390
     35.845        1   -35.51140
     35.995        1   -35.50861
     36.145        1   -35.50602
     36.295        1   -35.50351
     36.445        1   -35.50100
     36.595        1   -35.49855
     36.745        1   -35.49607
     36.895        1   -35.49328
     37.045        1   -35.49078
     37.195        1   -35.48836
     37.345        1   -35.48601
     37.495        1   -35.48363
     37.645        1   -35.48121
     37.795        1   -35.47892
     37.945        1   -35.47662
     38.095        1   -35.47430
     38.245        1   -35.47194
     38.395        1   -35.46955
     38.545        1   -35.46726
     38.695        1   -35.46500
     38.845        1   -35.46259
     38.995        1   -35.46032
     39.145        1   -35.45802
     39.295        1   -35.45556
     39.445        1   -35.45322
     39.595        1   -35.45092
     39.745        1   -35.44865
     39.895        1   -35.44633
     40.045        1   -35.44401
     40.195        1   -35.44176
     40.345        1   -35.43959
     40.495        1   -35.43727
     40.645        1   -35.43516
     40.795        1   -35.43296
     40.945        1   -35.43084
     41.095        1   -35.42862
     41.245        1   -35.42655
     41.395        1   -35.42445
     41.545        1   -35.42238
     41.695        1   -35.42023
     41.845        1   -35.41797
     41.995        1   -35.41572
     42.145        1   -35.41364
     42.295        1   -35.41159
     42.445        1   -35.40944
     42.595        1   -35.40714
     42.745        1   -35.40502
     42.895        1   -35.40296
     43.045        1   -35.40072
     43.195        1   -35.39870
     43.345        1   -35.39653
     43.495        1   -35.39453
     43.645        1   -35.39243
     43.795        1   -35.39026
     43.945        1   -35.38782
     44.095        1   -35.38576
     44.245        1   -35.38366
     44.395        1   -35.38163
     44.545        1   -35.37965
     44.695        1   -35.37766
     44.845        1   -35.37559
     44.995        1   -35.37344
     45.145        1   -35.37148
     45.295        1   -35.36945
     45.445        1   -35.36748
     45.595        1   -35.36545
     45.745        1   -35.36348
     45.895        1   -35.36155
     46.045        1   -35.35956
     46.195        1   -35.35749
     46.345        1   -35.35553
     46.495        1   -35.35357
     46.645        1   -35.35169
     46.795        1   -35.34984
     46.945        1   -35.34786
     47.095        1   -35.34577
     47.245        1   -35.34365
     47.395        1   -35.34168
     47.545        1   -35.33964
     47.695        1   -35.33779
     47.845        1   -35.33594
     47.995        1   -35.33395
     48.145        1   -35.33206
     48.295        1   -35.33017
     48.445        1   -35.32813
     48.595        1   -35.32620
     48.745        1   -35.32443
     48.895        1   -35.32248
     49.045        1   -35.32061
     49.195        1   -35.31880
     49.345        1   -35.31694
     49.495        1   -35.31483
     49.645        1   -35.31305
     49.795        1   -35.31113
     49.945        1   -35.30930
     50.095        1   -35.30740
     50.245        1   -35.30556
     50.395        1   -35.30380
     50.545        1   -35.30194
     50.695        1   -35.30021
     50.845        1   -35.29847
     50.995        1   -35.29670
     51.145        1   -35.29488
     51.295        1   -35.29312
     51.445        1   -35.29124
     51.595        1   -35.28953
     51.745        1   -35.28772
     51.895        1   -35.28585
     52.045        1   -35.28412
     52.195        1   -35.28222
     52.345        1   -35.28061
     52.495        1   -35.27879
     52.645        1   -35.27708
     52.795        1   -35.27537
     52.945        1   -35.27368
     53.095        1   -35.27191
     53.245        1   -35.27032
     53.395        1   -35.26861
     53.545        1   -35.26691
     53.695        1   -35.26524
     53.845        1   -35.26349
     53.995        1   -35.26173
     54.145        1   -35.26004
     54.295        1   -35.25827
     54.445        1   -35.25651
     54.595        1   -35.25496
     54.745        1   -35.25336
     54.895        1   -35.25171
     55.045        1   -35.25020
     55.195        1   -35.24858
     55.345        1   -35.24700
     55.495        1   -35.24538
     55.645        1   -35.24373
     55.795        1   -35.24214
     55.945        1   -35.24052
     56.095        1   -35.23879
     56.245        1   -35.23675
     56.395        1   -35.23502
     56.545        1   -35.23335
     56.695        1   -35.23167
     56.845        1   -35.23008
     56.995        1   -35.22848
     57.145        1   -35.22682
     57.295        1   -35.22529
     57.445        1   -35.22377
     57.595        1   -35.22221
     57.745        1   -35.22059
     57.895        1   -35.21904
     58.045        1   -35.21742
     58.195        1   -35.21591
     58.345        1   -35.21437
     58.495        1   -35.21262
     58.645        1   -35.21105
     58.795        1   -35.20952
     58.945        1   -35.20808
     59.095        1   -35.20659
     59.245        1   -35.20500
     59.395        1   -35.20348
     59.545        1   -35.20185
     59.695        1   -35.20030
     59.845        1   -35.19867
     59.995        1   -35.19714
     60.145        1   -35.19572
     70.939        1   -34.99795
     97.698        1   -34.79671
     134.55        1   -34.59810
     185.30        1   -34.40309
     255.20        1   -34.20628
     351.46        1   -34.01368
     484.04        1   -33.82186
     666.62        1   -33.63275
     918.07        1   -33.44782
     1264.4        1   -33.26452
     1741.3        1   -33.08473
     2398.1        1   -32.90705
     3302.7        1   -32.73038
     4548.5        1   -32.55565
     6264.3        1   -32.38475
     8627.2        1   -32.21609
     11881.        1   -32.05008
     16363.        1   -31.88584
     22535.        1   -31.72431
     31036.        1   -31.56438
     42743.        1   -31.40649
     58866.        1   -31.25097
     81070.        1   -31.09791
    0.11165E+06    1   -30.94739
    0.15377E+06    1   -30.79757
    0.21177E+06    1   -30.64962
    0.29165E+06    1   -30.50303
    0.40166E+06    1   -30.35766
    0.55317E+06    1   -30.21341
    0.76182E+06    1   -30.06899
    0.10492E+07    1   -29.92580
    0.14449E+07    1   -29.78441
    0.19900E+07    1   -29.64276
    0.27406E+07    1   -29.50144
    0.37744E+07    1   -29.35908
    0.51981E+07    1   -29.21549
    0.71589E+07    1   -29.07209
    0.98593E+07    1   -28.92821
    0.13578E+08    1   -28.78362
    0.18700E+08    1   -28.63886
    0.25754E+08    1   -28.49364
    0.35468E+08    1   -28.34890
    0.48847E+08    1   -28.20699
    0.67273E+08    1   -28.06752
    0.92648E+08    1   -27.93249
    0.12760E+09    1   -27.80061
    0.17573E+09    1   -27.67230
    0.24201E+09    1   -27.54811
    0.33330E+09    1   -27.42805
    0.45902E+09    1   -27.31380
    0.63217E+09    1   -27.20622
    0.87062E+09    1   -27.10579
    0.11990E+10    1   -27.01127
    0.16513E+10    1   -26.92298
    0.22742E+10    1   -26.84124
    0.31320E+10    1   -26.76513
    0.43134E+10    1   -26.69393
    0.59405E+10    1   -26.62739
    0.81813E+10    1   -26.56549
    0.11267E+11    1   -26.50802
    0.15517E+11    1   -26.45471
    0.21371E+11    1   -26.40478
    0.29432E+11    1   -26.35823
    0.40534E+11    1   -26.31547
    0.55823E+11    1   -26.27566
    0.10000E+12    1   -25.77734
    -149.95        2     0.00000
    -149.79        2     0.00000
    -149.65        2     0.00000
    -149.49        2     0.00000
    -149.34        2     0.00000
    -149.20        2     0.00000
    -149.04        2     0.00000
    -148.90        2     0.00000
    -148.74        2     0.00000
    -148.59        2     0.00000
    -148.45        2     0.00000
    -148.29        2     0.00000
    -148.15        2     0.00000
    -147.99        2     0.00000
    -147.84        2     0.00000
    -147.70        2     0.00000
    -147.54        2     0.00000
    -147.40        2     0.00000
    -147.24        2     0.00000
    -147.09        2     0.00000
    -146.95        2     0.00000
    -146.79        2     0.00000
    -146.65        2     0.00000
    -146.49        2     0.00000
    -146.34        2     0.00000
    -146.20        2     0.00000
    -146.04        2     0.00000
    -145.90        2     0.00000
    -145.74        2     0.00000
    -145.59        2     0.00000
    -145.45        2     0.00000
    -145.29        2     0.00000
    -145.15        2     0.00000
    -144.99        2     0.00000
    -144.84        2     0.00000
    -144.70        2     0.00000
    -144.54        2     0.00000
    -144.40        2     0.00000
    -144.24        2     0.00000
    -144.09        2     0.00000
    -143.95        2     0.00000
    -143.79        2     0.00000
    -143.65        2     0.00000
    -143.49        2     0.00000
    -143.34        2     0.00000
    -143.20        2     0.00000
    -143.04        2     0.00000
    -142.90        2     0.00000
    -142.74        2     0.00000
    -142.59        2     0.00000
    -142.45        2     0.00000
    -142.29        2     0.00000
    -142.15        2     0.00000
    -141.99        2     0.00000
    -141.84        2     0.00000
    -141.70        2     0.00000
    -141.54        2     0.00000
    -141.40        2     0.00000
    -141.24        2     0.00000
    -141.09        2     0.00000
    -140.95        2     0.00000
    -140.79        2     0.00000
    -140.65        2     0.00000
    -140.49        2     0.00000
    -140.34        2     0.00000
    -140.20        2     0.00000
    -140.04        2     0.00000
    -139.90        2     0.00000
    -139.74        2     0.00000
    -139.59        2     0.00000
    -139.45        2     0.00000
    -139.29        2     0.00000
    -139.15        2     0.00000
    -138.99        2     0.00000
    -138.84        2     0.00000
    -138.70        2     0.00000
    -138.54        2     0.00000
    -138.40        2     0.00000
    -138.24        2     0.00000
    -138.09        2     0.00000
    -137.95        2     0.00000
    -137.79        2     0.00000
    -137.65        2     0.00000
    -137.49        2     0.00000
    -137.34        2     0.00000
    -137.20        2     0.00000
    -137.04        2     0.00000
    -136.90        2     0.00000
    -136.74        2     0.00000
    -136.59        2     0.00000
    -136.45        2     0.00000
    -136.29        2     0.00000
    -136.15        2     0.00000
    -135.99        2     0.00000
    -135.84        2     0.00000
    -135.70        2     0.00000
    -135.54        2     0.00000
    -135.40        2     0.00000
    -135.24        2     0.00000
    -135.09        2     0.00000
    -134.95        2     0.00000
    -134.79        2     0.00000
    -134.65        2     0.00000
    -134.49        2     0.00000
    -134.34        2     0.00000
    -134.20        2     0.00000
    -134.04        2     0.00000
    -133.90        2     0.00000
    -133.74        2     0.00000
    -133.59        2     0.00000
    -133.45        2     0.00000
    -133.29        2     0.00000
    -133.15        2     0.00000
    -132.99        2     0.00000
    -132.84        2     0.00000
    -132.70        2     0.00000
    -132.54        2     0.00000
    -132.40        2     0.00000
    -132.24        2     0.00000
    -132.09        2     0.00000
    -131.95        2     0.00000
    -131.79        2     0.00000
    -131.65        2     0.00000
    -131.49        2     0.00000
    -131.34        2     0.00000
    -131.20        2     0.00000
    -131.04        2     0.00000
    -130.90        2     0.00000
    -130.74        2     0.00000
    -130.59        2     0.00000
    -130.45        2     0.00000
    -130.29        2     0.00000
    -130.15        2     0.00000
    -129.99        2     0.00000
    -129.84        2     0.00000
    -129.70        2     0.00000
    -129.54        2     0.00000
    -129.40        2     0.00000
    -129.24        2     0.00000
    -129.09        2     0.00000
    -128.95        2     0.00000
    -128.79        2     0.00000
    -128.65        2     0.00000
    -128.49        2     0.00000
    -128.34        2     0.00000
    -128.20        2     0.00000
    -128.04        2     0.00000
    -127.89        2     0.00000
    -127.75        2     0.00000
    -127.60        2     0.00000
    -127.44        2     0.00000
    -127.30        2     0.00000
    -127.14        2     0.00000
    -127.00        2     0.00000
    -126.85        2     0.00000
    -126.69        2     0.00000
    -126.55        2     0.00000
    -126.39        2     0.00000
    -126.25        2     0.00000
    -126.10        2     0.00000
    -125.94        2     0.00000
    -125.80        2     0.00000
    -125.64        2     0.00000
    -125.50        2     0.00000
    -125.35        2     0.00000
    -125.19        2     0.00000
    -125.05        2     0.00000
    -124.89        2     0.00000
    -124.75        2     0.00000
    -124.60        2     0.00000
    -124.44        2     0.00000
    -124.30        2     0.00000
    -124.14        2     0.00000
    -124.00        2     0.00000
    -123.85        2     0.00000
    -123.69        2     0.00000
    -123.55        2     0.00000
    -123.39        2     0.00000
    -123.25        2     0.00000
    -123.10        2     0.00000
    -122.94        2     0.00000
    -122.80        2     0.00000
    -122.64        2     0.00000
    -122.50        2     0.00000
    -122.35        2     0.00000
    -122.19        2     0.00000
    -122.05        2     0.00000
    -121.89        2     0.00000
    -121.75        2     0.00000
    -121.60        2     0.00000
    -121.44        2     0.00000
    -121.30        2     0.00000
    -121.14        2     0.00000
    -121.00        2     0.00000
    -120.85        2     0.00000
    -120.69        2     0.00000
    -120.55        2     0.00000
    -120.39        2     0.00000
    -120.25        2     0.00000
    -120.10        2     0.00000
    -119.94        2     0.00000
    -119.80        2     0.00000
    -119.64        2     0.00000
    -119.50        2     0.00000
    -119.35        2     0.00000
    -119.19        2     0.00000
    -119.05        2     0.00000
    -118.89        2     0.00000
    -118.75        2     0.00000
    -118.60        2     0.00000
    -118.44        2     0.00000
    -118.30        2     0.00000
    -118.14        2     0.00000
    -118.00        2     0.00000
    -117.85        2     0.00000
    -117.69        2     0.00000
    -117.55        2     0.00000
    -117.39        2     0.00000
    -117.25        2     0.00000
    -117.10        2     0.00000
    -116.94        2     0.00000
    -116.80        2     0.00000
    -116.64        2     0.00000
    -116.50        2     0.00000
    -116.35        2     0.00000
    -116.19        2     0.00000
    -116.05        2     0.00000
    -115.89        2     0.00000
    -115.75        2     0.00000
    -115.60        2     0.00000
    -115.44        2     0.00000
    -115.30        2     0.00000
    -115.14        2     0.00000
    -115.00        2     0.00000
    -114.85        2     0.00000
    -114.69        2     0.00000
    -114.55        2     0.00000
    -114.39        2     0.00000
    -114.25        2     0.00000
    -114.10        2     0.00000
    -113.94        2     0.00000
    -113.80        2     0.00000
    -113.64        2     0.00000
    -113.50        2     0.00000
    -113.35        2     0.00000
    -113.19        2     0.00000
    -113.05        2     0.00000
    -112.89        2     0.00000
    -112.75        2     0.00000
    -112.60        2     0.00000
    -112.44        2     0.00000
    -112.30        2     0.00000
    -112.14        2     0.00000
    -112.00        2     0.00000
    -111.85        2     0.00000
    -111.69        2     0.00000
    -111.55        2     0.00000
    -111.39        2     0.00000
    -111.25        2     0.00000
    -111.10        2     0.00000
    -110.94        2     0.00000
    -110.80        2     0.00000
    -110.64        2     0.00000
    -110.50        2     0.00000
    -110.35        2     0.00000
    -110.19        2     0.00000
    -110.05        2     0.00000
    -109.89        2     0.00000
    -109.75        2     0.00000
    -109.60        2     0.00000
    -109.44        2     0.00000
    -109.30        2     0.00000
    -109.14        2     0.00000
    -109.00        2     0.00000
    -108.85        2     0.00000
    -108.69        2     0.00000
    -108.55        2     0.00000
    -108.39        2     0.00000
    -108.25        2     0.00000
    -108.10        2     0.00000
    -107.94        2     0.00000
    -107.80        2     0.00000
    -107.64        2     0.00000
    -107.50        2     0.00000
    -107.35        2     0.00000
    -107.19        2     0.00000
    -107.05        2     0.00000
    -106.89        2     0.00000
    -106.75        2     0.00000
    -106.60        2     0.00000
    -106.44        2     0.00000
    -106.30        2     0.00000
    -106.14        2     0.00000
    -106.00        2     0.00000
    -105.85        2     0.00000
    -105.69        2     0.00000
    -105.55        2     0.00000
    -105.39        2     0.00000
    -105.25        2     0.00000
    -105.10        2     0.00000
    -104.94        2     0.00000
    -104.80        2     0.00000
    -104.64        2     0.00000
    -104.50        2     0.00000
    -104.35        2     0.00000
    -104.19        2     0.00000
    -104.05        2     0.00000
    -103.89        2     0.00000
    -103.75        2     0.00000
    -103.60        2     0.00000
    -103.44        2     0.00000
    -103.30        2     0.00000
    -103.14        2     0.00000
    -103.00        2     0.00000
    -102.85        2     0.00000
    -102.69        2     0.00000
    -102.55        2     0.00000
    -102.39        2     0.00000
    -102.25        2     0.00000
    -102.10        2     0.00000
    -101.94        2     0.00000
    -101.80        2     0.00000
    -101.64        2     0.00000
    -101.50        2     0.00000
    -101.35        2     0.00000
    -101.19        2     0.00000
    -101.05        2     0.00000
    -100.89        2     0.00000
    -100.75        2     0.00000
    -100.60        2     0.00000
    -100.44        2     0.00000
    -100.30        2     0.00000
    -100.14        2     0.00000
    -99.995        2     0.00000
    -99.845        2     0.00000
    -99.695        2     0.00000
    -99.545        2     0.00000
    -99.395        2     0.00000
    -99.245        2     0.00000
    -99.095        2     0.00000
    -98.945        2     0.00000
    -98.795        2     0.00000
    -98.645        2     0.00000
    -98.495        2     0.00000
    -98.345        2     0.00000
    -98.195        2     0.00000
    -98.045        2     0.00000
    -97.895        2     0.00000
    -97.745        2     0.00000
    -97.595        2     0.00000
    -97.445        2     0.00000
    -97.295        2     0.00000
    -97.145        2     0.00000
    -96.995        2     0.00000
    -96.845        2     0.00000
    -96.695        2     0.00000
    -96.545        2     0.00000
    -96.395        2     0.00000
    -96.245        2     0.00000
    -96.095        2     0.00000
    -95.945        2     0.00000
    -95.795        2     0.00000
    -95.645        2     0.00000
    -95.495        2     0.00000
    -95.345        2     0.00000
    -95.195        2     0.00000
    -95.045        2     0.00000
    -94.895        2     0.00000
    -94.745        2     0.00000
    -94.595        2     0.00000
    -94.445        2     0.00000
    -94.295        2     0.00000
    -94.145        2     0.00000
    -93.995        2     0.00000
    -93.845        2     0.00000
    -93.695        2     0.00000
    -93.545        2     0.00000
    -93.395        2     0.00000
    -93.245        2     0.00000
    -93.095        2     0.00000
    -92.945        2     0.00000
    -92.795        2     0.00000
    -92.645        2     0.00000
    -92.495        2     0.00000
    -92.345        2     0.00000
    -92.195        2     0.00000
    -92.045        2     0.00000
    -91.895        2     0.00000
    -91.745        2     0.00000
    -91.595        2     0.00000
    -91.445        2     0.00000
    -91.295        2     0.00000
    -91.145        2     0.00000
    -90.995        2     0.00000
    -90.845        2     0.00000
    -90.695        2     0.00000
    -90.545        2     0.00000
    -90.395        2     0.00000
    -90.245        2     0.00000
    -90.095        2     0.00000
    -89.945        2     0.00000
    -89.795        2     0.00000
    -89.645        2     0.00000
    -89.495        2     0.00000
    -89.345        2     0.00000
    -89.195        2     0.00000
    -89.045        2     0.00000
    -88.895        2     0.00000
    -88.745        2     0.00000
    -88.595        2     0.00000
    -88.445        2     0.00000
    -88.295        2     0.00000
    -88.145        2     0.00000
    -87.995        2     0.00000
    -87.845        2     0.00000
    -87.695        2     0.00000
    -87.545        2     0.00000
    -87.395        2     0.00000
    -87.245        2     0.00000
    -87.095        2     0.00000
    -86.945        2     0.00000
    -86.795        2     0.00000
    -86.645        2     0.00000
    -86.495        2     0.00000
    -86.345        2     0.00000
    -86.195        2     0.00000
    -86.045        2     0.00000
    -85.895        2     0.00000
    -85.745        2     0.00000
    -85.595        2     0.00000
    -85.445        2     0.00000
    -85.295        2     0.00000
    -85.145        2     0.00000
    -84.995        2     0.00000
    -84.845        2     0.00000
    -84.695        2     0.00000
    -84.545        2     0.00000
    -84.395        2     0.00000
    -84.245        2     0.00000
    -84.095        2     0.00000
    -83.945        2     0.00000
    -83.795        2     0.00000
    -83.645        2     0.00000
    -83.495        2     0.00000
    -83.345        2     0.00000
    -83.195        2     0.00000
    -83.045        2     0.00000
    -82.895        2     0.00000
    -82.745        2     0.00000
    -82.595        2     0.00000
    -82.445        2     0.00000
    -82.295        2     0.00000
    -82.145        2     0.00000
    -81.995        2     0.00000
    -81.845        2     0.00000
    -81.695        2     0.00000
    -81.545        2     0.00000
    -81.395        2     0.00000
    -81.245        2     0.00000
    -81.095        2     0.00000
    -80.945        2     0.00000
    -80.795        2     0.00000
    -80.645        2     0.00000
    -80.495        2     0.00000
    -80.345        2     0.00000
    -80.195        2     0.00000
    -80.045        2     0.00000
    -79.895        2     0.00000
    -79.745        2     0.00000
    -79.595        2     0.00000
    -79.445        2     0.00000
    -79.295        2     0.00000
    -79.145        2     0.00000
    -78.995        2     0.00000
    -78.845        2     0.00000
    -78.695        2     0.00000
    -78.545        2     0.00000
    -78.395        2     0.00000
    -78.245        2     0.00000
    -78.095        2     0.00000
    -77.945        2     0.00000
    -77.795        2     0.00000
    -77.645        2     0.00000
    -77.495        2     0.00000
    -77.345        2     0.00000
    -77.195        2     0.00000
    -77.045        2     0.00000
    -76.895        2     0.00000
    -76.745        2     0.00000
    -76.595        2     0.00000
    -76.445        2     0.00000
    -76.295        2     0.00000
    -76.145        2     0.00000
    -75.995        2     0.00000
    -75.845        2     0.00000
    -75.695        2     0.00000
    -75.545        2     0.00000
    -75.395        2     0.00000
    -75.245        2     0.00000
    -75.095        2     0.00000
    -74.945        2     0.00000
    -74.795        2     0.00000
    -74.645        2     0.00000
    -74.495        2     0.00000
    -74.345        2     0.00000
    -74.195        2     0.00000
    -74.045        2     0.00000
    -73.895        2     0.00000
    -73.745        2     0.00000
    -73.595        2     0.00000
    -73.445        2     0.00000
    -73.295        2     0.00000
    -73.145        2     0.00000
    -72.995        2     0.00000
    -72.845        2     0.00000
    -72.695        2     0.00000
    -72.545        2     0.00000
    -72.395        2     0.00000
    -72.245        2     0.00000
    -72.095        2     0.00000
    -71.945        2     0.00000
    -71.795        2     0.00000
    -71.645        2     0.00000
    -71.495        2     0.00000
    -71.345        2     0.00000
    -71.195        2     0.00000
    -71.045        2     0.00000
    -70.895        2     0.00000
    -70.745        2     0.00000
    -70.595        2     0.00000
    -70.445        2     0.00000
    -70.295        2     0.00000
    -70.145        2     0.00000
    -69.995        2     0.00000
    -69.845        2     0.00000
    -69.695        2     0.00000
    -69.545        2     0.00000
    -69.395        2     0.00000
    -69.245        2     0.00000
    -69.095        2     0.00000
    -68.945        2     0.00000
    -68.795        2     0.00000
    -68.645        2     0.00000
    -68.495        2     0.00000
    -68.345        2     0.00000
    -68.195        2     0.00000
    -68.045        2     0.00000
    -67.895        2     0.00000
    -67.745        2     0.00000
    -67.595        2     0.00000
    -67.445        2     0.00000
    -67.295        2     0.00000
    -67.145        2     0.00000
    -66.995        2     0.00000
    -66.845        2     0.00000
    -66.695        2     0.00000
    -66.545        2     0.00000
    -66.395        2     0.00000
    -66.245        2     0.00000
    -66.095        2     0.00000
    -65.945        2     0.00000
    -65.795        2     0.00000
    -65.645        2     0.00000
    -65.495        2     0.00000
    -65.345        2     0.00000
    -65.195        2     0.00000
    -65.045        2     0.00000
    -64.895        2     0.00000
    -64.745        2     0.00000
    -64.595        2     0.00000
    -64.445        2     0.00000
    -64.295        2     0.00000
    -64.145        2     0.00000
    -63.995        2     0.00000
    -63.845        2     0.00000
    -63.695        2     0.00000
    -63.545        2     0.00000
    -63.395        2     0.00000
    -63.245        2     0.00000
    -63.095        2     0.00000
    -62.945        2     0.00000
    -62.795        2     0.00000
    -62.645        2     0.00000
    -62.495        2     0.00000
    -62.345        2     0.00000
    -62.195        2     0.00000
    -62.045        2     0.00000
    -61.895        2     0.00000
    -61.745        2     0.00000
    -61.595        2     0.00000
    -61.445        2     0.00000
    -61.295        2     0.00000
    -61.145        2     0.00000
    -60.995        2     0.00000
    -60.845        2     0.00000
    -60.695        2     0.00000
    -60.545        2     0.00000
    -60.395        2     0.00000
    -60.245        2     0.00000
    -60.095        2     0.00000
    -59.945        2     0.00000
    -59.795        2     0.00000
    -59.645        2     0.00000
    -59.495        2     0.00000
    -59.345        2     0.00000
    -59.195        2     0.00000
    -59.045        2     0.00000
    -58.895        2     0.00000
    -58.745        2     0.00000
    -58.595        2     0.00000
    -58.445        2     0.00000
    -58.295        2     0.00000
    -58.145        2     0.00000
    -57.995        2     0.00000
    -57.845        2     0.00000
    -57.695        2     0.00000
    -57.545        2     0.00000
    -57.395        2     0.00000
    -57.245        2     0.00000
    -57.095        2     0.00000
    -56.945        2     0.00000
    -56.795        2     0.00000
    -56.645        2     0.00000
    -56.495        2     0.00000
    -56.345        2     0.00000
    -56.195        2     0.00000
    -56.045        2     0.00000
    -55.895        2     0.00000
    -55.745        2     0.00000
    -55.595        2     0.00000
    -55.445        2     0.00000
    -55.295        2     0.00000
    -55.145        2     0.00000
    -54.995        2     0.00000
    -54.845        2     0.00000
    -54.695        2     0.00000
    -54.545        2     0.00000
    -54.395        2     0.00000
    -54.245        2     0.00000
    -54.095        2     0.00000
    -53.945        2     0.00000
    -53.795        2     0.00000
    -53.645        2     0.00000
    -53.495        2     0.00000
    -53.345        2     0.00000
    -53.195        2     0.00000
    -53.045        2     0.00000
    -52.895        2     0.00000
    -52.745        2     0.00000
    -52.595        2     0.00000
    -52.445        2     0.00000
    -52.295        2     0.00000
    -52.145        2     0.00000
    -51.995        2     0.00000
    -51.845        2     0.00000
    -51.695        2     0.00000
    -51.545        2     0.00000
    -51.395        2     0.00000
    -51.245        2     0.00000
    -51.095        2     0.00000
    -50.945        2     0.00000
    -50.795        2     0.00000
    -50.645        2     0.00000
    -50.495        2     0.00000
    -50.345        2     0.00000
    -50.195        2     0.00000
    -50.045        2     0.00000
    -49.895        2     0.00000
    -49.745        2     0.00000
    -49.595        2     0.00000
    -49.445        2     0.00000
    -49.295        2     0.00000
    -49.145        2     0.00000
    -48.995        2     0.00000
    -48.845        2     0.00000
    -48.695        2     0.00000
    -48.545        2     0.00000
    -48.395        2     0.00000
    -48.245        2     0.00000
    -48.095        2     0.00000
    -47.945        2     0.00000
    -47.795        2     0.00000
    -47.645        2     0.00000
    -47.495        2     0.00000
    -47.345        2     0.00000
    -47.195        2     0.00000
    -47.045        2     0.00000
    -46.895        2     0.00000
    -46.745        2     0.00000
    -46.595        2     0.00000
    -46.445        2     0.00000
    -46.295        2     0.00000
    -46.145        2     0.00000
    -45.995        2     0.00000
    -45.845        2     0.00000
    -45.695        2     0.00000
    -45.545        2     0.00000
    -45.395        2     0.00000
    -45.245        2     0.00000
    -45.095        2     0.00000
    -44.945        2     0.00000
    -44.795        2     0.00000
    -44.645        2     0.00000
    -44.495        2     0.00000
    -44.345        2     0.00000
    -44.195        2     0.00000
    -44.045        2     0.00000
    -43.895        2     0.00000
    -43.745        2     0.00000
    -43.595        2     0.00000
    -43.445        2     0.00000
    -43.295        2     0.00000
    -43.145        2     0.00000
    -42.995        2     0.00000
    -42.845        2     0.00000
    -42.695        2     0.00000
    -42.545        2     0.00000
    -42.395        2     0.00000
    -42.245        2     0.00000
    -42.095        2     0.00000
    -41.945        2     0.00000
    -41.795        2     0.00000
    -41.645        2     0.00000
    -41.495        2     0.00000
    -41.345        2     0.00000
    -41.195        2     0.00000
    -41.045        2     0.00000
    -40.895        2     0.00000
    -40.745        2     0.00000
    -40.595        2     0.00000
    -40.445        2     0.00000
    -40.295        2     0.00000
    -40.145        2     0.00000
    -39.995        2     0.00000
    -39.845        2     0.00000
    -39.695        2     0.00000
    -39.545        2     0.00000
    -39.395        2     0.00000
    -39.245        2     0.00000
    -39.095        2     0.00000
    -38.945        2     0.00000
    -38.795        2     0.00000
    -38.645        2     0.00000
    -38.495        2     0.00000
    -38.345        2     0.00000
    -38.195        2     0.00000
    -38.045        2     0.00000
    -37.895        2     0.00000
    -37.745        2     0.00000
    -37.595        2     0.00000
    -37.445        2     0.00000
    -37.295        2     0.00000
    -37.145        2     0.00000
    -36.995        2     0.00000
    -36.845        2     0.00000
    -36.695        2     0.00000
    -36.545        2     0.00000
    -36.395        2     0.00000
    -36.245        2     0.00000
    -36.095        2     0.00000
    -35.945        2     0.00000
    -35.795        2     0.00000
    -35.645        2     0.00000
    -35.495        2     0.00000
    -35.345        2     0.00000
    -35.195        2     0.00000
    -35.045        2     0.00000
    -34.895        2     0.00000
    -34.745        2     0.00000
    -34.595        2     0.00000
    -34.445        2     0.00000
    -34.295        2     0.00000
    -34.145        2     0.00000
    -33.995        2     0.00000
    -33.845        2     0.00000
    -33.695        2     0.00000
    -33.545        2     0.00000
    -33.395        2     0.00000
    -33.245        2     0.00000
    -33.095        2     0.00000
    -32.945        2     0.00000
    -32.795        2     0.00000
    -32.645        2     0.00000
    -32.495        2     0.00000
    -32.345        2     0.00000
    -32.195        2     0.00000
    -32.045        2     0.00000
    -31.895        2     0.00000
    -31.745        2     0.00000
    -31.595        2     0.00000
    -31.445        2     0.00000
    -31.295        2     0.00000
    -31.145        2     0.00000
    -30.995        2     0.00000
    -30.845        2     0.00000
    -30.695        2     0.00000
    -30.545        2     0.00000
    -30.395        2     0.00000
    -30.245        2     0.00000
    -30.095        2     0.00000
    -29.945        2     0.00000
    -29.795        2     0.00000
    -29.645        2     0.00000
    -29.495        2     0.00000
    -29.345        2     0.00000
    -29.195        2     0.00000
    -29.045        2     0.00000
    -28.895        2     0.00000
    -28.745        2     0.00000
    -28.595        2     0.00000
    -28.445        2     0.00000
    -28.295        2     0.00000
    -28.145        2     0.00000
    -27.995        2     0.00000
    -27.845        2     0.00000
    -27.695        2     0.00000
    -27.545        2     0.00000
    -27.395        2     0.00000
    -27.245        2     0.00000
    -27.095        2     0.00000
    -26.945        2     0.00000
    -26.795        2     0.00000
    -26.645        2     0.00000
    -26.495        2     0.00000
    -26.345        2     0.00000
    -26.195        2     0.00000
    -26.045        2     0.00000
    -25.895        2     0.00000
    -25.745        2     0.00000
    -25.595        2     0.00000
    -25.445        2     0.00000
    -25.295        2     0.00000
    -25.145        2     0.00000
    -24.995        2     0.00000
    -24.845        2     0.00000
    -24.695        2     0.00000
    -24.545        2     0.00000
    -24.395        2     0.00000
    -24.245        2     0.00000
    -24.095        2     0.00000
    -23.945        2     0.00000
    -23.795        2     0.00000
    -23.645        2     0.00000
    -23.495        2     0.00000
    -23.345        2     0.00000
    -23.195        2     0.00000
    -23.045        2     0.00000
    -22.895        2     0.00000
    -22.745        2     0.00000
    -22.595        2     0.00000
    -22.445        2     0.00000
    -22.295        2     0.00000
    -22.145        2     0.00000
    -21.995        2     0.00000
    -21.845        2     0.00000
    -21.695        2     0.00000
    -21.545        2     0.00000
    -21.395        2     0.00000
    -21.245        2     0.00000
    -21.095        2     0.00000
    -20.945        2     0.00000
    -20.795        2     0.00000
    -20.645        2     0.00000
    -20.495        2     0.00000
    -20.345        2     0.00000
    -20.195        2     0.00000
    -20.045        2     0.00000
    -19.895        2     0.00000
    -19.745        2     0.00000
    -19.595        2     0.00000
    -19.445        2     0.00000
    -19.295        2     0.00000
    -19.145        2     0.00000
    -18.995        2     0.00000
    -18.845        2     0.00000
    -18.695        2     0.00000
    -18.545        2     0.00000
    -18.395        2     0.00000
    -18.245        2     0.00000
    -18.095        2     0.00000
    -17.945        2     0.00000
    -17.795        2     0.00000
    -17.645        2     0.00000
    -17.495        2     0.00000
    -17.345        2     0.00000
    -17.195        2     0.00000
    -17.045        2     0.00000
    -16.895        2     0.00000
    -16.745        2     0.00000
    -16.595        2     0.00000
    -16.445        2     0.00000
    -16.295        2     0.00000
    -16.145        2     0.00000
    -15.995        2     0.00000
    -15.845        2     0.00000
    -15.695        2     0.00000
    -15.545        2     0.00000
    -15.395        2     0.00000
    -15.245        2     0.00000
    -15.095        2    -0.00208
    -14.945        2    -0.01164
    -14.795        2    -0.04338
    -14.645        2    -0.10652
    -14.495        2    -0.21168
    -14.345        2    -0.37271
    -14.195        2    -0.58412
    -14.045        2    -0.84951
    -13.895        2    -1.17713
    -13.745        2    -1.54009
    -13.595        2    -1.94746
    -13.445        2    -2.39772
    -13.295        2    -2.87075
    -13.145        2    -3.37703
    -12.995        2    -3.92020
    -12.845        2    -4.49029
    -12.695        2    -5.08492
    -12.545        2    -5.73072
    -12.395        2    -6.44094
    -12.245        2    -7.21584
    -12.095        2    -8.05191
    -11.945        2    -8.94433
    -11.795        2    -9.89144
    -11.645        2   -10.85453
    -11.495        2   -11.83556
    -11.345        2   -12.80747
    -11.195        2   -13.80585
    -11.045        2   -14.80162
    -10.895        2   -15.78573
    -10.745        2   -16.76541
    -10.595        2   -17.74628
    -10.445        2   -18.75946
    -10.295        2   -19.79339
    -10.145        2   -20.85259
    -9.9950        2   -21.98606
    -9.8450        2   -23.16892
    -9.6950        2   -24.42659
    -9.5450        2   -25.74638
    -9.3950        2   -27.12119
    -9.2450        2   -28.54395
    -9.0950        2   -30.01819
    -8.9450        2   -31.55492
    -8.7950        2   -33.12206
    -8.6450        2   -34.73563
    -8.4950        2   -36.38612
    -8.3450        2   -38.09614
    -8.1950        2   -39.82354
    -8.0450        2   -41.62938
    -7.8950        2   -43.48477
    -7.7450        2   -45.37037
    -7.5950        2   -47.31488
    -7.4450        2   -49.27792
    -7.2950        2   -51.28977
    -7.1450        2   -53.33029
    -6.9950        2   -55.41335
    -6.8450        2   -57.53466
    -6.6950        2   -59.67433
    -6.5450        2   -61.83428
    -6.3950        2   -63.99867
    -6.2450        2   -66.15356
    -6.0950        2   -68.33969
    -5.9450        2   -70.53401
    -5.7950        2   -72.73858
    -5.6450        2   -74.94231
    -5.4950        2   -77.14981
    -5.3450        2   -79.34857
    -5.1950        2   -81.52914
    -5.0450        2   -83.70534
    -4.8950        2   -85.87220
    -4.7450        2   -88.04123
    -4.5950        2   -90.21776
    -4.4450        2   -92.38880
    -4.2950        2   -94.59047
    -4.1450        2   -96.81871
    -3.9950        2   -99.12868
    -3.8450        2  -101.48841
    -3.6950        2  -103.93213
    -3.5450        2  -106.46116
    -3.3950        2  -109.10186
    -3.2450        2  -111.85867
    -3.0950        2  -114.79542
    -2.9450        2  -117.91234
    -2.7950        2  -121.26222
    -2.6450        2  -124.90139
    -2.4950        2  -128.86615
    -2.3450        2  -133.25774
    -2.1950        2  -138.14628
    -2.0450        2  -143.64615
    -1.8950        2  -149.91375
    -1.7450        2  -157.09051
    -1.5950        2  -165.27076
    -1.4450        2  -174.47543
    -1.2950        2  -184.62074
    -1.1450        2  -195.56999
   -0.99500        2  -207.23318
   -0.84500        2  -219.47941
   -0.69500        2  -232.33259
   -0.54500        2  -246.12703
   -0.39500        2  -261.86893
   -0.25300        2  -273.92994
   -0.21500        2  -274.75478
   -0.20900        2  -275.59324
   -0.20300        2  -276.44509
   -0.19700        2  -277.30830
   -0.19100        2  -278.18624
   -0.18500        2  -279.07885
   -0.17900        2  -279.98759
   -0.17300        2  -280.91265
   -0.16700        2  -281.85581
   -0.16100        2  -282.81830
   -0.15500        2  -283.80108
   -0.14900        2  -284.80482
   -0.14300        2  -285.83233
   -0.13700        2  -286.88682
   -0.13100        2  -287.97011
   -0.12500        2  -289.08262
   -0.11900        2  -290.22808
   -0.11300        2  -291.40985
   -0.10700        2  -292.62964
   -0.10100        2  -293.89419
   -0.95000E-01    2  -295.21015
   -0.89000E-01    2  -296.58312
   -0.83000E-01    2  -298.01754
   -0.77000E-01    2  -299.52515
   -0.71000E-01    2  -301.11801
   -0.65000E-01    2  -302.80979
   -0.59000E-01    2  -304.62239
   -0.53000E-01    2  -306.57906
   -0.47000E-01    2  -308.71870
   -0.41000E-01    2  -311.09378
   -0.35000E-01    2  -313.78377
   -0.29000E-01    2  -316.91864
   -0.23000E-01    2  -320.76288
   -0.19700E-01    2  -321.20154
   -0.19100E-01    2  -321.65460
   -0.18500E-01    2  -322.12353
   -0.17900E-01    2  -322.60850
   -0.17300E-01    2  -323.11062
   -0.16700E-01    2  -323.63041
   -0.16100E-01    2  -324.16949
   -0.15500E-01    2  -324.72890
   -0.14900E-01    2  -325.30985
   -0.14300E-01    2  -325.91271
   -0.13700E-01    2  -326.53848
   -0.13100E-01    2  -327.18694
   -0.12500E-01    2  -327.85888
   -0.11900E-01    2  -328.55498
   -0.11300E-01    2  -329.27566
   -0.10700E-01    2  -330.02107
   -0.10100E-01    2  -330.78997
   -0.95000E-02    2  -331.58195
   -0.89000E-02    2  -332.39688
   -0.83000E-02    2  -333.23349
   -0.77000E-02    2  -334.09096
   -0.71000E-02    2  -334.96841
   -0.65000E-02    2  -335.86497
   -0.59000E-02    2  -336.77906
   -0.53000E-02    2  -337.70894
   -0.47000E-02    2  -338.64595
   -0.41000E-02    2  -339.57217
   -0.35000E-02    2  -340.46160
   -0.29000E-02    2  -341.27600
   -0.23000E-02    2  -341.97311
   -0.17000E-02    2  -342.51744
   -0.11000E-02    2  -342.88201
   -0.50000E-03    2  -343.05030
    0.10000E-03    2  -343.01654
    0.70000E-03    2  -342.78185
    0.13000E-02    2  -342.35492
    0.19000E-02    2  -341.75625
    0.25000E-02    2  -341.01570
    0.31000E-02    2  -340.17193
    0.37000E-02    2  -339.26748
    0.43000E-02    2  -338.33810
    0.49000E-02    2  -337.40603
    0.55000E-02    2  -336.48574
    0.61000E-02    2  -335.58112
    0.67000E-02    2  -334.69334
    0.73000E-02    2  -333.82363
    0.79000E-02    2  -332.97396
    0.85000E-02    2  -332.14543
    0.91000E-02    2  -331.33943
    0.97000E-02    2  -330.55602
    0.10300E-01    2  -329.79671
    0.10900E-01    2  -329.06138
    0.11500E-01    2  -328.35058
    0.12100E-01    2  -327.66486
    0.12700E-01    2  -327.00320
    0.13300E-01    2  -326.36451
    0.13900E-01    2  -325.74912
    0.14500E-01    2  -325.15648
    0.15100E-01    2  -324.58590
    0.15700E-01    2  -324.03623
    0.16300E-01    2  -323.50677
    0.16900E-01    2  -322.99604
    0.17500E-01    2  -322.50286
    0.18100E-01    2  -322.02685
    0.18700E-01    2  -321.56676
    0.19300E-01    2  -321.12192
    0.20200E-01    2  -319.51792
    0.25000E-01    2  -315.99561
    0.31000E-01    2  -313.07850
    0.37000E-01    2  -310.56416
    0.43000E-01    2  -308.34659
    0.49000E-01    2  -306.35533
    0.55000E-01    2  -304.54609
    0.61000E-01    2  -302.88205
    0.67000E-01    2  -301.34168
    0.73000E-01    2  -299.90467
    0.79000E-01    2  -298.55867
    0.85000E-01    2  -297.29166
    0.91000E-01    2  -296.09385
    0.97000E-01    2  -294.96096
    0.10300        2  -293.88232
    0.10900        2  -292.85530
    0.11500        2  -291.87518
    0.12100        2  -290.93820
    0.12700        2  -290.04140
    0.13300        2  -289.18228
    0.13900        2  -288.35769
    0.14500        2  -287.56538
    0.15100        2  -286.80262
    0.15700        2  -286.06709
    0.16300        2  -285.35723
    0.16900        2  -284.67187
    0.17500        2  -284.00856
    0.18100        2  -283.36591
    0.18700        2  -282.74375
    0.19300        2  -282.14014
    0.19900        2  -281.55433
    0.20500        2  -280.98558
    0.21100        2  -280.43195
    0.21700        2  -279.89447
    0.29500        2  -269.41871
    0.44500        2  -263.05043
    0.59500        2  -258.47446
    0.74500        2  -254.84110
    0.89500        2  -251.79085
     1.0450        2  -249.12160
     1.1950        2  -246.73717
     1.3450        2  -244.56253
     1.4950        2  -242.55891
     1.6450        2  -240.69866
     1.7950        2  -238.97680
     1.9450        2  -237.37256
     2.0950        2  -235.87376
     2.2450        2  -234.51129
     2.3950        2  -233.23683
     2.5450        2  -232.06149
     2.6950        2  -230.99459
     2.8450        2  -230.00094
     2.9950        2  -229.08975
     3.1450        2  -228.24209
     3.2950        2  -227.47113
     3.4450        2  -226.75588
     3.5950        2  -226.08952
     3.7450        2  -225.45999
     3.8950        2  -224.86185
     4.0450        2  -224.30431
     4.1950        2  -223.77571
     4.3450        2  -223.26579
     4.4950        2  -222.78539
     4.6450        2  -222.32894
     4.7950        2  -221.89036
     4.9450        2  -221.46320
     5.0950        2  -221.05227
     5.2450        2  -220.66321
     5.3950        2  -220.28566
     5.5450        2  -219.91411
     5.6950        2  -219.55411
     5.8450        2  -219.20598
     5.9950        2  -218.86659
     6.1450        2  -218.53144
     6.2950        2  -218.21112
     6.4450        2  -217.89916
     6.5950        2  -217.59009
     6.7450        2  -217.28801
     6.8950        2  -216.99813
     7.0450        2  -216.70608
     7.1950        2  -216.42701
     7.3450        2  -216.15523
     7.4950        2  -215.88750
     7.6450        2  -215.62392
     7.7950        2  -215.36744
     7.9450        2  -215.11699
     8.0950        2  -214.87182
     8.2450        2  -214.62966
     8.3950        2  -214.38918
     8.5450        2  -214.15608
     8.6950        2  -213.92557
     8.8450        2  -213.69694
     8.9950        2  -213.47570
     9.1450        2  -213.25546
     9.2950        2  -213.03726
     9.4450        2  -212.82373
     9.5950        2  -212.61525
     9.7450        2  -212.40579
     9.8950        2  -212.20409
     10.045        2  -212.00245
     10.195        2  -211.80639
     10.345        2  -211.61462
     10.495        2  -211.42468
     10.645        2  -211.23765
     10.795        2  -211.05254
     10.945        2  -210.86930
     11.095        2  -210.68641
     11.245        2  -210.50672
     11.395        2  -210.32924
     11.545        2  -210.15516
     11.695        2  -209.98441
     11.845        2  -209.81457
     11.995        2  -209.64978
     12.145        2  -209.48468
     12.295        2  -209.31733
     12.445        2  -209.15649
     12.595        2  -208.99397
     12.745        2  -208.83459
     12.895        2  -208.67951
     13.045        2  -208.52490
     13.195        2  -208.37184
     13.345        2  -208.22105
     13.495        2  -208.07356
     13.645        2  -207.92844
     13.795        2  -207.78491
     13.945        2  -207.63853
     14.095        2  -207.49181
     14.245        2  -207.35043
     14.395        2  -207.20679
     14.545        2  -207.06895
     14.695        2  -206.93357
     14.845        2  -206.79884
     14.995        2  -206.66114
     15.145        2  -206.52567
     15.295        2  -206.39596
     15.445        2  -206.26581
     15.595        2  -206.13261
     15.745        2  -206.00485
     15.895        2  -205.87484
     16.045        2  -205.74665
     16.195        2  -205.62251
     16.345        2  -205.49899
     16.495        2  -205.37511
     16.645        2  -205.25414
     16.795        2  -205.13428
     16.945        2  -205.01515
     17.095        2  -204.89563
     17.245        2  -204.78177
     17.395        2  -204.66410
     17.545        2  -204.54993
     17.695        2  -204.43524
     17.845        2  -204.32202
     17.995        2  -204.20989
     18.145        2  -204.09886
     18.295        2  -203.98775
     18.445        2  -203.87929
     18.595        2  -203.76858
     18.745        2  -203.66124
     18.895        2  -203.55550
     19.045        2  -203.44968
     19.195        2  -203.34225
     19.345        2  -203.23683
     19.495        2  -203.13292
     19.645        2  -203.02895
     19.795        2  -202.92789
     19.945        2  -202.82755
     20.095        2  -202.72701
     21.836        2  -199.64781
     30.068        2  -195.09033
     42.097        2  -190.53786
     58.937        2  -186.01014
     82.515        2  -181.52244
     115.53        2  -177.08437
     161.74        2  -172.70497
     226.45        2  -168.39198
     317.04        2  -164.16748
     443.87        2  -160.03245
     621.44        2  -155.96764
     870.05        2  -152.00099
     1218.1        2  -148.13867
     1705.4        2  -144.37364
     2387.7        2  -140.69315
     3342.9        2  -137.11222
     4680.2        2  -133.61867
     6552.5        2  -130.20634
     9173.8        2  -126.88342
     12844.        2  -123.66327
     17982.        2  -120.54383
     25176.        2  -117.53246
     35247.        2  -114.62623
     49348.        2  -111.83641
     69090.        2  -109.16178
     96729.        2  -106.60740
    0.13543E+06    2  -104.16630
    0.18960E+06    2  -101.84061
    0.26545E+06    2   -99.62494
    0.37165E+06    2   -97.51520
    0.52033E+06    2   -95.50489
    0.72849E+06    2   -93.59548
    0.10199E+07    2   -91.77499
    0.14279E+07    2   -90.04315
    0.19992E+07    2   -88.39556
    0.27990E+07    2   -86.83393
    0.39187E+07    2   -85.34000
    0.54864E+07    2   -83.92758
    0.76812E+07    2   -82.58222
    0.10754E+08    2   -81.30566
    0.15056E+08    2   -80.09015
    0.21080E+08    2   -78.93407
    0.29513E+08    2   -77.83786
    0.41319E+08    2   -76.80703
    0.57849E+08    2   -75.84681
    0.80991E+08    2   -74.95502
    0.11339E+09    2   -74.12877
    0.15875E+09    2   -73.35890
    0.22226E+09    2   -72.63815
    0.31118E+09    2   -71.96649
    0.43567E+09    2   -71.33805
    0.60996E+09    2   -70.76113
    0.85398E+09    2   -70.24054
    0.11956E+10    2   -69.76551
    0.16739E+10    2   -69.32840
    0.23436E+10    2   -68.92476
    0.32811E+10    2   -68.55553
    0.45937E+10    2   -68.21738
    0.64315E+10    2   -67.90605
    0.90044E+10    2   -67.62011
    0.12607E+11    2   -67.35560
    0.17650E+11    2   -67.11395
    0.24711E+11    2   -66.89107
    0.34596E+11    2   -66.68678
    0.48437E+11    2   -66.49787
    0.67814E+11    2   -66.32552
    0.10000E+12    2   -64.35161
