    -29.945        1     0.00000
    -29.795        1     0.00000
    -29.645        1     0.00000
    -29.495        1     0.00000
    -29.345        1     0.00000
    -29.195        1     0.00000
    -29.045        1     0.00000
    -28.895        1     0.00000
    -28.745        1     0.00000
    -28.595        1     0.00000
    -28.445        1     0.00000
    -28.295        1     0.00000
    -28.145        1     0.00000
    -27.995        1     0.00000
    -27.845        1     0.00000
    -27.695        1     0.00000
    -27.545        1     0.00000
    -27.395        1     0.00000
    -27.245        1     0.00000
    -27.095        1     0.00000
    -26.945        1     0.00000
    -26.795        1     0.00000
    -26.645        1     0.00000
    -26.495        1     0.00000
    -26.345        1     0.00000
    -26.195        1    -0.00017
    -26.045        1    -0.00017
    -25.895        1    -0.00017
    -25.745        1    -0.00017
    -25.595        1    -0.00051
    -25.445        1    -0.00104
    -25.295        1    -0.00121
    -25.145        1    -0.00205
    -24.995        1    -0.00379
    -24.845        1    -0.00653
    -24.695        1    -0.01151
    -24.545        1    -0.01705
    -24.395        1    -0.02469
    -24.245        1    -0.03625
    -24.095        1    -0.05108
    -23.945        1    -0.07165
    -23.795        1    -0.09845
    -23.645        1    -0.13479
    -23.495        1    -0.17611
    -23.345        1    -0.22902
    -23.195        1    -0.29487
    -23.045        1    -0.38302
    -22.895        1    -0.48848
    -22.745        1    -0.60921
    -22.595        1    -0.75311
    -22.445        1    -0.91167
    -22.295        1    -1.09969
    -22.145        1    -1.29416
    -21.995        1    -1.50765
    -21.845        1    -1.74686
    -21.695        1    -1.99499
    -21.545        1    -2.26103
    -21.395        1    -2.53407
    -21.245        1    -2.84015
    -21.095        1    -3.12544
    -20.945        1    -3.42348
    -20.795        1    -3.72366
    -20.645        1    -4.03972
    -20.495        1    -4.36374
    -20.345        1    -4.67907
    -20.195        1    -5.01074
    -20.045        1    -5.35278
    -19.895        1    -5.69723
    -19.745        1    -6.04515
    -19.595        1    -6.40821
    -19.445        1    -6.76938
    -19.295        1    -7.12738
    -19.145        1    -7.47228
    -18.995        1    -7.82512
    -18.845        1    -8.18878
    -18.695        1    -8.56486
    -18.545        1    -8.94083
    -18.395        1    -9.31768
    -18.245        1    -9.68512
    -18.095        1   -10.06466
    -17.945        1   -10.44175
    -17.795        1   -10.82885
    -17.645        1   -11.23585
    -17.495        1   -11.63071
    -17.345        1   -12.03845
    -17.195        1   -12.44768
    -17.045        1   -12.86028
    -16.895        1   -13.27981
    -16.745        1   -13.70719
    -16.595        1   -14.14295
    -16.445        1   -14.57160
    -16.295        1   -15.00361
    -16.145        1   -15.42727
    -15.995        1   -15.86188
    -15.845        1   -16.29823
    -15.695        1   -16.72547
    -15.545        1   -17.16385
    -15.395        1   -17.59390
    -15.245        1   -18.03815
    -15.095        1   -18.48455
    -14.945        1   -18.93147
    -14.795        1   -19.38468
    -14.645        1   -19.85996
    -14.495        1   -20.33499
    -14.345        1   -20.81832
    -14.195        1   -21.31536
    -14.045        1   -21.81453
    -13.895        1   -22.33423
    -13.745        1   -22.85633
    -13.595        1   -23.40439
    -13.445        1   -23.94611
    -13.295        1   -24.48892
    -13.145        1   -25.02396
    -12.995        1   -25.57244
    -12.845        1   -26.10249
    -12.695        1   -26.63194
    -12.545        1   -27.15524
    -12.395        1   -27.66638
    -12.245        1   -28.16826
    -12.095        1   -28.65814
    -11.945        1   -29.14314
    -11.795        1   -29.62379
    -11.645        1   -30.10379
    -11.495        1   -30.56426
    -11.345        1   -31.03077
    -11.195        1   -31.47464
    -11.045        1   -31.92155
    -10.895        1   -32.36632
    -10.745        1   -32.79780
    -10.595        1   -33.24170
    -10.445        1   -33.68945
    -10.295        1   -34.13563
    -10.145        1   -34.59125
    -9.9950        1   -35.04750
    -9.8450        1   -35.49273
    -9.6950        1   -35.93501
    -9.5450        1   -36.38083
    -9.3950        1   -36.82582
    -9.2450        1   -37.25538
    -9.0950        1   -37.69029
    -8.9450        1   -38.13142
    -8.7950        1   -38.56752
    -8.6450        1   -39.00761
    -8.4950        1   -39.46146
    -8.3450        1   -39.92797
    -8.1950        1   -40.39508
    -8.0450        1   -40.87653
    -7.8950        1   -41.36650
    -7.7450        1   -41.86185
    -7.5950        1   -42.36989
    -7.4450        1   -42.89085
    -7.2950        1   -43.40913
    -7.1450        1   -43.94633
    -6.9950        1   -44.48995
    -6.8450        1   -45.04494
    -6.6950        1   -45.60542
    -6.5450        1   -46.16430
    -6.3950        1   -46.74104
    -6.2450        1   -47.31455
    -6.0950        1   -47.89786
    -5.9450        1   -48.48490
    -5.7950        1   -49.07525
    -5.6450        1   -49.67991
    -5.4950        1   -50.29264
    -5.3450        1   -50.90638
    -5.1950        1   -51.53056
    -5.0450        1   -52.17020
    -4.8950        1   -52.82412
    -4.7450        1   -53.49938
    -4.5950        1   -54.18844
    -4.4450        1   -54.90277
    -4.2950        1   -55.64836
    -4.1450        1   -56.42181
    -3.9950        1   -57.23009
    -3.8450        1   -58.09026
    -3.6950        1   -58.98906
    -3.5450        1   -59.96066
    -3.3950        1   -60.99369
    -3.2450        1   -62.09355
    -3.0950        1   -63.28747
    -2.9450        1   -64.57047
    -2.7950        1   -65.94585
    -2.6450        1   -67.41896
    -2.4950        1   -68.98204
    -2.3450        1   -70.62715
    -2.1950        1   -72.33286
    -2.0450        1   -74.06669
    -1.8950        1   -75.82587
    -1.7450        1   -77.60128
    -1.5950        1   -79.37675
    -1.4450        1   -81.15701
    -1.2950        1   -82.94122
    -1.1450        1   -84.73423
   -0.99500        1   -86.57134
   -0.84500        1   -88.48741
   -0.69500        1   -90.55524
   -0.54500        1   -92.88936
   -0.39500        1   -95.63286
   -0.25300        1   -97.71878
   -0.21500        1   -97.85973
   -0.20900        1   -98.00299
   -0.20300        1   -98.14792
   -0.19700        1   -98.29468
   -0.19100        1   -98.44415
   -0.18500        1   -98.59527
   -0.17900        1   -98.74961
   -0.17300        1   -98.90563
   -0.16700        1   -99.06436
   -0.16100        1   -99.22636
   -0.15500        1   -99.39092
   -0.14900        1   -99.55833
   -0.14300        1   -99.72931
   -0.13700        1   -99.90437
   -0.13100        1  -100.08371
   -0.12500        1  -100.26785
   -0.11900        1  -100.45662
   -0.11300        1  -100.65016
   -0.10700        1  -100.85033
   -0.10100        1  -101.05684
   -0.95000E-01    1  -101.27163
   -0.89000E-01    1  -101.49512
   -0.83000E-01    1  -101.72883
   -0.77000E-01    1  -101.97446
   -0.71000E-01    1  -102.23398
   -0.65000E-01    1  -102.51022
   -0.59000E-01    1  -102.80718
   -0.53000E-01    1  -103.12938
   -0.47000E-01    1  -103.48326
   -0.41000E-01    1  -103.87907
   -0.35000E-01    1  -104.33375
   -0.29000E-01    1  -104.87815
   -0.23000E-01    1  -105.57704
   -0.19700E-01    1  -105.65754
   -0.19100E-01    1  -105.74055
   -0.18500E-01    1  -105.82611
   -0.17900E-01    1  -105.91413
   -0.17300E-01    1  -106.00465
   -0.16700E-01    1  -106.09789
   -0.16100E-01    1  -106.19427
   -0.15500E-01    1  -106.29369
   -0.14900E-01    1  -106.39644
   -0.14300E-01    1  -106.50254
   -0.13700E-01    1  -106.61196
   -0.13100E-01    1  -106.72480
   -0.12500E-01    1  -106.84126
   -0.11900E-01    1  -106.96129
   -0.11300E-01    1  -107.08499
   -0.10700E-01    1  -107.21230
   -0.10100E-01    1  -107.34349
   -0.95000E-02    1  -107.47816
   -0.89000E-02    1  -107.61630
   -0.83000E-02    1  -107.75749
   -0.77000E-02    1  -107.90145
   -0.71000E-02    1  -108.04702
   -0.65000E-02    1  -108.19255
   -0.59000E-02    1  -108.33630
   -0.53000E-02    1  -108.47634
   -0.47000E-02    1  -108.61081
   -0.41000E-02    1  -108.73700
   -0.35000E-02    1  -108.85198
   -0.29000E-02    1  -108.95258
   -0.23000E-02    1  -109.03593
   -0.17000E-02    1  -109.09952
   -0.11000E-02    1  -109.14167
   -0.50000E-03    1  -109.16132
    0.10000E-03    1  -109.15797
    0.70000E-03    1  -109.13161
    0.13000E-02    1  -109.08286
    0.19000E-02    1  -109.01284
    0.25000E-02    1  -108.92366
    0.31000E-02    1  -108.81808
    0.37000E-02    1  -108.69906
    0.43000E-02    1  -108.56987
    0.49000E-02    1  -108.43332
    0.55000E-02    1  -108.29197
    0.61000E-02    1  -108.14772
    0.67000E-02    1  -108.00227
    0.73000E-02    1  -107.85731
    0.79000E-02    1  -107.71448
    0.85000E-02    1  -107.57452
    0.91000E-02    1  -107.43772
    0.97000E-02    1  -107.30441
    0.10300E-01    1  -107.17486
    0.10900E-01    1  -107.04903
    0.11500E-01    1  -106.92677
    0.12100E-01    1  -106.80816
    0.12700E-01    1  -106.69310
    0.13300E-01    1  -106.58152
    0.13900E-01    1  -106.47365
    0.14500E-01    1  -106.36895
    0.15100E-01    1  -106.26765
    0.15700E-01    1  -106.16964
    0.16300E-01    1  -106.07455
    0.16900E-01    1  -105.98224
    0.17500E-01    1  -105.89293
    0.18100E-01    1  -105.80620
    0.18700E-01    1  -105.72191
    0.19300E-01    1  -105.64007
    0.20200E-01    1  -105.34374
    0.25000E-01    1  -104.70916
    0.31000E-01    1  -104.20438
    0.37000E-01    1  -103.77885
    0.43000E-01    1  -103.40644
    0.49000E-01    1  -103.07402
    0.55000E-01    1  -102.77317
    0.61000E-01    1  -102.49786
    0.67000E-01    1  -102.24387
    0.73000E-01    1  -102.00845
    0.79000E-01    1  -101.78904
    0.85000E-01    1  -101.58451
    0.91000E-01    1  -101.39179
    0.97000E-01    1  -101.21035
    0.10300        1  -101.03917
    0.10900        1  -100.87654
    0.11500        1  -100.72242
    0.12100        1  -100.57567
    0.12700        1  -100.43608
    0.13300        1  -100.30329
    0.13900        1  -100.17651
    0.14500        1  -100.05494
    0.15100        1   -99.93887
    0.15700        1   -99.82783
    0.16300        1   -99.72144
    0.16900        1   -99.61939
    0.17500        1   -99.52186
    0.18100        1   -99.42819
    0.18700        1   -99.33792
    0.19300        1   -99.25157
    0.19900        1   -99.16870
    0.20500        1   -99.08955
    0.21100        1   -99.01290
    0.21700        1   -98.94012
    0.29500        1   -97.68457
    0.44500        1   -97.07210
    0.59500        1   -96.67095
    0.74500        1   -96.35805
    0.89500        1   -96.09595
     1.0450        1   -95.86988
     1.1950        1   -95.66963
     1.3450        1   -95.48761
     1.4950        1   -95.32235
     1.6450        1   -95.16859
     1.7950        1   -95.02798
     1.9450        1   -94.89459
     2.0950        1   -94.77146
     2.2450        1   -94.65453
     2.3950        1   -94.54800
     2.5450        1   -94.44617
     2.6950        1   -94.35261
     2.8450        1   -94.26320
     2.9950        1   -94.18033
     3.1450        1   -94.10205
     3.2950        1   -94.03148
     3.4450        1   -93.96079
     3.5950        1   -93.89588
     3.7450        1   -93.83323
     3.8950        1   -93.77262
     4.0450        1   -93.71338
     4.1950        1   -93.65637
     4.3450        1   -93.60218
     4.4950        1   -93.55127
     4.6450        1   -93.49982
     4.7950        1   -93.45088
     4.9450        1   -93.40722
     5.0950        1   -93.36092
     5.2450        1   -93.31692
     5.3950        1   -93.27373
     5.5450        1   -93.23462
     5.6950        1   -93.19406
     5.8450        1   -93.15497
     5.9950        1   -93.11647
     6.1450        1   -93.07696
     6.2950        1   -93.04140
     6.4450        1   -93.00714
     6.5950        1   -92.97258
     6.7450        1   -92.93684
     6.8950        1   -92.90367
     7.0450        1   -92.87183
     7.1950        1   -92.83923
     7.3450        1   -92.80570
     7.4950        1   -92.77631
     7.6450        1   -92.74621
     7.7950        1   -92.71528
     7.9450        1   -92.68188
     8.0950        1   -92.65342
     8.2450        1   -92.62647
     8.3950        1   -92.59857
     8.5450        1   -92.57064
     8.6950        1   -92.54312
     8.8450        1   -92.51622
     8.9950        1   -92.48996
     9.1450        1   -92.46435
     9.2950        1   -92.43810
     9.4450        1   -92.41320
     9.5950        1   -92.38767
     9.7450        1   -92.36230
     9.8950        1   -92.33829
     10.045        1   -92.31441
     10.195        1   -92.28990
     10.345        1   -92.26665
     10.495        1   -92.24396
     10.645        1   -92.22069
     10.795        1   -92.19865
     10.945        1   -92.17718
     11.095        1   -92.15601
     11.245        1   -92.13561
     11.395        1   -92.11453
     11.545        1   -92.09162
     11.695        1   -92.07065
     11.845        1   -92.04953
     11.995        1   -92.02830
     12.145        1   -92.00809
     12.295        1   -91.98896
     12.445        1   -91.96830
     12.595        1   -91.94945
     12.745        1   -91.92955
     12.895        1   -91.90912
     13.045        1   -91.89060
     13.195        1   -91.86986
     13.345        1   -91.84854
     13.495        1   -91.82954
     13.645        1   -91.81182
     13.795        1   -91.79417
     13.945        1   -91.77627
     14.095        1   -91.75837
     14.245        1   -91.74066
     14.395        1   -91.72328
     14.545        1   -91.70530
     14.695        1   -91.68848
     14.845        1   -91.67146
     14.995        1   -91.65494
     15.145        1   -91.63825
     15.295        1   -91.62244
     15.445        1   -91.60584
     15.595        1   -91.58919
     15.745        1   -91.57255
     15.895        1   -91.55471
     16.045        1   -91.53918
     16.195        1   -91.52357
     16.345        1   -91.50682
     16.495        1   -91.49079
     16.645        1   -91.47441
     16.795        1   -91.45964
     16.945        1   -91.44415
     17.095        1   -91.42886
     17.245        1   -91.41374
     17.395        1   -91.39834
     17.545        1   -91.38410
     17.695        1   -91.36748
     17.845        1   -91.35267
     17.995        1   -91.33837
     18.145        1   -91.32372
     18.295        1   -91.30999
     18.445        1   -91.29639
     18.595        1   -91.28228
     18.745        1   -91.26791
     18.895        1   -91.25331
     19.045        1   -91.23963
     19.195        1   -91.22573
     19.345        1   -91.21285
     19.495        1   -91.19963
     19.645        1   -91.18647
     19.795        1   -91.17355
     19.945        1   -91.15973
     20.095        1   -91.14667
     20.245        1   -91.13373
     20.395        1   -91.12073
     20.545        1   -91.10744
     20.695        1   -91.09456
     20.845        1   -91.08191
     20.995        1   -91.07013
     21.145        1   -91.05830
     21.295        1   -91.04615
     21.445        1   -91.03389
     21.595        1   -91.02180
     21.745        1   -91.00971
     21.895        1   -90.99822
     22.045        1   -90.98644
     22.195        1   -90.97525
     22.345        1   -90.96340
     22.495        1   -90.95077
     22.645        1   -90.93871
     22.795        1   -90.92635
     22.945        1   -90.91450
     23.095        1   -90.90270
     23.245        1   -90.89080
     23.395        1   -90.87964
     23.545        1   -90.86818
     23.695        1   -90.85718
     23.845        1   -90.84612
     23.995        1   -90.83473
     24.145        1   -90.82409
     24.295        1   -90.81310
     24.445        1   -90.80283
     24.595        1   -90.79155
     24.745        1   -90.78143
     24.895        1   -90.76896
     25.045        1   -90.75863
     25.195        1   -90.74811
     25.345        1   -90.73787
     25.495        1   -90.72717
     25.645        1   -90.71617
     25.795        1   -90.70585
     25.945        1   -90.69537
     26.095        1   -90.68500
     26.245        1   -90.67506
     26.395        1   -90.66483
     26.545        1   -90.65513
     26.695        1   -90.64510
     26.845        1   -90.63560
     26.995        1   -90.62517
     27.145        1   -90.61516
     27.295        1   -90.60588
     27.445        1   -90.59585
     27.595        1   -90.58596
     27.745        1   -90.57615
     27.895        1   -90.56707
     28.045        1   -90.55791
     28.195        1   -90.54893
     28.345        1   -90.54016
     28.495        1   -90.53066
     28.645        1   -90.52155
     28.795        1   -90.51244
     28.945        1   -90.50358
     29.095        1   -90.49453
     29.245        1   -90.48529
     29.395        1   -90.47551
     29.545        1   -90.46659
     29.695        1   -90.45796
     29.845        1   -90.44884
     29.995        1   -90.43923
     30.145        1   -90.43016
     30.295        1   -90.42180
     30.445        1   -90.41323
     30.595        1   -90.40441
     30.745        1   -90.39592
     30.895        1   -90.38756
     31.045        1   -90.37926
     31.195        1   -90.37045
     31.345        1   -90.36212
     31.495        1   -90.35347
     31.645        1   -90.34541
     31.795        1   -90.33721
     31.945        1   -90.32811
     32.095        1   -90.31929
     32.245        1   -90.31046
     32.395        1   -90.30215
     32.545        1   -90.29427
     32.695        1   -90.28636
     32.845        1   -90.27792
     32.995        1   -90.27006
     33.145        1   -90.26195
     33.295        1   -90.25375
     33.445        1   -90.24543
     33.595        1   -90.23703
     33.745        1   -90.22683
     33.895        1   -90.21869
     34.045        1   -90.21050
     34.195        1   -90.20260
     34.345        1   -90.19465
     34.495        1   -90.18679
     34.645        1   -90.17823
     34.795        1   -90.17052
     34.945        1   -90.16289
     35.095        1   -90.15538
     35.245        1   -90.14784
     35.395        1   -90.13962
     35.545        1   -90.13195
     35.695        1   -90.12389
     35.845        1   -90.11709
     35.995        1   -90.10976
     36.145        1   -90.10250
     36.295        1   -90.09484
     36.445        1   -90.08742
     36.595        1   -90.07966
     36.745        1   -90.07234
     36.895        1   -90.06537
     37.045        1   -90.05748
     37.195        1   -90.05013
     37.345        1   -90.04251
     37.495        1   -90.03567
     37.645        1   -90.02904
     37.795        1   -90.02198
     37.945        1   -90.01489
     38.095        1   -90.00720
     38.245        1   -90.00040
     38.395        1   -89.99349
     38.545        1   -89.98570
     38.695        1   -89.97809
     38.845        1   -89.97094
     38.995        1   -89.96463
     39.145        1   -89.95750
     39.295        1   -89.95098
     39.445        1   -89.94373
     39.595        1   -89.93678
     39.745        1   -89.92959
     39.895        1   -89.92302
     40.045        1   -89.91565
     40.195        1   -89.90910
     40.345        1   -89.90225
     40.495        1   -89.89548
     40.645        1   -89.88886
     40.795        1   -89.88260
     40.945        1   -89.87586
     41.095        1   -89.86900
     41.245        1   -89.86237
     41.395        1   -89.85609
     41.545        1   -89.84964
     41.695        1   -89.84331
     41.845        1   -89.83656
     41.995        1   -89.83032
     42.145        1   -89.82375
     42.295        1   -89.81745
     42.445        1   -89.81057
     42.595        1   -89.80312
     42.745        1   -89.79707
     42.895        1   -89.79107
     43.045        1   -89.78497
     43.195        1   -89.77838
     43.345        1   -89.77195
     43.495        1   -89.76568
     43.645        1   -89.75920
     43.795        1   -89.75301
     43.945        1   -89.74678
     44.095        1   -89.74074
     44.245        1   -89.73460
     44.395        1   -89.72893
     44.545        1   -89.72176
     44.695        1   -89.71568
     44.845        1   -89.70944
     44.995        1   -89.70319
     45.145        1   -89.69726
     45.295        1   -89.69127
     45.445        1   -89.68506
     45.595        1   -89.67853
     45.745        1   -89.67217
     45.895        1   -89.66625
     46.045        1   -89.66052
     46.195        1   -89.65464
     46.345        1   -89.64850
     46.495        1   -89.64257
     46.645        1   -89.63690
     46.795        1   -89.63121
     46.945        1   -89.62523
     47.095        1   -89.61932
     47.245        1   -89.61318
     47.395        1   -89.60699
     47.545        1   -89.60107
     47.695        1   -89.59507
     47.845        1   -89.58928
     47.995        1   -89.58299
     48.145        1   -89.57712
     48.295        1   -89.57159
     48.445        1   -89.56585
     48.595        1   -89.56014
     48.745        1   -89.55443
     48.895        1   -89.54915
     49.045        1   -89.54391
     49.195        1   -89.53850
     49.345        1   -89.53216
     49.495        1   -89.52658
     49.645        1   -89.52101
     49.795        1   -89.51547
     49.945        1   -89.51010
     50.095        1   -89.50461
     50.245        1   -89.49913
     50.395        1   -89.49345
     50.545        1   -89.48767
     50.695        1   -89.48122
     50.845        1   -89.47607
     50.995        1   -89.47023
     51.145        1   -89.46519
     51.295        1   -89.45969
     51.445        1   -89.45456
     51.595        1   -89.44926
     51.745        1   -89.44409
     51.895        1   -89.43866
     52.045        1   -89.43356
     52.195        1   -89.42827
     52.345        1   -89.42306
     52.495        1   -89.41781
     52.645        1   -89.41248
     52.795        1   -89.40592
     52.945        1   -89.40054
     53.095        1   -89.39560
     53.245        1   -89.39009
     53.395        1   -89.38520
     53.545        1   -89.37991
     53.695        1   -89.37445
     53.845        1   -89.36931
     53.995        1   -89.36422
     54.145        1   -89.35937
     54.295        1   -89.35452
     54.445        1   -89.34891
     54.595        1   -89.34416
     54.745        1   -89.33915
     54.895        1   -89.33363
     55.045        1   -89.32889
     55.195        1   -89.32436
     55.345        1   -89.31914
     55.495        1   -89.31417
     55.645        1   -89.30963
     55.795        1   -89.30487
     55.945        1   -89.29978
     56.095        1   -89.29473
     56.245        1   -89.29015
     56.395        1   -89.28519
     56.545        1   -89.28024
     56.695        1   -89.27542
     56.845        1   -89.27060
     56.995        1   -89.26589
     57.145        1   -89.26132
     57.295        1   -89.25650
     57.445        1   -89.25163
     57.595        1   -89.24630
     57.745        1   -89.24155
     57.895        1   -89.23682
     58.045        1   -89.23237
     58.195        1   -89.22756
     58.345        1   -89.22278
     58.495        1   -89.21806
     58.645        1   -89.21354
     58.795        1   -89.20766
     58.945        1   -89.20325
     59.095        1   -89.19837
     59.245        1   -89.19328
     59.395        1   -89.18874
     59.545        1   -89.18401
     59.695        1   -89.17919
     59.845        1   -89.17470
     59.995        1   -89.17004
     60.145        1   -89.16558
     70.939        1   -88.56382
     97.698        1   -87.96597
     134.55        1   -87.36845
     185.30        1   -86.77165
     255.20        1   -86.17831
     351.46        1   -85.58683
     484.04        1   -85.00718
     666.62        1   -84.43288
     918.07        1   -83.86766
     1264.4        1   -83.30600
     1741.3        1   -82.75680
     2398.1        1   -82.21581
     3302.7        1   -81.68284
     4548.5        1   -81.15533
     6264.3        1   -80.63685
     8627.2        1   -80.12522
     11881.        1   -79.62054
     16363.        1   -79.11731
     22535.        1   -78.62578
     31036.        1   -78.14074
     42743.        1   -77.66382
     58866.        1   -77.19017
     81070.        1   -76.72320
    0.11165E+06    1   -76.25900
    0.15377E+06    1   -75.80222
    0.21177E+06    1   -75.35098
    0.29165E+06    1   -74.90372
    0.40166E+06    1   -74.46299
    0.55317E+06    1   -74.02309
    0.76182E+06    1   -73.58593
    0.10492E+07    1   -73.15392
    0.14449E+07    1   -72.72376
    0.19900E+07    1   -72.29350
    0.27406E+07    1   -71.86405
    0.37744E+07    1   -71.43368
    0.51981E+07    1   -71.00005
    0.71589E+07    1   -70.56403
    0.98593E+07    1   -70.12660
    0.13578E+08    1   -69.69044
    0.18700E+08    1   -69.24941
    0.25754E+08    1   -68.80391
    0.35468E+08    1   -68.36591
    0.48847E+08    1   -67.93330
    0.67273E+08    1   -67.51319
    0.92648E+08    1   -67.10093
    0.12760E+09    1   -66.70033
    0.17573E+09    1   -66.31233
    0.24201E+09    1   -65.93505
    0.33330E+09    1   -65.56861
    0.45902E+09    1   -65.22147
    0.63217E+09    1   -64.89558
    0.87062E+09    1   -64.58938
    0.11990E+10    1   -64.30255
    0.16513E+10    1   -64.03432
    0.22742E+10    1   -63.78549
    0.31320E+10    1   -63.55523
    0.43134E+10    1   -63.34064
    0.59405E+10    1   -63.13957
    0.81813E+10    1   -62.95152
    0.11267E+11    1   -62.77611
    0.15517E+11    1   -62.61322
    0.21371E+11    1   -62.46244
    0.29432E+11    1   -62.32207
    0.40534E+11    1   -62.19179
    0.55823E+11    1   -62.07062
    0.10000E+12    1   -60.55296
    -149.95        2     0.00000
    -149.79        2     0.00000
    -149.65        2     0.00000
    -149.49        2     0.00000
    -149.34        2     0.00000
    -149.20        2     0.00000
    -149.04        2     0.00000
    -148.90        2     0.00000
    -148.74        2     0.00000
    -148.59        2     0.00000
    -148.45        2     0.00000
    -148.29        2     0.00000
    -148.15        2     0.00000
    -147.99        2     0.00000
    -147.84        2     0.00000
    -147.70        2     0.00000
    -147.54        2     0.00000
    -147.40        2     0.00000
    -147.24        2     0.00000
    -147.09        2     0.00000
    -146.95        2     0.00000
    -146.79        2     0.00000
    -146.65        2     0.00000
    -146.49        2     0.00000
    -146.34        2     0.00000
    -146.20        2     0.00000
    -146.04        2     0.00000
    -145.90        2     0.00000
    -145.74        2     0.00000
    -145.59        2     0.00000
    -145.45        2     0.00000
    -145.29        2     0.00000
    -145.15        2     0.00000
    -144.99        2     0.00000
    -144.84        2     0.00000
    -144.70        2     0.00000
    -144.54        2     0.00000
    -144.40        2     0.00000
    -144.24        2     0.00000
    -144.09        2     0.00000
    -143.95        2     0.00000
    -143.79        2     0.00000
    -143.65        2     0.00000
    -143.49        2     0.00000
    -143.34        2     0.00000
    -143.20        2     0.00000
    -143.04        2     0.00000
    -142.90        2     0.00000
    -142.74        2     0.00000
    -142.59        2     0.00000
    -142.45        2     0.00000
    -142.29        2     0.00000
    -142.15        2     0.00000
    -141.99        2     0.00000
    -141.84        2     0.00000
    -141.70        2     0.00000
    -141.54        2     0.00000
    -141.40        2     0.00000
    -141.24        2     0.00000
    -141.09        2     0.00000
    -140.95        2     0.00000
    -140.79        2     0.00000
    -140.65        2     0.00000
    -140.49        2     0.00000
    -140.34        2     0.00000
    -140.20        2     0.00000
    -140.04        2     0.00000
    -139.90        2     0.00000
    -139.74        2     0.00000
    -139.59        2     0.00000
    -139.45        2     0.00000
    -139.29        2     0.00000
    -139.15        2     0.00000
    -138.99        2     0.00000
    -138.84        2     0.00000
    -138.70        2     0.00000
    -138.54        2     0.00000
    -138.40        2     0.00000
    -138.24        2     0.00000
    -138.09        2     0.00000
    -137.95        2     0.00000
    -137.79        2     0.00000
    -137.65        2     0.00000
    -137.49        2     0.00000
    -137.34        2     0.00000
    -137.20        2     0.00000
    -137.04        2     0.00000
    -136.90        2     0.00000
    -136.74        2     0.00000
    -136.59        2     0.00000
    -136.45        2     0.00000
    -136.29        2     0.00000
    -136.15        2     0.00000
    -135.99        2     0.00000
    -135.84        2     0.00000
    -135.70        2     0.00000
    -135.54        2     0.00000
    -135.40        2     0.00000
    -135.24        2     0.00000
    -135.09        2     0.00000
    -134.95        2     0.00000
    -134.79        2     0.00000
    -134.65        2     0.00000
    -134.49        2     0.00000
    -134.34        2     0.00000
    -134.20        2     0.00000
    -134.04        2     0.00000
    -133.90        2     0.00000
    -133.74        2     0.00000
    -133.59        2     0.00000
    -133.45        2     0.00000
    -133.29        2     0.00000
    -133.15        2     0.00000
    -132.99        2     0.00000
    -132.84        2     0.00000
    -132.70        2     0.00000
    -132.54        2     0.00000
    -132.40        2     0.00000
    -132.24        2     0.00000
    -132.09        2     0.00000
    -131.95        2     0.00000
    -131.79        2     0.00000
    -131.65        2     0.00000
    -131.49        2     0.00000
    -131.34        2     0.00000
    -131.20        2     0.00000
    -131.04        2     0.00000
    -130.90        2     0.00000
    -130.74        2     0.00000
    -130.59        2     0.00000
    -130.45        2     0.00000
    -130.29        2     0.00000
    -130.15        2     0.00000
    -129.99        2     0.00000
    -129.84        2     0.00000
    -129.70        2     0.00000
    -129.54        2     0.00000
    -129.40        2     0.00000
    -129.24        2     0.00000
    -129.09        2     0.00000
    -128.95        2     0.00000
    -128.79        2     0.00000
    -128.65        2     0.00000
    -128.49        2     0.00000
    -128.34        2     0.00000
    -128.20        2     0.00000
    -128.04        2     0.00000
    -127.89        2     0.00000
    -127.75        2     0.00000
    -127.60        2     0.00000
    -127.44        2     0.00000
    -127.30        2     0.00000
    -127.14        2     0.00000
    -127.00        2     0.00000
    -126.85        2     0.00000
    -126.69        2     0.00000
    -126.55        2     0.00000
    -126.39        2     0.00000
    -126.25        2     0.00000
    -126.10        2     0.00000
    -125.94        2     0.00000
    -125.80        2     0.00000
    -125.64        2     0.00000
    -125.50        2     0.00000
    -125.35        2     0.00000
    -125.19        2     0.00000
    -125.05        2     0.00000
    -124.89        2     0.00000
    -124.75        2     0.00000
    -124.60        2     0.00000
    -124.44        2     0.00000
    -124.30        2     0.00000
    -124.14        2     0.00000
    -124.00        2     0.00000
    -123.85        2     0.00000
    -123.69        2     0.00000
    -123.55        2     0.00000
    -123.39        2     0.00000
    -123.25        2     0.00000
    -123.10        2     0.00000
    -122.94        2     0.00000
    -122.80        2     0.00000
    -122.64        2     0.00000
    -122.50        2     0.00000
    -122.35        2     0.00000
    -122.19        2     0.00000
    -122.05        2     0.00000
    -121.89        2     0.00000
    -121.75        2     0.00000
    -121.60        2     0.00000
    -121.44        2     0.00000
    -121.30        2     0.00000
    -121.14        2     0.00000
    -121.00        2     0.00000
    -120.85        2     0.00000
    -120.69        2     0.00000
    -120.55        2     0.00000
    -120.39        2     0.00000
    -120.25        2     0.00000
    -120.10        2     0.00000
    -119.94        2     0.00000
    -119.80        2     0.00000
    -119.64        2     0.00000
    -119.50        2     0.00000
    -119.35        2     0.00000
    -119.19        2     0.00000
    -119.05        2     0.00000
    -118.89        2     0.00000
    -118.75        2     0.00000
    -118.60        2     0.00000
    -118.44        2     0.00000
    -118.30        2     0.00000
    -118.14        2     0.00000
    -118.00        2     0.00000
    -117.85        2     0.00000
    -117.69        2     0.00000
    -117.55        2     0.00000
    -117.39        2     0.00000
    -117.25        2     0.00000
    -117.10        2     0.00000
    -116.94        2     0.00000
    -116.80        2     0.00000
    -116.64        2     0.00000
    -116.50        2     0.00000
    -116.35        2     0.00000
    -116.19        2     0.00000
    -116.05        2     0.00000
    -115.89        2     0.00000
    -115.75        2     0.00000
    -115.60        2     0.00000
    -115.44        2     0.00000
    -115.30        2     0.00000
    -115.14        2     0.00000
    -115.00        2     0.00000
    -114.85        2     0.00000
    -114.69        2     0.00000
    -114.55        2     0.00000
    -114.39        2     0.00000
    -114.25        2     0.00000
    -114.10        2     0.00000
    -113.94        2     0.00000
    -113.80        2     0.00000
    -113.64        2     0.00000
    -113.50        2     0.00000
    -113.35        2     0.00000
    -113.19        2     0.00000
    -113.05        2     0.00000
    -112.89        2     0.00000
    -112.75        2     0.00000
    -112.60        2     0.00000
    -112.44        2     0.00000
    -112.30        2     0.00000
    -112.14        2     0.00000
    -112.00        2     0.00000
    -111.85        2     0.00000
    -111.69        2     0.00000
    -111.55        2     0.00000
    -111.39        2     0.00000
    -111.25        2     0.00000
    -111.10        2     0.00000
    -110.94        2     0.00000
    -110.80        2     0.00000
    -110.64        2     0.00000
    -110.50        2     0.00000
    -110.35        2     0.00000
    -110.19        2     0.00000
    -110.05        2     0.00000
    -109.89        2     0.00000
    -109.75        2     0.00000
    -109.60        2     0.00000
    -109.44        2     0.00000
    -109.30        2     0.00000
    -109.14        2     0.00000
    -109.00        2     0.00000
    -108.85        2     0.00000
    -108.69        2     0.00000
    -108.55        2     0.00000
    -108.39        2     0.00000
    -108.25        2     0.00000
    -108.10        2     0.00000
    -107.94        2     0.00000
    -107.80        2     0.00000
    -107.64        2     0.00000
    -107.50        2     0.00000
    -107.35        2     0.00000
    -107.19        2     0.00000
    -107.05        2     0.00000
    -106.89        2     0.00000
    -106.75        2     0.00000
    -106.60        2     0.00000
    -106.44        2     0.00000
    -106.30        2     0.00000
    -106.14        2     0.00000
    -106.00        2     0.00000
    -105.85        2     0.00000
    -105.69        2     0.00000
    -105.55        2     0.00000
    -105.39        2     0.00000
    -105.25        2     0.00000
    -105.10        2     0.00000
    -104.94        2     0.00000
    -104.80        2     0.00000
    -104.64        2     0.00000
    -104.50        2     0.00000
    -104.35        2     0.00000
    -104.19        2     0.00000
    -104.05        2     0.00000
    -103.89        2     0.00000
    -103.75        2     0.00000
    -103.60        2     0.00000
    -103.44        2     0.00000
    -103.30        2     0.00000
    -103.14        2     0.00000
    -103.00        2     0.00000
    -102.85        2     0.00000
    -102.69        2     0.00000
    -102.55        2     0.00000
    -102.39        2     0.00000
    -102.25        2     0.00000
    -102.10        2     0.00000
    -101.94        2     0.00000
    -101.80        2     0.00000
    -101.64        2     0.00000
    -101.50        2     0.00000
    -101.35        2     0.00000
    -101.19        2     0.00000
    -101.05        2     0.00000
    -100.89        2     0.00000
    -100.75        2     0.00000
    -100.60        2     0.00000
    -100.44        2     0.00000
    -100.30        2     0.00000
    -100.14        2     0.00000
    -99.995        2     0.00000
    -99.845        2     0.00000
    -99.695        2     0.00000
    -99.545        2     0.00000
    -99.395        2     0.00000
    -99.245        2     0.00000
    -99.095        2     0.00000
    -98.945        2     0.00000
    -98.795        2     0.00000
    -98.645        2     0.00000
    -98.495        2     0.00000
    -98.345        2     0.00000
    -98.195        2     0.00000
    -98.045        2     0.00000
    -97.895        2     0.00000
    -97.745        2     0.00000
    -97.595        2     0.00000
    -97.445        2     0.00000
    -97.295        2     0.00000
    -97.145        2     0.00000
    -96.995        2     0.00000
    -96.845        2     0.00000
    -96.695        2     0.00000
    -96.545        2     0.00000
    -96.395        2     0.00000
    -96.245        2     0.00000
    -96.095        2     0.00000
    -95.945        2     0.00000
    -95.795        2     0.00000
    -95.645        2     0.00000
    -95.495        2     0.00000
    -95.345        2     0.00000
    -95.195        2     0.00000
    -95.045        2     0.00000
    -94.895        2     0.00000
    -94.745        2     0.00000
    -94.595        2     0.00000
    -94.445        2     0.00000
    -94.295        2     0.00000
    -94.145        2     0.00000
    -93.995        2     0.00000
    -93.845        2     0.00000
    -93.695        2     0.00000
    -93.545        2     0.00000
    -93.395        2     0.00000
    -93.245        2     0.00000
    -93.095        2     0.00000
    -92.945        2     0.00000
    -92.795        2     0.00000
    -92.645        2     0.00000
    -92.495        2     0.00000
    -92.345        2     0.00000
    -92.195        2     0.00000
    -92.045        2     0.00000
    -91.895        2     0.00000
    -91.745        2     0.00000
    -91.595        2     0.00000
    -91.445        2     0.00000
    -91.295        2     0.00000
    -91.145        2     0.00000
    -90.995        2     0.00000
    -90.845        2     0.00000
    -90.695        2     0.00000
    -90.545        2     0.00000
    -90.395        2     0.00000
    -90.245        2     0.00000
    -90.095        2     0.00000
    -89.945        2     0.00000
    -89.795        2     0.00000
    -89.645        2     0.00000
    -89.495        2     0.00000
    -89.345        2     0.00000
    -89.195        2     0.00000
    -89.045        2     0.00000
    -88.895        2     0.00000
    -88.745        2     0.00000
    -88.595        2     0.00000
    -88.445        2     0.00000
    -88.295        2     0.00000
    -88.145        2     0.00000
    -87.995        2     0.00000
    -87.845        2     0.00000
    -87.695        2     0.00000
    -87.545        2     0.00000
    -87.395        2     0.00000
    -87.245        2     0.00000
    -87.095        2     0.00000
    -86.945        2     0.00000
    -86.795        2     0.00000
    -86.645        2     0.00000
    -86.495        2     0.00000
    -86.345        2     0.00000
    -86.195        2     0.00000
    -86.045        2     0.00000
    -85.895        2     0.00000
    -85.745        2     0.00000
    -85.595        2     0.00000
    -85.445        2     0.00000
    -85.295        2     0.00000
    -85.145        2     0.00000
    -84.995        2     0.00000
    -84.845        2     0.00000
    -84.695        2     0.00000
    -84.545        2     0.00000
    -84.395        2     0.00000
    -84.245        2     0.00000
    -84.095        2     0.00000
    -83.945        2     0.00000
    -83.795        2     0.00000
    -83.645        2     0.00000
    -83.495        2     0.00000
    -83.345        2     0.00000
    -83.195        2     0.00000
    -83.045        2     0.00000
    -82.895        2     0.00000
    -82.745        2     0.00000
    -82.595        2     0.00000
    -82.445        2     0.00000
    -82.295        2     0.00000
    -82.145        2     0.00000
    -81.995        2     0.00000
    -81.845        2     0.00000
    -81.695        2     0.00000
    -81.545        2     0.00000
    -81.395        2     0.00000
    -81.245        2     0.00000
    -81.095        2     0.00000
    -80.945        2     0.00000
    -80.795        2     0.00000
    -80.645        2     0.00000
    -80.495        2     0.00000
    -80.345        2     0.00000
    -80.195        2     0.00000
    -80.045        2     0.00000
    -79.895        2     0.00000
    -79.745        2     0.00000
    -79.595        2     0.00000
    -79.445        2     0.00000
    -79.295        2     0.00000
    -79.145        2     0.00000
    -78.995        2     0.00000
    -78.845        2     0.00000
    -78.695        2     0.00000
    -78.545        2     0.00000
    -78.395        2     0.00000
    -78.245        2     0.00000
    -78.095        2     0.00000
    -77.945        2     0.00000
    -77.795        2     0.00000
    -77.645        2     0.00000
    -77.495        2     0.00000
    -77.345        2     0.00000
    -77.195        2     0.00000
    -77.045        2     0.00000
    -76.895        2     0.00000
    -76.745        2     0.00000
    -76.595        2     0.00000
    -76.445        2     0.00000
    -76.295        2     0.00000
    -76.145        2     0.00000
    -75.995        2     0.00000
    -75.845        2     0.00000
    -75.695        2     0.00000
    -75.545        2     0.00000
    -75.395        2     0.00000
    -75.245        2     0.00000
    -75.095        2     0.00000
    -74.945        2     0.00000
    -74.795        2     0.00000
    -74.645        2     0.00000
    -74.495        2     0.00000
    -74.345        2     0.00000
    -74.195        2     0.00000
    -74.045        2     0.00000
    -73.895        2     0.00000
    -73.745        2     0.00000
    -73.595        2     0.00000
    -73.445        2     0.00000
    -73.295        2     0.00000
    -73.145        2     0.00000
    -72.995        2     0.00000
    -72.845        2     0.00000
    -72.695        2     0.00000
    -72.545        2     0.00000
    -72.395        2     0.00000
    -72.245        2     0.00000
    -72.095        2     0.00000
    -71.945        2     0.00000
    -71.795        2     0.00000
    -71.645        2     0.00000
    -71.495        2     0.00000
    -71.345        2     0.00000
    -71.195        2     0.00000
    -71.045        2     0.00000
    -70.895        2     0.00000
    -70.745        2     0.00000
    -70.595        2     0.00000
    -70.445        2     0.00000
    -70.295        2     0.00000
    -70.145        2     0.00000
    -69.995        2     0.00000
    -69.845        2     0.00000
    -69.695        2     0.00000
    -69.545        2     0.00000
    -69.395        2     0.00000
    -69.245        2     0.00000
    -69.095        2     0.00000
    -68.945        2     0.00000
    -68.795        2     0.00000
    -68.645        2     0.00000
    -68.495        2     0.00000
    -68.345        2     0.00000
    -68.195        2     0.00000
    -68.045        2     0.00000
    -67.895        2     0.00000
    -67.745        2     0.00000
    -67.595        2     0.00000
    -67.445        2     0.00000
    -67.295        2     0.00000
    -67.145        2     0.00000
    -66.995        2     0.00000
    -66.845        2     0.00000
    -66.695        2     0.00000
    -66.545        2     0.00000
    -66.395        2     0.00000
    -66.245        2     0.00000
    -66.095        2     0.00000
    -65.945        2     0.00000
    -65.795        2     0.00000
    -65.645        2     0.00000
    -65.495        2     0.00000
    -65.345        2     0.00000
    -65.195        2     0.00000
    -65.045        2     0.00000
    -64.895        2     0.00000
    -64.745        2     0.00000
    -64.595        2     0.00000
    -64.445        2     0.00000
    -64.295        2     0.00000
    -64.145        2     0.00000
    -63.995        2     0.00000
    -63.845        2     0.00000
    -63.695        2     0.00000
    -63.545        2     0.00000
    -63.395        2     0.00000
    -63.245        2     0.00000
    -63.095        2     0.00000
    -62.945        2     0.00000
    -62.795        2     0.00000
    -62.645        2     0.00000
    -62.495        2     0.00000
    -62.345        2     0.00000
    -62.195        2     0.00000
    -62.045        2     0.00000
    -61.895        2     0.00000
    -61.745        2     0.00000
    -61.595        2     0.00000
    -61.445        2     0.00000
    -61.295        2     0.00000
    -61.145        2     0.00000
    -60.995        2     0.00000
    -60.845        2     0.00000
    -60.695        2     0.00000
    -60.545        2     0.00000
    -60.395        2     0.00000
    -60.245        2     0.00000
    -60.095        2     0.00000
    -59.945        2     0.00000
    -59.795        2     0.00000
    -59.645        2     0.00000
    -59.495        2     0.00000
    -59.345        2     0.00000
    -59.195        2     0.00000
    -59.045        2     0.00000
    -58.895        2     0.00000
    -58.745        2     0.00000
    -58.595        2     0.00000
    -58.445        2     0.00000
    -58.295        2     0.00000
    -58.145        2     0.00000
    -57.995        2     0.00000
    -57.845        2     0.00000
    -57.695        2     0.00000
    -57.545        2     0.00000
    -57.395        2     0.00000
    -57.245        2     0.00000
    -57.095        2     0.00000
    -56.945        2     0.00000
    -56.795        2     0.00000
    -56.645        2     0.00000
    -56.495        2     0.00000
    -56.345        2     0.00000
    -56.195        2     0.00000
    -56.045        2     0.00000
    -55.895        2     0.00000
    -55.745        2     0.00000
    -55.595        2     0.00000
    -55.445        2     0.00000
    -55.295        2     0.00000
    -55.145        2     0.00000
    -54.995        2     0.00000
    -54.845        2     0.00000
    -54.695        2     0.00000
    -54.545        2     0.00000
    -54.395        2     0.00000
    -54.245        2     0.00000
    -54.095        2     0.00000
    -53.945        2     0.00000
    -53.795        2     0.00000
    -53.645        2     0.00000
    -53.495        2     0.00000
    -53.345        2     0.00000
    -53.195        2     0.00000
    -53.045        2     0.00000
    -52.895        2     0.00000
    -52.745        2     0.00000
    -52.595        2     0.00000
    -52.445        2     0.00000
    -52.295        2     0.00000
    -52.145        2     0.00000
    -51.995        2     0.00000
    -51.845        2     0.00000
    -51.695        2     0.00000
    -51.545        2     0.00000
    -51.395        2     0.00000
    -51.245        2     0.00000
    -51.095        2     0.00000
    -50.945        2     0.00000
    -50.795        2     0.00000
    -50.645        2     0.00000
    -50.495        2     0.00000
    -50.345        2     0.00000
    -50.195        2     0.00000
    -50.045        2     0.00000
    -49.895        2     0.00000
    -49.745        2     0.00000
    -49.595        2     0.00000
    -49.445        2     0.00000
    -49.295        2     0.00000
    -49.145        2     0.00000
    -48.995        2     0.00000
    -48.845        2     0.00000
    -48.695        2     0.00000
    -48.545        2     0.00000
    -48.395        2     0.00000
    -48.245        2     0.00000
    -48.095        2     0.00000
    -47.945        2     0.00000
    -47.795        2     0.00000
    -47.645        2     0.00000
    -47.495        2     0.00000
    -47.345        2     0.00000
    -47.195        2     0.00000
    -47.045        2     0.00000
    -46.895        2     0.00000
    -46.745        2     0.00000
    -46.595        2     0.00000
    -46.445        2     0.00000
    -46.295        2     0.00000
    -46.145        2     0.00000
    -45.995        2     0.00000
    -45.845        2     0.00000
    -45.695        2     0.00000
    -45.545        2     0.00000
    -45.395        2     0.00000
    -45.245        2     0.00000
    -45.095        2     0.00000
    -44.945        2     0.00000
    -44.795        2     0.00000
    -44.645        2     0.00000
    -44.495        2     0.00000
    -44.345        2     0.00000
    -44.195        2     0.00000
    -44.045        2     0.00000
    -43.895        2     0.00000
    -43.745        2     0.00000
    -43.595        2     0.00000
    -43.445        2     0.00000
    -43.295        2     0.00000
    -43.145        2     0.00000
    -42.995        2     0.00000
    -42.845        2     0.00000
    -42.695        2     0.00000
    -42.545        2     0.00000
    -42.395        2     0.00000
    -42.245        2     0.00000
    -42.095        2     0.00000
    -41.945        2     0.00000
    -41.795        2     0.00000
    -41.645        2     0.00000
    -41.495        2     0.00000
    -41.345        2     0.00000
    -41.195        2     0.00000
    -41.045        2     0.00000
    -40.895        2     0.00000
    -40.745        2     0.00000
    -40.595        2     0.00000
    -40.445        2     0.00000
    -40.295        2     0.00000
    -40.145        2     0.00000
    -39.995        2     0.00000
    -39.845        2     0.00000
    -39.695        2     0.00000
    -39.545        2     0.00000
    -39.395        2     0.00000
    -39.245        2     0.00000
    -39.095        2     0.00000
    -38.945        2     0.00000
    -38.795        2     0.00000
    -38.645        2     0.00000
    -38.495        2     0.00000
    -38.345        2     0.00000
    -38.195        2     0.00000
    -38.045        2     0.00000
    -37.895        2     0.00000
    -37.745        2     0.00000
    -37.595        2     0.00000
    -37.445        2     0.00000
    -37.295        2     0.00000
    -37.145        2     0.00000
    -36.995        2     0.00000
    -36.845        2     0.00000
    -36.695        2     0.00000
    -36.545        2     0.00000
    -36.395        2     0.00000
    -36.245        2     0.00000
    -36.095        2     0.00000
    -35.945        2     0.00000
    -35.795        2     0.00000
    -35.645        2     0.00000
    -35.495        2     0.00000
    -35.345        2     0.00000
    -35.195        2     0.00000
    -35.045        2     0.00000
    -34.895        2     0.00000
    -34.745        2     0.00000
    -34.595        2     0.00000
    -34.445        2     0.00000
    -34.295        2     0.00000
    -34.145        2     0.00000
    -33.995        2     0.00000
    -33.845        2     0.00000
    -33.695        2     0.00000
    -33.545        2     0.00000
    -33.395        2     0.00000
    -33.245        2     0.00000
    -33.095        2     0.00000
    -32.945        2     0.00000
    -32.795        2     0.00000
    -32.645        2     0.00000
    -32.495        2     0.00000
    -32.345        2     0.00000
    -32.195        2     0.00000
    -32.045        2     0.00000
    -31.895        2     0.00000
    -31.745        2     0.00000
    -31.595        2     0.00000
    -31.445        2     0.00000
    -31.295        2     0.00000
    -31.145        2     0.00000
    -30.995        2     0.00000
    -30.845        2     0.00000
    -30.695        2     0.00000
    -30.545        2     0.00000
    -30.395        2     0.00000
    -30.245        2     0.00000
    -30.095        2     0.00000
    -29.945        2     0.00000
    -29.795        2     0.00000
    -29.645        2     0.00000
    -29.495        2     0.00000
    -29.345        2     0.00000
    -29.195        2     0.00000
    -29.045        2     0.00000
    -28.895        2     0.00000
    -28.745        2     0.00000
    -28.595        2     0.00000
    -28.445        2     0.00000
    -28.295        2     0.00000
    -28.145        2     0.00000
    -27.995        2     0.00000
    -27.845        2     0.00000
    -27.695        2     0.00000
    -27.545        2     0.00000
    -27.395        2     0.00000
    -27.245        2     0.00000
    -27.095        2     0.00000
    -26.945        2     0.00000
    -26.795        2     0.00000
    -26.645        2     0.00000
    -26.495        2     0.00000
    -26.345        2     0.00000
    -26.195        2     0.00000
    -26.045        2     0.00000
    -25.895        2     0.00000
    -25.745        2     0.00000
    -25.595        2     0.00000
    -25.445        2     0.00000
    -25.295        2     0.00000
    -25.145        2     0.00000
    -24.995        2     0.00000
    -24.845        2     0.00000
    -24.695        2     0.00000
    -24.545        2     0.00000
    -24.395        2     0.00000
    -24.245        2     0.00000
    -24.095        2     0.00000
    -23.945        2     0.00000
    -23.795        2     0.00000
    -23.645        2     0.00000
    -23.495        2     0.00000
    -23.345        2     0.00000
    -23.195        2     0.00000
    -23.045        2     0.00000
    -22.895        2     0.00000
    -22.745        2     0.00000
    -22.595        2     0.00000
    -22.445        2     0.00000
    -22.295        2     0.00000
    -22.145        2     0.00000
    -21.995        2     0.00000
    -21.845        2     0.00000
    -21.695        2     0.00000
    -21.545        2     0.00000
    -21.395        2     0.00000
    -21.245        2     0.00000
    -21.095        2     0.00000
    -20.945        2     0.00000
    -20.795        2     0.00000
    -20.645        2     0.00000
    -20.495        2     0.00000
    -20.345        2     0.00000
    -20.195        2     0.00000
    -20.045        2     0.00000
    -19.895        2     0.00000
    -19.745        2     0.00000
    -19.595        2     0.00000
    -19.445        2     0.00000
    -19.295        2     0.00000
    -19.145        2     0.00000
    -18.995        2     0.00000
    -18.845        2     0.00000
    -18.695        2     0.00000
    -18.545        2     0.00000
    -18.395        2     0.00000
    -18.245        2     0.00000
    -18.095        2     0.00000
    -17.945        2     0.00000
    -17.795        2     0.00000
    -17.645        2     0.00000
    -17.495        2     0.00000
    -17.345        2     0.00000
    -17.195        2     0.00000
    -17.045        2     0.00000
    -16.895        2     0.00000
    -16.745        2     0.00000
    -16.595        2     0.00000
    -16.445        2     0.00000
    -16.295        2     0.00000
    -16.145        2    -0.00023
    -15.995        2    -0.00300
    -15.845        2    -0.02493
    -15.695        2    -0.10429
    -15.545        2    -0.28247
    -15.395        2    -0.58179
    -15.245        2    -1.01795
    -15.095        2    -1.55916
    -14.945        2    -2.21396
    -14.795        2    -2.97970
    -14.645        2    -3.84801
    -14.495        2    -4.78940
    -14.345        2    -5.81225
    -14.195        2    -6.90180
    -14.045        2    -8.03408
    -13.895        2    -9.18474
    -13.745        2   -10.35010
    -13.595        2   -11.49831
    -13.445        2   -12.59023
    -13.295        2   -13.62584
    -13.145        2   -14.63314
    -12.995        2   -15.59222
    -12.845        2   -16.48699
    -12.695        2   -17.33065
    -12.545        2   -18.13652
    -12.395        2   -18.91468
    -12.245        2   -19.65697
    -12.095        2   -20.41149
    -11.945        2   -21.14787
    -11.795        2   -21.86876
    -11.645        2   -22.57625
    -11.495        2   -23.30812
    -11.345        2   -24.02260
    -11.195        2   -24.73766
    -11.045        2   -25.44511
    -10.895        2   -26.14604
    -10.745        2   -26.83646
    -10.595        2   -27.50719
    -10.445        2   -28.17185
    -10.295        2   -28.83051
    -10.145        2   -29.45612
    -9.9950        2   -30.08756
    -9.8450        2   -30.68528
    -9.6950        2   -31.29528
    -9.5450        2   -31.90532
    -9.3950        2   -32.50252
    -9.2450        2   -33.10334
    -9.0950        2   -33.71950
    -8.9450        2   -34.34543
    -8.7950        2   -34.98570
    -8.6450        2   -35.65029
    -8.4950        2   -36.34339
    -8.3450        2   -37.07640
    -8.1950        2   -37.85887
    -8.0450        2   -38.68566
    -7.8950        2   -39.57850
    -7.7450        2   -40.52857
    -7.5950        2   -41.53527
    -7.4450        2   -42.58455
    -7.2950        2   -43.70422
    -7.1450        2   -44.86549
    -6.9950        2   -46.07757
    -6.8450        2   -47.35130
    -6.6950        2   -48.68965
    -6.5450        2   -50.06531
    -6.3950        2   -51.51280
    -6.2450        2   -52.99915
    -6.0950        2   -54.48596
    -5.9450        2   -56.01073
    -5.7950        2   -57.54285
    -5.6450        2   -59.10184
    -5.4950        2   -60.66766
    -5.3450        2   -62.21639
    -5.1950        2   -63.78161
    -5.0450        2   -65.35219
    -4.8950        2   -66.92035
    -4.7450        2   -68.51294
    -4.5950        2   -70.15240
    -4.4450        2   -71.84284
    -4.2950        2   -73.58753
    -4.1450        2   -75.40400
    -3.9950        2   -77.27012
    -3.8450        2   -79.17371
    -3.6950        2   -81.12142
    -3.5450        2   -83.09988
    -3.3950        2   -85.11482
    -3.2450        2   -87.17334
    -3.0950        2   -89.27788
    -2.9450        2   -91.47980
    -2.7950        2   -93.79171
    -2.6450        2   -96.27490
    -2.4950        2   -98.97236
    -2.3450        2  -101.95334
    -2.1950        2  -105.28624
    -2.0450        2  -109.08368
    -1.8950        2  -113.45546
    -1.7450        2  -118.55750
    -1.5950        2  -124.47277
    -1.4450        2  -131.23604
    -1.2950        2  -138.78856
    -1.1450        2  -147.04597
   -0.99500        2  -155.88123
   -0.84500        2  -165.15613
   -0.69500        2  -174.83335
   -0.54500        2  -185.13383
   -0.39500        2  -196.80197
   -0.25300        2  -205.74830
   -0.21500        2  -206.36045
   -0.20900        2  -206.98174
   -0.20300        2  -207.61345
   -0.19700        2  -208.25502
   -0.19100        2  -208.90878
   -0.18500        2  -209.57137
   -0.17900        2  -210.24671
   -0.17300        2  -210.93387
   -0.16700        2  -211.63479
   -0.16100        2  -212.34883
   -0.15500        2  -213.07761
   -0.14900        2  -213.82384
   -0.14300        2  -214.58632
   -0.13700        2  -215.36660
   -0.13100        2  -216.16683
   -0.12500        2  -216.98763
   -0.11900        2  -217.83078
   -0.11300        2  -218.69986
   -0.10700        2  -219.59444
   -0.10100        2  -220.51951
   -0.95000E-01    2  -221.47724
   -0.89000E-01    2  -222.47050
   -0.83000E-01    2  -223.50393
   -0.77000E-01    2  -224.58146
   -0.71000E-01    2  -225.71071
   -0.65000E-01    2  -226.90087
   -0.59000E-01    2  -228.16285
   -0.53000E-01    2  -229.51313
   -0.47000E-01    2  -230.97490
   -0.41000E-01    2  -232.58436
   -0.35000E-01    2  -234.39388
   -0.29000E-01    2  -236.48291
   -0.23000E-01    2  -239.00333
   -0.19700E-01    2  -239.28553
   -0.19100E-01    2  -239.57525
   -0.18500E-01    2  -239.87333
   -0.17900E-01    2  -240.18003
   -0.17300E-01    2  -240.49647
   -0.16700E-01    2  -240.82326
   -0.16100E-01    2  -241.16150
   -0.15500E-01    2  -241.51227
   -0.14900E-01    2  -241.87681
   -0.14300E-01    2  -242.25646
   -0.13700E-01    2  -242.65284
   -0.13100E-01    2  -243.06836
   -0.12500E-01    2  -243.50493
   -0.11900E-01    2  -243.96534
   -0.11300E-01    2  -244.45216
   -0.10700E-01    2  -244.96776
   -0.10100E-01    2  -245.51450
   -0.95000E-02    2  -246.09365
   -0.89000E-02    2  -246.70760
   -0.83000E-02    2  -247.35948
   -0.77000E-02    2  -248.05435
   -0.71000E-02    2  -248.79387
   -0.65000E-02    2  -249.57994
   -0.59000E-02    2  -250.41390
   -0.53000E-02    2  -251.29720
   -0.47000E-02    2  -252.22777
   -0.41000E-02    2  -253.19940
   -0.35000E-02    2  -254.19125
   -0.29000E-02    2  -255.16183
   -0.23000E-02    2  -256.06071
   -0.17000E-02    2  -256.81689
   -0.11000E-02    2  -257.35228
   -0.50000E-03    2  -257.61004
    0.10000E-03    2  -257.56461
    0.70000E-03    2  -257.21741
    0.13000E-02    2  -256.60243
    0.19000E-02    2  -255.78954
    0.25000E-02    2  -254.85961
    0.31000E-02    2  -253.87716
    0.37000E-02    2  -252.88813
    0.43000E-02    2  -251.93044
    0.49000E-02    2  -251.01620
    0.55000E-02    2  -250.15077
    0.61000E-02    2  -249.33422
    0.67000E-02    2  -248.56538
    0.73000E-02    2  -247.84270
    0.79000E-02    2  -247.16407
    0.85000E-02    2  -246.52710
    0.91000E-02    2  -245.92675
    0.97000E-02    2  -245.36055
    0.10300E-01    2  -244.82632
    0.10900E-01    2  -244.32234
    0.11500E-01    2  -243.84605
    0.12100E-01    2  -243.39562
    0.12700E-01    2  -242.96786
    0.13300E-01    2  -242.56065
    0.13900E-01    2  -242.17157
    0.14500E-01    2  -241.79903
    0.15100E-01    2  -241.44119
    0.15700E-01    2  -241.09691
    0.16300E-01    2  -240.76448
    0.16900E-01    2  -240.44357
    0.17500E-01    2  -240.13261
    0.18100E-01    2  -239.83096
    0.18700E-01    2  -239.53816
    0.19300E-01    2  -239.25366
    0.20200E-01    2  -238.21386
    0.25000E-01    2  -235.89567
    0.31000E-01    2  -233.95469
    0.37000E-01    2  -232.27446
    0.43000E-01    2  -230.78765
    0.49000E-01    2  -229.44687
    0.55000E-01    2  -228.22180
    0.61000E-01    2  -227.09068
    0.67000E-01    2  -226.04033
    0.73000E-01    2  -225.05794
    0.79000E-01    2  -224.13740
    0.85000E-01    2  -223.27092
    0.91000E-01    2  -222.45423
    0.97000E-01    2  -221.68251
    0.10300        2  -220.94942
    0.10900        2  -220.25162
    0.11500        2  -219.58878
    0.12100        2  -218.95717
    0.12700        2  -218.35348
    0.13300        2  -217.77535
    0.13900        2  -217.22134
    0.14500        2  -216.68864
    0.15100        2  -216.17490
    0.15700        2  -215.68114
    0.16300        2  -215.20531
    0.16900        2  -214.74599
    0.17500        2  -214.30140
    0.18100        2  -213.87256
    0.18700        2  -213.45776
    0.19300        2  -213.05441
    0.19900        2  -212.66386
    0.20500        2  -212.28578
    0.21100        2  -211.91840
    0.21700        2  -211.56212
    0.29500        2  -204.69444
    0.44500        2  -200.48225
    0.59500        2  -197.40637
    0.74500        2  -194.93855
    0.89500        2  -192.84416
     1.0450        2  -190.99660
     1.1950        2  -189.34218
     1.3450        2  -187.84258
     1.4950        2  -186.47561
     1.6450        2  -185.22164
     1.7950        2  -184.08948
     1.9450        2  -183.05032
     2.0950        2  -182.10546
     2.2450        2  -181.23889
     2.3950        2  -180.44315
     2.5450        2  -179.71922
     2.6950        2  -179.04684
     2.8450        2  -178.42991
     2.9950        2  -177.84716
     3.1450        2  -177.29397
     3.2950        2  -176.78094
     3.4450        2  -176.30360
     3.5950        2  -175.83161
     3.7450        2  -175.39935
     3.8950        2  -174.97955
     4.0450        2  -174.58414
     4.1950        2  -174.19791
     4.3450        2  -173.82751
     4.4950        2  -173.46977
     4.6450        2  -173.12760
     4.7950        2  -172.80573
     4.9450        2  -172.48813
     5.0950        2  -172.18668
     5.2450        2  -171.89086
     5.3950        2  -171.59958
     5.5450        2  -171.31877
     5.6950        2  -171.05016
     5.8450        2  -170.78021
     5.9950        2  -170.51899
     6.1450        2  -170.26816
     6.2950        2  -170.01982
     6.4450        2  -169.78287
     6.5950        2  -169.54495
     6.7450        2  -169.31616
     6.8950        2  -169.08459
     7.0450        2  -168.86922
     7.1950        2  -168.65272
     7.3450        2  -168.44282
     7.4950        2  -168.23427
     7.6450        2  -168.02934
     7.7950        2  -167.82231
     7.9450        2  -167.62438
     8.0950        2  -167.43201
     8.2450        2  -167.23856
     8.3950        2  -167.05319
     8.5450        2  -166.86817
     8.6950        2  -166.68851
     8.8450        2  -166.51371
     8.9950        2  -166.33782
     9.1450        2  -166.16302
     9.2950        2  -165.99882
     9.4450        2  -165.83766
     9.5950        2  -165.67402
     9.7450        2  -165.51391
     9.8950        2  -165.35378
     10.045        2  -165.19951
     10.195        2  -165.04434
     10.345        2  -164.89303
     10.495        2  -164.73888
     10.645        2  -164.59280
     10.795        2  -164.44675
     10.945        2  -164.30377
     11.095        2  -164.16131
     11.245        2  -164.02662
     11.395        2  -163.89164
     11.545        2  -163.75403
     11.695        2  -163.61872
     11.845        2  -163.48163
     11.995        2  -163.34899
     12.145        2  -163.21669
     12.295        2  -163.09036
     12.445        2  -162.96608
     12.595        2  -162.84591
     12.745        2  -162.72234
     12.895        2  -162.60181
     13.045        2  -162.47649
     13.195        2  -162.35717
     13.345        2  -162.23875
     13.495        2  -162.12413
     13.645        2  -162.00781
     13.795        2  -161.89473
     13.945        2  -161.78164
     14.095        2  -161.66531
     14.245        2  -161.56013
     14.395        2  -161.45032
     14.545        2  -161.33751
     14.695        2  -161.23415
     14.845        2  -161.12844
     14.995        2  -161.02377
     15.145        2  -160.92225
     15.295        2  -160.82144
     15.445        2  -160.71776
     15.595        2  -160.61558
     15.745        2  -160.51666
     15.895        2  -160.41861
     16.045        2  -160.32020
     16.195        2  -160.22514
     16.345        2  -160.13168
     16.495        2  -160.03351
     16.645        2  -159.94046
     16.795        2  -159.84534
     16.945        2  -159.75226
     17.095        2  -159.66363
     17.245        2  -159.57145
     17.395        2  -159.48215
     17.545        2  -159.39126
     17.695        2  -159.30340
     17.845        2  -159.20935
     17.995        2  -159.12268
     18.145        2  -159.03647
     18.295        2  -158.94872
     18.445        2  -158.86201
     18.595        2  -158.77624
     18.745        2  -158.69404
     18.895        2  -158.60882
     19.045        2  -158.52484
     19.195        2  -158.44030
     19.345        2  -158.36059
     19.495        2  -158.27715
     19.645        2  -158.19756
     19.795        2  -158.11575
     19.945        2  -158.03868
     20.095        2  -157.96043
     21.836        2  -155.54937
     30.068        2  -151.97793
     42.097        2  -148.43744
     58.937        2  -144.91384
     82.515        2  -141.41760
     115.53        2  -137.95287
     161.74        2  -134.52089
     226.45        2  -131.17347
     317.04        2  -127.88033
     443.87        2  -124.66891
     621.44        2  -121.53630
     870.05        2  -118.48820
     1218.1        2  -115.49228
     1705.4        2  -112.57951
     2387.7        2  -109.74138
     3342.9        2  -106.97668
     4680.2        2  -104.28627
     6552.5        2  -101.65772
     9173.8        2   -99.09856
     12844.        2   -96.61515
     17982.        2   -94.21078
     25176.        2   -91.87981
     35247.        2   -89.63561
     49348.        2   -87.47805
     69090.        2   -85.41019
     96729.        2   -83.42702
    0.13543E+06    2   -81.53177
    0.18960E+06    2   -79.72946
    0.26545E+06    2   -78.01214
    0.37165E+06    2   -76.37742
    0.52033E+06    2   -74.80965
    0.72849E+06    2   -73.31793
    0.10199E+07    2   -71.90557
    0.14279E+07    2   -70.56088
    0.19992E+07    2   -69.28606
    0.27990E+07    2   -68.07056
    0.39187E+07    2   -66.91531
    0.54864E+07    2   -65.81884
    0.76812E+07    2   -64.77926
    0.10754E+08    2   -63.78988
    0.15056E+08    2   -62.84363
    0.21080E+08    2   -61.94985
    0.29513E+08    2   -61.09953
    0.41319E+08    2   -60.29655
    0.57849E+08    2   -59.54467
    0.80991E+08    2   -58.85042
    0.11339E+09    2   -58.20474
    0.15875E+09    2   -57.60561
    0.22226E+09    2   -57.04408
    0.31118E+09    2   -56.52015
    0.43567E+09    2   -56.03404
    0.60996E+09    2   -55.58771
    0.85398E+09    2   -55.18551
    0.11956E+10    2   -54.81755
    0.16739E+10    2   -54.47833
    0.23436E+10    2   -54.16414
    0.32811E+10    2   -53.87529
    0.45937E+10    2   -53.61130
    0.64315E+10    2   -53.36652
    0.90044E+10    2   -53.14446
    0.12607E+11    2   -52.93912
    0.17650E+11    2   -52.74920
    0.24711E+11    2   -52.57597
    0.34596E+11    2   -52.41435
    0.48437E+11    2   -52.26796
    0.67814E+11    2   -52.13259
    0.10000E+12    2   -50.58697
