    -29.945        1     0.00000
    -29.795        1     0.00000
    -29.645        1     0.00000
    -29.495        1     0.00000
    -29.345        1     0.00000
    -29.195        1     0.00000
    -29.045        1     0.00000
    -28.895        1     0.00000
    -28.745        1     0.00000
    -28.595        1     0.00000
    -28.445        1     0.00000
    -28.295        1     0.00000
    -28.145        1     0.00000
    -27.995        1     0.00000
    -27.845        1     0.00000
    -27.695        1     0.00000
    -27.545        1     0.00000
    -27.395        1     0.00000
    -27.245        1     0.00000
    -27.095        1     0.00000
    -26.945        1     0.00000
    -26.795        1     0.00000
    -26.645        1     0.00000
    -26.495        1     0.00000
    -26.345        1     0.00000
    -26.195        1     0.00000
    -26.045        1     0.00000
    -25.895        1     0.00000
    -25.745        1     0.00000
    -25.595        1     0.00000
    -25.445        1     0.00000
    -25.295        1     0.00000
    -25.145        1     0.00000
    -24.995        1     0.00000
    -24.845        1     0.00000
    -24.695        1     0.00000
    -24.545        1     0.00000
    -24.395        1     0.00000
    -24.245        1     0.00000
    -24.095        1    -0.00016
    -23.945        1    -0.00067
    -23.795        1    -0.00117
    -23.645        1    -0.00170
    -23.495        1    -0.00288
    -23.345        1    -0.00656
    -23.195        1    -0.01354
    -23.045        1    -0.02302
    -22.895        1    -0.03470
    -22.745        1    -0.05506
    -22.595        1    -0.08488
    -22.445        1    -0.12376
    -22.295        1    -0.17321
    -22.145        1    -0.22564
    -21.995        1    -0.29631
    -21.845        1    -0.37456
    -21.695        1    -0.46492
    -21.545        1    -0.56492
    -21.395        1    -0.67341
    -21.245        1    -0.78362
    -21.095        1    -0.91527
    -20.945        1    -1.04586
    -20.795        1    -1.17623
    -20.645        1    -1.31601
    -20.495        1    -1.44384
    -20.345        1    -1.59286
    -20.195        1    -1.72968
    -20.045        1    -1.87253
    -19.895        1    -2.01908
    -19.745        1    -2.16521
    -19.595        1    -2.33255
    -19.445        1    -2.50926
    -19.295        1    -2.71258
    -19.145        1    -2.91268
    -18.995        1    -3.13409
    -18.845        1    -3.36565
    -18.695        1    -3.61431
    -18.545        1    -3.86744
    -18.395        1    -4.14572
    -18.245        1    -4.41593
    -18.095        1    -4.71137
    -17.945        1    -5.01192
    -17.795        1    -5.32276
    -17.645        1    -5.63716
    -17.495        1    -5.95670
    -17.345        1    -6.28974
    -17.195        1    -6.64466
    -17.045        1    -7.00367
    -16.895        1    -7.37744
    -16.745        1    -7.75028
    -16.595        1    -8.14420
    -16.445        1    -8.53591
    -16.295        1    -8.95724
    -16.145        1    -9.37380
    -15.995        1    -9.79205
    -15.845        1   -10.22440
    -15.695        1   -10.67522
    -15.545        1   -11.12857
    -15.395        1   -11.60798
    -15.245        1   -12.11250
    -15.095        1   -12.64572
    -14.945        1   -13.21170
    -14.795        1   -13.80253
    -14.645        1   -14.42433
    -14.495        1   -15.07410
    -14.345        1   -15.76147
    -14.195        1   -16.46956
    -14.045        1   -17.21058
    -13.895        1   -17.99435
    -13.745        1   -18.79043
    -13.595        1   -19.61878
    -13.445        1   -20.45797
    -13.295        1   -21.29628
    -13.145        1   -22.15961
    -12.995        1   -23.03371
    -12.845        1   -23.90311
    -12.695        1   -24.77184
    -12.545        1   -25.65308
    -12.395        1   -26.52277
    -12.245        1   -27.38914
    -12.095        1   -28.24689
    -11.945        1   -29.10240
    -11.795        1   -29.92086
    -11.645        1   -30.73022
    -11.495        1   -31.51858
    -11.345        1   -32.28026
    -11.195        1   -33.03793
    -11.045        1   -33.77138
    -10.895        1   -34.48995
    -10.745        1   -35.19973
    -10.595        1   -35.87054
    -10.445        1   -36.53838
    -10.295        1   -37.18289
    -10.145        1   -37.80132
    -9.9950        1   -38.41148
    -9.8450        1   -38.99934
    -9.6950        1   -39.56322
    -9.5450        1   -40.11591
    -9.3950        1   -40.65011
    -9.2450        1   -41.16307
    -9.0950        1   -41.68217
    -8.9450        1   -42.19221
    -8.7950        1   -42.69431
    -8.6450        1   -43.20505
    -8.4950        1   -43.70232
    -8.3450        1   -44.18915
    -8.1950        1   -44.66837
    -8.0450        1   -45.15012
    -7.8950        1   -45.64737
    -7.7450        1   -46.14209
    -7.5950        1   -46.62888
    -7.4450        1   -47.13209
    -7.2950        1   -47.62720
    -7.1450        1   -48.12492
    -6.9950        1   -48.62988
    -6.8450        1   -49.13966
    -6.6950        1   -49.65903
    -6.5450        1   -50.17767
    -6.3950        1   -50.70737
    -6.2450        1   -51.23858
    -6.0950        1   -51.78132
    -5.9450        1   -52.33071
    -5.7950        1   -52.88746
    -5.6450        1   -53.45544
    -5.4950        1   -54.02974
    -5.3450        1   -54.61479
    -5.1950        1   -55.20871
    -5.0450        1   -55.81664
    -4.8950        1   -56.44547
    -4.7450        1   -57.08383
    -4.5950        1   -57.74662
    -4.4450        1   -58.43786
    -4.2950        1   -59.15561
    -4.1450        1   -59.90625
    -3.9950        1   -60.71131
    -3.8450        1   -61.56172
    -3.6950        1   -62.47933
    -3.5450        1   -63.46244
    -3.3950        1   -64.51175
    -3.2450        1   -65.64128
    -3.0950        1   -66.87640
    -2.9450        1   -68.21410
    -2.7950        1   -69.66940
    -2.6450        1   -71.24227
    -2.4950        1   -72.94566
    -2.3450        1   -74.74951
    -2.1950        1   -76.62072
    -2.0450        1   -78.54368
    -1.8950        1   -80.49103
    -1.7450        1   -82.43330
    -1.5950        1   -84.38138
    -1.4450        1   -86.32568
    -1.2950        1   -88.26694
    -1.1450        1   -90.21064
   -0.99500        1   -92.18382
   -0.84500        1   -94.22869
   -0.69500        1   -96.41272
   -0.54500        1   -98.85081
   -0.39500        1  -101.73347
   -0.25300        1  -103.94569
   -0.21500        1  -104.09706
   -0.20900        1  -104.24990
   -0.20300        1  -104.40563
   -0.19700        1  -104.56294
   -0.19100        1  -104.72254
   -0.18500        1  -104.88621
   -0.17900        1  -105.05171
   -0.17300        1  -105.21972
   -0.16700        1  -105.39153
   -0.16100        1  -105.56707
   -0.15500        1  -105.74650
   -0.14900        1  -105.92902
   -0.14300        1  -106.11640
   -0.13700        1  -106.30839
   -0.13100        1  -106.50558
   -0.12500        1  -106.70913
   -0.11900        1  -106.91902
   -0.11300        1  -107.13617
   -0.10700        1  -107.36229
   -0.10100        1  -107.59705
   -0.95000E-01    1  -107.84387
   -0.89000E-01    1  -108.10315
   -0.83000E-01    1  -108.37737
   -0.77000E-01    1  -108.67028
   -0.71000E-01    1  -108.98567
   -0.65000E-01    1  -109.32856
   -0.59000E-01    1  -109.70779
   -0.53000E-01    1  -110.13026
   -0.47000E-01    1  -110.60501
   -0.41000E-01    1  -111.14699
   -0.35000E-01    1  -111.77700
   -0.29000E-01    1  -112.52593
   -0.23000E-01    1  -113.42421
   -0.19700E-01    1  -113.52197
   -0.19100E-01    1  -113.62158
   -0.18500E-01    1  -113.72300
   -0.17900E-01    1  -113.82604
   -0.17300E-01    1  -113.93078
   -0.16700E-01    1  -114.03738
   -0.16100E-01    1  -114.14597
   -0.15500E-01    1  -114.25643
   -0.14900E-01    1  -114.36873
   -0.14300E-01    1  -114.48287
   -0.13700E-01    1  -114.59890
   -0.13100E-01    1  -114.71697
   -0.12500E-01    1  -114.83692
   -0.11900E-01    1  -114.95895
   -0.11300E-01    1  -115.08306
   -0.10700E-01    1  -115.20895
   -0.10100E-01    1  -115.33652
   -0.95000E-02    1  -115.46566
   -0.89000E-02    1  -115.59614
   -0.83000E-02    1  -115.72746
   -0.77000E-02    1  -115.85913
   -0.71000E-02    1  -115.99041
   -0.65000E-02    1  -116.12010
   -0.59000E-02    1  -116.24718
   -0.53000E-02    1  -116.37064
   -0.47000E-02    1  -116.48900
   -0.41000E-02    1  -116.60018
   -0.35000E-02    1  -116.70155
   -0.29000E-02    1  -116.79076
   -0.23000E-02    1  -116.86503
   -0.17000E-02    1  -116.92183
   -0.11000E-02    1  -116.95953
   -0.50000E-03    1  -116.97697
    0.10000E-03    1  -116.97346
    0.70000E-03    1  -116.94917
    0.13000E-02    1  -116.90496
    0.19000E-02    1  -116.84210
    0.25000E-02    1  -116.76251
    0.31000E-02    1  -116.66900
    0.37000E-02    1  -116.56406
    0.43000E-02    1  -116.45018
    0.49000E-02    1  -116.32986
    0.55000E-02    1  -116.20555
    0.61000E-02    1  -116.07866
    0.67000E-02    1  -115.95017
    0.73000E-02    1  -115.82141
    0.79000E-02    1  -115.69259
    0.85000E-02    1  -115.56438
    0.91000E-02    1  -115.43703
    0.97000E-02    1  -115.31061
    0.10300E-01    1  -115.18562
    0.10900E-01    1  -115.06220
    0.11500E-01    1  -114.94010
    0.12100E-01    1  -114.81983
    0.12700E-01    1  -114.70163
    0.13300E-01    1  -114.58527
    0.13900E-01    1  -114.47070
    0.14500E-01    1  -114.35807
    0.15100E-01    1  -114.24702
    0.15700E-01    1  -114.13791
    0.16300E-01    1  -114.03060
    0.16900E-01    1  -113.92491
    0.17500E-01    1  -113.82114
    0.18100E-01    1  -113.71912
    0.18700E-01    1  -113.61871
    0.19300E-01    1  -113.52021
    0.20200E-01    1  -113.15356
    0.25000E-01    1  -112.31379
    0.31000E-01    1  -111.61518
    0.37000E-01    1  -111.02530
    0.43000E-01    1  -110.51921
    0.49000E-01    1  -110.07824
    0.55000E-01    1  -109.68842
    0.61000E-01    1  -109.34159
    0.67000E-01    1  -109.03051
    0.73000E-01    1  -108.74764
    0.79000E-01    1  -108.48811
    0.85000E-01    1  -108.24721
    0.91000E-01    1  -108.02342
    0.97000E-01    1  -107.81335
    0.10300        1  -107.61586
    0.10900        1  -107.43057
    0.11500        1  -107.25568
    0.12100        1  -107.09037
    0.12700        1  -106.93355
    0.13300        1  -106.78423
    0.13900        1  -106.64286
    0.14500        1  -106.50867
    0.15100        1  -106.38085
    0.15700        1  -106.25978
    0.16300        1  -106.14390
    0.16900        1  -106.03302
    0.17500        1  -105.92717
    0.18100        1  -105.82624
    0.18700        1  -105.72893
    0.19300        1  -105.63613
    0.19900        1  -105.54708
    0.20500        1  -105.46154
    0.21100        1  -105.37903
    0.21700        1  -105.29997
    0.29500        1  -103.90802
    0.44500        1  -103.21403
    0.59500        1  -102.75676
    0.74500        1  -102.40038
    0.89500        1  -102.10496
     1.0450        1  -101.84819
     1.1950        1  -101.61789
     1.3450        1  -101.41131
     1.4950        1  -101.22249
     1.6450        1  -101.04729
     1.7950        1  -100.88478
     1.9450        1  -100.73131
     2.0950        1  -100.58647
     2.2450        1  -100.45197
     2.3950        1  -100.32826
     2.5450        1  -100.21177
     2.6950        1  -100.10369
     2.8450        1   -99.99934
     2.9950        1   -99.90523
     3.1450        1   -99.81182
     3.2950        1   -99.72654
     3.4450        1   -99.64565
     3.5950        1   -99.56886
     3.7450        1   -99.49651
     3.8950        1   -99.42857
     4.0450        1   -99.36404
     4.1950        1   -99.30205
     4.3450        1   -99.24468
     4.4950        1   -99.18784
     4.6450        1   -99.13269
     4.7950        1   -99.07820
     4.9450        1   -99.02464
     5.0950        1   -98.97624
     5.2450        1   -98.92657
     5.3950        1   -98.87987
     5.5450        1   -98.83290
     5.6950        1   -98.78982
     5.8450        1   -98.74494
     5.9950        1   -98.70286
     6.1450        1   -98.66244
     6.2950        1   -98.62212
     6.4450        1   -98.58369
     6.5950        1   -98.54581
     6.7450        1   -98.50814
     6.8950        1   -98.47238
     7.0450        1   -98.43630
     7.1950        1   -98.40095
     7.3450        1   -98.36738
     7.4950        1   -98.33462
     7.6450        1   -98.30153
     7.7950        1   -98.26948
     7.9450        1   -98.23704
     8.0950        1   -98.20570
     8.2450        1   -98.17355
     8.3950        1   -98.14334
     8.5450        1   -98.11103
     8.6950        1   -98.08175
     8.8450        1   -98.05307
     8.9950        1   -98.02434
     9.1450        1   -97.99473
     9.2950        1   -97.96691
     9.4450        1   -97.93907
     9.5950        1   -97.91087
     9.7450        1   -97.88484
     9.8950        1   -97.85843
     10.045        1   -97.83022
     10.195        1   -97.80393
     10.345        1   -97.77850
     10.495        1   -97.75380
     10.645        1   -97.72865
     10.795        1   -97.70367
     10.945        1   -97.67905
     11.095        1   -97.65465
     11.245        1   -97.63176
     11.395        1   -97.60838
     11.545        1   -97.58554
     11.695        1   -97.56298
     11.845        1   -97.54023
     11.995        1   -97.51843
     12.145        1   -97.49606
     12.295        1   -97.47449
     12.445        1   -97.45278
     12.595        1   -97.43129
     12.745        1   -97.41034
     12.895        1   -97.38954
     13.045        1   -97.36869
     13.195        1   -97.34790
     13.345        1   -97.32736
     13.495        1   -97.30763
     13.645        1   -97.28759
     13.795        1   -97.26801
     13.945        1   -97.24823
     14.095        1   -97.22963
     14.245        1   -97.21026
     14.395        1   -97.19145
     14.545        1   -97.17222
     14.695        1   -97.15282
     14.845        1   -97.13450
     14.995        1   -97.11632
     15.145        1   -97.09738
     15.295        1   -97.07953
     15.445        1   -97.06162
     15.595        1   -97.04377
     15.745        1   -97.02473
     15.895        1   -97.00662
     16.045        1   -96.98989
     16.195        1   -96.97244
     16.345        1   -96.95601
     16.495        1   -96.93829
     16.645        1   -96.92142
     16.795        1   -96.90526
     16.945        1   -96.88743
     17.095        1   -96.87091
     17.245        1   -96.85414
     17.395        1   -96.83835
     17.545        1   -96.82262
     17.695        1   -96.80649
     17.845        1   -96.79054
     17.995        1   -96.77474
     18.145        1   -96.75781
     18.295        1   -96.74236
     18.445        1   -96.72678
     18.595        1   -96.71077
     18.745        1   -96.69547
     18.895        1   -96.68076
     19.045        1   -96.66624
     19.195        1   -96.65218
     19.345        1   -96.63685
     19.495        1   -96.62188
     19.645        1   -96.60778
     19.795        1   -96.59409
     19.945        1   -96.57983
     20.095        1   -96.56580
     20.245        1   -96.55214
     20.395        1   -96.53816
     20.545        1   -96.52494
     20.695        1   -96.51128
     20.845        1   -96.49747
     20.995        1   -96.48422
     21.145        1   -96.47099
     21.295        1   -96.45799
     21.445        1   -96.44388
     21.595        1   -96.43114
     21.745        1   -96.41696
     21.895        1   -96.40396
     22.045        1   -96.39130
     22.195        1   -96.37763
     22.345        1   -96.36503
     22.495        1   -96.35228
     22.645        1   -96.33843
     22.795        1   -96.32562
     22.945        1   -96.31296
     23.095        1   -96.30029
     23.245        1   -96.28703
     23.395        1   -96.27504
     23.545        1   -96.26301
     23.695        1   -96.25015
     23.845        1   -96.23798
     23.995        1   -96.22635
     24.145        1   -96.21380
     24.295        1   -96.20209
     24.445        1   -96.18909
     24.595        1   -96.17765
     24.745        1   -96.16607
     24.895        1   -96.15458
     25.045        1   -96.14322
     25.195        1   -96.13183
     25.345        1   -96.12000
     25.495        1   -96.10878
     25.645        1   -96.09758
     25.795        1   -96.08635
     25.945        1   -96.07518
     26.095        1   -96.06434
     26.245        1   -96.05325
     26.395        1   -96.04222
     26.545        1   -96.03146
     26.695        1   -96.02099
     26.845        1   -96.01065
     26.995        1   -95.99985
     27.145        1   -95.98929
     27.295        1   -95.97866
     27.445        1   -95.96833
     27.595        1   -95.95807
     27.745        1   -95.94730
     27.895        1   -95.93678
     28.045        1   -95.92658
     28.195        1   -95.91621
     28.345        1   -95.90576
     28.495        1   -95.89538
     28.645        1   -95.88519
     28.795        1   -95.87545
     28.945        1   -95.86555
     29.095        1   -95.85557
     29.245        1   -95.84562
     29.395        1   -95.83547
     29.545        1   -95.82576
     29.695        1   -95.81620
     29.845        1   -95.80661
     29.995        1   -95.79672
     30.145        1   -95.78726
     30.295        1   -95.77792
     30.445        1   -95.76851
     30.595        1   -95.75854
     30.745        1   -95.74865
     30.895        1   -95.73958
     31.045        1   -95.73006
     31.195        1   -95.72053
     31.345        1   -95.71115
     31.495        1   -95.70173
     31.645        1   -95.69219
     31.795        1   -95.68331
     31.945        1   -95.67429
     32.095        1   -95.66545
     32.245        1   -95.65604
     32.395        1   -95.64732
     32.545        1   -95.63820
     32.695        1   -95.62895
     32.845        1   -95.61969
     32.995        1   -95.61048
     33.145        1   -95.60177
     33.295        1   -95.59284
     33.445        1   -95.58375
     33.595        1   -95.57462
     33.745        1   -95.56546
     33.895        1   -95.55687
     34.045        1   -95.54708
     34.195        1   -95.53846
     34.345        1   -95.52974
     34.495        1   -95.52028
     34.645        1   -95.51141
     34.795        1   -95.50288
     34.945        1   -95.49456
     35.095        1   -95.48624
     35.245        1   -95.47776
     35.395        1   -95.46939
     35.545        1   -95.46082
     35.695        1   -95.45258
     35.845        1   -95.44408
     35.995        1   -95.43615
     36.145        1   -95.42784
     36.295        1   -95.41966
     36.445        1   -95.41166
     36.595        1   -95.40379
     36.745        1   -95.39588
     36.895        1   -95.38773
     37.045        1   -95.37918
     37.195        1   -95.37152
     37.345        1   -95.36350
     37.495        1   -95.35466
     37.645        1   -95.34713
     37.795        1   -95.33974
     37.945        1   -95.33200
     38.095        1   -95.32424
     38.245        1   -95.31647
     38.395        1   -95.30894
     38.545        1   -95.30138
     38.695        1   -95.29365
     38.845        1   -95.28652
     38.995        1   -95.27909
     39.145        1   -95.27173
     39.295        1   -95.26433
     39.445        1   -95.25645
     39.595        1   -95.24845
     39.745        1   -95.24120
     39.895        1   -95.23387
     40.045        1   -95.22694
     40.195        1   -95.21975
     40.345        1   -95.21217
     40.495        1   -95.20484
     40.645        1   -95.19694
     40.795        1   -95.18966
     40.945        1   -95.18208
     41.095        1   -95.17431
     41.245        1   -95.16715
     41.395        1   -95.15995
     41.545        1   -95.15305
     41.695        1   -95.14574
     41.845        1   -95.13878
     41.995        1   -95.13176
     42.145        1   -95.12495
     42.295        1   -95.11793
     42.445        1   -95.11019
     42.595        1   -95.10343
     42.745        1   -95.09656
     42.895        1   -95.08937
     43.045        1   -95.08251
     43.195        1   -95.07587
     43.345        1   -95.06924
     43.495        1   -95.06253
     43.645        1   -95.05584
     43.795        1   -95.04885
     43.945        1   -95.04172
     44.095        1   -95.03519
     44.245        1   -95.02876
     44.395        1   -95.02211
     44.545        1   -95.01505
     44.695        1   -95.00869
     44.845        1   -95.00206
     44.995        1   -94.99552
     45.145        1   -94.98866
     45.295        1   -94.98235
     45.445        1   -94.97596
     45.595        1   -94.96951
     45.745        1   -94.96294
     45.895        1   -94.95601
     46.045        1   -94.94957
     46.195        1   -94.94271
     46.345        1   -94.93615
     46.495        1   -94.92970
     46.645        1   -94.92338
     46.795        1   -94.91674
     46.945        1   -94.91028
     47.095        1   -94.90415
     47.245        1   -94.89776
     47.395        1   -94.89161
     47.545        1   -94.88536
     47.695        1   -94.87890
     47.845        1   -94.87283
     47.995        1   -94.86685
     48.145        1   -94.86080
     48.295        1   -94.85465
     48.445        1   -94.84847
     48.595        1   -94.84251
     48.745        1   -94.83628
     48.895        1   -94.83009
     49.045        1   -94.82416
     49.195        1   -94.81827
     49.345        1   -94.81229
     49.495        1   -94.80669
     49.645        1   -94.80091
     49.795        1   -94.79470
     49.945        1   -94.78900
     50.095        1   -94.78300
     50.245        1   -94.77661
     50.395        1   -94.77059
     50.545        1   -94.76468
     50.695        1   -94.75889
     50.845        1   -94.75295
     50.995        1   -94.74733
     51.145        1   -94.74149
     51.295        1   -94.73552
     51.445        1   -94.72961
     51.595        1   -94.72381
     51.745        1   -94.71784
     51.895        1   -94.71191
     52.045        1   -94.70603
     52.195        1   -94.70046
     52.345        1   -94.69476
     52.495        1   -94.68912
     52.645        1   -94.68328
     52.795        1   -94.67772
     52.945        1   -94.67235
     53.095        1   -94.66639
     53.245        1   -94.66064
     53.395        1   -94.65504
     53.545        1   -94.64910
     53.695        1   -94.64347
     53.845        1   -94.63802
     53.995        1   -94.63244
     54.145        1   -94.62695
     54.295        1   -94.62122
     54.445        1   -94.61598
     54.595        1   -94.61035
     54.745        1   -94.60466
     54.895        1   -94.59943
     55.045        1   -94.59417
     55.195        1   -94.58868
     55.345        1   -94.58337
     55.495        1   -94.57810
     55.645        1   -94.57271
     55.795        1   -94.56697
     55.945        1   -94.56163
     56.095        1   -94.55633
     56.245        1   -94.55083
     56.395        1   -94.54563
     56.545        1   -94.54016
     56.695        1   -94.53508
     56.845        1   -94.52989
     56.995        1   -94.52482
     57.145        1   -94.51964
     57.295        1   -94.51434
     57.445        1   -94.50869
     57.595        1   -94.50307
     57.745        1   -94.49796
     57.895        1   -94.49274
     58.045        1   -94.48761
     58.195        1   -94.48255
     58.345        1   -94.47757
     58.495        1   -94.47241
     58.645        1   -94.46727
     58.795        1   -94.46213
     58.945        1   -94.45697
     59.095        1   -94.45174
     59.245        1   -94.44656
     59.395        1   -94.44145
     59.545        1   -94.43621
     59.695        1   -94.43122
     59.845        1   -94.42600
     59.995        1   -94.42130
     60.145        1   -94.41633
     70.939        1   -93.76981
     97.698        1   -93.12381
     134.55        1   -92.47916
     185.30        1   -91.83467
     255.20        1   -91.19880
     351.46        1   -90.57140
     484.04        1   -89.94786
     666.62        1   -89.33859
     918.07        1   -88.73856
     1264.4        1   -88.14774
     1741.3        1   -87.56424
     2398.1        1   -86.99015
     3302.7        1   -86.42457
     4548.5        1   -85.87079
     6264.3        1   -85.32339
     8627.2        1   -84.78590
     11881.        1   -84.26072
     16363.        1   -83.74416
     22535.        1   -83.23467
     31036.        1   -82.73514
     42743.        1   -82.24182
     58866.        1   -81.75799
     81070.        1   -81.28061
    0.11165E+06    1   -80.81188
    0.15377E+06    1   -80.34845
    0.21177E+06    1   -79.89082
    0.29165E+06    1   -79.43792
    0.40166E+06    1   -78.99176
    0.55317E+06    1   -78.54853
    0.76182E+06    1   -78.10744
    0.10492E+07    1   -77.66902
    0.14449E+07    1   -77.23360
    0.19900E+07    1   -76.80060
    0.27406E+07    1   -76.36662
    0.37744E+07    1   -75.93275
    0.51981E+07    1   -75.49695
    0.71589E+07    1   -75.06144
    0.98593E+07    1   -74.62492
    0.13578E+08    1   -74.18604
    0.18700E+08    1   -73.74581
    0.25754E+08    1   -73.30483
    0.35468E+08    1   -72.86575
    0.48847E+08    1   -72.43361
    0.67273E+08    1   -72.01284
    0.92648E+08    1   -71.60173
    0.12760E+09    1   -71.20147
    0.17573E+09    1   -70.81333
    0.24201E+09    1   -70.43613
    0.33330E+09    1   -70.07132
    0.45902E+09    1   -69.72446
    0.63217E+09    1   -69.39861
    0.87062E+09    1   -69.09212
    0.11990E+10    1   -68.80637
    0.16513E+10    1   -68.53958
    0.22742E+10    1   -68.29125
    0.31320E+10    1   -68.05912
    0.43134E+10    1   -67.84368
    0.59405E+10    1   -67.64294
    0.81813E+10    1   -67.45565
    0.11267E+11    1   -67.28113
    0.15517E+11    1   -67.11886
    0.21371E+11    1   -66.96741
    0.29432E+11    1   -66.82735
    0.40534E+11    1   -66.69713
    0.55823E+11    1   -66.57640
    0.10000E+12    1   -65.06074
    -149.95        2     0.00000
    -149.80        2     0.00000
    -149.65        2     0.00000
    -149.49        2     0.00000
    -149.34        2     0.00000
    -149.20        2     0.00000
    -149.05        2     0.00000
    -148.90        2     0.00000
    -148.74        2     0.00000
    -148.59        2     0.00000
    -148.45        2     0.00000
    -148.30        2     0.00000
    -148.15        2     0.00000
    -147.99        2     0.00000
    -147.84        2     0.00000
    -147.70        2     0.00000
    -147.55        2     0.00000
    -147.40        2     0.00000
    -147.24        2     0.00000
    -147.09        2     0.00000
    -146.95        2     0.00000
    -146.80        2     0.00000
    -146.65        2     0.00000
    -146.49        2     0.00000
    -146.34        2     0.00000
    -146.20        2     0.00000
    -146.05        2     0.00000
    -145.90        2     0.00000
    -145.74        2     0.00000
    -145.59        2     0.00000
    -145.45        2     0.00000
    -145.30        2     0.00000
    -145.15        2     0.00000
    -144.99        2     0.00000
    -144.84        2     0.00000
    -144.70        2     0.00000
    -144.55        2     0.00000
    -144.40        2     0.00000
    -144.24        2     0.00000
    -144.09        2     0.00000
    -143.95        2     0.00000
    -143.80        2     0.00000
    -143.65        2     0.00000
    -143.49        2     0.00000
    -143.34        2     0.00000
    -143.20        2     0.00000
    -143.05        2     0.00000
    -142.90        2     0.00000
    -142.74        2     0.00000
    -142.59        2     0.00000
    -142.45        2     0.00000
    -142.30        2     0.00000
    -142.15        2     0.00000
    -141.99        2     0.00000
    -141.84        2     0.00000
    -141.70        2     0.00000
    -141.55        2     0.00000
    -141.40        2     0.00000
    -141.24        2     0.00000
    -141.09        2     0.00000
    -140.95        2     0.00000
    -140.80        2     0.00000
    -140.65        2     0.00000
    -140.49        2     0.00000
    -140.34        2     0.00000
    -140.20        2     0.00000
    -140.05        2     0.00000
    -139.90        2     0.00000
    -139.74        2     0.00000
    -139.59        2     0.00000
    -139.45        2     0.00000
    -139.30        2     0.00000
    -139.15        2     0.00000
    -138.99        2     0.00000
    -138.84        2     0.00000
    -138.70        2     0.00000
    -138.55        2     0.00000
    -138.40        2     0.00000
    -138.24        2     0.00000
    -138.09        2     0.00000
    -137.95        2     0.00000
    -137.80        2     0.00000
    -137.65        2     0.00000
    -137.49        2     0.00000
    -137.34        2     0.00000
    -137.20        2     0.00000
    -137.05        2     0.00000
    -136.90        2     0.00000
    -136.74        2     0.00000
    -136.59        2     0.00000
    -136.45        2     0.00000
    -136.30        2     0.00000
    -136.15        2     0.00000
    -135.99        2     0.00000
    -135.84        2     0.00000
    -135.70        2     0.00000
    -135.55        2     0.00000
    -135.40        2     0.00000
    -135.24        2     0.00000
    -135.09        2     0.00000
    -134.95        2     0.00000
    -134.80        2     0.00000
    -134.65        2     0.00000
    -134.49        2     0.00000
    -134.34        2     0.00000
    -134.20        2     0.00000
    -134.05        2     0.00000
    -133.90        2     0.00000
    -133.74        2     0.00000
    -133.59        2     0.00000
    -133.45        2     0.00000
    -133.30        2     0.00000
    -133.15        2     0.00000
    -132.99        2     0.00000
    -132.84        2     0.00000
    -132.70        2     0.00000
    -132.55        2     0.00000
    -132.40        2     0.00000
    -132.24        2     0.00000
    -132.09        2     0.00000
    -131.95        2     0.00000
    -131.80        2     0.00000
    -131.65        2     0.00000
    -131.49        2     0.00000
    -131.34        2     0.00000
    -131.20        2     0.00000
    -131.05        2     0.00000
    -130.90        2     0.00000
    -130.74        2     0.00000
    -130.59        2     0.00000
    -130.45        2     0.00000
    -130.30        2     0.00000
    -130.15        2     0.00000
    -129.99        2     0.00000
    -129.84        2     0.00000
    -129.70        2     0.00000
    -129.55        2     0.00000
    -129.40        2     0.00000
    -129.24        2     0.00000
    -129.09        2     0.00000
    -128.95        2     0.00000
    -128.80        2     0.00000
    -128.65        2     0.00000
    -128.49        2     0.00000
    -128.34        2     0.00000
    -128.20        2     0.00000
    -128.05        2     0.00000
    -127.89        2     0.00000
    -127.75        2     0.00000
    -127.60        2     0.00000
    -127.44        2     0.00000
    -127.30        2     0.00000
    -127.14        2     0.00000
    -127.00        2     0.00000
    -126.85        2     0.00000
    -126.69        2     0.00000
    -126.55        2     0.00000
    -126.39        2     0.00000
    -126.25        2     0.00000
    -126.10        2     0.00000
    -125.94        2     0.00000
    -125.80        2     0.00000
    -125.64        2     0.00000
    -125.50        2     0.00000
    -125.35        2     0.00000
    -125.19        2     0.00000
    -125.05        2     0.00000
    -124.89        2     0.00000
    -124.75        2     0.00000
    -124.60        2     0.00000
    -124.44        2     0.00000
    -124.30        2     0.00000
    -124.14        2     0.00000
    -124.00        2     0.00000
    -123.85        2     0.00000
    -123.69        2     0.00000
    -123.55        2     0.00000
    -123.39        2     0.00000
    -123.25        2     0.00000
    -123.10        2     0.00000
    -122.94        2     0.00000
    -122.80        2     0.00000
    -122.64        2     0.00000
    -122.50        2     0.00000
    -122.35        2     0.00000
    -122.19        2     0.00000
    -122.05        2     0.00000
    -121.89        2     0.00000
    -121.75        2     0.00000
    -121.60        2     0.00000
    -121.44        2     0.00000
    -121.30        2     0.00000
    -121.14        2     0.00000
    -121.00        2     0.00000
    -120.85        2     0.00000
    -120.69        2     0.00000
    -120.55        2     0.00000
    -120.39        2     0.00000
    -120.25        2     0.00000
    -120.10        2     0.00000
    -119.94        2     0.00000
    -119.80        2     0.00000
    -119.64        2     0.00000
    -119.50        2     0.00000
    -119.35        2     0.00000
    -119.19        2     0.00000
    -119.05        2     0.00000
    -118.89        2     0.00000
    -118.75        2     0.00000
    -118.60        2     0.00000
    -118.44        2     0.00000
    -118.30        2     0.00000
    -118.14        2     0.00000
    -118.00        2     0.00000
    -117.85        2     0.00000
    -117.69        2     0.00000
    -117.55        2     0.00000
    -117.39        2     0.00000
    -117.25        2     0.00000
    -117.10        2     0.00000
    -116.94        2     0.00000
    -116.80        2     0.00000
    -116.64        2     0.00000
    -116.50        2     0.00000
    -116.35        2     0.00000
    -116.19        2     0.00000
    -116.05        2     0.00000
    -115.89        2     0.00000
    -115.75        2     0.00000
    -115.60        2     0.00000
    -115.44        2     0.00000
    -115.30        2     0.00000
    -115.14        2     0.00000
    -115.00        2     0.00000
    -114.85        2     0.00000
    -114.69        2     0.00000
    -114.55        2     0.00000
    -114.39        2     0.00000
    -114.25        2     0.00000
    -114.10        2     0.00000
    -113.94        2     0.00000
    -113.80        2     0.00000
    -113.64        2     0.00000
    -113.50        2     0.00000
    -113.35        2     0.00000
    -113.19        2     0.00000
    -113.05        2     0.00000
    -112.89        2     0.00000
    -112.75        2     0.00000
    -112.60        2     0.00000
    -112.44        2     0.00000
    -112.30        2     0.00000
    -112.14        2     0.00000
    -112.00        2     0.00000
    -111.85        2     0.00000
    -111.69        2     0.00000
    -111.55        2     0.00000
    -111.39        2     0.00000
    -111.25        2     0.00000
    -111.10        2     0.00000
    -110.94        2     0.00000
    -110.80        2     0.00000
    -110.64        2     0.00000
    -110.50        2     0.00000
    -110.35        2     0.00000
    -110.19        2     0.00000
    -110.05        2     0.00000
    -109.89        2     0.00000
    -109.75        2     0.00000
    -109.60        2     0.00000
    -109.44        2     0.00000
    -109.30        2     0.00000
    -109.14        2     0.00000
    -109.00        2     0.00000
    -108.85        2     0.00000
    -108.69        2     0.00000
    -108.55        2     0.00000
    -108.39        2     0.00000
    -108.25        2     0.00000
    -108.10        2     0.00000
    -107.94        2     0.00000
    -107.80        2     0.00000
    -107.64        2     0.00000
    -107.50        2     0.00000
    -107.35        2     0.00000
    -107.19        2     0.00000
    -107.05        2     0.00000
    -106.89        2     0.00000
    -106.75        2     0.00000
    -106.60        2     0.00000
    -106.44        2     0.00000
    -106.30        2     0.00000
    -106.14        2     0.00000
    -106.00        2     0.00000
    -105.85        2     0.00000
    -105.69        2     0.00000
    -105.55        2     0.00000
    -105.39        2     0.00000
    -105.25        2     0.00000
    -105.10        2     0.00000
    -104.94        2     0.00000
    -104.80        2     0.00000
    -104.64        2     0.00000
    -104.50        2     0.00000
    -104.35        2     0.00000
    -104.19        2     0.00000
    -104.05        2     0.00000
    -103.89        2     0.00000
    -103.75        2     0.00000
    -103.60        2     0.00000
    -103.44        2     0.00000
    -103.30        2     0.00000
    -103.14        2     0.00000
    -103.00        2     0.00000
    -102.85        2     0.00000
    -102.69        2     0.00000
    -102.55        2     0.00000
    -102.39        2     0.00000
    -102.25        2     0.00000
    -102.10        2     0.00000
    -101.94        2     0.00000
    -101.80        2     0.00000
    -101.64        2     0.00000
    -101.50        2     0.00000
    -101.35        2     0.00000
    -101.19        2     0.00000
    -101.05        2     0.00000
    -100.89        2     0.00000
    -100.75        2     0.00000
    -100.60        2     0.00000
    -100.44        2     0.00000
    -100.30        2     0.00000
    -100.14        2     0.00000
    -99.995        2     0.00000
    -99.845        2     0.00000
    -99.695        2     0.00000
    -99.545        2     0.00000
    -99.395        2     0.00000
    -99.245        2     0.00000
    -99.095        2     0.00000
    -98.945        2     0.00000
    -98.795        2     0.00000
    -98.645        2     0.00000
    -98.495        2     0.00000
    -98.345        2     0.00000
    -98.195        2     0.00000
    -98.045        2     0.00000
    -97.895        2     0.00000
    -97.745        2     0.00000
    -97.595        2     0.00000
    -97.445        2     0.00000
    -97.295        2     0.00000
    -97.145        2     0.00000
    -96.995        2     0.00000
    -96.845        2     0.00000
    -96.695        2     0.00000
    -96.545        2     0.00000
    -96.395        2     0.00000
    -96.245        2     0.00000
    -96.095        2     0.00000
    -95.945        2     0.00000
    -95.795        2     0.00000
    -95.645        2     0.00000
    -95.495        2     0.00000
    -95.345        2     0.00000
    -95.195        2     0.00000
    -95.045        2     0.00000
    -94.895        2     0.00000
    -94.745        2     0.00000
    -94.595        2     0.00000
    -94.445        2     0.00000
    -94.295        2     0.00000
    -94.145        2     0.00000
    -93.995        2     0.00000
    -93.845        2     0.00000
    -93.695        2     0.00000
    -93.545        2     0.00000
    -93.395        2     0.00000
    -93.245        2     0.00000
    -93.095        2     0.00000
    -92.945        2     0.00000
    -92.795        2     0.00000
    -92.645        2     0.00000
    -92.495        2     0.00000
    -92.345        2     0.00000
    -92.195        2     0.00000
    -92.045        2     0.00000
    -91.895        2     0.00000
    -91.745        2     0.00000
    -91.595        2     0.00000
    -91.445        2     0.00000
    -91.295        2     0.00000
    -91.145        2     0.00000
    -90.995        2     0.00000
    -90.845        2     0.00000
    -90.695        2     0.00000
    -90.545        2     0.00000
    -90.395        2     0.00000
    -90.245        2     0.00000
    -90.095        2     0.00000
    -89.945        2     0.00000
    -89.795        2     0.00000
    -89.645        2     0.00000
    -89.495        2     0.00000
    -89.345        2     0.00000
    -89.195        2     0.00000
    -89.045        2     0.00000
    -88.895        2     0.00000
    -88.745        2     0.00000
    -88.595        2     0.00000
    -88.445        2     0.00000
    -88.295        2     0.00000
    -88.145        2     0.00000
    -87.995        2     0.00000
    -87.845        2     0.00000
    -87.695        2     0.00000
    -87.545        2     0.00000
    -87.395        2     0.00000
    -87.245        2     0.00000
    -87.095        2     0.00000
    -86.945        2     0.00000
    -86.795        2     0.00000
    -86.645        2     0.00000
    -86.495        2     0.00000
    -86.345        2     0.00000
    -86.195        2     0.00000
    -86.045        2     0.00000
    -85.895        2     0.00000
    -85.745        2     0.00000
    -85.595        2     0.00000
    -85.445        2     0.00000
    -85.295        2     0.00000
    -85.145        2     0.00000
    -84.995        2     0.00000
    -84.845        2     0.00000
    -84.695        2     0.00000
    -84.545        2     0.00000
    -84.395        2     0.00000
    -84.245        2     0.00000
    -84.095        2     0.00000
    -83.945        2     0.00000
    -83.795        2     0.00000
    -83.645        2     0.00000
    -83.495        2     0.00000
    -83.345        2     0.00000
    -83.195        2     0.00000
    -83.045        2     0.00000
    -82.895        2     0.00000
    -82.745        2     0.00000
    -82.595        2     0.00000
    -82.445        2     0.00000
    -82.295        2     0.00000
    -82.145        2     0.00000
    -81.995        2     0.00000
    -81.845        2     0.00000
    -81.695        2     0.00000
    -81.545        2     0.00000
    -81.395        2     0.00000
    -81.245        2     0.00000
    -81.095        2     0.00000
    -80.945        2     0.00000
    -80.795        2     0.00000
    -80.645        2     0.00000
    -80.495        2     0.00000
    -80.345        2     0.00000
    -80.195        2     0.00000
    -80.045        2     0.00000
    -79.895        2     0.00000
    -79.745        2     0.00000
    -79.595        2     0.00000
    -79.445        2     0.00000
    -79.295        2     0.00000
    -79.145        2     0.00000
    -78.995        2     0.00000
    -78.845        2     0.00000
    -78.695        2     0.00000
    -78.545        2     0.00000
    -78.395        2     0.00000
    -78.245        2     0.00000
    -78.095        2     0.00000
    -77.945        2     0.00000
    -77.795        2     0.00000
    -77.645        2     0.00000
    -77.495        2     0.00000
    -77.345        2     0.00000
    -77.195        2     0.00000
    -77.045        2     0.00000
    -76.895        2     0.00000
    -76.745        2     0.00000
    -76.595        2     0.00000
    -76.445        2     0.00000
    -76.295        2     0.00000
    -76.145        2     0.00000
    -75.995        2     0.00000
    -75.845        2     0.00000
    -75.695        2     0.00000
    -75.545        2     0.00000
    -75.395        2     0.00000
    -75.245        2     0.00000
    -75.095        2     0.00000
    -74.945        2     0.00000
    -74.795        2     0.00000
    -74.645        2     0.00000
    -74.495        2     0.00000
    -74.345        2     0.00000
    -74.195        2     0.00000
    -74.045        2     0.00000
    -73.895        2     0.00000
    -73.745        2     0.00000
    -73.595        2     0.00000
    -73.445        2     0.00000
    -73.295        2     0.00000
    -73.145        2     0.00000
    -72.995        2     0.00000
    -72.845        2     0.00000
    -72.695        2     0.00000
    -72.545        2     0.00000
    -72.395        2     0.00000
    -72.245        2     0.00000
    -72.095        2     0.00000
    -71.945        2     0.00000
    -71.795        2     0.00000
    -71.645        2     0.00000
    -71.495        2     0.00000
    -71.345        2     0.00000
    -71.195        2     0.00000
    -71.045        2     0.00000
    -70.895        2     0.00000
    -70.745        2     0.00000
    -70.595        2     0.00000
    -70.445        2     0.00000
    -70.295        2     0.00000
    -70.145        2     0.00000
    -69.995        2     0.00000
    -69.845        2     0.00000
    -69.695        2     0.00000
    -69.545        2     0.00000
    -69.395        2     0.00000
    -69.245        2     0.00000
    -69.095        2     0.00000
    -68.945        2     0.00000
    -68.795        2     0.00000
    -68.645        2     0.00000
    -68.495        2     0.00000
    -68.345        2     0.00000
    -68.195        2     0.00000
    -68.045        2     0.00000
    -67.895        2     0.00000
    -67.745        2     0.00000
    -67.595        2     0.00000
    -67.445        2     0.00000
    -67.295        2     0.00000
    -67.145        2     0.00000
    -66.995        2     0.00000
    -66.845        2     0.00000
    -66.695        2     0.00000
    -66.545        2     0.00000
    -66.395        2     0.00000
    -66.245        2     0.00000
    -66.095        2     0.00000
    -65.945        2     0.00000
    -65.795        2     0.00000
    -65.645        2     0.00000
    -65.495        2     0.00000
    -65.345        2     0.00000
    -65.195        2     0.00000
    -65.045        2     0.00000
    -64.895        2     0.00000
    -64.745        2     0.00000
    -64.595        2     0.00000
    -64.445        2     0.00000
    -64.295        2     0.00000
    -64.145        2     0.00000
    -63.995        2     0.00000
    -63.845        2     0.00000
    -63.695        2     0.00000
    -63.545        2     0.00000
    -63.395        2     0.00000
    -63.245        2     0.00000
    -63.095        2     0.00000
    -62.945        2     0.00000
    -62.795        2     0.00000
    -62.645        2     0.00000
    -62.495        2     0.00000
    -62.345        2     0.00000
    -62.195        2     0.00000
    -62.045        2     0.00000
    -61.895        2     0.00000
    -61.745        2     0.00000
    -61.595        2     0.00000
    -61.445        2     0.00000
    -61.295        2     0.00000
    -61.145        2     0.00000
    -60.995        2     0.00000
    -60.845        2     0.00000
    -60.695        2     0.00000
    -60.545        2     0.00000
    -60.395        2     0.00000
    -60.245        2     0.00000
    -60.095        2     0.00000
    -59.945        2     0.00000
    -59.795        2     0.00000
    -59.645        2     0.00000
    -59.495        2     0.00000
    -59.345        2     0.00000
    -59.195        2     0.00000
    -59.045        2     0.00000
    -58.895        2     0.00000
    -58.745        2     0.00000
    -58.595        2     0.00000
    -58.445        2     0.00000
    -58.295        2     0.00000
    -58.145        2     0.00000
    -57.995        2     0.00000
    -57.845        2     0.00000
    -57.695        2     0.00000
    -57.545        2     0.00000
    -57.395        2     0.00000
    -57.245        2     0.00000
    -57.095        2     0.00000
    -56.945        2     0.00000
    -56.795        2     0.00000
    -56.645        2     0.00000
    -56.495        2     0.00000
    -56.345        2     0.00000
    -56.195        2     0.00000
    -56.045        2     0.00000
    -55.895        2     0.00000
    -55.745        2     0.00000
    -55.595        2     0.00000
    -55.445        2     0.00000
    -55.295        2     0.00000
    -55.145        2     0.00000
    -54.995        2     0.00000
    -54.845        2     0.00000
    -54.695        2     0.00000
    -54.545        2     0.00000
    -54.395        2     0.00000
    -54.245        2     0.00000
    -54.095        2     0.00000
    -53.945        2     0.00000
    -53.795        2     0.00000
    -53.645        2     0.00000
    -53.495        2     0.00000
    -53.345        2     0.00000
    -53.195        2     0.00000
    -53.045        2     0.00000
    -52.895        2     0.00000
    -52.745        2     0.00000
    -52.595        2     0.00000
    -52.445        2     0.00000
    -52.295        2     0.00000
    -52.145        2     0.00000
    -51.995        2     0.00000
    -51.845        2     0.00000
    -51.695        2     0.00000
    -51.545        2     0.00000
    -51.395        2     0.00000
    -51.245        2     0.00000
    -51.095        2     0.00000
    -50.945        2     0.00000
    -50.795        2     0.00000
    -50.645        2     0.00000
    -50.495        2     0.00000
    -50.345        2     0.00000
    -50.195        2     0.00000
    -50.045        2     0.00000
    -49.895        2     0.00000
    -49.745        2     0.00000
    -49.595        2     0.00000
    -49.445        2     0.00000
    -49.295        2     0.00000
    -49.145        2     0.00000
    -48.995        2     0.00000
    -48.845        2     0.00000
    -48.695        2     0.00000
    -48.545        2     0.00000
    -48.395        2     0.00000
    -48.245        2     0.00000
    -48.095        2     0.00000
    -47.945        2     0.00000
    -47.795        2     0.00000
    -47.645        2     0.00000
    -47.495        2     0.00000
    -47.345        2     0.00000
    -47.195        2     0.00000
    -47.045        2     0.00000
    -46.895        2     0.00000
    -46.745        2     0.00000
    -46.595        2     0.00000
    -46.445        2     0.00000
    -46.295        2     0.00000
    -46.145        2     0.00000
    -45.995        2     0.00000
    -45.845        2     0.00000
    -45.695        2     0.00000
    -45.545        2     0.00000
    -45.395        2     0.00000
    -45.245        2     0.00000
    -45.095        2     0.00000
    -44.945        2     0.00000
    -44.795        2     0.00000
    -44.645        2     0.00000
    -44.495        2     0.00000
    -44.345        2     0.00000
    -44.195        2     0.00000
    -44.045        2     0.00000
    -43.895        2     0.00000
    -43.745        2     0.00000
    -43.595        2     0.00000
    -43.445        2     0.00000
    -43.295        2     0.00000
    -43.145        2     0.00000
    -42.995        2     0.00000
    -42.845        2     0.00000
    -42.695        2     0.00000
    -42.545        2     0.00000
    -42.395        2     0.00000
    -42.245        2     0.00000
    -42.095        2     0.00000
    -41.945        2     0.00000
    -41.795        2     0.00000
    -41.645        2     0.00000
    -41.495        2     0.00000
    -41.345        2     0.00000
    -41.195        2     0.00000
    -41.045        2     0.00000
    -40.895        2     0.00000
    -40.745        2     0.00000
    -40.595        2     0.00000
    -40.445        2     0.00000
    -40.295        2     0.00000
    -40.145        2     0.00000
    -39.995        2     0.00000
    -39.845        2     0.00000
    -39.695        2     0.00000
    -39.545        2     0.00000
    -39.395        2     0.00000
    -39.245        2     0.00000
    -39.095        2     0.00000
    -38.945        2     0.00000
    -38.795        2     0.00000
    -38.645        2     0.00000
    -38.495        2     0.00000
    -38.345        2     0.00000
    -38.195        2     0.00000
    -38.045        2     0.00000
    -37.895        2     0.00000
    -37.745        2     0.00000
    -37.595        2     0.00000
    -37.445        2     0.00000
    -37.295        2     0.00000
    -37.145        2     0.00000
    -36.995        2     0.00000
    -36.845        2     0.00000
    -36.695        2     0.00000
    -36.545        2     0.00000
    -36.395        2     0.00000
    -36.245        2     0.00000
    -36.095        2     0.00000
    -35.945        2     0.00000
    -35.795        2     0.00000
    -35.645        2     0.00000
    -35.495        2     0.00000
    -35.345        2     0.00000
    -35.195        2     0.00000
    -35.045        2     0.00000
    -34.895        2     0.00000
    -34.745        2     0.00000
    -34.595        2     0.00000
    -34.445        2     0.00000
    -34.295        2     0.00000
    -34.145        2     0.00000
    -33.995        2     0.00000
    -33.845        2     0.00000
    -33.695        2     0.00000
    -33.545        2     0.00000
    -33.395        2     0.00000
    -33.245        2     0.00000
    -33.095        2     0.00000
    -32.945        2     0.00000
    -32.795        2     0.00000
    -32.645        2     0.00000
    -32.495        2     0.00000
    -32.345        2     0.00000
    -32.195        2     0.00000
    -32.045        2     0.00000
    -31.895        2     0.00000
    -31.745        2     0.00000
    -31.595        2     0.00000
    -31.445        2     0.00000
    -31.295        2     0.00000
    -31.145        2     0.00000
    -30.995        2     0.00000
    -30.845        2     0.00000
    -30.695        2     0.00000
    -30.545        2     0.00000
    -30.395        2     0.00000
    -30.245        2     0.00000
    -30.095        2     0.00000
    -29.945        2     0.00000
    -29.795        2     0.00000
    -29.645        2     0.00000
    -29.495        2     0.00000
    -29.345        2     0.00000
    -29.195        2     0.00000
    -29.045        2     0.00000
    -28.895        2     0.00000
    -28.745        2     0.00000
    -28.595        2     0.00000
    -28.445        2     0.00000
    -28.295        2     0.00000
    -28.145        2     0.00000
    -27.995        2     0.00000
    -27.845        2     0.00000
    -27.695        2     0.00000
    -27.545        2     0.00000
    -27.395        2     0.00000
    -27.245        2     0.00000
    -27.095        2     0.00000
    -26.945        2     0.00000
    -26.795        2     0.00000
    -26.645        2     0.00000
    -26.495        2     0.00000
    -26.345        2     0.00000
    -26.195        2     0.00000
    -26.045        2     0.00000
    -25.895        2     0.00000
    -25.745        2     0.00000
    -25.595        2     0.00000
    -25.445        2     0.00000
    -25.295        2     0.00000
    -25.145        2     0.00000
    -24.995        2     0.00000
    -24.845        2     0.00000
    -24.695        2     0.00000
    -24.545        2     0.00000
    -24.395        2     0.00000
    -24.245        2     0.00000
    -24.095        2     0.00000
    -23.945        2     0.00000
    -23.795        2     0.00000
    -23.645        2     0.00000
    -23.495        2     0.00000
    -23.345        2     0.00000
    -23.195        2     0.00000
    -23.045        2     0.00000
    -22.895        2     0.00000
    -22.745        2     0.00000
    -22.595        2     0.00000
    -22.445        2     0.00000
    -22.295        2     0.00000
    -22.145        2     0.00000
    -21.995        2     0.00000
    -21.845        2     0.00000
    -21.695        2     0.00000
    -21.545        2     0.00000
    -21.395        2     0.00000
    -21.245        2     0.00000
    -21.095        2     0.00000
    -20.945        2     0.00000
    -20.795        2     0.00000
    -20.645        2     0.00000
    -20.495        2     0.00000
    -20.345        2     0.00000
    -20.195        2     0.00000
    -20.045        2     0.00000
    -19.895        2     0.00000
    -19.745        2     0.00000
    -19.595        2     0.00000
    -19.445        2     0.00000
    -19.295        2     0.00000
    -19.145        2     0.00000
    -18.995        2     0.00000
    -18.845        2     0.00000
    -18.695        2     0.00000
    -18.545        2     0.00000
    -18.395        2     0.00000
    -18.245        2     0.00000
    -18.095        2     0.00000
    -17.945        2     0.00000
    -17.795        2     0.00000
    -17.645        2     0.00000
    -17.495        2     0.00000
    -17.345        2     0.00000
    -17.195        2     0.00000
    -17.045        2     0.00000
    -16.895        2     0.00000
    -16.745        2     0.00000
    -16.595        2     0.00000
    -16.445        2     0.00000
    -16.295        2     0.00000
    -16.145        2     0.00000
    -15.995        2     0.00000
    -15.845        2     0.00000
    -15.695        2     0.00000
    -15.545        2    -0.00176
    -15.395        2    -0.01553
    -15.245        2    -0.06102
    -15.095        2    -0.14856
    -14.945        2    -0.27881
    -14.795        2    -0.43971
    -14.645        2    -0.62650
    -14.495        2    -0.85781
    -14.345        2    -1.12793
    -14.195        2    -1.44484
    -14.045        2    -1.80222
    -13.895        2    -2.22009
    -13.745        2    -2.69202
    -13.595        2    -3.19698
    -13.445        2    -3.75937
    -13.295        2    -4.37666
    -13.145        2    -5.06458
    -12.995        2    -5.83106
    -12.845        2    -6.65265
    -12.695        2    -7.52765
    -12.545        2    -8.44636
    -12.395        2    -9.38818
    -12.245        2   -10.32875
    -12.095        2   -11.27490
    -11.945        2   -12.21184
    -11.795        2   -13.15317
    -11.645        2   -14.05816
    -11.495        2   -14.95729
    -11.345        2   -15.85008
    -11.195        2   -16.71735
    -11.045        2   -17.59812
    -10.895        2   -18.47476
    -10.745        2   -19.33410
    -10.595        2   -20.21019
    -10.445        2   -21.11199
    -10.295        2   -22.02511
    -10.145        2   -22.98373
    -9.9950        2   -23.94576
    -9.8450        2   -24.92355
    -9.6950        2   -25.92782
    -9.5450        2   -26.93830
    -9.3950        2   -27.95307
    -9.2450        2   -28.97236
    -9.0950        2   -29.99333
    -8.9450        2   -31.05113
    -8.7950        2   -32.11068
    -8.6450        2   -33.18563
    -8.4950        2   -34.26849
    -8.3450        2   -35.38296
    -8.1950        2   -36.53231
    -8.0450        2   -37.69215
    -7.8950        2   -38.91245
    -7.7450        2   -40.15960
    -7.5950        2   -41.45146
    -7.4450        2   -42.77843
    -7.2950        2   -44.14557
    -7.1450        2   -45.53946
    -6.9950        2   -46.95759
    -6.8450        2   -48.39979
    -6.6950        2   -49.88075
    -6.5450        2   -51.40666
    -6.3950        2   -52.94271
    -6.2450        2   -54.49164
    -6.0950        2   -56.08705
    -5.9450        2   -57.67056
    -5.7950        2   -59.27444
    -5.6450        2   -60.89188
    -5.4950        2   -62.50985
    -5.3450        2   -64.13832
    -5.1950        2   -65.76399
    -5.0450        2   -67.39966
    -4.8950        2   -69.02665
    -4.7450        2   -70.65217
    -4.5950        2   -72.28947
    -4.4450        2   -73.93426
    -4.2950        2   -75.59611
    -4.1450        2   -77.27640
    -3.9950        2   -79.00246
    -3.8450        2   -80.77822
    -3.6950        2   -82.58993
    -3.5450        2   -84.45653
    -3.3950        2   -86.40143
    -3.2450        2   -88.42665
    -3.0950        2   -90.55317
    -2.9450        2   -92.79710
    -2.7950        2   -95.16852
    -2.6450        2   -97.72348
    -2.4950        2  -100.48133
    -2.3450        2  -103.52663
    -2.1950        2  -106.93505
    -2.0450        2  -110.78630
    -1.8950        2  -115.22012
    -1.7450        2  -120.40830
    -1.5950        2  -126.46984
    -1.4450        2  -133.50635
    -1.2950        2  -141.46791
    -1.1450        2  -150.24010
   -0.99500        2  -159.68846
   -0.84500        2  -169.68113
   -0.69500        2  -180.15038
   -0.54500        2  -191.29501
   -0.39500        2  -203.80696
   -0.25300        2  -213.29000
   -0.21500        2  -213.93829
   -0.20900        2  -214.59753
   -0.20300        2  -215.26496
   -0.19700        2  -215.94422
   -0.19100        2  -216.63589
   -0.18500        2  -217.33984
   -0.17900        2  -218.05532
   -0.17300        2  -218.78607
   -0.16700        2  -219.53180
   -0.16100        2  -220.29163
   -0.15500        2  -221.06869
   -0.14900        2  -221.86259
   -0.14300        2  -222.67468
   -0.13700        2  -223.50582
   -0.13100        2  -224.35991
   -0.12500        2  -225.23765
   -0.11900        2  -226.14168
   -0.11300        2  -227.07161
   -0.10700        2  -228.03421
   -0.10100        2  -229.03153
   -0.95000E-01    2  -230.06778
   -0.89000E-01    2  -231.14527
   -0.83000E-01    2  -232.27213
   -0.77000E-01    2  -233.45582
   -0.71000E-01    2  -234.70499
   -0.65000E-01    2  -236.03125
   -0.59000E-01    2  -237.45438
   -0.53000E-01    2  -238.99653
   -0.47000E-01    2  -240.69572
   -0.41000E-01    2  -242.60523
   -0.35000E-01    2  -244.82099
   -0.29000E-01    2  -247.51448
   -0.23000E-01    2  -250.92386
   -0.19700E-01    2  -251.31337
   -0.19100E-01    2  -251.71465
   -0.18500E-01    2  -252.12856
   -0.17900E-01    2  -252.55609
   -0.17300E-01    2  -252.99713
   -0.16700E-01    2  -253.45338
   -0.16100E-01    2  -253.92522
   -0.15500E-01    2  -254.41317
   -0.14900E-01    2  -254.91838
   -0.14300E-01    2  -255.44216
   -0.13700E-01    2  -255.98527
   -0.13100E-01    2  -256.54819
   -0.12500E-01    2  -257.13058
   -0.11900E-01    2  -257.73365
   -0.11300E-01    2  -258.35795
   -0.10700E-01    2  -259.00413
   -0.10100E-01    2  -259.67277
   -0.95000E-02    2  -260.36452
   -0.89000E-02    2  -261.08007
   -0.83000E-02    2  -261.81981
   -0.77000E-02    2  -262.58455
   -0.71000E-02    2  -263.37473
   -0.65000E-02    2  -264.19124
   -0.59000E-02    2  -265.03507
   -0.53000E-02    2  -265.90427
   -0.47000E-02    2  -266.79482
   -0.41000E-02    2  -267.69874
   -0.35000E-02    2  -268.59480
   -0.29000E-02    2  -269.45301
   -0.23000E-02    2  -270.24447
   -0.17000E-02    2  -270.91132
   -0.11000E-02    2  -271.38721
   -0.50000E-03    2  -271.61560
    0.10000E-03    2  -271.56920
    0.70000E-03    2  -271.25408
    0.13000E-02    2  -270.70711
    0.19000E-02    2  -269.99171
    0.25000E-02    2  -269.17376
    0.31000E-02    2  -268.31469
    0.37000E-02    2  -267.44488
    0.43000E-02    2  -266.57562
    0.49000E-02    2  -265.71600
    0.55000E-02    2  -264.87169
    0.61000E-02    2  -264.04843
    0.67000E-02    2  -263.24870
    0.73000E-02    2  -262.47253
    0.79000E-02    2  -261.71940
    0.85000E-02    2  -260.98996
    0.91000E-02    2  -260.28450
    0.97000E-02    2  -259.60202
    0.10300E-01    2  -258.94287
    0.10900E-01    2  -258.30581
    0.11500E-01    2  -257.69032
    0.12100E-01    2  -257.09623
    0.12700E-01    2  -256.52260
    0.13300E-01    2  -255.96879
    0.13900E-01    2  -255.43491
    0.14500E-01    2  -254.92026
    0.15100E-01    2  -254.42343
    0.15700E-01    2  -253.94386
    0.16300E-01    2  -253.48047
    0.16900E-01    2  -253.03230
    0.17500E-01    2  -252.59917
    0.18100E-01    2  -252.18003
    0.18700E-01    2  -251.77424
    0.19300E-01    2  -251.38060
    0.20200E-01    2  -249.95526
    0.25000E-01    2  -246.87261
    0.31000E-01    2  -244.42361
    0.37000E-01    2  -242.40286
    0.43000E-01    2  -240.66012
    0.49000E-01    2  -239.11862
    0.55000E-01    2  -237.72833
    0.61000E-01    2  -236.46096
    0.67000E-01    2  -235.29551
    0.73000E-01    2  -234.21647
    0.79000E-01    2  -233.21292
    0.85000E-01    2  -232.27452
    0.91000E-01    2  -231.39323
    0.97000E-01    2  -230.56216
    0.10300        2  -229.77712
    0.10900        2  -229.03454
    0.11500        2  -228.32970
    0.12100        2  -227.65935
    0.12700        2  -227.01952
    0.13300        2  -226.40649
    0.13900        2  -225.81968
    0.14500        2  -225.25541
    0.15100        2  -224.71371
    0.15700        2  -224.19253
    0.16300        2  -223.68843
    0.16900        2  -223.20170
    0.17500        2  -222.73208
    0.18100        2  -222.27705
    0.18700        2  -221.83636
    0.19300        2  -221.40979
    0.19900        2  -220.99500
    0.20500        2  -220.59206
    0.21100        2  -220.20094
    0.21700        2  -219.81996
    0.29500        2  -212.42939
    0.44500        2  -207.90170
    0.59500        2  -204.62957
    0.74500        2  -202.00646
    0.89500        2  -199.74962
     1.0450        2  -197.74843
     1.1950        2  -195.93015
     1.3450        2  -194.27132
     1.4950        2  -192.76117
     1.6450        2  -191.37053
     1.7950        2  -190.08689
     1.9450        2  -188.89720
     2.0950        2  -187.80811
     2.2450        2  -186.80854
     2.3950        2  -185.88332
     2.5450        2  -185.03706
     2.6950        2  -184.25564
     2.8450        2  -183.54121
     2.9950        2  -182.86867
     3.1450        2  -182.25220
     3.2950        2  -181.68414
     3.4450        2  -181.14511
     3.5950        2  -180.63972
     3.7450        2  -180.16206
     3.8950        2  -179.70577
     4.0450        2  -179.26403
     4.1950        2  -178.84523
     4.3450        2  -178.44247
     4.4950        2  -178.05807
     4.6450        2  -177.69068
     4.7950        2  -177.33499
     4.9450        2  -176.98899
     5.0950        2  -176.65475
     5.2450        2  -176.33334
     5.3950        2  -176.01888
     5.5450        2  -175.71971
     5.6950        2  -175.42792
     5.8450        2  -175.13886
     5.9950        2  -174.86440
     6.1450        2  -174.58620
     6.2950        2  -174.31641
     6.4450        2  -174.05777
     6.5950        2  -173.80835
     6.7450        2  -173.55925
     6.8950        2  -173.31494
     7.0450        2  -173.08019
     7.1950        2  -172.84930
     7.3450        2  -172.62009
     7.4950        2  -172.39306
     7.6450        2  -172.17731
     7.7950        2  -171.96675
     7.9450        2  -171.75013
     8.0950        2  -171.54273
     8.2450        2  -171.33759
     8.3950        2  -171.13861
     8.5450        2  -170.93976
     8.6950        2  -170.74731
     8.8450        2  -170.55665
     8.9950        2  -170.36803
     9.1450        2  -170.18996
     9.2950        2  -170.00674
     9.4450        2  -169.83315
     9.5950        2  -169.65917
     9.7450        2  -169.48729
     9.8950        2  -169.31915
     10.045        2  -169.15102
     10.195        2  -168.98694
     10.345        2  -168.82472
     10.495        2  -168.66662
     10.645        2  -168.50814
     10.795        2  -168.35241
     10.945        2  -168.20495
     11.095        2  -168.05472
     11.245        2  -167.90819
     11.395        2  -167.76151
     11.545        2  -167.61595
     11.695        2  -167.47596
     11.845        2  -167.33143
     11.995        2  -167.19345
     12.145        2  -167.05512
     12.295        2  -166.92083
     12.445        2  -166.78657
     12.595        2  -166.65420
     12.745        2  -166.52484
     12.895        2  -166.39605
     13.045        2  -166.26817
     13.195        2  -166.14053
     13.345        2  -166.01784
     13.495        2  -165.89619
     13.645        2  -165.77348
     13.795        2  -165.65473
     13.945        2  -165.53462
     14.095        2  -165.41706
     14.245        2  -165.29892
     14.395        2  -165.18114
     14.545        2  -165.06540
     14.695        2  -164.95201
     14.845        2  -164.84151
     14.995        2  -164.72872
     15.145        2  -164.61940
     15.295        2  -164.50729
     15.445        2  -164.39739
     15.595        2  -164.28975
     15.745        2  -164.18333
     15.895        2  -164.07802
     16.045        2  -163.97222
     16.195        2  -163.86895
     16.345        2  -163.76588
     16.495        2  -163.66270
     16.645        2  -163.56324
     16.795        2  -163.46216
     16.945        2  -163.36369
     17.095        2  -163.26766
     17.245        2  -163.17175
     17.395        2  -163.07768
     17.545        2  -162.98205
     17.695        2  -162.88939
     17.845        2  -162.79711
     17.995        2  -162.70211
     18.145        2  -162.60969
     18.295        2  -162.51851
     18.445        2  -162.42729
     18.595        2  -162.33766
     18.745        2  -162.24779
     18.895        2  -162.15884
     19.045        2  -162.07297
     19.195        2  -161.98596
     19.345        2  -161.89891
     19.495        2  -161.81274
     19.645        2  -161.72543
     19.795        2  -161.64066
     19.945        2  -161.55759
     20.095        2  -161.47338
     21.836        2  -158.93143
     30.068        2  -155.18211
     42.097        2  -151.46051
     58.937        2  -147.78361
     82.515        2  -144.15658
     115.53        2  -140.60381
     161.74        2  -137.11694
     226.45        2  -133.70143
     317.04        2  -130.35212
     443.87        2  -127.09886
     621.44        2  -123.92539
     870.05        2  -120.82447
     1218.1        2  -117.81059
     1705.4        2  -114.88812
     2387.7        2  -112.04647
     3342.9        2  -109.27101
     4680.2        2  -106.57727
     6552.5        2  -103.95024
     9173.8        2  -101.39095
     12844.        2   -98.91837
     17982.        2   -96.51715
     25176.        2   -94.18939
     35247.        2   -91.95120
     49348.        2   -89.79575
     69090.        2   -87.74015
     96729.        2   -85.76507
    0.13543E+06    2   -83.87802
    0.18960E+06    2   -82.07743
    0.26545E+06    2   -80.35921
    0.37165E+06    2   -78.72428
    0.52033E+06    2   -77.16871
    0.72849E+06    2   -75.68405
    0.10199E+07    2   -74.27132
    0.14279E+07    2   -72.92682
    0.19992E+07    2   -71.64599
    0.27990E+07    2   -70.43021
    0.39187E+07    2   -69.27450
    0.54864E+07    2   -68.17432
    0.76812E+07    2   -67.12672
    0.10754E+08    2   -66.13202
    0.15056E+08    2   -65.18534
    0.21080E+08    2   -64.28745
    0.29513E+08    2   -63.43788
    0.41319E+08    2   -62.63439
    0.57849E+08    2   -61.88029
    0.80991E+08    2   -61.18498
    0.11339E+09    2   -60.53847
    0.15875E+09    2   -59.93689
    0.22226E+09    2   -59.37582
    0.31118E+09    2   -58.84850
    0.43567E+09    2   -58.35764
    0.60996E+09    2   -57.90961
    0.85398E+09    2   -57.50469
    0.11956E+10    2   -57.13546
    0.16739E+10    2   -56.79467
    0.23436E+10    2   -56.48113
    0.32811E+10    2   -56.19298
    0.45937E+10    2   -55.92893
    0.64315E+10    2   -55.68686
    0.90044E+10    2   -55.46279
    0.12607E+11    2   -55.25621
    0.17650E+11    2   -55.06628
    0.24711E+11    2   -54.89353
    0.34596E+11    2   -54.73439
    0.48437E+11    2   -54.58779
    0.67814E+11    2   -54.45241
    0.10000E+12    2   -52.91270
