    -29.945         0.00000
    -29.795         0.00000
    -29.645         0.00000
    -29.495         0.00000
    -29.345         0.00000
    -29.195         0.00000
    -29.045         0.00000
    -28.895         0.00000
    -28.745         0.00000
    -28.595         0.00000
    -28.445         0.00000
    -28.295         0.00000
    -28.145         0.00000
    -27.995         0.00000
    -27.845         0.00000
    -27.695         0.00000
    -27.545         0.00000
    -27.395         0.00000
    -27.245         0.00000
    -27.095         0.00000
    -26.945         0.00000
    -26.795         0.00000
    -26.645         0.00000
    -26.495         0.00000
    -26.345         0.00000
    -26.195         0.00000
    -26.045         0.00000
    -25.895         0.00000
    -25.745         0.00000
    -25.595         0.00000
    -25.445         0.00000
    -25.295         0.00000
    -25.145         0.00000
    -24.995         0.00000
    -24.845         0.00000
    -24.695         0.00000
    -24.545         0.00000
    -24.395         0.00000
    -24.245         0.00000
    -24.095         0.00000
    -23.945         0.00000
    -23.795         0.00000
    -23.645         0.00000
    -23.495         0.00000
    -23.345         0.00000
    -23.195         0.00000
    -23.045         0.00000
    -22.895         0.00000
    -22.745         0.00000
    -22.595         0.00000
    -22.445         0.00000
    -22.295         0.00000
    -22.145         0.00000
    -21.995         0.00000
    -21.845         0.00000
    -21.695         0.00000
    -21.545         0.00000
    -21.395         0.00000
    -21.245         0.00000
    -21.095         0.00000
    -20.945         0.00000
    -20.795         0.00000
    -20.645         0.00000
    -20.495         0.00000
    -20.345         0.00000
    -20.195         0.00000
    -20.045         0.00000
    -19.895         0.00000
    -19.745         0.00000
    -19.595         0.00000
    -19.445         0.00000
    -19.295         0.00000
    -19.145         0.00000
    -18.995         0.00000
    -18.845         0.00000
    -18.695         0.00000
    -18.545         0.00000
    -18.395         0.00000
    -18.245         0.00000
    -18.095         0.00000
    -17.945         0.00000
    -17.795         0.00000
    -17.645         0.00000
    -17.495         0.00000
    -17.345         0.00000
    -17.195         0.00000
    -17.045        -0.00209
    -16.895        -0.01854
    -16.745        -0.07847
    -16.595        -0.19634
    -16.445        -0.36852
    -16.295        -0.60130
    -16.145        -0.86189
    -15.995        -1.15080
    -15.845        -1.45639
    -15.695        -1.78213
    -15.545        -2.11837
    -15.395        -2.47175
    -15.245        -2.83439
    -15.095        -3.20796
    -14.945        -3.58969
    -14.795        -3.97890
    -14.645        -4.36879
    -14.495        -4.75583
    -14.345        -5.15021
    -14.195        -5.57728
    -14.045        -6.03500
    -13.895        -6.54918
    -13.745        -7.14822
    -13.595        -7.84988
    -13.445        -8.67112
    -13.295        -9.63355
    -13.145       -10.75095
    -12.995       -11.96896
    -12.845       -13.29952
    -12.695       -14.67792
    -12.545       -16.10417
    -12.395       -17.58754
    -12.245       -19.07615
    -12.095       -20.54557
    -11.945       -21.98270
    -11.795       -23.37904
    -11.645       -24.74795
    -11.495       -26.09080
    -11.345       -27.36489
    -11.195       -28.61316
    -11.045       -29.82984
    -10.895       -31.01921
    -10.745       -32.18071
    -10.595       -33.34849
    -10.445       -34.50699
    -10.295       -35.66014
    -10.145       -36.82760
    -9.9950       -38.00507
    -9.8450       -39.22503
    -9.6950       -40.46650
    -9.5450       -41.72993
    -9.3950       -43.03739
    -9.2450       -44.41187
    -9.0950       -45.86348
    -8.9450       -47.39556
    -8.7950       -48.98405
    -8.6450       -50.62972
    -8.4950       -52.33549
    -8.3450       -54.10616
    -8.1950       -55.94314
    -8.0450       -57.82697
    -7.8950       -59.74788
    -7.7450       -61.72681
    -7.5950       -63.75501
    -7.4450       -65.79814
    -7.2950       -67.90838
    -7.1450       -70.08330
    -6.9950       -72.29851
    -6.8450       -74.55165
    -6.6950       -76.85963
    -6.5450       -79.19173
    -6.3950       -81.57305
    -6.2450       -83.97670
    -6.0950       -86.41312
    -5.9450       -88.87999
    -5.7950       -91.37181
    -5.6450       -93.88891
    -5.4950       -96.42624
    -5.3450       -98.98112
    -5.1950      -101.55563
    -5.0450      -104.15901
    -4.8950      -106.78815
    -4.7450      -109.46702
    -4.5950      -112.20058
    -4.4450      -114.96179
    -4.2950      -117.78543
    -4.1450      -120.69344
    -3.9950      -123.68176
    -3.8450      -126.77269
    -3.6950      -129.97157
    -3.5450      -133.28146
    -3.3950      -136.69563
    -3.2450      -140.23172
    -3.0950      -143.88211
    -2.9450      -147.66956
    -2.7950      -151.63594
    -2.6450      -155.81208
    -2.4950      -160.25107
    -2.3450      -165.07457
    -2.1950      -170.33269
    -2.0450      -176.15675
    -1.8950      -182.73541
    -1.7450      -190.19201
    -1.5950      -198.65128
    -1.4450      -208.10914
    -1.2950      -218.52596
    -1.1450      -229.78255
   -0.99500      -241.77934
   -0.84500      -254.37860
   -0.69500      -267.55588
   -0.54500      -281.57382
   -0.39500      -297.52164
   -0.25300      -309.84535
   -0.21500      -310.69601
   -0.20900      -311.56103
   -0.20300      -312.43876
   -0.19700      -313.33319
   -0.19100      -314.24468
   -0.18500      -315.17293
   -0.17900      -316.12104
   -0.17300      -317.08968
   -0.16700      -318.07982
   -0.16100      -319.09127
   -0.15500      -320.12727
   -0.14900      -321.18929
   -0.14300      -322.27821
   -0.13700      -323.39467
   -0.13100      -324.54302
   -0.12500      -325.72368
   -0.11900      -326.94410
   -0.11300      -328.20239
   -0.10700      -329.50333
   -0.10100      -330.85407
   -0.95000E-01  -332.25949
   -0.89000E-01  -333.72728
   -0.83000E-01  -335.26474
   -0.77000E-01  -336.88867
   -0.71000E-01  -338.61356
   -0.65000E-01  -340.45734
   -0.59000E-01  -342.45137
   -0.53000E-01  -344.63725
   -0.47000E-01  -347.07718
   -0.41000E-01  -349.87872
   -0.35000E-01  -353.15334
   -0.29000E-01  -357.06187
   -0.23000E-01  -361.87445
   -0.19700E-01  -362.41535
   -0.19100E-01  -362.97175
   -0.18500E-01  -363.54389
   -0.17900E-01  -364.13232
   -0.17300E-01  -364.73797
   -0.16700E-01  -365.36175
   -0.16100E-01  -366.00536
   -0.15500E-01  -366.66933
   -0.14900E-01  -367.35431
   -0.14300E-01  -368.06124
   -0.13700E-01  -368.79074
   -0.13100E-01  -369.54301
   -0.12500E-01  -370.31838
   -0.11900E-01  -371.11651
   -0.11300E-01  -371.93756
   -0.10700E-01  -372.78092
   -0.10100E-01  -373.64681
   -0.95000E-02  -374.53382
   -0.89000E-02  -375.44205
   -0.83000E-02  -376.37063
   -0.77000E-02  -377.31935
   -0.71000E-02  -378.28896
   -0.65000E-02  -379.27458
   -0.59000E-02  -380.26514
   -0.53000E-02  -381.24672
   -0.47000E-02  -382.19986
   -0.41000E-02  -383.09459
   -0.35000E-02  -383.90319
   -0.29000E-02  -384.60459
   -0.23000E-02  -385.18172
   -0.17000E-02  -385.62093
   -0.11000E-02  -385.91109
   -0.50000E-03  -386.04452
    0.10000E-03  -386.01775
    0.70000E-03  -385.83144
    0.13000E-02  -385.49046
    0.19000E-02  -385.00399
    0.25000E-02  -384.38395
    0.31000E-02  -383.64524
    0.37000E-02  -382.80585
    0.43000E-02  -381.88919
    0.49000E-02  -380.92450
    0.55000E-02  -379.93946
    0.61000E-02  -378.95059
    0.67000E-02  -377.97117
    0.73000E-02  -377.01073
    0.79000E-02  -376.07186
    0.85000E-02  -375.15282
    0.91000E-02  -374.25446
    0.97000E-02  -373.37722
    0.10300E-01  -372.52156
    0.10900E-01  -371.68802
    0.11500E-01  -370.87722
    0.12100E-01  -370.08928
    0.12700E-01  -369.32501
    0.13300E-01  -368.58341
    0.13900E-01  -367.86417
    0.14500E-01  -367.16781
    0.15100E-01  -366.49294
    0.15700E-01  -365.83885
    0.16300E-01  -365.20461
    0.16900E-01  -364.58979
    0.17500E-01  -363.99316
    0.18100E-01  -363.41408
    0.18700E-01  -362.85139
    0.19300E-01  -362.30404
    0.20200E-01  -360.30734
    0.25000E-01  -355.88894
    0.31000E-01  -352.27571
    0.37000E-01  -349.24735
    0.43000E-01  -346.66665
    0.49000E-01  -344.42414
    0.55000E-01  -342.42675
    0.61000E-01  -340.62079
    0.67000E-01  -338.97058
    0.73000E-01  -337.44654
    0.79000E-01  -336.02962
    0.85000E-01  -334.70630
    0.91000E-01  -333.46188
    0.97000E-01  -332.28887
    0.10300      -331.17939
    0.10900      -330.12885
    0.11500      -329.13053
    0.12100      -328.18146
    0.12700      -327.27656
    0.13300      -326.41572
    0.13900      -325.59168
    0.14500      -324.80512
    0.15100      -324.05029
    0.15700      -323.32553
    0.16300      -322.62998
    0.16900      -321.95986
    0.17500      -321.31274
    0.18100      -320.68841
    0.18700      -320.08624
    0.19300      -319.50304
    0.19900      -318.93925
    0.20500      -318.39301
    0.21100      -317.86434
    0.21700      -317.34984
    0.29500      -307.52907
    0.44500      -301.54323
    0.59500      -297.11493
    0.74500      -293.50173
    0.89500      -290.38318
     1.0450      -287.60982
     1.1950      -285.09359
     1.3450      -282.79252
     1.4950      -280.65668
     1.6450      -278.69144
     1.7950      -276.87839
     1.9450      -275.20582
     2.0950      -273.66267
     2.2450      -272.23240
     2.3950      -270.93099
     2.5450      -269.73371
     2.6950      -268.63576
     2.8450      -267.61703
     2.9950      -266.69616
     3.1450      -265.82462
     3.2950      -265.00312
     3.4450      -264.24809
     3.5950      -263.53779
     3.7450      -262.87096
     3.8950      -262.24853
     4.0450      -261.66165
     4.1950      -261.09669
     4.3450      -260.55884
     4.4950      -260.04626
     4.6450      -259.54306
     4.7950      -259.06978
     4.9450      -258.61423
     5.0950      -258.17713
     5.2450      -257.75126
     5.3950      -257.33446
     5.5450      -256.93630
     5.6950      -256.54267
     5.8450      -256.16691
     5.9950      -255.78960
     6.1450      -255.42339
     6.2950      -255.07118
     6.4450      -254.73244
     6.5950      -254.38936
     6.7450      -254.05806
     6.8950      -253.73184
     7.0450      -253.41937
     7.1950      -253.11069
     7.3450      -252.80896
     7.4950      -252.51488
     7.6450      -252.22211
     7.7950      -251.93335
     7.9450      -251.65413
     8.0950      -251.37532
     8.2450      -251.10748
     8.3950      -250.83950
     8.5450      -250.57981
     8.6950      -250.32509
     8.8450      -250.07213
     8.9950      -249.82263
     9.1450      -249.57938
     9.2950      -249.34007
     9.4450      -249.10299
     9.5950      -248.87323
     9.7450      -248.64522
     9.8950      -248.41933
     10.045      -248.19564
     10.195      -247.97421
     10.345      -247.75959
     10.495      -247.54244
     10.645      -247.33118
     10.795      -247.12446
     10.945      -246.91572
     11.095      -246.71460
     11.245      -246.51475
     11.395      -246.31447
     11.545      -246.11564
     11.695      -245.92717
     11.845      -245.73873
     11.995      -245.55168
     12.145      -245.36573
     12.295      -245.18331
     12.445      -245.00456
     12.595      -244.82248
     12.745      -244.64342
     12.895      -244.46780
     13.045      -244.29358
     13.195      -244.11897
     13.345      -243.95175
     13.495      -243.78445
     13.645      -243.62013
     13.795      -243.46008
     13.945      -243.29298
     14.095      -243.13230
     14.245      -242.97380
     14.395      -242.81964
     14.545      -242.66475
     14.695      -242.51198
     14.845      -242.35673
     14.995      -242.20843
     15.145      -242.06236
     15.295      -241.91586
     15.445      -241.76842
     15.595      -241.61860
     15.745      -241.47678
     15.895      -241.33559
     16.045      -241.19444
     16.195      -241.05331
     16.345      -240.91587
     16.495      -240.77713
     16.645      -240.64353
     16.795      -240.51076
     16.945      -240.37842
     17.095      -240.24909
     17.245      -240.11514
     17.395      -239.98570
     17.545      -239.85679
     17.695      -239.73187
     17.845      -239.60433
     17.995      -239.48012
     18.145      -239.35704
     18.295      -239.23251
     18.445      -239.11120
     18.595      -238.99111
     18.745      -238.86824
     18.895      -238.74732
     19.045      -238.62795
     19.195      -238.51164
     19.345      -238.39499
     19.495      -238.28038
     19.645      -238.16456
     19.795      -238.04799
     19.945      -237.93447
     20.095      -237.82231
     20.245      -237.70931
     20.395      -237.59785
     20.545      -237.48734
     20.695      -237.37794
     20.845      -237.27087
     20.995      -237.16588
     21.145      -237.06010
     21.295      -236.95366
     21.445      -236.84754
     21.595      -236.74218
     21.745      -236.63980
     21.895      -236.53577
     22.045      -236.43116
     22.195      -236.33051
     22.345      -236.22882
     22.495      -236.12962
     22.645      -236.03027
     22.795      -235.92992
     22.945      -235.82921
     23.095      -235.73006
     23.245      -235.63424
     23.395      -235.53708
     23.545      -235.44031
     23.695      -235.34818
     23.845      -235.25216
     23.995      -235.15806
     24.145      -235.06400
     24.295      -234.96809
     24.445      -234.87562
     24.595      -234.78332
     24.745      -234.69103
     24.895      -234.59975
     25.045      -234.50967
     25.195      -234.41898
     25.345      -234.33046
     25.495      -234.23920
     25.645      -234.15133
     25.795      -234.06453
     25.945      -233.97837
     26.095      -233.89071
     26.245      -233.80229
     26.395      -233.71620
     26.545      -233.63164
     26.695      -233.54599
     26.845      -233.46151
     26.995      -233.37792
     27.145      -233.29175
     27.295      -233.20764
     27.445      -233.12428
     27.595      -233.04107
     27.745      -232.95913
     27.895      -232.87667
     28.045      -232.79392
     28.195      -232.71390
     28.345      -232.63251
     28.495      -232.55410
     28.645      -232.47580
     28.795      -232.39721
     28.945      -232.31751
     29.095      -232.23832
     29.245      -232.16189
     29.395      -232.08437
     29.545      -232.00734
     29.695      -231.93065
     29.845      -231.85506
     29.995      -231.77871
     30.145      -231.70284
     30.295      -231.62541
     30.445      -231.55062
     30.595      -231.47733
     30.745      -231.40482
     30.895      -231.33067
     31.045      -231.25712
     31.195      -231.18419
     31.345      -231.11283
     31.495      -231.04026
     31.645      -230.97127
     31.795      -230.90055
     31.945      -230.83050
     32.095      -230.75987
     32.245      -230.69230
     32.395      -230.62331
     32.545      -230.55193
     32.695      -230.48380
     32.845      -230.41561
     32.995      -230.34783
     33.145      -230.27887
     33.295      -230.21276
     33.445      -230.14624
     33.595      -230.08001
     33.745      -230.01290
     33.895      -229.94551
     34.045      -229.87861
     34.195      -229.81117
     34.345      -229.74633
     34.495      -229.68015
     34.645      -229.61567
     34.795      -229.55086
     34.945      -229.48678
     35.095      -229.42155
     35.245      -229.35765
     35.395      -229.29286
     35.545      -229.22728
     35.695      -229.16309
     35.845      -229.09918
     35.995      -229.03478
     36.145      -228.97100
     36.295      -228.91057
     36.445      -228.84873
     36.595      -228.78719
     36.745      -228.72631
     36.895      -228.66685
     37.045      -228.60641
     37.195      -228.54525
     37.345      -228.48554
     37.495      -228.42479
     37.645      -228.36430
     37.795      -228.30510
     37.945      -228.24488
     38.095      -228.18529
     38.245      -228.12538
     38.395      -228.06741
     38.545      -228.00966
     38.695      -227.95159
     38.845      -227.89237
     38.995      -227.83591
     39.145      -227.77918
     39.295      -227.72256
     39.445      -227.66608
     39.595      -227.60913
     39.745      -227.55231
     39.895      -227.49711
     40.045      -227.44178
     40.195      -227.38586
     40.345      -227.33076
     40.495      -227.27424
     40.645      -227.21877
     40.795      -227.16190
     40.945      -227.10686
     41.095      -227.05210
     41.245      -226.99698
     41.395      -226.94385
     41.545      -226.89013
     41.695      -226.83726
     41.845      -226.78076
     41.995      -226.72690
     42.145      -226.67332
     42.295      -226.62098
     42.445      -226.56865
     42.595      -226.51707
     42.745      -226.46569
     42.895      -226.41270
     43.045      -226.36150
     43.195      -226.30886
     43.345      -226.25796
     43.495      -226.20546
     43.645      -226.15398
     43.795      -226.10277
     43.945      -226.05183
     44.095      -226.00137
     44.245      -225.95164
     44.395      -225.90170
     44.545      -225.85178
     44.695      -225.80266
     44.845      -225.75267
     44.995      -225.70288
     45.145      -225.65157
     45.295      -225.60062
     45.445      -225.55198
     45.595      -225.50240
     45.745      -225.45323
     45.895      -225.40419
     46.045      -225.35528
     46.195      -225.30533
     46.345      -225.25654
     46.495      -225.20747
     46.645      -225.16006
     46.795      -225.11153
     46.945      -225.06257
     47.095      -225.01714
     47.245      -224.96990
     47.395      -224.92110
     47.545      -224.87323
     47.695      -224.82615
     47.845      -224.77895
     47.995      -224.73086
     48.145      -224.68285
     48.295      -224.63774
     48.445      -224.59161
     48.595      -224.54640
     48.745      -224.50010
     48.895      -224.45363
     49.045      -224.40822
     49.195      -224.36099
     49.345      -224.31621
     49.495      -224.26894
     49.645      -224.22463
     49.795      -224.18116
     49.945      -224.13677
     50.095      -224.09042
     50.245      -224.04490
     50.395      -224.00034
     50.545      -223.95667
     50.695      -223.91021
     50.845      -223.86592
     50.995      -223.82181
     51.145      -223.77832
     51.295      -223.73546
     51.445      -223.69257
     51.595      -223.64890
     51.745      -223.60700
     51.895      -223.56358
     52.045      -223.52132
     52.195      -223.47864
     52.345      -223.43481
     52.495      -223.39324
     52.645      -223.35198
     52.795      -223.30974
     52.945      -223.26893
     53.095      -223.22736
     53.245      -223.18444
     53.395      -223.14296
     53.545      -223.10111
     53.695      -223.05823
     53.845      -223.01660
     53.995      -222.97659
     54.145      -222.93483
     54.295      -222.89305
     54.445      -222.85318
     54.595      -222.81264
     54.745      -222.77191
     54.895      -222.73056
     55.045      -222.69055
     55.195      -222.64874
     55.345      -222.60779
     55.495      -222.56564
     55.645      -222.52449
     55.795      -222.48535
     55.945      -222.44515
     56.095      -222.40552
     56.245      -222.36523
     56.395      -222.32515
     56.545      -222.28608
     56.695      -222.24786
     56.845      -222.20954
     56.995      -222.17139
     57.145      -222.13421
     57.295      -222.09441
     57.445      -222.05613
     57.595      -222.01873
     57.745      -221.97925
     57.895      -221.94173
     58.045      -221.90289
     58.195      -221.86471
     58.345      -221.82698
     58.495      -221.78959
     58.645      -221.75167
     58.795      -221.71360
     58.945      -221.67514
     59.095      -221.63669
     59.245      -221.59745
     59.395      -221.56010
     59.545      -221.52238
     59.695      -221.48370
     59.845      -221.44367
     59.995      -221.40585
     60.145      -221.36802
     70.939      -216.62676
     97.698      -211.91755
     134.55      -207.25796
     185.30      -202.69090
     255.20      -198.19814
     351.46      -193.78368
     484.04      -189.45888
     666.62      -185.24553
     918.07      -181.09958
     1264.4      -177.04501
     1741.3      -173.09220
     2398.1      -169.23760
     3302.7      -165.47371
     4548.5      -161.80675
     6264.3      -158.23071
     8627.2      -154.74713
     11881.      -151.35486
     16363.      -148.06979
     22535.      -144.88086
     31036.      -141.79771
     42743.      -138.82360
     58866.      -135.95725
     81070.      -133.21037
    0.11165E+06  -130.57552
    0.15377E+06  -128.05327
    0.21177E+06  -125.64668
    0.29165E+06  -123.34556
    0.40166E+06  -121.14447
    0.55317E+06  -119.04788
    0.76182E+06  -117.04905
    0.10492E+07  -115.13898
    0.14449E+07  -113.32233
    0.19900E+07  -111.58858
    0.27406E+07  -109.93617
    0.37744E+07  -108.35507
    0.51981E+07  -106.85634
    0.71589E+07  -105.42346
    0.98593E+07  -104.05785
    0.13578E+08  -102.75473
    0.18700E+08  -101.51752
    0.25754E+08  -100.33350
    0.35468E+08   -99.21432
    0.48847E+08   -98.16490
    0.67273E+08   -97.18204
    0.92648E+08   -96.26583
    0.12760E+09   -95.41613
    0.17573E+09   -94.61591
    0.24201E+09   -93.87000
    0.33330E+09   -93.16822
    0.45902E+09   -92.51040
    0.63217E+09   -91.90641
    0.87062E+09   -91.35887
    0.11990E+10   -90.85610
    0.16513E+10   -90.39439
    0.22742E+10   -89.96644
    0.31320E+10   -89.57311
    0.43134E+10   -89.20860
    0.59405E+10   -88.87364
    0.81813E+10   -88.56495
    0.11267E+11   -88.27800
    0.15517E+11   -88.01440
    0.21371E+11   -87.77064
    0.29432E+11   -87.54440
    0.40534E+11   -87.33684
    0.55823E+11   -87.14674
    0.10000E+12   -84.83129
