    -29.945        1     0.00000
    -29.795        1     0.00000
    -29.645        1     0.00000
    -29.495        1     0.00000
    -29.345        1     0.00000
    -29.195        1     0.00000
    -29.045        1     0.00000
    -28.895        1     0.00000
    -28.745        1     0.00000
    -28.595        1     0.00000
    -28.445        1     0.00000
    -28.295        1     0.00000
    -28.145        1     0.00000
    -27.995        1     0.00000
    -27.845        1     0.00000
    -27.695        1     0.00000
    -27.545        1     0.00000
    -27.395        1     0.00000
    -27.245        1     0.00000
    -27.095        1     0.00000
    -26.945        1     0.00000
    -26.795        1     0.00000
    -26.645        1     0.00000
    -26.495        1     0.00000
    -26.345        1     0.00000
    -26.195        1     0.00000
    -26.045        1     0.00000
    -25.895        1     0.00000
    -25.745        1     0.00000
    -25.595        1     0.00000
    -25.445        1     0.00000
    -25.295        1     0.00000
    -25.145        1     0.00000
    -24.995        1     0.00000
    -24.845        1     0.00000
    -24.695        1     0.00000
    -24.545        1     0.00000
    -24.395        1     0.00000
    -24.245        1     0.00000
    -24.095        1     0.00000
    -23.945        1     0.00000
    -23.795        1     0.00000
    -23.645        1     0.00000
    -23.495        1     0.00000
    -23.345        1     0.00000
    -23.195        1     0.00000
    -23.045        1     0.00000
    -22.895        1     0.00000
    -22.745        1     0.00000
    -22.595        1     0.00000
    -22.445        1     0.00000
    -22.295        1     0.00000
    -22.145        1     0.00000
    -21.995        1     0.00000
    -21.845        1     0.00000
    -21.695        1     0.00000
    -21.545        1     0.00000
    -21.395        1     0.00000
    -21.245        1     0.00000
    -21.095        1     0.00000
    -20.945        1     0.00000
    -20.795        1     0.00000
    -20.645        1     0.00000
    -20.495        1     0.00000
    -20.345        1    -0.00057
    -20.195        1    -0.00070
    -20.045        1    -0.00085
    -19.895        1    -0.00141
    -19.745        1    -0.00182
    -19.595        1    -0.00306
    -19.445        1    -0.00433
    -19.295        1    -0.00725
    -19.145        1    -0.01020
    -18.995        1    -0.01600
    -18.845        1    -0.02246
    -18.695        1    -0.03049
    -18.545        1    -0.04362
    -18.395        1    -0.06160
    -18.245        1    -0.08308
    -18.095        1    -0.10867
    -17.945        1    -0.14395
    -17.795        1    -0.18737
    -17.645        1    -0.23826
    -17.495        1    -0.29935
    -17.345        1    -0.36663
    -17.195        1    -0.44581
    -17.045        1    -0.54010
    -16.895        1    -0.64364
    -16.745        1    -0.76002
    -16.595        1    -0.87908
    -16.445        1    -1.01285
    -16.295        1    -1.16073
    -16.145        1    -1.31053
    -15.995        1    -1.47103
    -15.845        1    -1.63345
    -15.695        1    -1.79804
    -15.545        1    -1.97011
    -15.395        1    -2.14874
    -15.245        1    -2.33158
    -15.095        1    -2.52934
    -14.945        1    -2.73085
    -14.795        1    -2.94985
    -14.645        1    -3.18186
    -14.495        1    -3.43241
    -14.345        1    -3.70576
    -14.195        1    -4.00008
    -14.045        1    -4.32738
    -13.895        1    -4.68729
    -13.745        1    -5.08646
    -13.595        1    -5.53015
    -13.445        1    -6.00831
    -13.295        1    -6.53878
    -13.145        1    -7.12651
    -12.995        1    -7.74324
    -12.845        1    -8.39426
    -12.695        1    -9.08024
    -12.545        1    -9.82644
    -12.395        1   -10.56791
    -12.245        1   -11.34056
    -12.095        1   -12.13982
    -11.945        1   -12.94141
    -11.795        1   -13.73755
    -11.645        1   -14.52233
    -11.495        1   -15.31348
    -11.345        1   -16.12165
    -11.195        1   -16.91635
    -11.045        1   -17.70753
    -10.895        1   -18.48430
    -10.745        1   -19.27048
    -10.595        1   -20.03629
    -10.445        1   -20.79640
    -10.295        1   -21.52759
    -10.145        1   -22.25666
    -9.9950        1   -22.98005
    -9.8450        1   -23.66606
    -9.6950        1   -24.35638
    -9.5450        1   -25.02811
    -9.3950        1   -25.67593
    -9.2450        1   -26.29485
    -9.0950        1   -26.91296
    -8.9450        1   -27.51600
    -8.7950        1   -28.10108
    -8.6450        1   -28.68415
    -8.4950        1   -29.25253
    -8.3450        1   -29.83063
    -8.1950        1   -30.41498
    -8.0450        1   -30.98115
    -7.8950        1   -31.56950
    -7.7450        1   -32.14514
    -7.5950        1   -32.73008
    -7.4450        1   -33.32663
    -7.2950        1   -33.93347
    -7.1450        1   -34.54733
    -6.9950        1   -35.15677
    -6.8450        1   -35.76636
    -6.6950        1   -36.39869
    -6.5450        1   -37.02839
    -6.3950        1   -37.65670
    -6.2450        1   -38.28813
    -6.0950        1   -38.92967
    -5.9450        1   -39.58348
    -5.7950        1   -40.23583
    -5.6450        1   -40.88478
    -5.4950        1   -41.54502
    -5.3450        1   -42.21775
    -5.1950        1   -42.89640
    -5.0450        1   -43.58729
    -4.8950        1   -44.30201
    -4.7450        1   -45.03679
    -4.5950        1   -45.78139
    -4.4450        1   -46.55617
    -4.2950        1   -47.36206
    -4.1450        1   -48.20292
    -3.9950        1   -49.08059
    -3.8450        1   -50.00318
    -3.6950        1   -50.99973
    -3.5450        1   -52.05695
    -3.3950        1   -53.19752
    -3.2450        1   -54.43083
    -3.0950        1   -55.77071
    -2.9450        1   -57.22748
    -2.7950        1   -58.80851
    -2.6450        1   -60.50308
    -2.4950        1   -62.30282
    -2.3450        1   -64.19833
    -2.1950        1   -66.16488
    -2.0450        1   -68.18462
    -1.8950        1   -70.23779
    -1.7450        1   -72.30046
    -1.5950        1   -74.35698
    -1.4450        1   -76.42154
    -1.2950        1   -78.48826
    -1.1450        1   -80.56499
   -0.99500        1   -82.67282
   -0.84500        1   -84.85461
   -0.69500        1   -87.17117
   -0.54500        1   -89.73963
   -0.39500        1   -92.77059
   -0.25300        1   -95.10915
   -0.21500        1   -95.26938
   -0.20900        1   -95.43207
   -0.20300        1   -95.59639
   -0.19700        1   -95.76243
   -0.19100        1   -95.93196
   -0.18500        1   -96.10450
   -0.17900        1   -96.27938
   -0.17300        1   -96.45733
   -0.16700        1   -96.63836
   -0.16100        1   -96.82306
   -0.15500        1   -97.01155
   -0.14900        1   -97.20309
   -0.14300        1   -97.39865
   -0.13700        1   -97.59882
   -0.13100        1   -97.80392
   -0.12500        1   -98.01494
   -0.11900        1   -98.23218
   -0.11300        1   -98.45618
   -0.10700        1   -98.68756
   -0.10100        1   -98.92713
   -0.95000E-01    1   -99.17713
   -0.89000E-01    1   -99.43736
   -0.83000E-01    1   -99.70949
   -0.77000E-01    1   -99.99664
   -0.71000E-01    1  -100.30075
   -0.65000E-01    1  -100.62509
   -0.59000E-01    1  -100.97398
   -0.53000E-01    1  -101.35385
   -0.47000E-01    1  -101.77266
   -0.41000E-01    1  -102.24580
   -0.35000E-01    1  -102.79526
   -0.29000E-01    1  -103.45755
   -0.23000E-01    1  -104.28740
   -0.19700E-01    1  -104.38040
   -0.19100E-01    1  -104.47560
   -0.18500E-01    1  -104.57331
   -0.17900E-01    1  -104.67319
   -0.17300E-01    1  -104.77554
   -0.16700E-01    1  -104.88015
   -0.16100E-01    1  -104.98717
   -0.15500E-01    1  -105.09656
   -0.14900E-01    1  -105.20806
   -0.14300E-01    1  -105.32207
   -0.13700E-01    1  -105.43852
   -0.13100E-01    1  -105.55750
   -0.12500E-01    1  -105.67879
   -0.11900E-01    1  -105.80261
   -0.11300E-01    1  -105.92883
   -0.10700E-01    1  -106.05721
   -0.10100E-01    1  -106.18777
   -0.95000E-02    1  -106.32023
   -0.89000E-02    1  -106.45434
   -0.83000E-02    1  -106.58999
   -0.77000E-02    1  -106.72668
   -0.71000E-02    1  -106.86351
   -0.65000E-02    1  -106.99973
   -0.59000E-02    1  -107.13383
   -0.53000E-02    1  -107.26400
   -0.47000E-02    1  -107.38843
   -0.41000E-02    1  -107.50451
   -0.35000E-02    1  -107.60952
   -0.29000E-02    1  -107.70103
   -0.23000E-02    1  -107.77670
   -0.17000E-02    1  -107.83439
   -0.11000E-02    1  -107.87260
   -0.50000E-03    1  -107.89038
    0.10000E-03    1  -107.88720
    0.70000E-03    1  -107.86311
    0.13000E-02    1  -107.81863
    0.19000E-02    1  -107.75494
    0.25000E-02    1  -107.67379
    0.31000E-02    1  -107.57758
    0.37000E-02    1  -107.46870
    0.43000E-02    1  -107.34964
    0.49000E-02    1  -107.22319
    0.55000E-02    1  -107.09179
    0.61000E-02    1  -106.95710
    0.67000E-02    1  -106.82085
    0.73000E-02    1  -106.68430
    0.79000E-02    1  -106.54819
    0.85000E-02    1  -106.41335
    0.91000E-02    1  -106.28016
    0.97000E-02    1  -106.14851
    0.10300E-01    1  -106.01920
    0.10900E-01    1  -105.89196
    0.11500E-01    1  -105.76684
    0.12100E-01    1  -105.64419
    0.12700E-01    1  -105.52381
    0.13300E-01    1  -105.40597
    0.13900E-01    1  -105.29070
    0.14500E-01    1  -105.17781
    0.15100E-01    1  -105.06723
    0.15700E-01    1  -104.95905
    0.16300E-01    1  -104.85332
    0.16900E-01    1  -104.75001
    0.17500E-01    1  -104.64906
    0.18100E-01    1  -104.55054
    0.18700E-01    1  -104.45427
    0.19300E-01    1  -104.36032
    0.20200E-01    1  -104.01605
    0.25000E-01    1  -103.25559
    0.31000E-01    1  -102.64534
    0.37000E-01    1  -102.13624
    0.43000E-01    1  -101.69803
    0.49000E-01    1  -101.31110
    0.55000E-01    1  -100.96365
    0.61000E-01    1  -100.64751
    0.67000E-01    1  -100.35725
    0.73000E-01    1  -100.09041
    0.79000E-01    1   -99.84292
    0.85000E-01    1   -99.61260
    0.91000E-01    1   -99.39786
    0.97000E-01    1   -99.19607
    0.10300        1   -99.00609
    0.10900        1   -98.82744
    0.11500        1   -98.65923
    0.12100        1   -98.50014
    0.12700        1   -98.34901
    0.13300        1   -98.20622
    0.13900        1   -98.07054
    0.14500        1   -97.94145
    0.15100        1   -97.81919
    0.15700        1   -97.70151
    0.16300        1   -97.58924
    0.16900        1   -97.48114
    0.17500        1   -97.37794
    0.18100        1   -97.27952
    0.18700        1   -97.18447
    0.19300        1   -97.09345
    0.19900        1   -97.00621
    0.20500        1   -96.92165
    0.21100        1   -96.84023
    0.21700        1   -96.76246
    0.29500        1   -95.41629
    0.44500        1   -94.74938
    0.59500        1   -94.29057
    0.74500        1   -93.92857
    0.89500        1   -93.62209
     1.0450        1   -93.35091
     1.1950        1   -93.10929
     1.3450        1   -92.89133
     1.4950        1   -92.69223
     1.6450        1   -92.50749
     1.7950        1   -92.33813
     1.9450        1   -92.17990
     2.0950        1   -92.03136
     2.2450        1   -91.89063
     2.3950        1   -91.75948
     2.5450        1   -91.63697
     2.6950        1   -91.52374
     2.8450        1   -91.41722
     2.9950        1   -91.31685
     3.1450        1   -91.22403
     3.2950        1   -91.13461
     3.4450        1   -91.05282
     3.5950        1   -90.97635
     3.7450        1   -90.90409
     3.8950        1   -90.83353
     4.0450        1   -90.76973
     4.1950        1   -90.70623
     4.3450        1   -90.64477
     4.4950        1   -90.58647
     4.6450        1   -90.53063
     4.7950        1   -90.47716
     4.9450        1   -90.42489
     5.0950        1   -90.37563
     5.2450        1   -90.32699
     5.3950        1   -90.27878
     5.5450        1   -90.23132
     5.6950        1   -90.18614
     5.8450        1   -90.14284
     5.9950        1   -90.09966
     6.1450        1   -90.05775
     6.2950        1   -90.01655
     6.4450        1   -89.97682
     6.5950        1   -89.93726
     6.7450        1   -89.89987
     6.8950        1   -89.86129
     7.0450        1   -89.82510
     7.1950        1   -89.78932
     7.3450        1   -89.75347
     7.4950        1   -89.71843
     7.6450        1   -89.68326
     7.7950        1   -89.64947
     7.9450        1   -89.61647
     8.0950        1   -89.58361
     8.2450        1   -89.55186
     8.3950        1   -89.51996
     8.5450        1   -89.48853
     8.6950        1   -89.45667
     8.8450        1   -89.42600
     8.9950        1   -89.39593
     9.1450        1   -89.36632
     9.2950        1   -89.33788
     9.4450        1   -89.30919
     9.5950        1   -89.28073
     9.7450        1   -89.25260
     9.8950        1   -89.22482
     10.045        1   -89.19771
     10.195        1   -89.17140
     10.345        1   -89.14499
     10.495        1   -89.11856
     10.645        1   -89.09302
     10.795        1   -89.06737
     10.945        1   -89.04208
     11.095        1   -89.01678
     11.245        1   -88.99198
     11.395        1   -88.96751
     11.545        1   -88.94355
     11.695        1   -88.91970
     11.845        1   -88.89655
     11.995        1   -88.87321
     12.145        1   -88.84995
     12.295        1   -88.82751
     12.445        1   -88.80513
     12.595        1   -88.78219
     12.745        1   -88.76015
     12.895        1   -88.73845
     13.045        1   -88.71658
     13.195        1   -88.69520
     13.345        1   -88.67471
     13.495        1   -88.65404
     13.645        1   -88.63365
     13.795        1   -88.61305
     13.945        1   -88.59269
     14.095        1   -88.57244
     14.245        1   -88.55246
     14.395        1   -88.53310
     14.545        1   -88.51350
     14.695        1   -88.49334
     14.845        1   -88.47390
     14.995        1   -88.45490
     15.145        1   -88.43651
     15.295        1   -88.41780
     15.445        1   -88.39946
     15.595        1   -88.38067
     15.745        1   -88.36254
     15.895        1   -88.34489
     16.045        1   -88.32661
     16.195        1   -88.30894
     16.345        1   -88.29086
     16.495        1   -88.27336
     16.645        1   -88.25588
     16.795        1   -88.23882
     16.945        1   -88.22182
     17.095        1   -88.20499
     17.245        1   -88.18843
     17.395        1   -88.17173
     17.545        1   -88.15550
     17.695        1   -88.13963
     17.845        1   -88.12351
     17.995        1   -88.10724
     18.145        1   -88.09145
     18.295        1   -88.07525
     18.445        1   -88.05958
     18.595        1   -88.04362
     18.745        1   -88.02803
     18.895        1   -88.01253
     19.045        1   -87.99707
     19.195        1   -87.98220
     19.345        1   -87.96689
     19.495        1   -87.95213
     19.645        1   -87.93739
     19.795        1   -87.92272
     19.945        1   -87.90830
     20.095        1   -87.89412
     20.245        1   -87.87951
     20.395        1   -87.86502
     20.545        1   -87.85047
     20.695        1   -87.83587
     20.845        1   -87.82158
     20.995        1   -87.80756
     21.145        1   -87.79331
     21.295        1   -87.77938
     21.445        1   -87.76575
     21.595        1   -87.75185
     21.745        1   -87.73828
     21.895        1   -87.72537
     22.045        1   -87.71211
     22.195        1   -87.69869
     22.345        1   -87.68523
     22.495        1   -87.67176
     22.645        1   -87.65867
     22.795        1   -87.64577
     22.945        1   -87.63298
     23.095        1   -87.62035
     23.245        1   -87.60774
     23.395        1   -87.59494
     23.545        1   -87.58245
     23.695        1   -87.56983
     23.845        1   -87.55737
     23.995        1   -87.54512
     24.145        1   -87.53287
     24.295        1   -87.52078
     24.445        1   -87.50857
     24.595        1   -87.49601
     24.745        1   -87.48378
     24.895        1   -87.47146
     25.045        1   -87.45974
     25.195        1   -87.44803
     25.345        1   -87.43636
     25.495        1   -87.42467
     25.645        1   -87.41323
     25.795        1   -87.40193
     25.945        1   -87.39054
     26.095        1   -87.37923
     26.245        1   -87.36790
     26.395        1   -87.35660
     26.545        1   -87.34528
     26.695        1   -87.33425
     26.845        1   -87.32330
     26.995        1   -87.31228
     27.145        1   -87.30121
     27.295        1   -87.28999
     27.445        1   -87.27893
     27.595        1   -87.26810
     27.745        1   -87.25735
     27.895        1   -87.24648
     28.045        1   -87.23616
     28.195        1   -87.22499
     28.345        1   -87.21463
     28.495        1   -87.20445
     28.645        1   -87.19390
     28.795        1   -87.18341
     28.945        1   -87.17293
     29.095        1   -87.16273
     29.245        1   -87.15243
     29.395        1   -87.14231
     29.545        1   -87.13225
     29.695        1   -87.12224
     29.845        1   -87.11185
     29.995        1   -87.10250
     30.145        1   -87.09242
     30.295        1   -87.08252
     30.445        1   -87.07256
     30.595        1   -87.06272
     30.745        1   -87.05330
     30.895        1   -87.04378
     31.045        1   -87.03425
     31.195        1   -87.02431
     31.345        1   -87.01466
     31.495        1   -87.00498
     31.645        1   -86.99548
     31.795        1   -86.98598
     31.945        1   -86.97687
     32.095        1   -86.96731
     32.245        1   -86.95783
     32.395        1   -86.94832
     32.545        1   -86.93903
     32.695        1   -86.92990
     32.845        1   -86.92037
     32.995        1   -86.91111
     33.145        1   -86.90196
     33.295        1   -86.89282
     33.445        1   -86.88362
     33.595        1   -86.87485
     33.745        1   -86.86610
     33.895        1   -86.85722
     34.045        1   -86.84823
     34.195        1   -86.83922
     34.345        1   -86.83056
     34.495        1   -86.82198
     34.645        1   -86.81317
     34.795        1   -86.80449
     34.945        1   -86.79569
     35.095        1   -86.78711
     35.245        1   -86.77878
     35.395        1   -86.77012
     35.545        1   -86.76160
     35.695        1   -86.75327
     35.845        1   -86.74453
     35.995        1   -86.73586
     36.145        1   -86.72775
     36.295        1   -86.71942
     36.445        1   -86.71118
     36.595        1   -86.70283
     36.745        1   -86.69448
     36.895        1   -86.68620
     37.045        1   -86.67790
     37.195        1   -86.66957
     37.345        1   -86.66150
     37.495        1   -86.65347
     37.645        1   -86.64543
     37.795        1   -86.63747
     37.945        1   -86.62972
     38.095        1   -86.62164
     38.245        1   -86.61350
     38.395        1   -86.60571
     38.545        1   -86.59803
     38.695        1   -86.59031
     38.845        1   -86.58250
     38.995        1   -86.57473
     39.145        1   -86.56688
     39.295        1   -86.55896
     39.445        1   -86.55131
     39.595        1   -86.54361
     39.745        1   -86.53587
     39.895        1   -86.52801
     40.045        1   -86.52047
     40.195        1   -86.51304
     40.345        1   -86.50523
     40.495        1   -86.49803
     40.645        1   -86.49036
     40.795        1   -86.48289
     40.945        1   -86.47550
     41.095        1   -86.46792
     41.245        1   -86.46101
     41.395        1   -86.45371
     41.545        1   -86.44637
     41.695        1   -86.43905
     41.845        1   -86.43170
     41.995        1   -86.42444
     42.145        1   -86.41722
     42.295        1   -86.40995
     42.445        1   -86.40279
     42.595        1   -86.39540
     42.745        1   -86.38833
     42.895        1   -86.38133
     43.045        1   -86.37418
     43.195        1   -86.36693
     43.345        1   -86.35982
     43.495        1   -86.35301
     43.645        1   -86.34607
     43.795        1   -86.33932
     43.945        1   -86.33232
     44.095        1   -86.32523
     44.245        1   -86.31833
     44.395        1   -86.31146
     44.545        1   -86.30463
     44.695        1   -86.29797
     44.845        1   -86.29112
     44.995        1   -86.28422
     45.145        1   -86.27735
     45.295        1   -86.27050
     45.445        1   -86.26360
     45.595        1   -86.25676
     45.745        1   -86.25016
     45.895        1   -86.24345
     46.045        1   -86.23656
     46.195        1   -86.22978
     46.345        1   -86.22322
     46.495        1   -86.21653
     46.645        1   -86.20995
     46.795        1   -86.20336
     46.945        1   -86.19674
     47.095        1   -86.19049
     47.245        1   -86.18399
     47.395        1   -86.17763
     47.545        1   -86.17140
     47.695        1   -86.16503
     47.845        1   -86.15861
     47.995        1   -86.15236
     48.145        1   -86.14589
     48.295        1   -86.13931
     48.445        1   -86.13312
     48.595        1   -86.12676
     48.745        1   -86.12049
     48.895        1   -86.11414
     49.045        1   -86.10808
     49.195        1   -86.10179
     49.345        1   -86.09569
     49.495        1   -86.08944
     49.645        1   -86.08304
     49.795        1   -86.07690
     49.945        1   -86.07033
     50.095        1   -86.06402
     50.245        1   -86.05777
     50.395        1   -86.05147
     50.545        1   -86.04539
     50.695        1   -86.03955
     50.845        1   -86.03354
     50.995        1   -86.02747
     51.145        1   -86.02135
     51.295        1   -86.01559
     51.445        1   -86.00980
     51.595        1   -86.00393
     51.745        1   -85.99795
     51.895        1   -85.99216
     52.045        1   -85.98622
     52.195        1   -85.98055
     52.345        1   -85.97475
     52.495        1   -85.96890
     52.645        1   -85.96324
     52.795        1   -85.95751
     52.945        1   -85.95172
     53.095        1   -85.94595
     53.245        1   -85.94029
     53.395        1   -85.93443
     53.545        1   -85.92888
     53.695        1   -85.92342
     53.845        1   -85.91763
     53.995        1   -85.91202
     54.145        1   -85.90653
     54.295        1   -85.90090
     54.445        1   -85.89510
     54.595        1   -85.88951
     54.745        1   -85.88416
     54.895        1   -85.87832
     55.045        1   -85.87269
     55.195        1   -85.86709
     55.345        1   -85.86152
     55.495        1   -85.85624
     55.645        1   -85.85101
     55.795        1   -85.84549
     55.945        1   -85.83969
     56.095        1   -85.83433
     56.245        1   -85.82886
     56.395        1   -85.82323
     56.545        1   -85.81756
     56.695        1   -85.81199
     56.845        1   -85.80660
     56.995        1   -85.80099
     57.145        1   -85.79533
     57.295        1   -85.78991
     57.445        1   -85.78448
     57.595        1   -85.77931
     57.745        1   -85.77388
     57.895        1   -85.76852
     58.045        1   -85.76317
     58.195        1   -85.75783
     58.345        1   -85.75263
     58.495        1   -85.74726
     58.645        1   -85.74204
     58.795        1   -85.73675
     58.945        1   -85.73141
     59.095        1   -85.72615
     59.245        1   -85.72096
     59.395        1   -85.71587
     59.545        1   -85.71066
     59.695        1   -85.70537
     59.845        1   -85.70020
     59.995        1   -85.69507
     60.145        1   -85.69024
     70.939        1   -85.03139
     97.698        1   -84.37134
     134.55        1   -83.71929
     185.30        1   -83.07187
     255.20        1   -82.43066
     351.46        1   -81.79739
     484.04        1   -81.17160
     666.62        1   -80.55607
     918.07        1   -79.95165
     1264.4        1   -79.35786
     1741.3        1   -78.77288
     2398.1        1   -78.19856
     3302.7        1   -77.63554
     4548.5        1   -77.08226
     6264.3        1   -76.53995
     8627.2        1   -76.00548
     11881.        1   -75.48046
     16363.        1   -74.96335
     22535.        1   -74.45567
     31036.        1   -73.95577
     42743.        1   -73.46553
     58866.        1   -72.98210
     81070.        1   -72.50481
    0.11165E+06    1   -72.03692
    0.15377E+06    1   -71.57402
    0.21177E+06    1   -71.11675
    0.29165E+06    1   -70.66393
    0.40166E+06    1   -70.21727
    0.55317E+06    1   -69.77342
    0.76182E+06    1   -69.33171
    0.10492E+07    1   -68.89317
    0.14449E+07    1   -68.45717
    0.19900E+07    1   -68.02463
    0.27406E+07    1   -67.59190
    0.37744E+07    1   -67.15713
    0.51981E+07    1   -66.72131
    0.71589E+07    1   -66.28391
    0.98593E+07    1   -65.84620
    0.13578E+08    1   -65.40643
    0.18700E+08    1   -64.96402
    0.25754E+08    1   -64.52134
    0.35468E+08    1   -64.08124
    0.48847E+08    1   -63.64838
    0.67273E+08    1   -63.22670
    0.92648E+08    1   -62.81553
    0.12760E+09    1   -62.41438
    0.17573E+09    1   -62.02487
    0.24201E+09    1   -61.64744
    0.33330E+09    1   -61.28358
    0.45902E+09    1   -60.93640
    0.63217E+09    1   -60.60897
    0.87062E+09    1   -60.30144
    0.11990E+10    1   -60.01444
    0.16513E+10    1   -59.74725
    0.22742E+10    1   -59.49829
    0.31320E+10    1   -59.26680
    0.43134E+10    1   -59.05041
    0.59405E+10    1   -58.84876
    0.81813E+10    1   -58.66078
    0.11267E+11    1   -58.48637
    0.15517E+11    1   -58.32431
    0.21371E+11    1   -58.17351
    0.29432E+11    1   -58.03316
    0.40534E+11    1   -57.90291
    0.55823E+11    1   -57.78172
    0.10000E+12    1   -56.26844
    -149.95        2     0.00000
    -149.80        2     0.00000
    -149.65        2     0.00000
    -149.49        2     0.00000
    -149.34        2     0.00000
    -149.20        2     0.00000
    -149.05        2     0.00000
    -148.90        2     0.00000
    -148.74        2     0.00000
    -148.59        2     0.00000
    -148.45        2     0.00000
    -148.30        2     0.00000
    -148.15        2     0.00000
    -147.99        2     0.00000
    -147.84        2     0.00000
    -147.70        2     0.00000
    -147.55        2     0.00000
    -147.40        2     0.00000
    -147.24        2     0.00000
    -147.09        2     0.00000
    -146.95        2     0.00000
    -146.80        2     0.00000
    -146.65        2     0.00000
    -146.49        2     0.00000
    -146.34        2     0.00000
    -146.20        2     0.00000
    -146.05        2     0.00000
    -145.90        2     0.00000
    -145.74        2     0.00000
    -145.59        2     0.00000
    -145.45        2     0.00000
    -145.30        2     0.00000
    -145.15        2     0.00000
    -144.99        2     0.00000
    -144.84        2     0.00000
    -144.70        2     0.00000
    -144.55        2     0.00000
    -144.40        2     0.00000
    -144.24        2     0.00000
    -144.09        2     0.00000
    -143.95        2     0.00000
    -143.80        2     0.00000
    -143.65        2     0.00000
    -143.49        2     0.00000
    -143.34        2     0.00000
    -143.20        2     0.00000
    -143.05        2     0.00000
    -142.90        2     0.00000
    -142.74        2     0.00000
    -142.59        2     0.00000
    -142.45        2     0.00000
    -142.30        2     0.00000
    -142.15        2     0.00000
    -141.99        2     0.00000
    -141.84        2     0.00000
    -141.70        2     0.00000
    -141.55        2     0.00000
    -141.40        2     0.00000
    -141.24        2     0.00000
    -141.09        2     0.00000
    -140.95        2     0.00000
    -140.80        2     0.00000
    -140.65        2     0.00000
    -140.49        2     0.00000
    -140.34        2     0.00000
    -140.20        2     0.00000
    -140.05        2     0.00000
    -139.90        2     0.00000
    -139.74        2     0.00000
    -139.59        2     0.00000
    -139.45        2     0.00000
    -139.30        2     0.00000
    -139.15        2     0.00000
    -138.99        2     0.00000
    -138.84        2     0.00000
    -138.70        2     0.00000
    -138.55        2     0.00000
    -138.40        2     0.00000
    -138.24        2     0.00000
    -138.09        2     0.00000
    -137.95        2     0.00000
    -137.80        2     0.00000
    -137.65        2     0.00000
    -137.49        2     0.00000
    -137.34        2     0.00000
    -137.20        2     0.00000
    -137.05        2     0.00000
    -136.90        2     0.00000
    -136.74        2     0.00000
    -136.59        2     0.00000
    -136.45        2     0.00000
    -136.30        2     0.00000
    -136.15        2     0.00000
    -135.99        2     0.00000
    -135.84        2     0.00000
    -135.70        2     0.00000
    -135.55        2     0.00000
    -135.40        2     0.00000
    -135.24        2     0.00000
    -135.09        2     0.00000
    -134.95        2     0.00000
    -134.80        2     0.00000
    -134.65        2     0.00000
    -134.49        2     0.00000
    -134.34        2     0.00000
    -134.20        2     0.00000
    -134.05        2     0.00000
    -133.90        2     0.00000
    -133.74        2     0.00000
    -133.59        2     0.00000
    -133.45        2     0.00000
    -133.30        2     0.00000
    -133.15        2     0.00000
    -132.99        2     0.00000
    -132.84        2     0.00000
    -132.70        2     0.00000
    -132.55        2     0.00000
    -132.40        2     0.00000
    -132.24        2     0.00000
    -132.09        2     0.00000
    -131.95        2     0.00000
    -131.80        2     0.00000
    -131.65        2     0.00000
    -131.49        2     0.00000
    -131.34        2     0.00000
    -131.20        2     0.00000
    -131.05        2     0.00000
    -130.90        2     0.00000
    -130.74        2     0.00000
    -130.59        2     0.00000
    -130.45        2     0.00000
    -130.30        2     0.00000
    -130.15        2     0.00000
    -129.99        2     0.00000
    -129.84        2     0.00000
    -129.70        2     0.00000
    -129.55        2     0.00000
    -129.40        2     0.00000
    -129.24        2     0.00000
    -129.09        2     0.00000
    -128.95        2     0.00000
    -128.80        2     0.00000
    -128.65        2     0.00000
    -128.49        2     0.00000
    -128.34        2     0.00000
    -128.20        2     0.00000
    -128.05        2     0.00000
    -127.89        2     0.00000
    -127.75        2     0.00000
    -127.60        2     0.00000
    -127.44        2     0.00000
    -127.30        2     0.00000
    -127.14        2     0.00000
    -127.00        2     0.00000
    -126.85        2     0.00000
    -126.69        2     0.00000
    -126.55        2     0.00000
    -126.39        2     0.00000
    -126.25        2     0.00000
    -126.10        2     0.00000
    -125.94        2     0.00000
    -125.80        2     0.00000
    -125.64        2     0.00000
    -125.50        2     0.00000
    -125.35        2     0.00000
    -125.19        2     0.00000
    -125.05        2     0.00000
    -124.89        2     0.00000
    -124.75        2     0.00000
    -124.60        2     0.00000
    -124.44        2     0.00000
    -124.30        2     0.00000
    -124.14        2     0.00000
    -124.00        2     0.00000
    -123.85        2     0.00000
    -123.69        2     0.00000
    -123.55        2     0.00000
    -123.39        2     0.00000
    -123.25        2     0.00000
    -123.10        2     0.00000
    -122.94        2     0.00000
    -122.80        2     0.00000
    -122.64        2     0.00000
    -122.50        2     0.00000
    -122.35        2     0.00000
    -122.19        2     0.00000
    -122.05        2     0.00000
    -121.89        2     0.00000
    -121.75        2     0.00000
    -121.60        2     0.00000
    -121.44        2     0.00000
    -121.30        2     0.00000
    -121.14        2     0.00000
    -121.00        2     0.00000
    -120.85        2     0.00000
    -120.69        2     0.00000
    -120.55        2     0.00000
    -120.39        2     0.00000
    -120.25        2     0.00000
    -120.10        2     0.00000
    -119.94        2     0.00000
    -119.80        2     0.00000
    -119.64        2     0.00000
    -119.50        2     0.00000
    -119.35        2     0.00000
    -119.19        2     0.00000
    -119.05        2     0.00000
    -118.89        2     0.00000
    -118.75        2     0.00000
    -118.60        2     0.00000
    -118.44        2     0.00000
    -118.30        2     0.00000
    -118.14        2     0.00000
    -118.00        2     0.00000
    -117.85        2     0.00000
    -117.69        2     0.00000
    -117.55        2     0.00000
    -117.39        2     0.00000
    -117.25        2     0.00000
    -117.10        2     0.00000
    -116.94        2     0.00000
    -116.80        2     0.00000
    -116.64        2     0.00000
    -116.50        2     0.00000
    -116.35        2     0.00000
    -116.19        2     0.00000
    -116.05        2     0.00000
    -115.89        2     0.00000
    -115.75        2     0.00000
    -115.60        2     0.00000
    -115.44        2     0.00000
    -115.30        2     0.00000
    -115.14        2     0.00000
    -115.00        2     0.00000
    -114.85        2     0.00000
    -114.69        2     0.00000
    -114.55        2     0.00000
    -114.39        2     0.00000
    -114.25        2     0.00000
    -114.10        2     0.00000
    -113.94        2     0.00000
    -113.80        2     0.00000
    -113.64        2     0.00000
    -113.50        2     0.00000
    -113.35        2     0.00000
    -113.19        2     0.00000
    -113.05        2     0.00000
    -112.89        2     0.00000
    -112.75        2     0.00000
    -112.60        2     0.00000
    -112.44        2     0.00000
    -112.30        2     0.00000
    -112.14        2     0.00000
    -112.00        2     0.00000
    -111.85        2     0.00000
    -111.69        2     0.00000
    -111.55        2     0.00000
    -111.39        2     0.00000
    -111.25        2     0.00000
    -111.10        2     0.00000
    -110.94        2     0.00000
    -110.80        2     0.00000
    -110.64        2     0.00000
    -110.50        2     0.00000
    -110.35        2     0.00000
    -110.19        2     0.00000
    -110.05        2     0.00000
    -109.89        2     0.00000
    -109.75        2     0.00000
    -109.60        2     0.00000
    -109.44        2     0.00000
    -109.30        2     0.00000
    -109.14        2     0.00000
    -109.00        2     0.00000
    -108.85        2     0.00000
    -108.69        2     0.00000
    -108.55        2     0.00000
    -108.39        2     0.00000
    -108.25        2     0.00000
    -108.10        2     0.00000
    -107.94        2     0.00000
    -107.80        2     0.00000
    -107.64        2     0.00000
    -107.50        2     0.00000
    -107.35        2     0.00000
    -107.19        2     0.00000
    -107.05        2     0.00000
    -106.89        2     0.00000
    -106.75        2     0.00000
    -106.60        2     0.00000
    -106.44        2     0.00000
    -106.30        2     0.00000
    -106.14        2     0.00000
    -106.00        2     0.00000
    -105.85        2     0.00000
    -105.69        2     0.00000
    -105.55        2     0.00000
    -105.39        2     0.00000
    -105.25        2     0.00000
    -105.10        2     0.00000
    -104.94        2     0.00000
    -104.80        2     0.00000
    -104.64        2     0.00000
    -104.50        2     0.00000
    -104.35        2     0.00000
    -104.19        2     0.00000
    -104.05        2     0.00000
    -103.89        2     0.00000
    -103.75        2     0.00000
    -103.60        2     0.00000
    -103.44        2     0.00000
    -103.30        2     0.00000
    -103.14        2     0.00000
    -103.00        2     0.00000
    -102.85        2     0.00000
    -102.69        2     0.00000
    -102.55        2     0.00000
    -102.39        2     0.00000
    -102.25        2     0.00000
    -102.10        2     0.00000
    -101.94        2     0.00000
    -101.80        2     0.00000
    -101.64        2     0.00000
    -101.50        2     0.00000
    -101.35        2     0.00000
    -101.19        2     0.00000
    -101.05        2     0.00000
    -100.89        2     0.00000
    -100.75        2     0.00000
    -100.60        2     0.00000
    -100.44        2     0.00000
    -100.30        2     0.00000
    -100.14        2     0.00000
    -99.995        2     0.00000
    -99.845        2     0.00000
    -99.695        2     0.00000
    -99.545        2     0.00000
    -99.395        2     0.00000
    -99.245        2     0.00000
    -99.095        2     0.00000
    -98.945        2     0.00000
    -98.795        2     0.00000
    -98.645        2     0.00000
    -98.495        2     0.00000
    -98.345        2     0.00000
    -98.195        2     0.00000
    -98.045        2     0.00000
    -97.895        2     0.00000
    -97.745        2     0.00000
    -97.595        2     0.00000
    -97.445        2     0.00000
    -97.295        2     0.00000
    -97.145        2     0.00000
    -96.995        2     0.00000
    -96.845        2     0.00000
    -96.695        2     0.00000
    -96.545        2     0.00000
    -96.395        2     0.00000
    -96.245        2     0.00000
    -96.095        2     0.00000
    -95.945        2     0.00000
    -95.795        2     0.00000
    -95.645        2     0.00000
    -95.495        2     0.00000
    -95.345        2     0.00000
    -95.195        2     0.00000
    -95.045        2     0.00000
    -94.895        2     0.00000
    -94.745        2     0.00000
    -94.595        2     0.00000
    -94.445        2     0.00000
    -94.295        2     0.00000
    -94.145        2     0.00000
    -93.995        2     0.00000
    -93.845        2     0.00000
    -93.695        2     0.00000
    -93.545        2     0.00000
    -93.395        2     0.00000
    -93.245        2     0.00000
    -93.095        2     0.00000
    -92.945        2     0.00000
    -92.795        2     0.00000
    -92.645        2     0.00000
    -92.495        2     0.00000
    -92.345        2     0.00000
    -92.195        2     0.00000
    -92.045        2     0.00000
    -91.895        2     0.00000
    -91.745        2     0.00000
    -91.595        2     0.00000
    -91.445        2     0.00000
    -91.295        2     0.00000
    -91.145        2     0.00000
    -90.995        2     0.00000
    -90.845        2     0.00000
    -90.695        2     0.00000
    -90.545        2     0.00000
    -90.395        2     0.00000
    -90.245        2     0.00000
    -90.095        2     0.00000
    -89.945        2     0.00000
    -89.795        2     0.00000
    -89.645        2     0.00000
    -89.495        2     0.00000
    -89.345        2     0.00000
    -89.195        2     0.00000
    -89.045        2     0.00000
    -88.895        2     0.00000
    -88.745        2     0.00000
    -88.595        2     0.00000
    -88.445        2     0.00000
    -88.295        2     0.00000
    -88.145        2     0.00000
    -87.995        2     0.00000
    -87.845        2     0.00000
    -87.695        2     0.00000
    -87.545        2     0.00000
    -87.395        2     0.00000
    -87.245        2     0.00000
    -87.095        2     0.00000
    -86.945        2     0.00000
    -86.795        2     0.00000
    -86.645        2     0.00000
    -86.495        2     0.00000
    -86.345        2     0.00000
    -86.195        2     0.00000
    -86.045        2     0.00000
    -85.895        2     0.00000
    -85.745        2     0.00000
    -85.595        2     0.00000
    -85.445        2     0.00000
    -85.295        2     0.00000
    -85.145        2     0.00000
    -84.995        2     0.00000
    -84.845        2     0.00000
    -84.695        2     0.00000
    -84.545        2     0.00000
    -84.395        2     0.00000
    -84.245        2     0.00000
    -84.095        2     0.00000
    -83.945        2     0.00000
    -83.795        2     0.00000
    -83.645        2     0.00000
    -83.495        2     0.00000
    -83.345        2     0.00000
    -83.195        2     0.00000
    -83.045        2     0.00000
    -82.895        2     0.00000
    -82.745        2     0.00000
    -82.595        2     0.00000
    -82.445        2     0.00000
    -82.295        2     0.00000
    -82.145        2     0.00000
    -81.995        2     0.00000
    -81.845        2     0.00000
    -81.695        2     0.00000
    -81.545        2     0.00000
    -81.395        2     0.00000
    -81.245        2     0.00000
    -81.095        2     0.00000
    -80.945        2     0.00000
    -80.795        2     0.00000
    -80.645        2     0.00000
    -80.495        2     0.00000
    -80.345        2     0.00000
    -80.195        2     0.00000
    -80.045        2     0.00000
    -79.895        2     0.00000
    -79.745        2     0.00000
    -79.595        2     0.00000
    -79.445        2     0.00000
    -79.295        2     0.00000
    -79.145        2     0.00000
    -78.995        2     0.00000
    -78.845        2     0.00000
    -78.695        2     0.00000
    -78.545        2     0.00000
    -78.395        2     0.00000
    -78.245        2     0.00000
    -78.095        2     0.00000
    -77.945        2     0.00000
    -77.795        2     0.00000
    -77.645        2     0.00000
    -77.495        2     0.00000
    -77.345        2     0.00000
    -77.195        2     0.00000
    -77.045        2     0.00000
    -76.895        2     0.00000
    -76.745        2     0.00000
    -76.595        2     0.00000
    -76.445        2     0.00000
    -76.295        2     0.00000
    -76.145        2     0.00000
    -75.995        2     0.00000
    -75.845        2     0.00000
    -75.695        2     0.00000
    -75.545        2     0.00000
    -75.395        2     0.00000
    -75.245        2     0.00000
    -75.095        2     0.00000
    -74.945        2     0.00000
    -74.795        2     0.00000
    -74.645        2     0.00000
    -74.495        2     0.00000
    -74.345        2     0.00000
    -74.195        2     0.00000
    -74.045        2     0.00000
    -73.895        2     0.00000
    -73.745        2     0.00000
    -73.595        2     0.00000
    -73.445        2     0.00000
    -73.295        2     0.00000
    -73.145        2     0.00000
    -72.995        2     0.00000
    -72.845        2     0.00000
    -72.695        2     0.00000
    -72.545        2     0.00000
    -72.395        2     0.00000
    -72.245        2     0.00000
    -72.095        2     0.00000
    -71.945        2     0.00000
    -71.795        2     0.00000
    -71.645        2     0.00000
    -71.495        2     0.00000
    -71.345        2     0.00000
    -71.195        2     0.00000
    -71.045        2     0.00000
    -70.895        2     0.00000
    -70.745        2     0.00000
    -70.595        2     0.00000
    -70.445        2     0.00000
    -70.295        2     0.00000
    -70.145        2     0.00000
    -69.995        2     0.00000
    -69.845        2     0.00000
    -69.695        2     0.00000
    -69.545        2     0.00000
    -69.395        2     0.00000
    -69.245        2     0.00000
    -69.095        2     0.00000
    -68.945        2     0.00000
    -68.795        2     0.00000
    -68.645        2     0.00000
    -68.495        2     0.00000
    -68.345        2     0.00000
    -68.195        2     0.00000
    -68.045        2     0.00000
    -67.895        2     0.00000
    -67.745        2     0.00000
    -67.595        2     0.00000
    -67.445        2     0.00000
    -67.295        2     0.00000
    -67.145        2     0.00000
    -66.995        2     0.00000
    -66.845        2     0.00000
    -66.695        2     0.00000
    -66.545        2     0.00000
    -66.395        2     0.00000
    -66.245        2     0.00000
    -66.095        2     0.00000
    -65.945        2     0.00000
    -65.795        2     0.00000
    -65.645        2     0.00000
    -65.495        2     0.00000
    -65.345        2     0.00000
    -65.195        2     0.00000
    -65.045        2     0.00000
    -64.895        2     0.00000
    -64.745        2     0.00000
    -64.595        2     0.00000
    -64.445        2     0.00000
    -64.295        2     0.00000
    -64.145        2     0.00000
    -63.995        2     0.00000
    -63.845        2     0.00000
    -63.695        2     0.00000
    -63.545        2     0.00000
    -63.395        2     0.00000
    -63.245        2     0.00000
    -63.095        2     0.00000
    -62.945        2     0.00000
    -62.795        2     0.00000
    -62.645        2     0.00000
    -62.495        2     0.00000
    -62.345        2     0.00000
    -62.195        2     0.00000
    -62.045        2     0.00000
    -61.895        2     0.00000
    -61.745        2     0.00000
    -61.595        2     0.00000
    -61.445        2     0.00000
    -61.295        2     0.00000
    -61.145        2     0.00000
    -60.995        2     0.00000
    -60.845        2     0.00000
    -60.695        2     0.00000
    -60.545        2     0.00000
    -60.395        2     0.00000
    -60.245        2     0.00000
    -60.095        2     0.00000
    -59.945        2     0.00000
    -59.795        2     0.00000
    -59.645        2     0.00000
    -59.495        2     0.00000
    -59.345        2     0.00000
    -59.195        2     0.00000
    -59.045        2     0.00000
    -58.895        2     0.00000
    -58.745        2     0.00000
    -58.595        2     0.00000
    -58.445        2     0.00000
    -58.295        2     0.00000
    -58.145        2     0.00000
    -57.995        2     0.00000
    -57.845        2     0.00000
    -57.695        2     0.00000
    -57.545        2     0.00000
    -57.395        2     0.00000
    -57.245        2     0.00000
    -57.095        2     0.00000
    -56.945        2     0.00000
    -56.795        2     0.00000
    -56.645        2     0.00000
    -56.495        2     0.00000
    -56.345        2     0.00000
    -56.195        2     0.00000
    -56.045        2     0.00000
    -55.895        2     0.00000
    -55.745        2     0.00000
    -55.595        2     0.00000
    -55.445        2     0.00000
    -55.295        2     0.00000
    -55.145        2     0.00000
    -54.995        2     0.00000
    -54.845        2     0.00000
    -54.695        2     0.00000
    -54.545        2     0.00000
    -54.395        2     0.00000
    -54.245        2     0.00000
    -54.095        2     0.00000
    -53.945        2     0.00000
    -53.795        2     0.00000
    -53.645        2     0.00000
    -53.495        2     0.00000
    -53.345        2     0.00000
    -53.195        2     0.00000
    -53.045        2     0.00000
    -52.895        2     0.00000
    -52.745        2     0.00000
    -52.595        2     0.00000
    -52.445        2     0.00000
    -52.295        2     0.00000
    -52.145        2     0.00000
    -51.995        2     0.00000
    -51.845        2     0.00000
    -51.695        2     0.00000
    -51.545        2     0.00000
    -51.395        2     0.00000
    -51.245        2     0.00000
    -51.095        2     0.00000
    -50.945        2     0.00000
    -50.795        2     0.00000
    -50.645        2     0.00000
    -50.495        2     0.00000
    -50.345        2     0.00000
    -50.195        2     0.00000
    -50.045        2     0.00000
    -49.895        2     0.00000
    -49.745        2     0.00000
    -49.595        2     0.00000
    -49.445        2     0.00000
    -49.295        2     0.00000
    -49.145        2     0.00000
    -48.995        2     0.00000
    -48.845        2     0.00000
    -48.695        2     0.00000
    -48.545        2     0.00000
    -48.395        2     0.00000
    -48.245        2     0.00000
    -48.095        2     0.00000
    -47.945        2     0.00000
    -47.795        2     0.00000
    -47.645        2     0.00000
    -47.495        2     0.00000
    -47.345        2     0.00000
    -47.195        2     0.00000
    -47.045        2     0.00000
    -46.895        2     0.00000
    -46.745        2     0.00000
    -46.595        2     0.00000
    -46.445        2     0.00000
    -46.295        2     0.00000
    -46.145        2     0.00000
    -45.995        2     0.00000
    -45.845        2     0.00000
    -45.695        2     0.00000
    -45.545        2     0.00000
    -45.395        2     0.00000
    -45.245        2     0.00000
    -45.095        2     0.00000
    -44.945        2     0.00000
    -44.795        2     0.00000
    -44.645        2     0.00000
    -44.495        2     0.00000
    -44.345        2     0.00000
    -44.195        2     0.00000
    -44.045        2     0.00000
    -43.895        2     0.00000
    -43.745        2     0.00000
    -43.595        2     0.00000
    -43.445        2     0.00000
    -43.295        2     0.00000
    -43.145        2     0.00000
    -42.995        2     0.00000
    -42.845        2     0.00000
    -42.695        2     0.00000
    -42.545        2     0.00000
    -42.395        2     0.00000
    -42.245        2     0.00000
    -42.095        2     0.00000
    -41.945        2     0.00000
    -41.795        2     0.00000
    -41.645        2     0.00000
    -41.495        2     0.00000
    -41.345        2     0.00000
    -41.195        2     0.00000
    -41.045        2     0.00000
    -40.895        2     0.00000
    -40.745        2     0.00000
    -40.595        2     0.00000
    -40.445        2     0.00000
    -40.295        2     0.00000
    -40.145        2     0.00000
    -39.995        2     0.00000
    -39.845        2     0.00000
    -39.695        2     0.00000
    -39.545        2     0.00000
    -39.395        2     0.00000
    -39.245        2     0.00000
    -39.095        2     0.00000
    -38.945        2     0.00000
    -38.795        2     0.00000
    -38.645        2     0.00000
    -38.495        2     0.00000
    -38.345        2     0.00000
    -38.195        2     0.00000
    -38.045        2     0.00000
    -37.895        2     0.00000
    -37.745        2     0.00000
    -37.595        2     0.00000
    -37.445        2     0.00000
    -37.295        2     0.00000
    -37.145        2     0.00000
    -36.995        2     0.00000
    -36.845        2     0.00000
    -36.695        2     0.00000
    -36.545        2     0.00000
    -36.395        2     0.00000
    -36.245        2     0.00000
    -36.095        2     0.00000
    -35.945        2     0.00000
    -35.795        2     0.00000
    -35.645        2     0.00000
    -35.495        2     0.00000
    -35.345        2     0.00000
    -35.195        2     0.00000
    -35.045        2     0.00000
    -34.895        2     0.00000
    -34.745        2     0.00000
    -34.595        2     0.00000
    -34.445        2     0.00000
    -34.295        2     0.00000
    -34.145        2     0.00000
    -33.995        2     0.00000
    -33.845        2     0.00000
    -33.695        2     0.00000
    -33.545        2     0.00000
    -33.395        2     0.00000
    -33.245        2     0.00000
    -33.095        2     0.00000
    -32.945        2     0.00000
    -32.795        2     0.00000
    -32.645        2     0.00000
    -32.495        2     0.00000
    -32.345        2     0.00000
    -32.195        2     0.00000
    -32.045        2     0.00000
    -31.895        2     0.00000
    -31.745        2     0.00000
    -31.595        2     0.00000
    -31.445        2     0.00000
    -31.295        2     0.00000
    -31.145        2     0.00000
    -30.995        2     0.00000
    -30.845        2     0.00000
    -30.695        2     0.00000
    -30.545        2     0.00000
    -30.395        2     0.00000
    -30.245        2     0.00000
    -30.095        2     0.00000
    -29.945        2     0.00000
    -29.795        2     0.00000
    -29.645        2     0.00000
    -29.495        2     0.00000
    -29.345        2     0.00000
    -29.195        2     0.00000
    -29.045        2     0.00000
    -28.895        2     0.00000
    -28.745        2     0.00000
    -28.595        2     0.00000
    -28.445        2     0.00000
    -28.295        2     0.00000
    -28.145        2     0.00000
    -27.995        2     0.00000
    -27.845        2     0.00000
    -27.695        2     0.00000
    -27.545        2     0.00000
    -27.395        2     0.00000
    -27.245        2     0.00000
    -27.095        2     0.00000
    -26.945        2     0.00000
    -26.795        2     0.00000
    -26.645        2     0.00000
    -26.495        2     0.00000
    -26.345        2     0.00000
    -26.195        2     0.00000
    -26.045        2     0.00000
    -25.895        2     0.00000
    -25.745        2     0.00000
    -25.595        2     0.00000
    -25.445        2     0.00000
    -25.295        2     0.00000
    -25.145        2     0.00000
    -24.995        2     0.00000
    -24.845        2     0.00000
    -24.695        2     0.00000
    -24.545        2     0.00000
    -24.395        2     0.00000
    -24.245        2     0.00000
    -24.095        2     0.00000
    -23.945        2     0.00000
    -23.795        2     0.00000
    -23.645        2     0.00000
    -23.495        2     0.00000
    -23.345        2     0.00000
    -23.195        2     0.00000
    -23.045        2     0.00000
    -22.895        2     0.00000
    -22.745        2     0.00000
    -22.595        2     0.00000
    -22.445        2     0.00000
    -22.295        2     0.00000
    -22.145        2     0.00000
    -21.995        2     0.00000
    -21.845        2     0.00000
    -21.695        2     0.00000
    -21.545        2     0.00000
    -21.395        2     0.00000
    -21.245        2     0.00000
    -21.095        2     0.00000
    -20.945        2     0.00000
    -20.795        2     0.00000
    -20.645        2     0.00000
    -20.495        2     0.00000
    -20.345        2     0.00000
    -20.195        2     0.00000
    -20.045        2     0.00000
    -19.895        2     0.00000
    -19.745        2     0.00000
    -19.595        2     0.00000
    -19.445        2     0.00000
    -19.295        2     0.00000
    -19.145        2     0.00000
    -18.995        2     0.00000
    -18.845        2     0.00000
    -18.695        2     0.00000
    -18.545        2     0.00000
    -18.395        2     0.00000
    -18.245        2     0.00000
    -18.095        2     0.00000
    -17.945        2     0.00000
    -17.795        2     0.00000
    -17.645        2     0.00000
    -17.495        2     0.00000
    -17.345        2     0.00000
    -17.195        2     0.00000
    -17.045        2     0.00000
    -16.895        2     0.00000
    -16.745        2     0.00000
    -16.595        2    -0.00024
    -16.445        2    -0.00314
    -16.295        2    -0.03089
    -16.145        2    -0.09938
    -15.995        2    -0.21869
    -15.845        2    -0.38476
    -15.695        2    -0.60762
    -15.545        2    -0.88096
    -15.395        2    -1.22619
    -15.245        2    -1.65384
    -15.095        2    -2.13882
    -14.945        2    -2.66087
    -14.795        2    -3.22047
    -14.645        2    -3.81913
    -14.495        2    -4.41719
    -14.345        2    -5.01003
    -14.195        2    -5.62603
    -14.045        2    -6.26908
    -13.895        2    -6.95751
    -13.745        2    -7.70162
    -13.595        2    -8.51672
    -13.445        2    -9.38439
    -13.295        2   -10.32618
    -13.145        2   -11.31734
    -12.995        2   -12.33293
    -12.845        2   -13.37092
    -12.695        2   -14.40439
    -12.545        2   -15.41703
    -12.395        2   -16.35681
    -12.245        2   -17.27129
    -12.095        2   -18.14021
    -11.945        2   -18.94408
    -11.795        2   -19.69749
    -11.645        2   -20.41296
    -11.495        2   -21.08176
    -11.345        2   -21.70664
    -11.195        2   -22.28905
    -11.045        2   -22.83910
    -10.895        2   -23.35622
    -10.745        2   -23.85494
    -10.595        2   -24.32115
    -10.445        2   -24.75994
    -10.295        2   -25.18910
    -10.145        2   -25.60418
    -9.9950        2   -26.02799
    -9.8450        2   -26.46174
    -9.6950        2   -26.89148
    -9.5450        2   -27.33780
    -9.3950        2   -27.80063
    -9.2450        2   -28.29031
    -9.0950        2   -28.81123
    -8.9450        2   -29.36884
    -8.7950        2   -29.97375
    -8.6450        2   -30.62633
    -8.4950        2   -31.34706
    -8.3450        2   -32.15384
    -8.1950        2   -33.02226
    -8.0450        2   -33.97720
    -7.8950        2   -35.02491
    -7.7450        2   -36.16235
    -7.5950        2   -37.39446
    -7.4450        2   -38.71609
    -7.2950        2   -40.11418
    -7.1450        2   -41.56896
    -6.9950        2   -43.09808
    -6.8450        2   -44.69333
    -6.6950        2   -46.33488
    -6.5450        2   -48.00532
    -6.3950        2   -49.70692
    -6.2450        2   -51.44477
    -6.0950        2   -53.21107
    -5.9450        2   -54.98742
    -5.7950        2   -56.75562
    -5.6450        2   -58.53098
    -5.4950        2   -60.32536
    -5.3450        2   -62.11987
    -5.1950        2   -63.90896
    -5.0450        2   -65.70211
    -4.8950        2   -67.47676
    -4.7450        2   -69.26346
    -4.5950        2   -71.01348
    -4.4450        2   -72.77006
    -4.2950        2   -74.50773
    -4.1450        2   -76.25343
    -3.9950        2   -78.00252
    -3.8450        2   -79.77502
    -3.6950        2   -81.57902
    -3.5450        2   -83.44230
    -3.3950        2   -85.36618
    -3.2450        2   -87.38143
    -3.0950        2   -89.49157
    -2.9450        2   -91.73262
    -2.7950        2   -94.14760
    -2.6450        2   -96.73921
    -2.4950        2   -99.55245
    -2.3450        2  -102.64854
    -2.1950        2  -106.11075
    -2.0450        2  -110.05993
    -1.8950        2  -114.62621
    -1.7450        2  -119.98047
    -1.5950        2  -126.28969
    -1.4450        2  -133.63035
    -1.2950        2  -141.97863
    -1.1450        2  -151.21287
   -0.99500        2  -161.17386
   -0.84500        2  -171.73499
   -0.69500        2  -182.80918
   -0.54500        2  -194.55137
   -0.39500        2  -207.67500
   -0.25300        2  -217.56009
   -0.21500        2  -218.23294
   -0.20900        2  -218.91643
   -0.20300        2  -219.60936
   -0.19700        2  -220.31336
   -0.19100        2  -221.02980
   -0.18500        2  -221.75849
   -0.17900        2  -222.50044
   -0.17300        2  -223.25669
   -0.16700        2  -224.02913
   -0.16100        2  -224.81677
   -0.15500        2  -225.62223
   -0.14900        2  -226.44593
   -0.14300        2  -227.28884
   -0.13700        2  -228.15183
   -0.13100        2  -229.03782
   -0.12500        2  -229.94906
   -0.11900        2  -230.88635
   -0.11300        2  -231.85389
   -0.10700        2  -232.85358
   -0.10100        2  -233.88783
   -0.95000E-01    2  -234.96048
   -0.89000E-01    2  -236.07745
   -0.83000E-01    2  -237.24044
   -0.77000E-01    2  -238.45688
   -0.71000E-01    2  -239.73661
   -0.65000E-01    2  -241.09215
   -0.59000E-01    2  -242.53658
   -0.53000E-01    2  -244.09158
   -0.47000E-01    2  -245.78405
   -0.41000E-01    2  -247.65371
   -0.35000E-01    2  -249.76069
   -0.29000E-01    2  -252.21013
   -0.23000E-01    2  -255.19782
   -0.19700E-01    2  -255.53587
   -0.19100E-01    2  -255.88409
   -0.18500E-01    2  -256.24321
   -0.17900E-01    2  -256.61365
   -0.17300E-01    2  -256.99620
   -0.16700E-01    2  -257.39210
   -0.16100E-01    2  -257.80159
   -0.15500E-01    2  -258.22612
   -0.14900E-01    2  -258.66766
   -0.14300E-01    2  -259.12711
   -0.13700E-01    2  -259.60652
   -0.13100E-01    2  -260.10805
   -0.12500E-01    2  -260.63238
   -0.11900E-01    2  -261.18105
   -0.11300E-01    2  -261.75525
   -0.10700E-01    2  -262.35635
   -0.10100E-01    2  -262.98639
   -0.95000E-02    2  -263.64759
   -0.89000E-02    2  -264.33984
   -0.83000E-02    2  -265.06397
   -0.77000E-02    2  -265.82029
   -0.71000E-02    2  -266.60900
   -0.65000E-02    2  -267.42990
   -0.59000E-02    2  -268.28284
   -0.53000E-02    2  -269.16658
   -0.47000E-02    2  -270.07643
   -0.41000E-02    2  -271.00472
   -0.35000E-02    2  -271.93674
   -0.29000E-02    2  -272.84193
   -0.23000E-02    2  -273.67237
   -0.17000E-02    2  -274.36286
   -0.11000E-02    2  -274.84917
   -0.50000E-03    2  -275.08171
    0.10000E-03    2  -275.03711
    0.70000E-03    2  -274.71801
    0.13000E-02    2  -274.15745
    0.19000E-02    2  -273.41319
    0.25000E-02    2  -272.55167
    0.31000E-02    2  -271.63439
    0.37000E-02    2  -270.70237
    0.43000E-02    2  -269.78079
    0.49000E-02    2  -268.88080
    0.55000E-02    2  -268.00936
    0.61000E-02    2  -267.16894
    0.67000E-02    2  -266.36103
    0.73000E-02    2  -265.58549
    0.79000E-02    2  -264.84241
    0.85000E-02    2  -264.13130
    0.91000E-02    2  -263.45235
    0.97000E-02    2  -262.80454
    0.10300E-01    2  -262.18690
    0.10900E-01    2  -261.59789
    0.11500E-01    2  -261.03522
    0.12100E-01    2  -260.49777
    0.12700E-01    2  -259.98446
    0.13300E-01    2  -259.49363
    0.13900E-01    2  -259.02485
    0.14500E-01    2  -258.57505
    0.15100E-01    2  -258.14302
    0.15700E-01    2  -257.72693
    0.16300E-01    2  -257.32618
    0.16900E-01    2  -256.93872
    0.17500E-01    2  -256.56440
    0.18100E-01    2  -256.20199
    0.18700E-01    2  -255.85094
    0.19300E-01    2  -255.51054
    0.20200E-01    2  -254.27620
    0.25000E-01    2  -251.55753
    0.31000E-01    2  -249.30880
    0.37000E-01    2  -247.37807
    0.43000E-01    2  -245.68224
    0.49000E-01    2  -244.16862
    0.55000E-01    2  -242.80065
    0.61000E-01    2  -241.55202
    0.67000E-01    2  -240.40222
    0.73000E-01    2  -239.33520
    0.79000E-01    2  -238.34173
    0.85000E-01    2  -237.41123
    0.91000E-01    2  -236.53509
    0.97000E-01    2  -235.70818
    0.10300        2  -234.92456
    0.10900        2  -234.18007
    0.11500        2  -233.47101
    0.12100        2  -232.79352
    0.12700        2  -232.14640
    0.13300        2  -231.52595
    0.13900        2  -230.92975
    0.14500        2  -230.35679
    0.15100        2  -229.80582
    0.15700        2  -229.27466
    0.16300        2  -228.76184
    0.16900        2  -228.26795
    0.17500        2  -227.78879
    0.18100        2  -227.32652
    0.18700        2  -226.87826
    0.19300        2  -226.44414
    0.19900        2  -226.02235
    0.20500        2  -225.61321
    0.21100        2  -225.21436
    0.21700        2  -224.82599
    0.29500        2  -217.18800
    0.44500        2  -212.36368
    0.59500        2  -208.81528
    0.74500        2  -205.94508
    0.89500        2  -203.51135
     1.0450        2  -201.37776
     1.1950        2  -199.46869
     1.3450        2  -197.73302
     1.4950        2  -196.13749
     1.6450        2  -194.67282
     1.7950        2  -193.33136
     1.9450        2  -192.10409
     2.0950        2  -190.97753
     2.2450        2  -189.94894
     2.3950        2  -189.01196
     2.5450        2  -188.15404
     2.6950        2  -187.36931
     2.8450        2  -186.64346
     2.9950        2  -185.98308
     3.1450        2  -185.37220
     3.2950        2  -184.79648
     3.4450        2  -184.25473
     3.5950        2  -183.74449
     3.7450        2  -183.26996
     3.8950        2  -182.82328
     4.0450        2  -182.39134
     4.1950        2  -181.97280
     4.3450        2  -181.57593
     4.4950        2  -181.18708
     4.6450        2  -180.81937
     4.7950        2  -180.46778
     4.9450        2  -180.12491
     5.0950        2  -179.78988
     5.2450        2  -179.46574
     5.3950        2  -179.15317
     5.5450        2  -178.84795
     5.6950        2  -178.54993
     5.8450        2  -178.26198
     5.9950        2  -177.98180
     6.1450        2  -177.71049
     6.2950        2  -177.44540
     6.4450        2  -177.18544
     6.5950        2  -176.92967
     6.7450        2  -176.68247
     6.8950        2  -176.43848
     7.0450        2  -176.20073
     7.1950        2  -175.96660
     7.3450        2  -175.73605
     7.4950        2  -175.51235
     7.6450        2  -175.29552
     7.7950        2  -175.08266
     7.9450        2  -174.87217
     8.0950        2  -174.66371
     8.2450        2  -174.46205
     8.3950        2  -174.25997
     8.5450        2  -174.06459
     8.6950        2  -173.87116
     8.8450        2  -173.68104
     8.9950        2  -173.49611
     9.1450        2  -173.31289
     9.2950        2  -173.13168
     9.4450        2  -172.95246
     9.5950        2  -172.77891
     9.7450        2  -172.60511
     9.8950        2  -172.43419
     10.045        2  -172.26701
     10.195        2  -172.10257
     10.345        2  -171.94061
     10.495        2  -171.77963
     10.645        2  -171.62324
     10.795        2  -171.46650
     10.945        2  -171.31370
     11.095        2  -171.16128
     11.245        2  -171.01133
     11.395        2  -170.86336
     11.545        2  -170.71853
     11.695        2  -170.57538
     11.845        2  -170.43586
     11.995        2  -170.29573
     12.145        2  -170.15709
     12.295        2  -170.01995
     12.445        2  -169.88598
     12.595        2  -169.75426
     12.745        2  -169.62489
     12.895        2  -169.49587
     13.045        2  -169.36606
     13.195        2  -169.23973
     13.345        2  -169.11522
     13.495        2  -168.99196
     13.645        2  -168.86901
     13.795        2  -168.74821
     13.945        2  -168.62895
     14.095        2  -168.50948
     14.245        2  -168.39147
     14.395        2  -168.27463
     14.545        2  -168.15984
     14.695        2  -168.04529
     14.845        2  -167.93138
     14.995        2  -167.82006
     15.145        2  -167.71038
     15.295        2  -167.60051
     15.445        2  -167.49256
     15.595        2  -167.38408
     15.745        2  -167.27869
     15.895        2  -167.17241
     16.045        2  -167.06969
     16.195        2  -166.96755
     16.345        2  -166.86598
     16.495        2  -166.76345
     16.645        2  -166.66318
     16.795        2  -166.56334
     16.945        2  -166.46426
     17.095        2  -166.36579
     17.245        2  -166.26932
     17.395        2  -166.17073
     17.545        2  -166.07561
     17.695        2  -165.98072
     17.845        2  -165.88787
     17.995        2  -165.79558
     18.145        2  -165.70328
     18.295        2  -165.61116
     18.445        2  -165.51942
     18.595        2  -165.42936
     18.745        2  -165.34004
     18.895        2  -165.25096
     19.045        2  -165.16377
     19.195        2  -165.07712
     19.345        2  -164.99076
     19.495        2  -164.90552
     19.645        2  -164.82107
     19.795        2  -164.73566
     19.945        2  -164.65144
     20.095        2  -164.56719
     21.836        2  -162.03195
     30.068        2  -158.29329
     42.097        2  -154.56840
     58.937        2  -150.88878
     82.515        2  -147.25885
     115.53        2  -143.70290
     161.74        2  -140.21096
     226.45        2  -136.80371
     317.04        2  -133.47661
     443.87        2  -130.23859
     621.44        2  -127.08001
     870.05        2  -124.00229
     1218.1        2  -121.00365
     1705.4        2  -118.08623
     2387.7        2  -115.24739
     3342.9        2  -112.48002
     4680.2        2  -109.78634
     6552.5        2  -107.16223
     9173.8        2  -104.59552
     12844.        2  -102.09389
     17982.        2   -99.66357
     25176.        2   -97.31943
     35247.        2   -95.06660
     49348.        2   -92.90121
     69090.        2   -90.83087
     96729.        2   -88.84893
    0.13543E+06    2   -86.95471
    0.18960E+06    2   -85.15201
    0.26545E+06    2   -83.43011
    0.37165E+06    2   -81.79279
    0.52033E+06    2   -80.22941
    0.72849E+06    2   -78.74466
    0.10199E+07    2   -77.33039
    0.14279E+07    2   -75.98572
    0.19992E+07    2   -74.70394
    0.27990E+07    2   -73.48482
    0.39187E+07    2   -72.32725
    0.54864E+07    2   -71.22815
    0.76812E+07    2   -70.18177
    0.10754E+08    2   -69.18891
    0.15056E+08    2   -68.24420
    0.21080E+08    2   -67.34497
    0.29513E+08    2   -66.49240
    0.41319E+08    2   -65.68570
    0.57849E+08    2   -64.93776
    0.80991E+08    2   -64.24351
    0.11339E+09    2   -63.60203
    0.15875E+09    2   -63.00471
    0.22226E+09    2   -62.44627
    0.31118E+09    2   -61.92237
    0.43567E+09    2   -61.43355
    0.60996E+09    2   -60.98539
    0.85398E+09    2   -60.58116
    0.11956E+10    2   -60.21049
    0.16739E+10    2   -59.87070
    0.23436E+10    2   -59.55844
    0.32811E+10    2   -59.27147
    0.45937E+10    2   -59.00744
    0.64315E+10    2   -58.76522
    0.90044E+10    2   -58.54189
    0.12607E+11    2   -58.33670
    0.17650E+11    2   -58.14774
    0.24711E+11    2   -57.97406
    0.34596E+11    2   -57.81513
    0.48437E+11    2   -57.66845
    0.67814E+11    2   -57.53411
    0.10000E+12    2   -55.99813
