    -29.945         0.00000
    -29.795         0.00000
    -29.645         0.00000
    -29.495         0.00000
    -29.345         0.00000
    -29.195         0.00000
    -29.045         0.00000
    -28.895         0.00000
    -28.745         0.00000
    -28.595         0.00000
    -28.445         0.00000
    -28.295         0.00000
    -28.145         0.00000
    -27.995         0.00000
    -27.845         0.00000
    -27.695         0.00000
    -27.545         0.00000
    -27.395         0.00000
    -27.245         0.00000
    -27.095         0.00000
    -26.945         0.00000
    -26.795         0.00000
    -26.645         0.00000
    -26.495         0.00000
    -26.345         0.00000
    -26.195         0.00000
    -26.045         0.00000
    -25.895         0.00000
    -25.745         0.00000
    -25.595         0.00000
    -25.445         0.00000
    -25.295         0.00000
    -25.145         0.00000
    -24.995         0.00000
    -24.845         0.00000
    -24.695         0.00000
    -24.545         0.00000
    -24.395         0.00000
    -24.245         0.00000
    -24.095         0.00000
    -23.945         0.00000
    -23.795         0.00000
    -23.645         0.00000
    -23.495         0.00000
    -23.345         0.00000
    -23.195         0.00000
    -23.045         0.00000
    -22.895         0.00000
    -22.745         0.00000
    -22.595         0.00000
    -22.445         0.00000
    -22.295         0.00000
    -22.145         0.00000
    -21.995         0.00000
    -21.845         0.00000
    -21.695         0.00000
    -21.545         0.00000
    -21.395         0.00000
    -21.245         0.00000
    -21.095         0.00000
    -20.945         0.00000
    -20.795         0.00000
    -20.645         0.00000
    -20.495         0.00000
    -20.345         0.00000
    -20.195         0.00000
    -20.045         0.00000
    -19.895         0.00000
    -19.745         0.00000
    -19.595         0.00000
    -19.445         0.00000
    -19.295         0.00000
    -19.145         0.00000
    -18.995         0.00000
    -18.845         0.00000
    -18.695         0.00000
    -18.545         0.00000
    -18.395         0.00000
    -18.245         0.00000
    -18.095         0.00000
    -17.945         0.00000
    -17.795         0.00000
    -17.645         0.00000
    -17.495         0.00000
    -17.345         0.00000
    -17.195         0.00000
    -17.045         0.00000
    -16.895         0.00000
    -16.745         0.00000
    -16.595         0.00000
    -16.445         0.00000
    -16.295         0.00000
    -16.145         0.00000
    -15.995        -0.00057
    -15.845        -0.00526
    -15.695        -0.02190
    -15.545        -0.06198
    -15.395        -0.12862
    -15.245        -0.22763
    -15.095        -0.36335
    -14.945        -0.55031
    -14.795        -0.78674
    -14.645        -1.08574
    -14.495        -1.43391
    -14.345        -1.83086
    -14.195        -2.31818
    -14.045        -2.88754
    -13.895        -3.56195
    -13.745        -4.35132
    -13.595        -5.21216
    -13.445        -6.16704
    -13.295        -7.16308
    -13.145        -8.21377
    -12.995        -9.29661
    -12.845       -10.41418
    -12.695       -11.51553
    -12.545       -12.64886
    -12.395       -13.78108
    -12.245       -14.88986
    -12.095       -15.99370
    -11.945       -17.11904
    -11.795       -18.25143
    -11.645       -19.39788
    -11.495       -20.55163
    -11.345       -21.69489
    -11.195       -22.88145
    -11.045       -24.09003
    -10.895       -25.32764
    -10.745       -26.60535
    -10.595       -27.92561
    -10.445       -29.30157
    -10.295       -30.71119
    -10.145       -32.15512
    -9.9950       -33.63768
    -9.8450       -35.15049
    -9.6950       -36.68333
    -9.5450       -38.26930
    -9.3950       -39.90822
    -9.2450       -41.59767
    -9.0950       -43.37837
    -8.9450       -45.20119
    -8.7950       -47.11548
    -8.6450       -49.11298
    -8.4950       -51.20649
    -8.3450       -53.36499
    -8.1950       -55.54518
    -8.0450       -57.78477
    -7.8950       -60.07063
    -7.7450       -62.42918
    -7.5950       -64.80161
    -7.4450       -67.22797
    -7.2950       -69.70821
    -7.1450       -72.19137
    -6.9950       -74.74950
    -6.8450       -77.31783
    -6.6950       -79.92791
    -6.5450       -82.55730
    -6.3950       -85.21429
    -6.2450       -87.87249
    -6.0950       -90.53954
    -5.9450       -93.23955
    -5.7950       -95.91067
    -5.6450       -98.59953
    -5.4950      -101.31402
    -5.3450      -104.04391
    -5.1950      -106.75764
    -5.0450      -109.53756
    -4.8950      -112.35150
    -4.7450      -115.18483
    -4.5950      -118.07263
    -4.4450      -121.01147
    -4.2950      -124.02429
    -4.1450      -127.11199
    -3.9950      -130.29513
    -3.8450      -133.61241
    -3.6950      -137.01964
    -3.5450      -140.58785
    -3.3950      -144.28580
    -3.2450      -148.16012
    -3.0950      -152.19719
    -2.9450      -156.40955
    -2.7950      -160.85569
    -2.6450      -165.55329
    -2.4950      -170.55856
    -2.3450      -175.95983
    -2.1950      -181.89300
    -2.0450      -188.50394
    -1.8950      -195.92402
    -1.7450      -204.31901
    -1.5950      -213.83024
    -1.4450      -224.41554
    -1.2950      -236.06181
    -1.1450      -248.65979
   -0.99500      -262.02288
   -0.84500      -276.00701
   -0.69500      -290.64730
   -0.54500      -306.24456
   -0.39500      -323.93822
   -0.25300      -337.40869
   -0.21500      -338.32923
   -0.20900      -339.26296
   -0.20300      -340.21158
   -0.19700      -341.17593
   -0.19100      -342.15296
   -0.18500      -343.14839
   -0.17900      -344.16111
   -0.17300      -345.19092
   -0.16700      -346.24187
   -0.16100      -347.31502
   -0.15500      -348.40972
   -0.14900      -349.52673
   -0.14300      -350.67090
   -0.13700      -351.84261
   -0.13100      -353.04469
   -0.12500      -354.28034
   -0.11900      -355.55137
   -0.11300      -356.86120
   -0.10700      -358.21255
   -0.10100      -359.61123
   -0.95000E-01  -361.06249
   -0.89000E-01  -362.57311
   -0.83000E-01  -364.15048
   -0.77000E-01  -365.80530
   -0.71000E-01  -367.55248
   -0.65000E-01  -369.40749
   -0.59000E-01  -371.39131
   -0.53000E-01  -373.53819
   -0.47000E-01  -375.89076
   -0.41000E-01  -378.52021
   -0.35000E-01  -381.51725
   -0.29000E-01  -385.02390
   -0.23000E-01  -389.29973
   -0.19700E-01  -389.78118
   -0.19100E-01  -390.27629
   -0.18500E-01  -390.78619
   -0.17900E-01  -391.31121
   -0.17300E-01  -391.85238
   -0.16700E-01  -392.41157
   -0.16100E-01  -392.98932
   -0.15500E-01  -393.58733
   -0.14900E-01  -394.20633
   -0.14300E-01  -394.84777
   -0.13700E-01  -395.51266
   -0.13100E-01  -396.20079
   -0.12500E-01  -396.91314
   -0.11900E-01  -397.64874
   -0.11300E-01  -398.40859
   -0.10700E-01  -399.19304
   -0.10100E-01  -400.00224
   -0.95000E-02  -400.83595
   -0.89000E-02  -401.69369
   -0.83000E-02  -402.57576
   -0.77000E-02  -403.47836
   -0.71000E-02  -404.39628
   -0.65000E-02  -405.32465
   -0.59000E-02  -406.25536
   -0.53000E-02  -407.17764
   -0.47000E-02  -408.07934
   -0.41000E-02  -408.94610
   -0.35000E-02  -409.75954
   -0.29000E-02  -410.49594
   -0.23000E-02  -411.12749
   -0.17000E-02  -411.62492
   -0.11000E-02  -411.96270
   -0.50000E-03  -412.12143
    0.10000E-03  -412.09119
    0.70000E-03  -411.87450
    0.13000E-02  -411.48486
    0.19000E-02  -410.94289
    0.25000E-02  -410.27502
    0.31000E-02  -409.51146
    0.37000E-02  -408.67884
    0.43000E-02  -407.79981
    0.49000E-02  -406.89100
    0.55000E-02  -405.96574
    0.61000E-02  -405.03578
    0.67000E-02  -404.11139
    0.73000E-02  -403.19954
    0.79000E-02  -402.30456
    0.85000E-02  -401.43198
    0.91000E-02  -400.58395
    0.97000E-02  -399.75998
    0.10300E-01  -398.96082
    0.10900E-01  -398.18678
    0.11500E-01  -397.43668
    0.12100E-01  -396.71095
    0.12700E-01  -396.00882
    0.13300E-01  -395.33073
    0.13900E-01  -394.67571
    0.14500E-01  -394.04439
    0.15100E-01  -393.43515
    0.15700E-01  -392.84658
    0.16300E-01  -392.27796
    0.16900E-01  -391.72803
    0.17500E-01  -391.19540
    0.18100E-01  -390.67840
    0.18700E-01  -390.17699
    0.19300E-01  -389.68972
    0.20200E-01  -387.91525
    0.25000E-01  -383.98353
    0.31000E-01  -380.72707
    0.37000E-01  -377.93779
    0.43000E-01  -375.50187
    0.49000E-01  -373.33478
    0.55000E-01  -371.37991
    0.61000E-01  -369.59268
    0.67000E-01  -367.94458
    0.73000E-01  -366.41278
    0.79000E-01  -364.98075
    0.85000E-01  -363.63778
    0.91000E-01  -362.37022
    0.97000E-01  -361.17027
    0.10300      -360.03186
    0.10900      -358.94905
    0.11500      -357.91602
    0.12100      -356.92905
    0.12700      -355.98444
    0.13300      -355.07789
    0.13900      -354.20627
    0.14500      -353.36603
    0.15100      -352.55671
    0.15700      -351.77587
    0.16300      -351.01985
    0.16900      -350.28718
    0.17500      -349.57773
    0.18100      -348.89034
    0.18700      -348.22342
    0.19300      -347.57467
    0.19900      -346.94305
    0.20500      -346.33044
    0.21100      -345.73185
    0.21700      -345.14929
    0.29500      -333.73261
    0.44500      -326.57092
    0.59500      -321.28862
    0.74500      -317.02382
    0.89500      -313.37084
     1.0450      -310.12774
     1.1950      -307.20384
     1.3450      -304.54117
     1.4950      -302.09837
     1.6450      -299.83604
     1.7950      -297.74144
     1.9450      -295.78863
     2.0950      -293.97033
     2.2450      -292.27852
     2.3950      -290.70532
     2.5450      -289.24037
     2.6950      -287.89718
     2.8450      -286.65305
     2.9950      -285.52117
     3.1450      -284.47182
     3.2950      -283.50273
     3.4450      -282.60824
     3.5950      -281.77939
     3.7450      -281.00829
     3.8950      -280.28759
     4.0450      -279.61758
     4.1950      -278.97796
     4.3450      -278.37655
     4.4950      -277.80391
     4.6450      -277.26343
     4.7950      -276.73950
     4.9450      -276.24186
     5.0950      -275.76267
     5.2450      -275.29747
     5.3950      -274.84793
     5.5450      -274.41307
     5.6950      -273.99100
     5.8450      -273.58224
     5.9950      -273.18247
     6.1450      -272.79519
     6.2950      -272.41908
     6.4450      -272.04736
     6.5950      -271.68702
     6.7450      -271.33738
     6.8950      -270.99656
     7.0450      -270.66229
     7.1950      -270.33281
     7.3450      -270.01206
     7.4950      -269.69825
     7.6450      -269.39119
     7.7950      -269.08829
     7.9450      -268.78983
     8.0950      -268.49830
     8.2450      -268.21194
     8.3950      -267.93123
     8.5450      -267.65627
     8.6950      -267.38574
     8.8450      -267.11960
     8.9950      -266.86106
     9.1450      -266.60425
     9.2950      -266.35055
     9.4450      -266.10059
     9.5950      -265.85617
     9.7450      -265.61378
     9.8950      -265.37494
     10.045      -265.13938
     10.195      -264.90759
     10.345      -264.68096
     10.495      -264.45635
     10.645      -264.23545
     10.795      -264.01730
     10.945      -263.80132
     11.095      -263.58900
     11.245      -263.38151
     11.395      -263.17466
     11.545      -262.96933
     11.695      -262.76896
     11.845      -262.56980
     11.995      -262.37419
     12.145      -262.18107
     12.295      -261.98970
     12.445      -261.79964
     12.595      -261.61280
     12.745      -261.42745
     12.895      -261.24436
     13.045      -261.06464
     13.195      -260.88646
     13.345      -260.70916
     13.495      -260.53501
     13.645      -260.36220
     13.795      -260.19223
     13.945      -260.02245
     14.095      -259.85574
     14.245      -259.68935
     14.395      -259.52540
     14.545      -259.36269
     14.695      -259.20248
     14.845      -259.04549
     14.995      -258.88843
     15.145      -258.73351
     15.295      -258.58016
     15.445      -258.42750
     15.595      -258.27644
     15.745      -258.12761
     15.895      -257.97944
     16.045      -257.83156
     16.195      -257.68595
     16.345      -257.54155
     16.495      -257.39773
     16.645      -257.25613
     16.795      -257.11628
     16.945      -256.97799
     17.095      -256.84170
     17.245      -256.70517
     17.395      -256.57054
     17.545      -256.43545
     17.695      -256.30190
     17.845      -256.16992
     17.995      -256.03985
     18.145      -255.90863
     18.295      -255.77944
     18.445      -255.65138
     18.595      -255.52450
     18.745      -255.39898
     18.895      -255.27356
     19.045      -255.15024
     19.195      -255.02744
     19.345      -254.90545
     19.495      -254.78477
     19.645      -254.66412
     19.795      -254.54397
     19.945      -254.42523
     20.095      -254.30837
     20.245      -254.19272
     20.395      -254.07749
     20.545      -253.96333
     20.695      -253.85017
     20.845      -253.73774
     20.995      -253.62638
     21.145      -253.51482
     21.295      -253.40335
     21.445      -253.29385
     21.595      -253.18491
     21.745      -253.07721
     21.895      -252.96934
     22.045      -252.86218
     22.195      -252.75658
     22.345      -252.65091
     22.495      -252.54681
     22.645      -252.44263
     22.795      -252.33945
     22.945      -252.23715
     23.095      -252.13567
     23.245      -252.03533
     23.395      -251.93510
     23.545      -251.83582
     23.695      -251.73677
     23.845      -251.63775
     23.995      -251.54007
     24.145      -251.44283
     24.295      -251.34680
     24.445      -251.25018
     24.595      -251.15418
     24.745      -251.06050
     24.895      -250.96637
     25.045      -250.87237
     25.195      -250.77942
     25.345      -250.68745
     25.495      -250.59592
     25.645      -250.50514
     25.795      -250.41360
     25.945      -250.32328
     26.095      -250.23319
     26.245      -250.14321
     26.395      -250.05409
     26.545      -249.96508
     26.695      -249.87753
     26.845      -249.79051
     26.995      -249.70463
     27.145      -249.61855
     27.295      -249.53303
     27.445      -249.44773
     27.595      -249.36408
     27.745      -249.27953
     27.895      -249.19548
     28.045      -249.11138
     28.195      -249.02825
     28.345      -248.94525
     28.495      -248.86346
     28.645      -248.78239
     28.795      -248.70137
     28.945      -248.62090
     29.095      -248.54111
     29.245      -248.46065
     29.395      -248.38088
     29.545      -248.30256
     29.695      -248.22331
     29.845      -248.14488
     29.995      -248.06687
     30.145      -247.98996
     30.295      -247.91290
     30.445      -247.83605
     30.595      -247.75965
     30.745      -247.68329
     30.895      -247.60726
     31.045      -247.53167
     31.195      -247.45667
     31.345      -247.38098
     31.495      -247.30700
     31.645      -247.23251
     31.795      -247.15947
     31.945      -247.08605
     32.095      -247.01271
     32.245      -246.94042
     32.395      -246.86825
     32.545      -246.79707
     32.695      -246.72557
     32.845      -246.65448
     32.995      -246.58319
     33.145      -246.51218
     33.295      -246.44137
     33.445      -246.37144
     33.595      -246.30216
     33.745      -246.23289
     33.895      -246.16356
     34.045      -246.09545
     34.195      -246.02748
     34.345      -245.95940
     34.495      -245.89223
     34.645      -245.82420
     34.795      -245.75677
     34.945      -245.69055
     35.095      -245.62411
     35.245      -245.55743
     35.395      -245.49183
     35.545      -245.42626
     35.695      -245.36056
     35.845      -245.29471
     35.995      -245.23025
     36.145      -245.16555
     36.295      -245.10120
     36.445      -245.03694
     36.595      -244.97280
     36.745      -244.90960
     36.895      -244.84612
     37.045      -244.78376
     37.195      -244.72103
     37.345      -244.65875
     37.495      -244.59687
     37.645      -244.53498
     37.795      -244.47367
     37.945      -244.41267
     38.095      -244.35128
     38.245      -244.29052
     38.395      -244.22984
     38.545      -244.16936
     38.695      -244.10915
     38.845      -244.04879
     38.995      -243.98989
     39.145      -243.93029
     39.295      -243.87034
     39.445      -243.81110
     39.595      -243.75315
     39.745      -243.69449
     39.895      -243.63629
     40.045      -243.57884
     40.195      -243.52126
     40.345      -243.46370
     40.495      -243.40594
     40.645      -243.34929
     40.795      -243.29288
     40.945      -243.23656
     41.095      -243.18056
     41.245      -243.12387
     41.395      -243.06785
     41.545      -243.01143
     41.695      -242.95603
     41.845      -242.90052
     41.995      -242.84537
     42.145      -242.79000
     42.295      -242.73481
     42.445      -242.68053
     42.595      -242.62674
     42.745      -242.57288
     42.895      -242.51881
     43.045      -242.46507
     43.195      -242.41079
     43.345      -242.35716
     43.495      -242.30490
     43.645      -242.25224
     43.795      -242.19921
     43.945      -242.14626
     44.095      -242.09399
     44.245      -242.04031
     44.395      -241.98798
     44.545      -241.93628
     44.695      -241.88422
     44.845      -241.83233
     44.995      -241.78098
     45.145      -241.72984
     45.295      -241.67855
     45.445      -241.62812
     45.595      -241.57751
     45.745      -241.52720
     45.895      -241.47705
     46.045      -241.42712
     46.195      -241.37669
     46.345      -241.32673
     46.495      -241.27724
     46.645      -241.22754
     46.795      -241.17783
     46.945      -241.12868
     47.095      -241.07942
     47.245      -241.03041
     47.395      -240.98132
     47.545      -240.93298
     47.695      -240.88413
     47.845      -240.83547
     47.995      -240.78718
     48.145      -240.73955
     48.295      -240.69181
     48.445      -240.64391
     48.595      -240.59670
     48.745      -240.54954
     48.895      -240.50277
     49.045      -240.45557
     49.195      -240.40914
     49.345      -240.36282
     49.495      -240.31582
     49.645      -240.26957
     49.795      -240.22283
     49.945      -240.17655
     50.095      -240.13008
     50.245      -240.08422
     50.395      -240.03856
     50.545      -239.99272
     50.695      -239.94653
     50.845      -239.90175
     50.995      -239.85713
     51.145      -239.81262
     51.295      -239.76816
     51.445      -239.72354
     51.595      -239.67905
     51.745      -239.63373
     51.895      -239.58945
     52.045      -239.54547
     52.195      -239.50156
     52.345      -239.45759
     52.495      -239.41393
     52.645      -239.36982
     52.795      -239.32570
     52.945      -239.28283
     53.095      -239.23970
     53.245      -239.19625
     53.395      -239.15325
     53.545      -239.10993
     53.695      -239.06653
     53.845      -239.02363
     53.995      -238.98123
     54.145      -238.93878
     54.295      -238.89679
     54.445      -238.85454
     54.595      -238.81217
     54.745      -238.77032
     54.895      -238.72807
     55.045      -238.68681
     55.195      -238.64545
     55.345      -238.60406
     55.495      -238.56277
     55.645      -238.52148
     55.795      -238.48045
     55.945      -238.43910
     56.095      -238.39833
     56.245      -238.35722
     56.395      -238.31659
     56.545      -238.27623
     56.695      -238.23595
     56.845      -238.19554
     56.995      -238.15520
     57.145      -238.11497
     57.295      -238.07447
     57.445      -238.03436
     57.595      -237.99466
     57.745      -237.95471
     57.895      -237.91506
     58.045      -237.87548
     58.195      -237.83596
     58.345      -237.79654
     58.495      -237.75680
     58.645      -237.71735
     58.795      -237.67854
     58.945      -237.64009
     59.095      -237.60166
     59.245      -237.56328
     59.395      -237.52544
     59.545      -237.48729
     59.695      -237.44898
     59.845      -237.41090
     59.995      -237.37327
     60.145      -237.33514
     70.939      -232.48043
     97.698      -227.69438
     134.55      -222.99006
     185.30      -218.37405
     255.20      -213.85405
     351.46      -209.43138
     484.04      -205.10990
     666.62      -200.89308
     918.07      -196.77598
     1264.4      -192.75949
     1741.3      -188.84126
     2398.1      -185.01720
     3302.7      -181.28386
     4548.5      -177.63597
     6264.3      -174.08136
     8627.2      -170.61186
     11881.      -167.23282
     16363.      -163.94108
     22535.      -160.74653
     31036.      -157.65972
     42743.      -154.68159
     58866.      -151.81979
     81070.      -149.07348
    0.11165E+06  -146.44505
    0.15377E+06  -143.92850
    0.21177E+06  -141.52423
    0.29165E+06  -139.22672
    0.40166E+06  -137.03258
    0.55317E+06  -134.93738
    0.76182E+06  -132.93876
    0.10492E+07  -131.03129
    0.14449E+07  -129.21301
    0.19900E+07  -127.48008
    0.27406E+07  -125.82711
    0.37744E+07  -124.25361
    0.51981E+07  -122.75085
    0.71589E+07  -121.31999
    0.98593E+07  -119.95621
    0.13578E+08  -118.65719
    0.18700E+08  -117.42141
    0.25754E+08  -116.24453
    0.35468E+08  -115.12844
    0.48847E+08  -114.07767
    0.67273E+08  -113.09722
    0.92648E+08  -112.18507
    0.12760E+09  -111.33369
    0.17573E+09  -110.53836
    0.24201E+09  -109.79301
    0.33330E+09  -109.09442
    0.45902E+09  -108.43818
    0.63217E+09  -107.83863
    0.87062E+09  -107.29313
    0.11990E+10  -106.79139
    0.16513E+10  -106.32941
    0.22742E+10  -105.90299
    0.31320E+10  -105.50948
    0.43134E+10  -105.14618
    0.59405E+10  -104.81146
    0.81813E+10  -104.50239
    0.11267E+11  -104.21736
    0.15517E+11  -103.95416
    0.21371E+11  -103.71089
    0.29432E+11  -103.48595
    0.40534E+11  -103.27818
    0.55823E+11  -103.08591
    0.10000E+12  -100.78099
