    -29.945        1     0.00000
    -29.795        1     0.00000
    -29.645        1     0.00000
    -29.495        1     0.00000
    -29.345        1     0.00000
    -29.195        1     0.00000
    -29.045        1     0.00000
    -28.895        1     0.00000
    -28.745        1     0.00000
    -28.595        1     0.00000
    -28.445        1     0.00000
    -28.295        1     0.00000
    -28.145        1     0.00000
    -27.995        1     0.00000
    -27.845        1     0.00000
    -27.695        1     0.00000
    -27.545        1     0.00000
    -27.395        1     0.00000
    -27.245        1     0.00000
    -27.095        1     0.00000
    -26.945        1     0.00000
    -26.795        1     0.00000
    -26.645        1     0.00000
    -26.495        1     0.00000
    -26.345        1     0.00000
    -26.195        1     0.00000
    -26.045        1     0.00000
    -25.895        1     0.00000
    -25.745        1     0.00000
    -25.595        1     0.00000
    -25.445        1     0.00000
    -25.295        1     0.00000
    -25.145        1     0.00000
    -24.995        1     0.00000
    -24.845        1     0.00000
    -24.695        1     0.00000
    -24.545        1     0.00000
    -24.395        1     0.00000
    -24.245        1     0.00000
    -24.095        1     0.00000
    -23.945        1     0.00000
    -23.795        1     0.00000
    -23.645        1     0.00000
    -23.495        1     0.00000
    -23.345        1     0.00000
    -23.195        1     0.00000
    -23.045        1     0.00000
    -22.895        1     0.00000
    -22.745        1     0.00000
    -22.595        1     0.00000
    -22.445        1     0.00000
    -22.295        1    -0.00050
    -22.145        1    -0.00081
    -21.995        1    -0.00113
    -21.845        1    -0.00145
    -21.695        1    -0.00255
    -21.545        1    -0.00400
    -21.395        1    -0.00624
    -21.245        1    -0.00798
    -21.095        1    -0.01164
    -20.945        1    -0.01668
    -20.795        1    -0.01977
    -20.645        1    -0.02537
    -20.495        1    -0.03105
    -20.345        1    -0.03839
    -20.195        1    -0.04749
    -20.045        1    -0.05787
    -19.895        1    -0.06720
    -19.745        1    -0.07784
    -19.595        1    -0.08903
    -19.445        1    -0.10324
    -19.295        1    -0.11810
    -19.145        1    -0.13488
    -18.995        1    -0.15221
    -18.845        1    -0.16784
    -18.695        1    -0.18668
    -18.545        1    -0.20402
    -18.395        1    -0.22207
    -18.245        1    -0.24216
    -18.095        1    -0.26281
    -17.945        1    -0.28719
    -17.795        1    -0.31300
    -17.645        1    -0.34114
    -17.495        1    -0.36729
    -17.345        1    -0.39537
    -17.195        1    -0.42288
    -17.045        1    -0.45275
    -16.895        1    -0.48758
    -16.745        1    -0.52410
    -16.595        1    -0.56125
    -16.445        1    -0.60173
    -16.295        1    -0.64424
    -16.145        1    -0.69397
    -15.995        1    -0.74458
    -15.845        1    -0.80642
    -15.695        1    -0.87423
    -15.545        1    -0.95291
    -15.395        1    -1.03719
    -15.245        1    -1.13219
    -15.095        1    -1.23243
    -14.945        1    -1.35222
    -14.795        1    -1.47842
    -14.645        1    -1.61433
    -14.495        1    -1.75333
    -14.345        1    -1.91106
    -14.195        1    -2.07861
    -14.045        1    -2.26836
    -13.895        1    -2.46052
    -13.745        1    -2.66615
    -13.595        1    -2.89150
    -13.445        1    -3.11790
    -13.295        1    -3.35861
    -13.145        1    -3.61039
    -12.995        1    -3.87971
    -12.845        1    -4.15223
    -12.695        1    -4.43442
    -12.545        1    -4.71910
    -12.395        1    -5.00480
    -12.245        1    -5.28713
    -12.095        1    -5.58262
    -11.945        1    -5.87693
    -11.795        1    -6.16937
    -11.645        1    -6.46915
    -11.495        1    -6.75836
    -11.345        1    -7.06048
    -11.195        1    -7.35784
    -11.045        1    -7.65382
    -10.895        1    -7.94551
    -10.745        1    -8.24966
    -10.595        1    -8.55016
    -10.445        1    -8.84705
    -10.295        1    -9.14255
    -10.145        1    -9.43571
    -9.9950        1    -9.73650
    -9.8450        1   -10.03305
    -9.6950        1   -10.33022
    -9.5450        1   -10.62245
    -9.3950        1   -10.90914
    -9.2450        1   -11.19597
    -9.0950        1   -11.48150
    -8.9450        1   -11.76606
    -8.7950        1   -12.05303
    -8.6450        1   -12.34255
    -8.4950        1   -12.62863
    -8.3450        1   -12.91210
    -8.1950        1   -13.19321
    -8.0450        1   -13.48668
    -7.8950        1   -13.76989
    -7.7450        1   -14.06564
    -7.5950        1   -14.35708
    -7.4450        1   -14.64958
    -7.2950        1   -14.93965
    -7.1450        1   -15.22903
    -6.9950        1   -15.51755
    -6.8450        1   -15.80633
    -6.6950        1   -16.10291
    -6.5450        1   -16.38945
    -6.3950        1   -16.67954
    -6.2450        1   -16.96941
    -6.0950        1   -17.25723
    -5.9450        1   -17.55221
    -5.7950        1   -17.84114
    -5.6450        1   -18.12256
    -5.4950        1   -18.41237
    -5.3450        1   -18.70338
    -5.1950        1   -18.99683
    -5.0450        1   -19.28652
    -4.8950        1   -19.57998
    -4.7450        1   -19.87683
    -4.5950        1   -20.18329
    -4.4450        1   -20.49360
    -4.2950        1   -20.81375
    -4.1450        1   -21.14600
    -3.9950        1   -21.49621
    -3.8450        1   -21.85874
    -3.6950        1   -22.24126
    -3.5450        1   -22.64205
    -3.3950        1   -23.06238
    -3.2450        1   -23.50847
    -3.0950        1   -23.97972
    -2.9450        1   -24.48992
    -2.7950        1   -25.03940
    -2.6450        1   -25.62250
    -2.4950        1   -26.24008
    -2.3450        1   -26.89845
    -2.1950        1   -27.58637
    -2.0450        1   -28.29214
    -1.8950        1   -29.00717
    -1.7450        1   -29.72246
    -1.5950        1   -30.43677
    -1.4450        1   -31.14916
    -1.2950        1   -31.84908
    -1.1450        1   -32.54927
   -0.99500        1   -33.25941
   -0.84500        1   -33.98753
   -0.69500        1   -34.75410
   -0.54500        1   -35.59887
   -0.39500        1   -36.57416
   -0.25300        1   -37.31051
   -0.21500        1   -37.36050
   -0.20900        1   -37.41066
   -0.20300        1   -37.46164
   -0.19700        1   -37.51339
   -0.19100        1   -37.56546
   -0.18500        1   -37.61870
   -0.17900        1   -37.67265
   -0.17300        1   -37.72752
   -0.16700        1   -37.78301
   -0.16100        1   -37.83926
   -0.15500        1   -37.89698
   -0.14900        1   -37.95583
   -0.14300        1   -38.01570
   -0.13700        1   -38.07714
   -0.13100        1   -38.13957
   -0.12500        1   -38.20381
   -0.11900        1   -38.27004
   -0.11300        1   -38.33763
   -0.10700        1   -38.40727
   -0.10100        1   -38.47942
   -0.95000E-01    1   -38.55407
   -0.89000E-01    1   -38.63162
   -0.83000E-01    1   -38.71235
   -0.77000E-01    1   -38.79688
   -0.71000E-01    1   -38.88584
   -0.65000E-01    1   -38.97999
   -0.59000E-01    1   -39.08051
   -0.53000E-01    1   -39.18850
   -0.47000E-01    1   -39.30543
   -0.41000E-01    1   -39.43549
   -0.35000E-01    1   -39.58220
   -0.29000E-01    1   -39.75440
   -0.23000E-01    1   -39.96753
   -0.19700E-01    1   -39.99139
   -0.19100E-01    1   -40.01568
   -0.18500E-01    1   -40.04057
   -0.17900E-01    1   -40.06601
   -0.17300E-01    1   -40.09192
   -0.16700E-01    1   -40.11847
   -0.16100E-01    1   -40.14548
   -0.15500E-01    1   -40.17307
   -0.14900E-01    1   -40.20122
   -0.14300E-01    1   -40.22998
   -0.13700E-01    1   -40.25930
   -0.13100E-01    1   -40.28929
   -0.12500E-01    1   -40.31985
   -0.11900E-01    1   -40.35093
   -0.11300E-01    1   -40.38276
   -0.10700E-01    1   -40.41520
   -0.10100E-01    1   -40.44838
   -0.95000E-02    1   -40.48230
   -0.89000E-02    1   -40.51677
   -0.83000E-02    1   -40.55163
   -0.77000E-02    1   -40.58668
   -0.71000E-02    1   -40.62167
   -0.65000E-02    1   -40.65620
   -0.59000E-02    1   -40.68981
   -0.53000E-02    1   -40.72207
   -0.47000E-02    1   -40.75247
   -0.41000E-02    1   -40.78054
   -0.35000E-02    1   -40.80593
   -0.29000E-02    1   -40.82827
   -0.23000E-02    1   -40.84730
   -0.17000E-02    1   -40.86277
   -0.11000E-02    1   -40.87440
   -0.50000E-03    1   -40.88167
    0.10000E-03    1   -40.88431
    0.70000E-03    1   -40.88151
    0.13000E-02    1   -40.87356
    0.19000E-02    1   -40.86033
    0.25000E-02    1   -40.84221
    0.31000E-02    1   -40.81974
    0.37000E-02    1   -40.79373
    0.43000E-02    1   -40.76484
    0.49000E-02    1   -40.73370
    0.55000E-02    1   -40.70081
    0.61000E-02    1   -40.66678
    0.67000E-02    1   -40.63202
    0.73000E-02    1   -40.59686
    0.79000E-02    1   -40.56177
    0.85000E-02    1   -40.52697
    0.91000E-02    1   -40.49274
    0.97000E-02    1   -40.45903
    0.10300E-01    1   -40.42611
    0.10900E-01    1   -40.39386
    0.11500E-01    1   -40.36232
    0.12100E-01    1   -40.33141
    0.12700E-01    1   -40.30109
    0.13300E-01    1   -40.27148
    0.13900E-01    1   -40.24244
    0.14500E-01    1   -40.21394
    0.15100E-01    1   -40.18605
    0.15700E-01    1   -40.15876
    0.16300E-01    1   -40.13205
    0.16900E-01    1   -40.10581
    0.17500E-01    1   -40.08024
    0.18100E-01    1   -40.05517
    0.18700E-01    1   -40.03062
    0.19300E-01    1   -40.00667
    0.20200E-01    1   -39.91833
    0.25000E-01    1   -39.72293
    0.31000E-01    1   -39.56270
    0.37000E-01    1   -39.42538
    0.43000E-01    1   -39.30415
    0.49000E-01    1   -39.19512
    0.55000E-01    1   -39.09614
    0.61000E-01    1   -39.00524
    0.67000E-01    1   -38.92136
    0.73000E-01    1   -38.84346
    0.79000E-01    1   -38.77103
    0.85000E-01    1   -38.70333
    0.91000E-01    1   -38.64018
    0.97000E-01    1   -38.58071
    0.10300        1   -38.52503
    0.10900        1   -38.47235
    0.11500        1   -38.42259
    0.12100        1   -38.37523
    0.12700        1   -38.33037
    0.13300        1   -38.28758
    0.13900        1   -38.24687
    0.14500        1   -38.20776
    0.15100        1   -38.17026
    0.15700        1   -38.13424
    0.16300        1   -38.09984
    0.16900        1   -38.06663
    0.17500        1   -38.03509
    0.18100        1   -38.00467
    0.18700        1   -37.97526
    0.19300        1   -37.94686
    0.19900        1   -37.91913
    0.20500        1   -37.89262
    0.21100        1   -37.86706
    0.21700        1   -37.84226
    0.29500        1   -37.38719
    0.44500        1   -37.14589
    0.59500        1   -36.97578
    0.74500        1   -36.83975
    0.89500        1   -36.72226
     1.0450        1   -36.61980
     1.1950        1   -36.52624
     1.3450        1   -36.44207
     1.4950        1   -36.36271
     1.6450        1   -36.29123
     1.7950        1   -36.22434
     1.9450        1   -36.16252
     2.0950        1   -36.10233
     2.2450        1   -36.04687
     2.3950        1   -35.99382
     2.5450        1   -35.94369
     2.6950        1   -35.89701
     2.8450        1   -35.85359
     2.9950        1   -35.81198
     3.1450        1   -35.77424
     3.2950        1   -35.73572
     3.4450        1   -35.70197
     3.5950        1   -35.67075
     3.7450        1   -35.64239
     3.8950        1   -35.61514
     4.0450        1   -35.58980
     4.1950        1   -35.56680
     4.3450        1   -35.54413
     4.4950        1   -35.52237
     4.6450        1   -35.50159
     4.7950        1   -35.48167
     4.9450        1   -35.46145
     5.0950        1   -35.44359
     5.2450        1   -35.42646
     5.3950        1   -35.41032
     5.5450        1   -35.39407
     5.6950        1   -35.37868
     5.8450        1   -35.36392
     5.9950        1   -35.34975
     6.1450        1   -35.33612
     6.2950        1   -35.32248
     6.4450        1   -35.30785
     6.5950        1   -35.29583
     6.7450        1   -35.28270
     6.8950        1   -35.27024
     7.0450        1   -35.25803
     7.1950        1   -35.24559
     7.3450        1   -35.23376
     7.4950        1   -35.22159
     7.6450        1   -35.21045
     7.7950        1   -35.19930
     7.9450        1   -35.18824
     8.0950        1   -35.17731
     8.2450        1   -35.16698
     8.3950        1   -35.15657
     8.5450        1   -35.14586
     8.6950        1   -35.13590
     8.8450        1   -35.12615
     8.9950        1   -35.11644
     9.1450        1   -35.10701
     9.2950        1   -35.09706
     9.4450        1   -35.08749
     9.5950        1   -35.07810
     9.7450        1   -35.06909
     9.8950        1   -35.06035
     10.045        1   -35.05131
     10.195        1   -35.04248
     10.345        1   -35.03392
     10.495        1   -35.02531
     10.645        1   -35.01679
     10.795        1   -35.00823
     10.945        1   -34.99995
     11.095        1   -34.99195
     11.245        1   -34.98375
     11.395        1   -34.97583
     11.545        1   -34.96800
     11.695        1   -34.95980
     11.845        1   -34.95219
     11.995        1   -34.94450
     12.145        1   -34.93702
     12.295        1   -34.92957
     12.445        1   -34.92205
     12.595        1   -34.91473
     12.745        1   -34.90782
     12.895        1   -34.90054
     13.045        1   -34.89336
     13.195        1   -34.88663
     13.345        1   -34.87982
     13.495        1   -34.87302
     13.645        1   -34.86613
     13.795        1   -34.85971
     13.945        1   -34.85288
     14.095        1   -34.84636
     14.245        1   -34.83994
     14.395        1   -34.83327
     14.545        1   -34.82677
     14.695        1   -34.82059
     14.845        1   -34.81435
     14.995        1   -34.80819
     15.145        1   -34.80198
     15.295        1   -34.79569
     15.445        1   -34.78951
     15.595        1   -34.78351
     15.745        1   -34.77757
     15.895        1   -34.77169
     16.045        1   -34.76570
     16.195        1   -34.75963
     16.345        1   -34.75380
     16.495        1   -34.74816
     16.645        1   -34.74241
     16.795        1   -34.73663
     16.945        1   -34.73101
     17.095        1   -34.72538
     17.245        1   -34.71985
     17.395        1   -34.71429
     17.545        1   -34.70885
     17.695        1   -34.70368
     17.845        1   -34.69827
     17.995        1   -34.69306
     18.145        1   -34.68777
     18.295        1   -34.68248
     18.445        1   -34.67721
     18.595        1   -34.67202
     18.745        1   -34.66704
     18.895        1   -34.66211
     19.045        1   -34.65719
     19.195        1   -34.65211
     19.345        1   -34.64707
     19.495        1   -34.64212
     19.645        1   -34.63715
     19.795        1   -34.63232
     19.945        1   -34.62707
     20.095        1   -34.62212
     20.245        1   -34.61746
     20.395        1   -34.61279
     20.545        1   -34.60820
     20.695        1   -34.60365
     20.845        1   -34.59894
     20.995        1   -34.59435
     21.145        1   -34.58970
     21.295        1   -34.58512
     21.445        1   -34.58064
     21.595        1   -34.57609
     21.745        1   -34.57167
     21.895        1   -34.56715
     22.045        1   -34.56285
     22.195        1   -34.55840
     22.345        1   -34.55414
     22.495        1   -34.54978
     22.645        1   -34.54551
     22.795        1   -34.54116
     22.945        1   -34.53699
     23.095        1   -34.53262
     23.245        1   -34.52832
     23.395        1   -34.52405
     23.545        1   -34.52002
     23.695        1   -34.51592
     23.845        1   -34.51188
     23.995        1   -34.50783
     24.145        1   -34.50388
     24.295        1   -34.49967
     24.445        1   -34.49560
     24.595        1   -34.49148
     24.745        1   -34.48750
     24.895        1   -34.48360
     25.045        1   -34.47974
     25.195        1   -34.47593
     25.345        1   -34.47174
     25.495        1   -34.46791
     25.645        1   -34.46419
     25.795        1   -34.46042
     25.945        1   -34.45664
     26.095        1   -34.45269
     26.245        1   -34.44895
     26.395        1   -34.44524
     26.545        1   -34.44142
     26.695        1   -34.43776
     26.845        1   -34.43426
     26.995        1   -34.43074
     27.145        1   -34.42697
     27.295        1   -34.42337
     27.445        1   -34.41977
     27.595        1   -34.41619
     27.745        1   -34.41273
     27.895        1   -34.40930
     28.045        1   -34.40580
     28.195        1   -34.40234
     28.345        1   -34.39891
     28.495        1   -34.39554
     28.645        1   -34.39210
     28.795        1   -34.38883
     28.945        1   -34.38528
     29.095        1   -34.38168
     29.245        1   -34.37844
     29.395        1   -34.37500
     29.545        1   -34.37154
     29.695        1   -34.36818
     29.845        1   -34.36488
     29.995        1   -34.36153
     30.145        1   -34.35825
     30.295        1   -34.35496
     30.445        1   -34.35176
     30.595        1   -34.34847
     30.745        1   -34.34537
     30.895        1   -34.34224
     31.045        1   -34.33894
     31.195        1   -34.33551
     31.345        1   -34.33243
     31.495        1   -34.32926
     31.645        1   -34.32617
     31.795        1   -34.32301
     31.945        1   -34.31985
     32.095        1   -34.31684
     32.245        1   -34.31385
     32.395        1   -34.31063
     32.545        1   -34.30757
     32.695        1   -34.30450
     32.845        1   -34.30151
     32.995        1   -34.29848
     33.145        1   -34.29531
     33.295        1   -34.29231
     33.445        1   -34.28928
     33.595        1   -34.28631
     33.745        1   -34.28331
     33.895        1   -34.28024
     34.045        1   -34.27724
     34.195        1   -34.27435
     34.345        1   -34.27154
     34.495        1   -34.26858
     34.645        1   -34.26566
     34.795        1   -34.26273
     34.945        1   -34.26002
     35.095        1   -34.25720
     35.245        1   -34.25423
     35.395        1   -34.25155
     35.545        1   -34.24877
     35.695        1   -34.24592
     35.845        1   -34.24316
     35.995        1   -34.24051
     36.145        1   -34.23769
     36.295        1   -34.23492
     36.445        1   -34.23224
     36.595        1   -34.22941
     36.745        1   -34.22664
     36.895        1   -34.22396
     37.045        1   -34.22122
     37.195        1   -34.21853
     37.345        1   -34.21587
     37.495        1   -34.21273
     37.645        1   -34.21008
     37.795        1   -34.20743
     37.945        1   -34.20468
     38.095        1   -34.20187
     38.245        1   -34.19926
     38.395        1   -34.19677
     38.545        1   -34.19424
     38.695        1   -34.19130
     38.845        1   -34.18870
     38.995        1   -34.18613
     39.145        1   -34.18347
     39.295        1   -34.18101
     39.445        1   -34.17853
     39.595        1   -34.17596
     39.745        1   -34.17348
     39.895        1   -34.17093
     40.045        1   -34.16848
     40.195        1   -34.16579
     40.345        1   -34.16326
     40.495        1   -34.16075
     40.645        1   -34.15835
     40.795        1   -34.15589
     40.945        1   -34.15342
     41.095        1   -34.15097
     41.245        1   -34.14856
     41.395        1   -34.14618
     41.545        1   -34.14383
     41.695        1   -34.14141
     41.845        1   -34.13905
     41.995        1   -34.13671
     42.145        1   -34.13434
     42.295        1   -34.13188
     42.445        1   -34.12953
     42.595        1   -34.12712
     42.745        1   -34.12489
     42.895        1   -34.12232
     43.045        1   -34.11996
     43.195        1   -34.11765
     43.345        1   -34.11520
     43.495        1   -34.11293
     43.645        1   -34.11073
     43.795        1   -34.10845
     43.945        1   -34.10621
     44.095        1   -34.10401
     44.245        1   -34.10174
     44.395        1   -34.09959
     44.545        1   -34.09728
     44.695        1   -34.09508
     44.845        1   -34.09276
     44.995        1   -34.09056
     45.145        1   -34.08824
     45.295        1   -34.08612
     45.445        1   -34.08376
     45.595        1   -34.08162
     45.745        1   -34.07941
     45.895        1   -34.07721
     46.045        1   -34.07513
     46.195        1   -34.07298
     46.345        1   -34.07081
     46.495        1   -34.06855
     46.645        1   -34.06646
     46.795        1   -34.06432
     46.945        1   -34.06220
     47.095        1   -34.06014
     47.245        1   -34.05797
     47.395        1   -34.05583
     47.545        1   -34.05369
     47.695        1   -34.05155
     47.845        1   -34.04946
     47.995        1   -34.04744
     48.145        1   -34.04533
     48.295        1   -34.04328
     48.445        1   -34.04116
     48.595        1   -34.03912
     48.745        1   -34.03707
     48.895        1   -34.03509
     49.045        1   -34.03296
     49.195        1   -34.03087
     49.345        1   -34.02883
     49.495        1   -34.02681
     49.645        1   -34.02481
     49.795        1   -34.02271
     49.945        1   -34.02075
     50.095        1   -34.01873
     50.245        1   -34.01675
     50.395        1   -34.01469
     50.545        1   -34.01272
     50.695        1   -34.01064
     50.845        1   -34.00876
     50.995        1   -34.00676
     51.145        1   -34.00494
     51.295        1   -34.00285
     51.445        1   -34.00089
     51.595        1   -33.99882
     51.745        1   -33.99678
     51.895        1   -33.99481
     52.045        1   -33.99295
     52.195        1   -33.99100
     52.345        1   -33.98907
     52.495        1   -33.98721
     52.645        1   -33.98536
     52.795        1   -33.98354
     52.945        1   -33.98160
     53.095        1   -33.97969
     53.245        1   -33.97774
     53.395        1   -33.97594
     53.545        1   -33.97404
     53.695        1   -33.97210
     53.845        1   -33.97013
     53.995        1   -33.96828
     54.145        1   -33.96643
     54.295        1   -33.96456
     54.445        1   -33.96270
     54.595        1   -33.96071
     54.745        1   -33.95886
     54.895        1   -33.95711
     55.045        1   -33.95523
     55.195        1   -33.95335
     55.345        1   -33.95160
     55.495        1   -33.94973
     55.645        1   -33.94794
     55.795        1   -33.94601
     55.945        1   -33.94416
     56.095        1   -33.94234
     56.245        1   -33.94053
     56.395        1   -33.93876
     56.545        1   -33.93697
     56.695        1   -33.93516
     56.845        1   -33.93336
     56.995        1   -33.93158
     57.145        1   -33.92972
     57.295        1   -33.92796
     57.445        1   -33.92625
     57.595        1   -33.92444
     57.745        1   -33.92280
     57.895        1   -33.92097
     58.045        1   -33.91930
     58.195        1   -33.91739
     58.345        1   -33.91574
     58.495        1   -33.91390
     58.645        1   -33.91214
     58.795        1   -33.91040
     58.945        1   -33.90875
     59.095        1   -33.90696
     59.245        1   -33.90530
     59.395        1   -33.90359
     59.545        1   -33.90193
     59.695        1   -33.90038
     59.845        1   -33.89878
     59.995        1   -33.89704
     60.145        1   -33.89525
     70.939        1   -33.67776
     97.698        1   -33.46036
     134.55        1   -33.24459
     185.30        1   -33.03044
     255.20        1   -32.81830
     351.46        1   -32.60853
     484.04        1   -32.40311
     666.62        1   -32.19969
     918.07        1   -32.00068
     1264.4        1   -31.80512
     1741.3        1   -31.61346
     2398.1        1   -31.42376
     3302.7        1   -31.23936
     4548.5        1   -31.05766
     6264.3        1   -30.87959
     8627.2        1   -30.70439
     11881.        1   -30.53283
     16363.        1   -30.36339
     22535.        1   -30.19678
     31036.        1   -30.03383
     42743.        1   -29.87305
     58866.        1   -29.71532
     81070.        1   -29.56019
    0.11165E+06    1   -29.40723
    0.15377E+06    1   -29.25659
    0.21177E+06    1   -29.10727
    0.29165E+06    1   -28.95992
    0.40166E+06    1   -28.81408
    0.55317E+06    1   -28.66979
    0.76182E+06    1   -28.52618
    0.10492E+07    1   -28.38319
    0.14449E+07    1   -28.24112
    0.19900E+07    1   -28.10008
    0.27406E+07    1   -27.95887
    0.37744E+07    1   -27.81742
    0.51981E+07    1   -27.67536
    0.71589E+07    1   -27.53265
    0.98593E+07    1   -27.38986
    0.13578E+08    1   -27.24665
    0.18700E+08    1   -27.10271
    0.25754E+08    1   -26.95822
    0.35468E+08    1   -26.81444
    0.48847E+08    1   -26.67269
    0.67273E+08    1   -26.53475
    0.92648E+08    1   -26.40058
    0.12760E+09    1   -26.26983
    0.17573E+09    1   -26.14257
    0.24201E+09    1   -26.01913
    0.33330E+09    1   -25.90008
    0.45902E+09    1   -25.78651
    0.63217E+09    1   -25.67977
    0.87062E+09    1   -25.57936
    0.11990E+10    1   -25.48569
    0.16513E+10    1   -25.39839
    0.22742E+10    1   -25.31686
    0.31320E+10    1   -25.24085
    0.43134E+10    1   -25.17013
    0.59405E+10    1   -25.10426
    0.81813E+10    1   -25.04297
    0.11267E+11    1   -24.98563
    0.15517E+11    1   -24.93226
    0.21371E+11    1   -24.88292
    0.29432E+11    1   -24.83692
    0.40534E+11    1   -24.79428
    0.55823E+11    1   -24.75458
    0.10000E+12    1   -24.25791
    -149.95        2     0.00000
    -149.80        2     0.00000
    -149.65        2     0.00000
    -149.49        2     0.00000
    -149.34        2     0.00000
    -149.20        2     0.00000
    -149.05        2     0.00000
    -148.90        2     0.00000
    -148.74        2     0.00000
    -148.59        2     0.00000
    -148.45        2     0.00000
    -148.30        2     0.00000
    -148.15        2     0.00000
    -147.99        2     0.00000
    -147.84        2     0.00000
    -147.70        2     0.00000
    -147.55        2     0.00000
    -147.40        2     0.00000
    -147.24        2     0.00000
    -147.09        2     0.00000
    -146.95        2     0.00000
    -146.80        2     0.00000
    -146.65        2     0.00000
    -146.49        2     0.00000
    -146.34        2     0.00000
    -146.20        2     0.00000
    -146.05        2     0.00000
    -145.90        2     0.00000
    -145.74        2     0.00000
    -145.59        2     0.00000
    -145.45        2     0.00000
    -145.30        2     0.00000
    -145.15        2     0.00000
    -144.99        2     0.00000
    -144.84        2     0.00000
    -144.70        2     0.00000
    -144.55        2     0.00000
    -144.40        2     0.00000
    -144.24        2     0.00000
    -144.09        2     0.00000
    -143.95        2     0.00000
    -143.80        2     0.00000
    -143.65        2     0.00000
    -143.49        2     0.00000
    -143.34        2     0.00000
    -143.20        2     0.00000
    -143.05        2     0.00000
    -142.90        2     0.00000
    -142.74        2     0.00000
    -142.59        2     0.00000
    -142.45        2     0.00000
    -142.30        2     0.00000
    -142.15        2     0.00000
    -141.99        2     0.00000
    -141.84        2     0.00000
    -141.70        2     0.00000
    -141.55        2     0.00000
    -141.40        2     0.00000
    -141.24        2     0.00000
    -141.09        2     0.00000
    -140.95        2     0.00000
    -140.80        2     0.00000
    -140.65        2     0.00000
    -140.49        2     0.00000
    -140.34        2     0.00000
    -140.20        2     0.00000
    -140.05        2     0.00000
    -139.90        2     0.00000
    -139.74        2     0.00000
    -139.59        2     0.00000
    -139.45        2     0.00000
    -139.30        2     0.00000
    -139.15        2     0.00000
    -138.99        2     0.00000
    -138.84        2     0.00000
    -138.70        2     0.00000
    -138.55        2     0.00000
    -138.40        2     0.00000
    -138.24        2     0.00000
    -138.09        2     0.00000
    -137.95        2     0.00000
    -137.80        2     0.00000
    -137.65        2     0.00000
    -137.49        2     0.00000
    -137.34        2     0.00000
    -137.20        2     0.00000
    -137.05        2     0.00000
    -136.90        2     0.00000
    -136.74        2     0.00000
    -136.59        2     0.00000
    -136.45        2     0.00000
    -136.30        2     0.00000
    -136.15        2     0.00000
    -135.99        2     0.00000
    -135.84        2     0.00000
    -135.70        2     0.00000
    -135.55        2     0.00000
    -135.40        2     0.00000
    -135.24        2     0.00000
    -135.09        2     0.00000
    -134.95        2     0.00000
    -134.80        2     0.00000
    -134.65        2     0.00000
    -134.49        2     0.00000
    -134.34        2     0.00000
    -134.20        2     0.00000
    -134.05        2     0.00000
    -133.90        2     0.00000
    -133.74        2     0.00000
    -133.59        2     0.00000
    -133.45        2     0.00000
    -133.30        2     0.00000
    -133.15        2     0.00000
    -132.99        2     0.00000
    -132.84        2     0.00000
    -132.70        2     0.00000
    -132.55        2     0.00000
    -132.40        2     0.00000
    -132.24        2     0.00000
    -132.09        2     0.00000
    -131.95        2     0.00000
    -131.80        2     0.00000
    -131.65        2     0.00000
    -131.49        2     0.00000
    -131.34        2     0.00000
    -131.20        2     0.00000
    -131.05        2     0.00000
    -130.90        2     0.00000
    -130.74        2     0.00000
    -130.59        2     0.00000
    -130.45        2     0.00000
    -130.30        2     0.00000
    -130.15        2     0.00000
    -129.99        2     0.00000
    -129.84        2     0.00000
    -129.70        2     0.00000
    -129.55        2     0.00000
    -129.40        2     0.00000
    -129.24        2     0.00000
    -129.09        2     0.00000
    -128.95        2     0.00000
    -128.80        2     0.00000
    -128.65        2     0.00000
    -128.49        2     0.00000
    -128.34        2     0.00000
    -128.20        2     0.00000
    -128.05        2     0.00000
    -127.89        2     0.00000
    -127.75        2     0.00000
    -127.60        2     0.00000
    -127.44        2     0.00000
    -127.30        2     0.00000
    -127.14        2     0.00000
    -127.00        2     0.00000
    -126.85        2     0.00000
    -126.69        2     0.00000
    -126.55        2     0.00000
    -126.39        2     0.00000
    -126.25        2     0.00000
    -126.10        2     0.00000
    -125.94        2     0.00000
    -125.80        2     0.00000
    -125.64        2     0.00000
    -125.50        2     0.00000
    -125.35        2     0.00000
    -125.19        2     0.00000
    -125.05        2     0.00000
    -124.89        2     0.00000
    -124.75        2     0.00000
    -124.60        2     0.00000
    -124.44        2     0.00000
    -124.30        2     0.00000
    -124.14        2     0.00000
    -124.00        2     0.00000
    -123.85        2     0.00000
    -123.69        2     0.00000
    -123.55        2     0.00000
    -123.39        2     0.00000
    -123.25        2     0.00000
    -123.10        2     0.00000
    -122.94        2     0.00000
    -122.80        2     0.00000
    -122.64        2     0.00000
    -122.50        2     0.00000
    -122.35        2     0.00000
    -122.19        2     0.00000
    -122.05        2     0.00000
    -121.89        2     0.00000
    -121.75        2     0.00000
    -121.60        2     0.00000
    -121.44        2     0.00000
    -121.30        2     0.00000
    -121.14        2     0.00000
    -121.00        2     0.00000
    -120.85        2     0.00000
    -120.69        2     0.00000
    -120.55        2     0.00000
    -120.39        2     0.00000
    -120.25        2     0.00000
    -120.10        2     0.00000
    -119.94        2     0.00000
    -119.80        2     0.00000
    -119.64        2     0.00000
    -119.50        2     0.00000
    -119.35        2     0.00000
    -119.19        2     0.00000
    -119.05        2     0.00000
    -118.89        2     0.00000
    -118.75        2     0.00000
    -118.60        2     0.00000
    -118.44        2     0.00000
    -118.30        2     0.00000
    -118.14        2     0.00000
    -118.00        2     0.00000
    -117.85        2     0.00000
    -117.69        2     0.00000
    -117.55        2     0.00000
    -117.39        2     0.00000
    -117.25        2     0.00000
    -117.10        2     0.00000
    -116.94        2     0.00000
    -116.80        2     0.00000
    -116.64        2     0.00000
    -116.50        2     0.00000
    -116.35        2     0.00000
    -116.19        2     0.00000
    -116.05        2     0.00000
    -115.89        2     0.00000
    -115.75        2     0.00000
    -115.60        2     0.00000
    -115.44        2     0.00000
    -115.30        2     0.00000
    -115.14        2     0.00000
    -115.00        2     0.00000
    -114.85        2     0.00000
    -114.69        2     0.00000
    -114.55        2     0.00000
    -114.39        2     0.00000
    -114.25        2     0.00000
    -114.10        2     0.00000
    -113.94        2     0.00000
    -113.80        2     0.00000
    -113.64        2     0.00000
    -113.50        2     0.00000
    -113.35        2     0.00000
    -113.19        2     0.00000
    -113.05        2     0.00000
    -112.89        2     0.00000
    -112.75        2     0.00000
    -112.60        2     0.00000
    -112.44        2     0.00000
    -112.30        2     0.00000
    -112.14        2     0.00000
    -112.00        2     0.00000
    -111.85        2     0.00000
    -111.69        2     0.00000
    -111.55        2     0.00000
    -111.39        2     0.00000
    -111.25        2     0.00000
    -111.10        2     0.00000
    -110.94        2     0.00000
    -110.80        2     0.00000
    -110.64        2     0.00000
    -110.50        2     0.00000
    -110.35        2     0.00000
    -110.19        2     0.00000
    -110.05        2     0.00000
    -109.89        2     0.00000
    -109.75        2     0.00000
    -109.60        2     0.00000
    -109.44        2     0.00000
    -109.30        2     0.00000
    -109.14        2     0.00000
    -109.00        2     0.00000
    -108.85        2     0.00000
    -108.69        2     0.00000
    -108.55        2     0.00000
    -108.39        2     0.00000
    -108.25        2     0.00000
    -108.10        2     0.00000
    -107.94        2     0.00000
    -107.80        2     0.00000
    -107.64        2     0.00000
    -107.50        2     0.00000
    -107.35        2     0.00000
    -107.19        2     0.00000
    -107.05        2     0.00000
    -106.89        2     0.00000
    -106.75        2     0.00000
    -106.60        2     0.00000
    -106.44        2     0.00000
    -106.30        2     0.00000
    -106.14        2     0.00000
    -106.00        2     0.00000
    -105.85        2     0.00000
    -105.69        2     0.00000
    -105.55        2     0.00000
    -105.39        2     0.00000
    -105.25        2     0.00000
    -105.10        2     0.00000
    -104.94        2     0.00000
    -104.80        2     0.00000
    -104.64        2     0.00000
    -104.50        2     0.00000
    -104.35        2     0.00000
    -104.19        2     0.00000
    -104.05        2     0.00000
    -103.89        2     0.00000
    -103.75        2     0.00000
    -103.60        2     0.00000
    -103.44        2     0.00000
    -103.30        2     0.00000
    -103.14        2     0.00000
    -103.00        2     0.00000
    -102.85        2     0.00000
    -102.69        2     0.00000
    -102.55        2     0.00000
    -102.39        2     0.00000
    -102.25        2     0.00000
    -102.10        2     0.00000
    -101.94        2     0.00000
    -101.80        2     0.00000
    -101.64        2     0.00000
    -101.50        2     0.00000
    -101.35        2     0.00000
    -101.19        2     0.00000
    -101.05        2     0.00000
    -100.89        2     0.00000
    -100.75        2     0.00000
    -100.60        2     0.00000
    -100.44        2     0.00000
    -100.30        2     0.00000
    -100.14        2     0.00000
    -99.995        2     0.00000
    -99.845        2     0.00000
    -99.695        2     0.00000
    -99.545        2     0.00000
    -99.395        2     0.00000
    -99.245        2     0.00000
    -99.095        2     0.00000
    -98.945        2     0.00000
    -98.795        2     0.00000
    -98.645        2     0.00000
    -98.495        2     0.00000
    -98.345        2     0.00000
    -98.195        2     0.00000
    -98.045        2     0.00000
    -97.895        2     0.00000
    -97.745        2     0.00000
    -97.595        2     0.00000
    -97.445        2     0.00000
    -97.295        2     0.00000
    -97.145        2     0.00000
    -96.995        2     0.00000
    -96.845        2     0.00000
    -96.695        2     0.00000
    -96.545        2     0.00000
    -96.395        2     0.00000
    -96.245        2     0.00000
    -96.095        2     0.00000
    -95.945        2     0.00000
    -95.795        2     0.00000
    -95.645        2     0.00000
    -95.495        2     0.00000
    -95.345        2     0.00000
    -95.195        2     0.00000
    -95.045        2     0.00000
    -94.895        2     0.00000
    -94.745        2     0.00000
    -94.595        2     0.00000
    -94.445        2     0.00000
    -94.295        2     0.00000
    -94.145        2     0.00000
    -93.995        2     0.00000
    -93.845        2     0.00000
    -93.695        2     0.00000
    -93.545        2     0.00000
    -93.395        2     0.00000
    -93.245        2     0.00000
    -93.095        2     0.00000
    -92.945        2     0.00000
    -92.795        2     0.00000
    -92.645        2     0.00000
    -92.495        2     0.00000
    -92.345        2     0.00000
    -92.195        2     0.00000
    -92.045        2     0.00000
    -91.895        2     0.00000
    -91.745        2     0.00000
    -91.595        2     0.00000
    -91.445        2     0.00000
    -91.295        2     0.00000
    -91.145        2     0.00000
    -90.995        2     0.00000
    -90.845        2     0.00000
    -90.695        2     0.00000
    -90.545        2     0.00000
    -90.395        2     0.00000
    -90.245        2     0.00000
    -90.095        2     0.00000
    -89.945        2     0.00000
    -89.795        2     0.00000
    -89.645        2     0.00000
    -89.495        2     0.00000
    -89.345        2     0.00000
    -89.195        2     0.00000
    -89.045        2     0.00000
    -88.895        2     0.00000
    -88.745        2     0.00000
    -88.595        2     0.00000
    -88.445        2     0.00000
    -88.295        2     0.00000
    -88.145        2     0.00000
    -87.995        2     0.00000
    -87.845        2     0.00000
    -87.695        2     0.00000
    -87.545        2     0.00000
    -87.395        2     0.00000
    -87.245        2     0.00000
    -87.095        2     0.00000
    -86.945        2     0.00000
    -86.795        2     0.00000
    -86.645        2     0.00000
    -86.495        2     0.00000
    -86.345        2     0.00000
    -86.195        2     0.00000
    -86.045        2     0.00000
    -85.895        2     0.00000
    -85.745        2     0.00000
    -85.595        2     0.00000
    -85.445        2     0.00000
    -85.295        2     0.00000
    -85.145        2     0.00000
    -84.995        2     0.00000
    -84.845        2     0.00000
    -84.695        2     0.00000
    -84.545        2     0.00000
    -84.395        2     0.00000
    -84.245        2     0.00000
    -84.095        2     0.00000
    -83.945        2     0.00000
    -83.795        2     0.00000
    -83.645        2     0.00000
    -83.495        2     0.00000
    -83.345        2     0.00000
    -83.195        2     0.00000
    -83.045        2     0.00000
    -82.895        2     0.00000
    -82.745        2     0.00000
    -82.595        2     0.00000
    -82.445        2     0.00000
    -82.295        2     0.00000
    -82.145        2     0.00000
    -81.995        2     0.00000
    -81.845        2     0.00000
    -81.695        2     0.00000
    -81.545        2     0.00000
    -81.395        2     0.00000
    -81.245        2     0.00000
    -81.095        2     0.00000
    -80.945        2     0.00000
    -80.795        2     0.00000
    -80.645        2     0.00000
    -80.495        2     0.00000
    -80.345        2     0.00000
    -80.195        2     0.00000
    -80.045        2     0.00000
    -79.895        2     0.00000
    -79.745        2     0.00000
    -79.595        2     0.00000
    -79.445        2     0.00000
    -79.295        2     0.00000
    -79.145        2     0.00000
    -78.995        2     0.00000
    -78.845        2     0.00000
    -78.695        2     0.00000
    -78.545        2     0.00000
    -78.395        2     0.00000
    -78.245        2     0.00000
    -78.095        2     0.00000
    -77.945        2     0.00000
    -77.795        2     0.00000
    -77.645        2     0.00000
    -77.495        2     0.00000
    -77.345        2     0.00000
    -77.195        2     0.00000
    -77.045        2     0.00000
    -76.895        2     0.00000
    -76.745        2     0.00000
    -76.595        2     0.00000
    -76.445        2     0.00000
    -76.295        2     0.00000
    -76.145        2     0.00000
    -75.995        2     0.00000
    -75.845        2     0.00000
    -75.695        2     0.00000
    -75.545        2     0.00000
    -75.395        2     0.00000
    -75.245        2     0.00000
    -75.095        2     0.00000
    -74.945        2     0.00000
    -74.795        2     0.00000
    -74.645        2     0.00000
    -74.495        2     0.00000
    -74.345        2     0.00000
    -74.195        2     0.00000
    -74.045        2     0.00000
    -73.895        2     0.00000
    -73.745        2     0.00000
    -73.595        2     0.00000
    -73.445        2     0.00000
    -73.295        2     0.00000
    -73.145        2     0.00000
    -72.995        2     0.00000
    -72.845        2     0.00000
    -72.695        2     0.00000
    -72.545        2     0.00000
    -72.395        2     0.00000
    -72.245        2     0.00000
    -72.095        2     0.00000
    -71.945        2     0.00000
    -71.795        2     0.00000
    -71.645        2     0.00000
    -71.495        2     0.00000
    -71.345        2     0.00000
    -71.195        2     0.00000
    -71.045        2     0.00000
    -70.895        2     0.00000
    -70.745        2     0.00000
    -70.595        2     0.00000
    -70.445        2     0.00000
    -70.295        2     0.00000
    -70.145        2     0.00000
    -69.995        2     0.00000
    -69.845        2     0.00000
    -69.695        2     0.00000
    -69.545        2     0.00000
    -69.395        2     0.00000
    -69.245        2     0.00000
    -69.095        2     0.00000
    -68.945        2     0.00000
    -68.795        2     0.00000
    -68.645        2     0.00000
    -68.495        2     0.00000
    -68.345        2     0.00000
    -68.195        2     0.00000
    -68.045        2     0.00000
    -67.895        2     0.00000
    -67.745        2     0.00000
    -67.595        2     0.00000
    -67.445        2     0.00000
    -67.295        2     0.00000
    -67.145        2     0.00000
    -66.995        2     0.00000
    -66.845        2     0.00000
    -66.695        2     0.00000
    -66.545        2     0.00000
    -66.395        2     0.00000
    -66.245        2     0.00000
    -66.095        2     0.00000
    -65.945        2     0.00000
    -65.795        2     0.00000
    -65.645        2     0.00000
    -65.495        2     0.00000
    -65.345        2     0.00000
    -65.195        2     0.00000
    -65.045        2     0.00000
    -64.895        2     0.00000
    -64.745        2     0.00000
    -64.595        2     0.00000
    -64.445        2     0.00000
    -64.295        2     0.00000
    -64.145        2     0.00000
    -63.995        2     0.00000
    -63.845        2     0.00000
    -63.695        2     0.00000
    -63.545        2     0.00000
    -63.395        2     0.00000
    -63.245        2     0.00000
    -63.095        2     0.00000
    -62.945        2     0.00000
    -62.795        2     0.00000
    -62.645        2     0.00000
    -62.495        2     0.00000
    -62.345        2     0.00000
    -62.195        2     0.00000
    -62.045        2     0.00000
    -61.895        2     0.00000
    -61.745        2     0.00000
    -61.595        2     0.00000
    -61.445        2     0.00000
    -61.295        2     0.00000
    -61.145        2     0.00000
    -60.995        2     0.00000
    -60.845        2     0.00000
    -60.695        2     0.00000
    -60.545        2     0.00000
    -60.395        2     0.00000
    -60.245        2     0.00000
    -60.095        2     0.00000
    -59.945        2     0.00000
    -59.795        2     0.00000
    -59.645        2     0.00000
    -59.495        2     0.00000
    -59.345        2     0.00000
    -59.195        2     0.00000
    -59.045        2     0.00000
    -58.895        2     0.00000
    -58.745        2     0.00000
    -58.595        2     0.00000
    -58.445        2     0.00000
    -58.295        2     0.00000
    -58.145        2     0.00000
    -57.995        2     0.00000
    -57.845        2     0.00000
    -57.695        2     0.00000
    -57.545        2     0.00000
    -57.395        2     0.00000
    -57.245        2     0.00000
    -57.095        2     0.00000
    -56.945        2     0.00000
    -56.795        2     0.00000
    -56.645        2     0.00000
    -56.495        2     0.00000
    -56.345        2     0.00000
    -56.195        2     0.00000
    -56.045        2     0.00000
    -55.895        2     0.00000
    -55.745        2     0.00000
    -55.595        2     0.00000
    -55.445        2     0.00000
    -55.295        2     0.00000
    -55.145        2     0.00000
    -54.995        2     0.00000
    -54.845        2     0.00000
    -54.695        2     0.00000
    -54.545        2     0.00000
    -54.395        2     0.00000
    -54.245        2     0.00000
    -54.095        2     0.00000
    -53.945        2     0.00000
    -53.795        2     0.00000
    -53.645        2     0.00000
    -53.495        2     0.00000
    -53.345        2     0.00000
    -53.195        2     0.00000
    -53.045        2     0.00000
    -52.895        2     0.00000
    -52.745        2     0.00000
    -52.595        2     0.00000
    -52.445        2     0.00000
    -52.295        2     0.00000
    -52.145        2     0.00000
    -51.995        2     0.00000
    -51.845        2     0.00000
    -51.695        2     0.00000
    -51.545        2     0.00000
    -51.395        2     0.00000
    -51.245        2     0.00000
    -51.095        2     0.00000
    -50.945        2     0.00000
    -50.795        2     0.00000
    -50.645        2     0.00000
    -50.495        2     0.00000
    -50.345        2     0.00000
    -50.195        2     0.00000
    -50.045        2     0.00000
    -49.895        2     0.00000
    -49.745        2     0.00000
    -49.595        2     0.00000
    -49.445        2     0.00000
    -49.295        2     0.00000
    -49.145        2     0.00000
    -48.995        2     0.00000
    -48.845        2     0.00000
    -48.695        2     0.00000
    -48.545        2     0.00000
    -48.395        2     0.00000
    -48.245        2     0.00000
    -48.095        2     0.00000
    -47.945        2     0.00000
    -47.795        2     0.00000
    -47.645        2     0.00000
    -47.495        2     0.00000
    -47.345        2     0.00000
    -47.195        2     0.00000
    -47.045        2     0.00000
    -46.895        2     0.00000
    -46.745        2     0.00000
    -46.595        2     0.00000
    -46.445        2     0.00000
    -46.295        2     0.00000
    -46.145        2     0.00000
    -45.995        2     0.00000
    -45.845        2     0.00000
    -45.695        2     0.00000
    -45.545        2     0.00000
    -45.395        2     0.00000
    -45.245        2     0.00000
    -45.095        2     0.00000
    -44.945        2     0.00000
    -44.795        2     0.00000
    -44.645        2     0.00000
    -44.495        2     0.00000
    -44.345        2     0.00000
    -44.195        2     0.00000
    -44.045        2     0.00000
    -43.895        2     0.00000
    -43.745        2     0.00000
    -43.595        2     0.00000
    -43.445        2     0.00000
    -43.295        2     0.00000
    -43.145        2     0.00000
    -42.995        2     0.00000
    -42.845        2     0.00000
    -42.695        2     0.00000
    -42.545        2     0.00000
    -42.395        2     0.00000
    -42.245        2     0.00000
    -42.095        2     0.00000
    -41.945        2     0.00000
    -41.795        2     0.00000
    -41.645        2     0.00000
    -41.495        2     0.00000
    -41.345        2     0.00000
    -41.195        2     0.00000
    -41.045        2     0.00000
    -40.895        2     0.00000
    -40.745        2     0.00000
    -40.595        2     0.00000
    -40.445        2     0.00000
    -40.295        2     0.00000
    -40.145        2     0.00000
    -39.995        2     0.00000
    -39.845        2     0.00000
    -39.695        2     0.00000
    -39.545        2     0.00000
    -39.395        2     0.00000
    -39.245        2     0.00000
    -39.095        2     0.00000
    -38.945        2     0.00000
    -38.795        2     0.00000
    -38.645        2     0.00000
    -38.495        2     0.00000
    -38.345        2     0.00000
    -38.195        2     0.00000
    -38.045        2     0.00000
    -37.895        2     0.00000
    -37.745        2     0.00000
    -37.595        2     0.00000
    -37.445        2     0.00000
    -37.295        2     0.00000
    -37.145        2     0.00000
    -36.995        2     0.00000
    -36.845        2     0.00000
    -36.695        2     0.00000
    -36.545        2     0.00000
    -36.395        2     0.00000
    -36.245        2     0.00000
    -36.095        2     0.00000
    -35.945        2     0.00000
    -35.795        2     0.00000
    -35.645        2     0.00000
    -35.495        2     0.00000
    -35.345        2     0.00000
    -35.195        2     0.00000
    -35.045        2     0.00000
    -34.895        2     0.00000
    -34.745        2     0.00000
    -34.595        2     0.00000
    -34.445        2     0.00000
    -34.295        2     0.00000
    -34.145        2     0.00000
    -33.995        2     0.00000
    -33.845        2     0.00000
    -33.695        2     0.00000
    -33.545        2     0.00000
    -33.395        2     0.00000
    -33.245        2     0.00000
    -33.095        2     0.00000
    -32.945        2     0.00000
    -32.795        2     0.00000
    -32.645        2     0.00000
    -32.495        2     0.00000
    -32.345        2     0.00000
    -32.195        2     0.00000
    -32.045        2     0.00000
    -31.895        2     0.00000
    -31.745        2     0.00000
    -31.595        2     0.00000
    -31.445        2     0.00000
    -31.295        2     0.00000
    -31.145        2     0.00000
    -30.995        2     0.00000
    -30.845        2     0.00000
    -30.695        2     0.00000
    -30.545        2     0.00000
    -30.395        2     0.00000
    -30.245        2     0.00000
    -30.095        2     0.00000
    -29.945        2     0.00000
    -29.795        2     0.00000
    -29.645        2     0.00000
    -29.495        2     0.00000
    -29.345        2     0.00000
    -29.195        2     0.00000
    -29.045        2     0.00000
    -28.895        2     0.00000
    -28.745        2     0.00000
    -28.595        2     0.00000
    -28.445        2     0.00000
    -28.295        2     0.00000
    -28.145        2     0.00000
    -27.995        2     0.00000
    -27.845        2     0.00000
    -27.695        2     0.00000
    -27.545        2     0.00000
    -27.395        2     0.00000
    -27.245        2     0.00000
    -27.095        2     0.00000
    -26.945        2     0.00000
    -26.795        2     0.00000
    -26.645        2     0.00000
    -26.495        2     0.00000
    -26.345        2     0.00000
    -26.195        2     0.00000
    -26.045        2     0.00000
    -25.895        2     0.00000
    -25.745        2     0.00000
    -25.595        2     0.00000
    -25.445        2     0.00000
    -25.295        2     0.00000
    -25.145        2     0.00000
    -24.995        2     0.00000
    -24.845        2     0.00000
    -24.695        2     0.00000
    -24.545        2     0.00000
    -24.395        2     0.00000
    -24.245        2     0.00000
    -24.095        2     0.00000
    -23.945        2     0.00000
    -23.795        2     0.00000
    -23.645        2     0.00000
    -23.495        2     0.00000
    -23.345        2     0.00000
    -23.195        2     0.00000
    -23.045        2     0.00000
    -22.895        2     0.00000
    -22.745        2     0.00000
    -22.595        2     0.00000
    -22.445        2     0.00000
    -22.295        2     0.00000
    -22.145        2     0.00000
    -21.995        2     0.00000
    -21.845        2     0.00000
    -21.695        2     0.00000
    -21.545        2     0.00000
    -21.395        2     0.00000
    -21.245        2     0.00000
    -21.095        2     0.00000
    -20.945        2     0.00000
    -20.795        2     0.00000
    -20.645        2     0.00000
    -20.495        2     0.00000
    -20.345        2     0.00000
    -20.195        2     0.00000
    -20.045        2     0.00000
    -19.895        2     0.00000
    -19.745        2     0.00000
    -19.595        2     0.00000
    -19.445        2     0.00000
    -19.295        2     0.00000
    -19.145        2     0.00000
    -18.995        2     0.00000
    -18.845        2     0.00000
    -18.695        2     0.00000
    -18.545        2     0.00000
    -18.395        2     0.00000
    -18.245        2     0.00000
    -18.095        2     0.00000
    -17.945        2     0.00000
    -17.795        2     0.00000
    -17.645        2     0.00000
    -17.495        2     0.00000
    -17.345        2     0.00000
    -17.195        2     0.00000
    -17.045        2     0.00000
    -16.895        2     0.00000
    -16.745        2     0.00000
    -16.595        2     0.00000
    -16.445        2     0.00000
    -16.295        2     0.00000
    -16.145        2     0.00000
    -15.995        2     0.00000
    -15.845        2     0.00000
    -15.695        2     0.00000
    -15.545        2     0.00000
    -15.395        2     0.00000
    -15.245        2    -0.00053
    -15.095        2    -0.00813
    -14.945        2    -0.03584
    -14.795        2    -0.09579
    -14.645        2    -0.20530
    -14.495        2    -0.35655
    -14.345        2    -0.55093
    -14.195        2    -0.79273
    -14.045        2    -1.07503
    -13.895        2    -1.38885
    -13.745        2    -1.76243
    -13.595        2    -2.16758
    -13.445        2    -2.63684
    -13.295        2    -3.14399
    -13.145        2    -3.70633
    -12.995        2    -4.32498
    -12.845        2    -5.00655
    -12.695        2    -5.73026
    -12.545        2    -6.47672
    -12.395        2    -7.23419
    -12.245        2    -7.99905
    -12.095        2    -8.77684
    -11.945        2    -9.53766
    -11.795        2   -10.29709
    -11.645        2   -11.03623
    -11.495        2   -11.77527
    -11.345        2   -12.48742
    -11.195        2   -13.20115
    -11.045        2   -13.88925
    -10.895        2   -14.57525
    -10.745        2   -15.27999
    -10.595        2   -15.98426
    -10.445        2   -16.70550
    -10.295        2   -17.48465
    -10.145        2   -18.30051
    -9.9950        2   -19.17080
    -9.8450        2   -20.10371
    -9.6950        2   -21.10789
    -9.5450        2   -22.20481
    -9.3950        2   -23.37034
    -9.2450        2   -24.61863
    -9.0950        2   -25.96389
    -8.9450        2   -27.37691
    -8.7950        2   -28.89875
    -8.6450        2   -30.47742
    -8.4950        2   -32.12809
    -8.3450        2   -33.87937
    -8.1950        2   -35.72886
    -8.0450        2   -37.66992
    -7.8950        2   -39.74189
    -7.7450        2   -41.92158
    -7.5950        2   -44.21889
    -7.4450        2   -46.61616
    -7.2950        2   -49.09347
    -7.1450        2   -51.67578
    -6.9950        2   -54.30384
    -6.8450        2   -56.96743
    -6.6950        2   -59.66562
    -6.5450        2   -62.36714
    -6.3950        2   -65.09223
    -6.2450        2   -67.82850
    -6.0950        2   -70.54567
    -5.9450        2   -73.27237
    -5.7950        2   -75.97484
    -5.6450        2   -78.65804
    -5.4950        2   -81.33622
    -5.3450        2   -83.97940
    -5.1950        2   -86.59581
    -5.0450        2   -89.20055
    -4.8950        2   -91.78804
    -4.7450        2   -94.34386
    -4.5950        2   -96.91501
    -4.4450        2   -99.48240
    -4.2950        2  -102.04065
    -4.1450        2  -104.62974
    -3.9950        2  -107.24746
    -3.8450        2  -109.94428
    -3.6950        2  -112.70174
    -3.5450        2  -115.56525
    -3.3950        2  -118.57208
    -3.2450        2  -121.73232
    -3.0950        2  -125.10435
    -2.9450        2  -128.70401
    -2.7950        2  -132.57223
    -2.6450        2  -136.72332
    -2.4950        2  -141.20574
    -2.3450        2  -146.04544
    -2.1950        2  -151.36006
    -2.0450        2  -157.22327
    -1.8950        2  -163.78193
    -1.7450        2  -171.16119
    -1.5950        2  -179.49927
    -1.4450        2  -188.93736
    -1.2950        2  -199.44609
    -1.1450        2  -210.99209
   -0.99500        2  -223.40197
   -0.84500        2  -236.48480
   -0.69500        2  -250.19516
   -0.54500        2  -264.74520
   -0.39500        2  -281.08611
   -0.25300        2  -293.46783
   -0.21500        2  -294.31238
   -0.20900        2  -295.16871
   -0.20300        2  -296.03929
   -0.19700        2  -296.92050
   -0.19100        2  -297.81555
   -0.18500        2  -298.72676
   -0.17900        2  -299.65182
   -0.17300        2  -300.59236
   -0.16700        2  -301.55042
   -0.16100        2  -302.52464
   -0.15500        2  -303.52041
   -0.14900        2  -304.53542
   -0.14300        2  -305.56923
   -0.13700        2  -306.62769
   -0.13100        2  -307.70984
   -0.12500        2  -308.82051
   -0.11900        2  -309.95814
   -0.11300        2  -311.12898
   -0.10700        2  -312.33374
   -0.10100        2  -313.57710
   -0.95000E-01    2  -314.86477
   -0.89000E-01    2  -316.19992
   -0.83000E-01    2  -317.59141
   -0.77000E-01    2  -319.04561
   -0.71000E-01    2  -320.57117
   -0.65000E-01    2  -322.18041
   -0.59000E-01    2  -323.88923
   -0.53000E-01    2  -325.72010
   -0.47000E-01    2  -327.70239
   -0.41000E-01    2  -329.87297
   -0.35000E-01    2  -332.28526
   -0.29000E-01    2  -335.02829
   -0.23000E-01    2  -338.27380
   -0.19700E-01    2  -338.63291
   -0.19100E-01    2  -339.00122
   -0.18500E-01    2  -339.37843
   -0.17900E-01    2  -339.76543
   -0.17300E-01    2  -340.16330
   -0.16700E-01    2  -340.57268
   -0.16100E-01    2  -340.99426
   -0.15500E-01    2  -341.42948
   -0.14900E-01    2  -341.87913
   -0.14300E-01    2  -342.34491
   -0.13700E-01    2  -342.82897
   -0.13100E-01    2  -343.33323
   -0.12500E-01    2  -343.85934
   -0.11900E-01    2  -344.40908
   -0.11300E-01    2  -344.98484
   -0.10700E-01    2  -345.58723
   -0.10100E-01    2  -346.21633
   -0.95000E-02    2  -346.87276
   -0.89000E-02    2  -347.55691
   -0.83000E-02    2  -348.27009
   -0.77000E-02    2  -349.01276
   -0.71000E-02    2  -349.78700
   -0.65000E-02    2  -350.59346
   -0.59000E-02    2  -351.43357
   -0.53000E-02    2  -352.31078
   -0.47000E-02    2  -353.22233
   -0.41000E-02    2  -354.15680
   -0.35000E-02    2  -355.08714
   -0.29000E-02    2  -355.97331
   -0.23000E-02    2  -356.76645
   -0.17000E-02    2  -357.41962
   -0.11000E-02    2  -357.91225
   -0.50000E-03    2  -358.22417
    0.10000E-03    2  -358.29919
    0.70000E-03    2  -358.08817
    0.13000E-02    2  -357.59697
    0.19000E-02    2  -356.89768
    0.25000E-02    2  -356.06802
    0.31000E-02    2  -355.16270
    0.37000E-02    2  -354.22783
    0.43000E-02    2  -353.29973
    0.49000E-02    2  -352.39998
    0.55000E-02    2  -351.53722
    0.61000E-02    2  -350.71057
    0.67000E-02    2  -349.91708
    0.73000E-02    2  -349.15574
    0.79000E-02    2  -348.42547
    0.85000E-02    2  -347.72416
    0.91000E-02    2  -347.05177
    0.97000E-02    2  -346.40742
    0.10300E-01    2  -345.79048
    0.10900E-01    2  -345.20023
    0.11500E-01    2  -344.63688
    0.12100E-01    2  -344.09914
    0.12700E-01    2  -343.58443
    0.13300E-01    2  -343.09089
    0.13900E-01    2  -342.61719
    0.14500E-01    2  -342.16107
    0.15100E-01    2  -341.72033
    0.15700E-01    2  -341.29414
    0.16300E-01    2  -340.88117
    0.16900E-01    2  -340.48026
    0.17500E-01    2  -340.09057
    0.18100E-01    2  -339.71166
    0.18700E-01    2  -339.34231
    0.19300E-01    2  -338.98212
    0.20200E-01    2  -337.65962
    0.25000E-01    2  -334.67592
    0.31000E-01    2  -332.14505
    0.37000E-01    2  -329.93574
    0.43000E-01    2  -327.97633
    0.49000E-01    2  -326.21948
    0.55000E-01    2  -324.62524
    0.61000E-01    2  -323.16165
    0.67000E-01    2  -321.80906
    0.73000E-01    2  -320.55114
    0.79000E-01    2  -319.37543
    0.85000E-01    2  -318.27183
    0.91000E-01    2  -317.23009
    0.97000E-01    2  -316.24409
    0.10300        2  -315.30625
    0.10900        2  -314.41206
    0.11500        2  -313.55504
    0.12100        2  -312.73368
    0.12700        2  -311.94496
    0.13300        2  -311.18525
    0.13900        2  -310.45400
    0.14500        2  -309.74644
    0.15100        2  -309.06327
    0.15700        2  -308.40168
    0.16300        2  -307.76145
    0.16900        2  -307.14035
    0.17500        2  -306.53750
    0.18100        2  -305.95217
    0.18700        2  -305.38359
    0.19300        2  -304.83030
    0.19900        2  -304.29100
    0.20500        2  -303.76698
    0.21100        2  -303.25544
    0.21700        2  -302.75726
    0.29500        2  -292.80830
    0.44500        2  -286.38507
    0.59500        2  -281.55594
    0.74500        2  -277.63594
    0.89500        2  -274.29981
     1.0450        2  -271.35360
     1.1950        2  -268.68038
     1.3450        2  -266.22835
     1.4950        2  -263.94108
     1.6450        2  -261.82230
     1.7950        2  -259.84821
     1.9450        2  -258.02656
     2.0950        2  -256.34573
     2.2450        2  -254.80162
     2.3950        2  -253.39790
     2.5450        2  -252.10522
     2.6950        2  -250.93227
     2.8450        2  -249.86177
     2.9950        2  -248.87700
     3.1450        2  -247.97898
     3.2950        2  -247.14967
     3.4450        2  -246.37487
     3.5950        2  -245.66422
     3.7450        2  -245.00064
     3.8950        2  -244.37850
     4.0450        2  -243.78724
     4.1950        2  -243.22732
     4.3450        2  -242.69283
     4.4950        2  -242.18127
     4.6450        2  -241.69717
     4.7950        2  -241.22888
     4.9450        2  -240.77482
     5.0950        2  -240.33593
     5.2450        2  -239.91807
     5.3950        2  -239.50933
     5.5450        2  -239.11493
     5.6950        2  -238.73168
     5.8450        2  -238.36001
     5.9950        2  -237.99849
     6.1450        2  -237.64480
     6.2950        2  -237.29770
     6.4450        2  -236.96161
     6.5950        2  -236.63548
     6.7450        2  -236.31663
     6.8950        2  -236.00267
     7.0450        2  -235.69943
     7.1950        2  -235.39957
     7.3450        2  -235.10528
     7.4950        2  -234.81739
     7.6450        2  -234.53493
     7.7950        2  -234.25760
     7.9450        2  -233.98944
     8.0950        2  -233.72222
     8.2450        2  -233.46124
     8.3950        2  -233.20580
     8.5450        2  -232.95376
     8.6950        2  -232.70598
     8.8450        2  -232.46314
     8.9950        2  -232.22475
     9.1450        2  -231.99206
     9.2950        2  -231.76149
     9.4450        2  -231.53525
     9.5950        2  -231.31166
     9.7450        2  -231.09190
     9.8950        2  -230.87446
     10.045        2  -230.66152
     10.195        2  -230.45041
     10.345        2  -230.24329
     10.495        2  -230.03837
     10.645        2  -229.83719
     10.795        2  -229.63868
     10.945        2  -229.44292
     11.095        2  -229.24999
     11.245        2  -229.06083
     11.395        2  -228.87234
     11.545        2  -228.68776
     11.695        2  -228.50435
     11.845        2  -228.32443
     11.995        2  -228.14541
     12.145        2  -227.96990
     12.295        2  -227.79359
     12.445        2  -227.62104
     12.595        2  -227.44962
     12.745        2  -227.28264
     12.895        2  -227.11649
     13.045        2  -226.95197
     13.195        2  -226.78936
     13.345        2  -226.62838
     13.495        2  -226.46848
     13.645        2  -226.31094
     13.795        2  -226.15567
     13.945        2  -226.00224
     14.095        2  -225.85119
     14.245        2  -225.70020
     14.395        2  -225.55046
     14.545        2  -225.40411
     14.695        2  -225.25780
     14.845        2  -225.11313
     14.995        2  -224.96937
     15.145        2  -224.82575
     15.295        2  -224.68483
     15.445        2  -224.54576
     15.595        2  -224.40792
     15.745        2  -224.27148
     15.895        2  -224.13570
     16.045        2  -224.00114
     16.195        2  -223.87007
     16.345        2  -223.73910
     16.495        2  -223.61002
     16.645        2  -223.48135
     16.795        2  -223.35411
     16.945        2  -223.22812
     17.095        2  -223.10174
     17.245        2  -222.97811
     17.395        2  -222.85475
     17.545        2  -222.73046
     17.695        2  -222.60877
     17.845        2  -222.48828
     17.995        2  -222.36829
     18.145        2  -222.25116
     18.295        2  -222.13360
     18.445        2  -222.01724
     18.595        2  -221.90281
     18.745        2  -221.78745
     18.895        2  -221.67335
     19.045        2  -221.56162
     19.195        2  -221.44996
     19.345        2  -221.33999
     19.495        2  -221.22934
     19.645        2  -221.12007
     19.795        2  -221.01226
     19.945        2  -220.90485
     20.095        2  -220.79821
     21.836        2  -217.57504
     30.068        2  -212.80004
     42.097        2  -208.06791
     58.937        2  -203.39074
     82.515        2  -198.79753
     115.53        2  -194.27522
     161.74        2  -189.85345
     226.45        2  -185.52837
     317.04        2  -181.30026
     443.87        2  -177.18501
     621.44        2  -173.16768
     870.05        2  -169.25524
     1218.1        2  -165.44725
     1705.4        2  -161.73767
     2387.7        2  -158.12614
     3342.9        2  -154.60346
     4680.2        2  -151.17108
     6552.5        2  -147.82447
     9173.8        2  -144.55757
     12844.        2  -141.37862
     17982.        2  -138.28737
     25176.        2  -135.29983
     35247.        2  -132.41347
     49348.        2  -129.63915
     69090.        2  -126.97930
     96729.        2  -124.43362
    0.13543E+06    2  -122.00234
    0.18960E+06    2  -119.68052
    0.26545E+06    2  -117.46920
    0.37165E+06    2  -115.36340
    0.52033E+06    2  -113.36036
    0.72849E+06    2  -111.45107
    0.10199E+07    2  -109.63293
    0.14279E+07    2  -107.90454
    0.19992E+07    2  -106.26157
    0.27990E+07    2  -104.69923
    0.39187E+07    2  -103.21275
    0.54864E+07    2  -101.79907
    0.76812E+07    2  -100.45718
    0.10754E+08    2   -99.17825
    0.15056E+08    2   -97.96231
    0.21080E+08    2   -96.80866
    0.29513E+08    2   -95.71307
    0.41319E+08    2   -94.68026
    0.57849E+08    2   -93.71634
    0.80991E+08    2   -92.82324
    0.11339E+09    2   -91.99366
    0.15875E+09    2   -91.22257
    0.22226E+09    2   -90.50062
    0.31118E+09    2   -89.82864
    0.43567E+09    2   -89.19971
    0.60996E+09    2   -88.62422
    0.85398E+09    2   -88.10354
    0.11956E+10    2   -87.62720
    0.16739E+10    2   -87.19003
    0.23436E+10    2   -86.78778
    0.32811E+10    2   -86.41834
    0.45937E+10    2   -86.07860
    0.64315E+10    2   -85.76648
    0.90044E+10    2   -85.47974
    0.12607E+11    2   -85.21557
    0.17650E+11    2   -84.97233
    0.24711E+11    2   -84.74933
    0.34596E+11    2   -84.54462
    0.48437E+11    2   -84.35609
    0.67814E+11    2   -84.18287
    0.10000E+12    2   -82.20403
