    -29.945        1     0.00000
    -29.795        1     0.00000
    -29.645        1     0.00000
    -29.495        1     0.00000
    -29.345        1     0.00000
    -29.195        1     0.00000
    -29.045        1     0.00000
    -28.895        1     0.00000
    -28.745        1     0.00000
    -28.595        1     0.00000
    -28.445        1     0.00000
    -28.295        1     0.00000
    -28.145        1     0.00000
    -27.995        1     0.00000
    -27.845        1     0.00000
    -27.695        1     0.00000
    -27.545        1     0.00000
    -27.395        1     0.00000
    -27.245        1     0.00000
    -27.095        1     0.00000
    -26.945        1     0.00000
    -26.795        1     0.00000
    -26.645        1     0.00000
    -26.495        1     0.00000
    -26.345        1     0.00000
    -26.195        1     0.00000
    -26.045        1     0.00000
    -25.895        1     0.00000
    -25.745        1     0.00000
    -25.595        1     0.00000
    -25.445        1     0.00000
    -25.295        1     0.00000
    -25.145        1     0.00000
    -24.995        1     0.00000
    -24.845        1     0.00000
    -24.695        1     0.00000
    -24.545        1     0.00000
    -24.395        1     0.00000
    -24.245        1     0.00000
    -24.095        1     0.00000
    -23.945        1     0.00000
    -23.795        1     0.00000
    -23.645        1     0.00000
    -23.495        1    -0.00018
    -23.345        1    -0.00018
    -23.195        1    -0.00018
    -23.045        1    -0.00052
    -22.895        1    -0.00085
    -22.745        1    -0.00153
    -22.595        1    -0.00271
    -22.445        1    -0.00571
    -22.295        1    -0.01284
    -22.145        1    -0.02125
    -21.995        1    -0.03414
    -21.845        1    -0.05442
    -21.695        1    -0.08308
    -21.545        1    -0.11778
    -21.395        1    -0.16254
    -21.245        1    -0.21315
    -21.095        1    -0.28236
    -20.945        1    -0.35945
    -20.795        1    -0.44593
    -20.645        1    -0.55245
    -20.495        1    -0.66078
    -20.345        1    -0.77551
    -20.195        1    -0.90245
    -20.045        1    -1.02695
    -19.895        1    -1.16536
    -19.745        1    -1.30476
    -19.595        1    -1.45347
    -19.445        1    -1.59883
    -19.295        1    -1.74959
    -19.145        1    -1.89347
    -18.995        1    -2.05034
    -18.845        1    -2.21536
    -18.695        1    -2.39234
    -18.545        1    -2.58201
    -18.395        1    -2.78082
    -18.245        1    -3.00767
    -18.095        1    -3.26826
    -17.945        1    -3.54983
    -17.795        1    -3.86393
    -17.645        1    -4.20825
    -17.495        1    -4.57701
    -17.345        1    -4.99033
    -17.195        1    -5.40804
    -17.045        1    -5.84443
    -16.895        1    -6.31144
    -16.745        1    -6.78407
    -16.595        1    -7.25809
    -16.445        1    -7.77026
    -16.295        1    -8.27658
    -16.145        1    -8.78872
    -15.995        1    -9.29281
    -15.845        1    -9.81224
    -15.695        1   -10.32607
    -15.545        1   -10.82278
    -15.395        1   -11.33903
    -15.245        1   -11.84715
    -15.095        1   -12.34481
    -14.945        1   -12.84601
    -14.795        1   -13.34223
    -14.645        1   -13.82951
    -14.495        1   -14.32695
    -14.345        1   -14.80411
    -14.195        1   -15.28994
    -14.045        1   -15.78774
    -13.895        1   -16.28876
    -13.745        1   -16.78762
    -13.595        1   -17.30970
    -13.445        1   -17.83411
    -13.295        1   -18.35544
    -13.145        1   -18.89809
    -12.995        1   -19.45214
    -12.845        1   -20.01383
    -12.695        1   -20.58108
    -12.545        1   -21.17313
    -12.395        1   -21.76446
    -12.245        1   -22.35993
    -12.095        1   -22.94867
    -11.945        1   -23.52991
    -11.795        1   -24.12167
    -11.645        1   -24.70275
    -11.495        1   -25.28163
    -11.345        1   -25.84147
    -11.195        1   -26.39228
    -11.045        1   -26.91684
    -10.895        1   -27.44850
    -10.745        1   -27.97534
    -10.595        1   -28.48492
    -10.445        1   -28.98746
    -10.295        1   -29.49531
    -10.145        1   -29.99550
    -9.9950        1   -30.47702
    -9.8450        1   -30.96272
    -9.6950        1   -31.44707
    -9.5450        1   -31.94067
    -9.3950        1   -32.42665
    -9.2450        1   -32.91227
    -9.0950        1   -33.40244
    -8.9450        1   -33.89604
    -8.7950        1   -34.39412
    -8.6450        1   -34.88963
    -8.4950        1   -35.38665
    -8.3450        1   -35.89240
    -8.1950        1   -36.38542
    -8.0450        1   -36.89757
    -7.8950        1   -37.41133
    -7.7450        1   -37.93836
    -7.5950        1   -38.48031
    -7.4450        1   -39.01501
    -7.2950        1   -39.56947
    -7.1450        1   -40.15265
    -6.9950        1   -40.73058
    -6.8450        1   -41.31865
    -6.6950        1   -41.91498
    -6.5450        1   -42.52552
    -6.3950        1   -43.15114
    -6.2450        1   -43.78957
    -6.0950        1   -44.45085
    -5.9450        1   -45.12305
    -5.7950        1   -45.80169
    -5.6450        1   -46.50073
    -5.4950        1   -47.22133
    -5.3450        1   -47.94235
    -5.1950        1   -48.67547
    -5.0450        1   -49.42170
    -4.8950        1   -50.19501
    -4.7450        1   -50.98797
    -4.5950        1   -51.79812
    -4.4450        1   -52.63850
    -4.2950        1   -53.51360
    -4.1450        1   -54.42742
    -3.9950        1   -55.38817
    -3.8450        1   -56.39217
    -3.6950        1   -57.46487
    -3.5450        1   -58.60101
    -3.3950        1   -59.80535
    -3.2450        1   -61.08422
    -3.0950        1   -62.43746
    -2.9450        1   -63.86750
    -2.7950        1   -65.38446
    -2.6450        1   -66.97372
    -2.4950        1   -68.65008
    -2.3450        1   -70.38489
    -2.1950        1   -72.16167
    -2.0450        1   -73.94586
    -1.8950        1   -75.73531
    -1.7450        1   -77.53140
    -1.5950        1   -79.31204
    -1.4450        1   -81.09705
    -1.2950        1   -82.87490
    -1.1450        1   -84.68109
   -0.99500        1   -86.53437
   -0.84500        1   -88.46521
   -0.69500        1   -90.53746
   -0.54500        1   -92.84026
   -0.39500        1   -95.51065
   -0.25300        1   -97.49375
   -0.21500        1   -97.62695
   -0.20900        1   -97.76162
   -0.20300        1   -97.89783
   -0.19700        1   -98.03529
   -0.19100        1   -98.17449
   -0.18500        1   -98.31657
   -0.17900        1   -98.46049
   -0.17300        1   -98.60581
   -0.16700        1   -98.75370
   -0.16100        1   -98.90466
   -0.15500        1   -99.05760
   -0.14900        1   -99.21372
   -0.14300        1   -99.37256
   -0.13700        1   -99.53495
   -0.13100        1   -99.70098
   -0.12500        1   -99.87060
   -0.11900        1  -100.04496
   -0.11300        1  -100.22443
   -0.10700        1  -100.40894
   -0.10100        1  -100.59977
   -0.95000E-01    1  -100.79738
   -0.89000E-01    1  -101.00290
   -0.83000E-01    1  -101.21821
   -0.77000E-01    1  -101.44568
   -0.71000E-01    1  -101.68687
   -0.65000E-01    1  -101.94583
   -0.59000E-01    1  -102.22618
   -0.53000E-01    1  -102.53244
   -0.47000E-01    1  -102.86936
   -0.41000E-01    1  -103.24459
   -0.35000E-01    1  -103.66819
   -0.29000E-01    1  -104.15954
   -0.23000E-01    1  -104.76111
   -0.19700E-01    1  -104.82974
   -0.19100E-01    1  -104.90074
   -0.18500E-01    1  -104.97405
   -0.17900E-01    1  -105.05022
   -0.17300E-01    1  -105.12905
   -0.16700E-01    1  -105.21113
   -0.16100E-01    1  -105.29652
   -0.15500E-01    1  -105.38542
   -0.14900E-01    1  -105.47786
   -0.14300E-01    1  -105.57399
   -0.13700E-01    1  -105.67385
   -0.13100E-01    1  -105.77766
   -0.12500E-01    1  -105.88537
   -0.11900E-01    1  -105.99695
   -0.11300E-01    1  -106.11221
   -0.10700E-01    1  -106.23115
   -0.10100E-01    1  -106.35363
   -0.95000E-02    1  -106.47953
   -0.89000E-02    1  -106.60850
   -0.83000E-02    1  -106.74029
   -0.77000E-02    1  -106.87455
   -0.71000E-02    1  -107.01116
   -0.65000E-02    1  -107.14950
   -0.59000E-02    1  -107.28855
   -0.53000E-02    1  -107.42666
   -0.47000E-02    1  -107.56191
   -0.41000E-02    1  -107.69222
   -0.35000E-02    1  -107.81519
   -0.29000E-02    1  -107.92612
   -0.23000E-02    1  -108.02013
   -0.17000E-02    1  -108.09350
   -0.11000E-02    1  -108.14280
   -0.50000E-03    1  -108.16565
    0.10000E-03    1  -108.16106
    0.70000E-03    1  -108.12924
    0.13000E-02    1  -108.07161
    0.19000E-02    1  -107.99095
    0.25000E-02    1  -107.89091
    0.31000E-02    1  -107.77551
    0.37000E-02    1  -107.64987
    0.43000E-02    1  -107.51802
    0.49000E-02    1  -107.38206
    0.55000E-02    1  -107.24467
    0.61000E-02    1  -107.10835
    0.67000E-02    1  -106.97516
    0.73000E-02    1  -106.84591
    0.79000E-02    1  -106.72056
    0.85000E-02    1  -106.59884
    0.91000E-02    1  -106.48020
    0.97000E-02    1  -106.36516
    0.10300E-01    1  -106.25349
    0.10900E-01    1  -106.14503
    0.11500E-01    1  -106.04036
    0.12100E-01    1  -105.93846
    0.12700E-01    1  -105.84026
    0.13300E-01    1  -105.74533
    0.13900E-01    1  -105.65351
    0.14500E-01    1  -105.56460
    0.15100E-01    1  -105.47850
    0.15700E-01    1  -105.39533
    0.16300E-01    1  -105.31468
    0.16900E-01    1  -105.23689
    0.17500E-01    1  -105.16199
    0.18100E-01    1  -105.08934
    0.18700E-01    1  -105.01901
    0.19300E-01    1  -104.95088
    0.20200E-01    1  -104.70205
    0.25000E-01    1  -104.15084
    0.31000E-01    1  -103.68978
    0.37000E-01    1  -103.28859
    0.43000E-01    1  -102.93309
    0.49000E-01    1  -102.61442
    0.55000E-01    1  -102.32653
    0.61000E-01    1  -102.06520
    0.67000E-01    1  -101.82610
    0.73000E-01    1  -101.60474
    0.79000E-01    1  -101.39999
    0.85000E-01    1  -101.20840
    0.91000E-01    1  -101.02778
    0.97000E-01    1  -100.85762
    0.10300        1  -100.69643
    0.10900        1  -100.54247
    0.11500        1  -100.39657
    0.12100        1  -100.25750
    0.12700        1  -100.12481
    0.13300        1   -99.99782
    0.13900        1   -99.87649
    0.14500        1   -99.75960
    0.15100        1   -99.64735
    0.15700        1   -99.53961
    0.16300        1   -99.43593
    0.16900        1   -99.33641
    0.17500        1   -99.23976
    0.18100        1   -99.14626
    0.18700        1   -99.05662
    0.19300        1   -98.97005
    0.19900        1   -98.88573
    0.20500        1   -98.80481
    0.21100        1   -98.72629
    0.21700        1   -98.65095
    0.29500        1   -97.25264
    0.44500        1   -96.48982
    0.59500        1   -95.97702
    0.74500        1   -95.57820
    0.89500        1   -95.24655
     1.0450        1   -94.95638
     1.1950        1   -94.69913
     1.3450        1   -94.46466
     1.4950        1   -94.25067
     1.6450        1   -94.05353
     1.7950        1   -93.86784
     1.9450        1   -93.69999
     2.0950        1   -93.54152
     2.2450        1   -93.39362
     2.3950        1   -93.25973
     2.5450        1   -93.13820
     2.6950        1   -93.02673
     2.8450        1   -92.92138
     2.9950        1   -92.81674
     3.1450        1   -92.72049
     3.2950        1   -92.63320
     3.4450        1   -92.55283
     3.5950        1   -92.47458
     3.7450        1   -92.40320
     3.8950        1   -92.33623
     4.0450        1   -92.26817
     4.1950        1   -92.20473
     4.3450        1   -92.14420
     4.4950        1   -92.08826
     4.6450        1   -92.03489
     4.7950        1   -91.98226
     4.9450        1   -91.93317
     5.0950        1   -91.88634
     5.2450        1   -91.84011
     5.3950        1   -91.79426
     5.5450        1   -91.75143
     5.6950        1   -91.70969
     5.8450        1   -91.67002
     5.9950        1   -91.62986
     6.1450        1   -91.59177
     6.2950        1   -91.55269
     6.4450        1   -91.51621
     6.5950        1   -91.48049
     6.7450        1   -91.44472
     6.8950        1   -91.41053
     7.0450        1   -91.37671
     7.1950        1   -91.34350
     7.3450        1   -91.31058
     7.4950        1   -91.27878
     7.6450        1   -91.24774
     7.7950        1   -91.21707
     7.9450        1   -91.18621
     8.0950        1   -91.15621
     8.2450        1   -91.12750
     8.3950        1   -91.09814
     8.5450        1   -91.07054
     8.6950        1   -91.04319
     8.8450        1   -91.01560
     8.9950        1   -90.98940
     9.1450        1   -90.96312
     9.2950        1   -90.93705
     9.4450        1   -90.91122
     9.5950        1   -90.88671
     9.7450        1   -90.86173
     9.8950        1   -90.83754
     10.045        1   -90.81302
     10.195        1   -90.78846
     10.345        1   -90.76499
     10.495        1   -90.74158
     10.645        1   -90.71835
     10.795        1   -90.69535
     10.945        1   -90.67228
     11.095        1   -90.64943
     11.245        1   -90.62668
     11.395        1   -90.60502
     11.545        1   -90.58331
     11.695        1   -90.56154
     11.845        1   -90.54023
     11.995        1   -90.51902
     12.145        1   -90.49875
     12.295        1   -90.47848
     12.445        1   -90.45853
     12.595        1   -90.43850
     12.745        1   -90.41898
     12.895        1   -90.39935
     13.045        1   -90.37974
     13.195        1   -90.36094
     13.345        1   -90.34187
     13.495        1   -90.32295
     13.645        1   -90.30382
     13.795        1   -90.28540
     13.945        1   -90.26684
     14.095        1   -90.24851
     14.245        1   -90.23059
     14.395        1   -90.21283
     14.545        1   -90.19527
     14.695        1   -90.17807
     14.845        1   -90.16053
     14.995        1   -90.14336
     15.145        1   -90.12675
     15.295        1   -90.10938
     15.445        1   -90.09250
     15.595        1   -90.07574
     15.745        1   -90.05928
     15.895        1   -90.04301
     16.045        1   -90.02713
     16.195        1   -90.01092
     16.345        1   -89.99488
     16.495        1   -89.97888
     16.645        1   -89.96328
     16.795        1   -89.94791
     16.945        1   -89.93264
     17.095        1   -89.91709
     17.245        1   -89.90138
     17.395        1   -89.88600
     17.545        1   -89.87097
     17.695        1   -89.85556
     17.845        1   -89.84052
     17.995        1   -89.82566
     18.145        1   -89.81088
     18.295        1   -89.79625
     18.445        1   -89.78228
     18.595        1   -89.76827
     18.745        1   -89.75447
     18.895        1   -89.74035
     19.045        1   -89.72647
     19.195        1   -89.71239
     19.345        1   -89.69931
     19.495        1   -89.68536
     19.645        1   -89.67186
     19.795        1   -89.65812
     19.945        1   -89.64486
     20.095        1   -89.63198
     20.245        1   -89.61915
     20.395        1   -89.60577
     20.545        1   -89.59296
     20.695        1   -89.58021
     20.845        1   -89.56797
     20.995        1   -89.55491
     21.145        1   -89.54233
     21.295        1   -89.52991
     21.445        1   -89.51684
     21.595        1   -89.50464
     21.745        1   -89.49218
     21.895        1   -89.48014
     22.045        1   -89.46764
     22.195        1   -89.45503
     22.345        1   -89.44323
     22.495        1   -89.43142
     22.645        1   -89.41988
     22.795        1   -89.40834
     22.945        1   -89.39647
     23.095        1   -89.38490
     23.245        1   -89.37327
     23.395        1   -89.36149
     23.545        1   -89.34994
     23.695        1   -89.33859
     23.845        1   -89.32764
     23.995        1   -89.31633
     24.145        1   -89.30505
     24.295        1   -89.29408
     24.445        1   -89.28313
     24.595        1   -89.27242
     24.745        1   -89.26171
     24.895        1   -89.25101
     25.045        1   -89.24040
     25.195        1   -89.22945
     25.345        1   -89.21888
     25.495        1   -89.20848
     25.645        1   -89.19801
     25.795        1   -89.18706
     25.945        1   -89.17666
     26.095        1   -89.16620
     26.245        1   -89.15625
     26.395        1   -89.14601
     26.545        1   -89.13544
     26.695        1   -89.12523
     26.845        1   -89.11518
     26.995        1   -89.10504
     27.145        1   -89.09462
     27.295        1   -89.08464
     27.445        1   -89.07469
     27.595        1   -89.06466
     27.745        1   -89.05439
     27.895        1   -89.04441
     28.045        1   -89.03475
     28.195        1   -89.02537
     28.345        1   -89.01599
     28.495        1   -89.00612
     28.645        1   -88.99638
     28.795        1   -88.98677
     28.945        1   -88.97725
     29.095        1   -88.96813
     29.245        1   -88.95878
     29.395        1   -88.94973
     29.545        1   -88.94057
     29.695        1   -88.93177
     29.845        1   -88.92297
     29.995        1   -88.91402
     30.145        1   -88.90464
     30.295        1   -88.89549
     30.445        1   -88.88703
     30.595        1   -88.87818
     30.745        1   -88.86925
     30.895        1   -88.86016
     31.045        1   -88.85124
     31.195        1   -88.84240
     31.345        1   -88.83372
     31.495        1   -88.82513
     31.645        1   -88.81682
     31.795        1   -88.80791
     31.945        1   -88.79911
     32.095        1   -88.79031
     32.245        1   -88.78166
     32.395        1   -88.77298
     32.545        1   -88.76479
     32.695        1   -88.75689
     32.845        1   -88.74834
     32.995        1   -88.73986
     33.145        1   -88.73171
     33.295        1   -88.72349
     33.445        1   -88.71527
     33.595        1   -88.70737
     33.745        1   -88.69916
     33.895        1   -88.69094
     34.045        1   -88.68275
     34.195        1   -88.67471
     34.345        1   -88.66663
     34.495        1   -88.65900
     34.645        1   -88.65097
     34.795        1   -88.64342
     34.945        1   -88.63584
     35.095        1   -88.62804
     35.245        1   -88.62021
     35.395        1   -88.61241
     35.545        1   -88.60451
     35.695        1   -88.59684
     35.845        1   -88.58906
     35.995        1   -88.58178
     36.145        1   -88.57466
     36.295        1   -88.56738
     36.445        1   -88.55984
     36.595        1   -88.55243
     36.745        1   -88.54521
     36.895        1   -88.53770
     37.045        1   -88.53016
     37.195        1   -88.52283
     37.345        1   -88.51561
     37.495        1   -88.50825
     37.645        1   -88.50108
     37.795        1   -88.49413
     37.945        1   -88.48742
     38.095        1   -88.48023
     38.245        1   -88.47315
     38.395        1   -88.46576
     38.545        1   -88.45846
     38.695        1   -88.45100
     38.845        1   -88.44420
     38.995        1   -88.43675
     39.145        1   -88.42963
     39.295        1   -88.42266
     39.445        1   -88.41548
     39.595        1   -88.40860
     39.745        1   -88.40149
     39.895        1   -88.39475
     40.045        1   -88.38790
     40.195        1   -88.38113
     40.345        1   -88.37418
     40.495        1   -88.36745
     40.645        1   -88.36078
     40.795        1   -88.35357
     40.945        1   -88.34715
     41.095        1   -88.34060
     41.245        1   -88.33406
     41.395        1   -88.32759
     41.545        1   -88.32114
     41.695        1   -88.31446
     41.845        1   -88.30770
     41.995        1   -88.30077
     42.145        1   -88.29419
     42.295        1   -88.28761
     42.445        1   -88.28084
     42.595        1   -88.27429
     42.745        1   -88.26782
     42.895        1   -88.26158
     43.045        1   -88.25513
     43.195        1   -88.24831
     43.345        1   -88.24195
     43.495        1   -88.23551
     43.645        1   -88.22934
     43.795        1   -88.22306
     43.945        1   -88.21701
     44.095        1   -88.21092
     44.245        1   -88.20476
     44.395        1   -88.19858
     44.545        1   -88.19227
     44.695        1   -88.18566
     44.845        1   -88.17952
     44.995        1   -88.17344
     45.145        1   -88.16711
     45.295        1   -88.16106
     45.445        1   -88.15505
     45.595        1   -88.14894
     45.745        1   -88.14302
     45.895        1   -88.13714
     46.045        1   -88.13099
     46.195        1   -88.12483
     46.345        1   -88.11900
     46.495        1   -88.11298
     46.645        1   -88.10720
     46.795        1   -88.10143
     46.945        1   -88.09568
     47.095        1   -88.08976
     47.245        1   -88.08391
     47.395        1   -88.07767
     47.545        1   -88.07180
     47.695        1   -88.06591
     47.845        1   -88.06024
     47.995        1   -88.05454
     48.145        1   -88.04864
     48.295        1   -88.04299
     48.445        1   -88.03739
     48.595        1   -88.03137
     48.745        1   -88.02573
     48.895        1   -88.02017
     49.045        1   -88.01444
     49.195        1   -88.00850
     49.345        1   -88.00277
     49.495        1   -87.99683
     49.645        1   -87.99143
     49.795        1   -87.98595
     49.945        1   -87.98051
     50.095        1   -87.97495
     50.245        1   -87.96946
     50.395        1   -87.96409
     50.545        1   -87.95876
     50.695        1   -87.95309
     50.845        1   -87.94777
     50.995        1   -87.94233
     51.145        1   -87.93670
     51.295        1   -87.93110
     51.445        1   -87.92559
     51.595        1   -87.92008
     51.745        1   -87.91452
     51.895        1   -87.90921
     52.045        1   -87.90380
     52.195        1   -87.89829
     52.345        1   -87.89288
     52.495        1   -87.88736
     52.645        1   -87.88190
     52.795        1   -87.87638
     52.945        1   -87.87088
     53.095        1   -87.86560
     53.245        1   -87.86053
     53.395        1   -87.85509
     53.545        1   -87.84968
     53.695        1   -87.84465
     53.845        1   -87.83974
     53.995        1   -87.83469
     54.145        1   -87.82976
     54.295        1   -87.82439
     54.445        1   -87.81951
     54.595        1   -87.81425
     54.745        1   -87.80903
     54.895        1   -87.80396
     55.045        1   -87.79873
     55.195        1   -87.79336
     55.345        1   -87.78818
     55.495        1   -87.78318
     55.645        1   -87.77820
     55.795        1   -87.77328
     55.945        1   -87.76846
     56.095        1   -87.76348
     56.245        1   -87.75862
     56.395        1   -87.75375
     56.545        1   -87.74896
     56.695        1   -87.74400
     56.845        1   -87.73910
     56.995        1   -87.73426
     57.145        1   -87.72943
     57.295        1   -87.72438
     57.445        1   -87.71956
     57.595        1   -87.71441
     57.745        1   -87.70962
     57.895        1   -87.70474
     58.045        1   -87.69988
     58.195        1   -87.69518
     58.345        1   -87.69052
     58.495        1   -87.68582
     58.645        1   -87.68092
     58.795        1   -87.67630
     58.945        1   -87.67170
     59.095        1   -87.66682
     59.245        1   -87.66191
     59.395        1   -87.65706
     59.545        1   -87.65221
     59.695        1   -87.64718
     59.845        1   -87.64279
     59.995        1   -87.63824
     60.145        1   -87.63354
     70.939        1   -87.03383
     97.698        1   -86.43399
     134.55        1   -85.83660
     185.30        1   -85.24203
     255.20        1   -84.65069
     351.46        1   -84.06584
     484.04        1   -83.48696
     666.62        1   -82.91926
     918.07        1   -82.35464
     1264.4        1   -81.80113
     1741.3        1   -81.25416
     2398.1        1   -80.71403
     3302.7        1   -80.18008
     4548.5        1   -79.65763
     6264.3        1   -79.14279
     8627.2        1   -78.63432
     11881.        1   -78.13351
     16363.        1   -77.63903
     22535.        1   -77.15202
     31036.        1   -76.67160
     42743.        1   -76.19581
     58866.        1   -75.72462
     81070.        1   -75.26152
    0.11165E+06    1   -74.80364
    0.15377E+06    1   -74.35093
    0.21177E+06    1   -73.90178
    0.29165E+06    1   -73.45670
    0.40166E+06    1   -73.01570
    0.55317E+06    1   -72.57746
    0.76182E+06    1   -72.14148
    0.10492E+07    1   -71.70772
    0.14449E+07    1   -71.27586
    0.19900E+07    1   -70.84552
    0.27406E+07    1   -70.41396
    0.37744E+07    1   -69.98133
    0.51981E+07    1   -69.54660
    0.71589E+07    1   -69.11007
    0.98593E+07    1   -68.67250
    0.13578E+08    1   -68.23256
    0.18700E+08    1   -67.79057
    0.25754E+08    1   -67.34708
    0.35468E+08    1   -66.90625
    0.48847E+08    1   -66.47204
    0.67273E+08    1   -66.04972
    0.92648E+08    1   -65.63761
    0.12760E+09    1   -65.23632
    0.17573E+09    1   -64.84589
    0.24201E+09    1   -64.46798
    0.33330E+09    1   -64.10269
    0.45902E+09    1   -63.75493
    0.63217E+09    1   -63.42607
    0.87062E+09    1   -63.11862
    0.11990E+10    1   -62.83158
    0.16513E+10    1   -62.56378
    0.22742E+10    1   -62.31547
    0.31320E+10    1   -62.08342
    0.43134E+10    1   -61.86680
    0.59405E+10    1   -61.66518
    0.81813E+10    1   -61.47670
    0.11267E+11    1   -61.30158
    0.15517E+11    1   -61.13877
    0.21371E+11    1   -60.98644
    0.29432E+11    1   -60.84564
    0.40534E+11    1   -60.71465
    0.55823E+11    1   -60.59288
    0.10000E+12    1   -59.07337
    -149.95        2     0.00000
    -149.80        2     0.00000
    -149.65        2     0.00000
    -149.49        2     0.00000
    -149.34        2     0.00000
    -149.20        2     0.00000
    -149.05        2     0.00000
    -148.90        2     0.00000
    -148.74        2     0.00000
    -148.59        2     0.00000
    -148.45        2     0.00000
    -148.30        2     0.00000
    -148.15        2     0.00000
    -147.99        2     0.00000
    -147.84        2     0.00000
    -147.70        2     0.00000
    -147.55        2     0.00000
    -147.40        2     0.00000
    -147.24        2     0.00000
    -147.09        2     0.00000
    -146.95        2     0.00000
    -146.80        2     0.00000
    -146.65        2     0.00000
    -146.49        2     0.00000
    -146.34        2     0.00000
    -146.20        2     0.00000
    -146.05        2     0.00000
    -145.90        2     0.00000
    -145.74        2     0.00000
    -145.59        2     0.00000
    -145.45        2     0.00000
    -145.30        2     0.00000
    -145.15        2     0.00000
    -144.99        2     0.00000
    -144.84        2     0.00000
    -144.70        2     0.00000
    -144.55        2     0.00000
    -144.40        2     0.00000
    -144.24        2     0.00000
    -144.09        2     0.00000
    -143.95        2     0.00000
    -143.80        2     0.00000
    -143.65        2     0.00000
    -143.49        2     0.00000
    -143.34        2     0.00000
    -143.20        2     0.00000
    -143.05        2     0.00000
    -142.90        2     0.00000
    -142.74        2     0.00000
    -142.59        2     0.00000
    -142.45        2     0.00000
    -142.30        2     0.00000
    -142.15        2     0.00000
    -141.99        2     0.00000
    -141.84        2     0.00000
    -141.70        2     0.00000
    -141.55        2     0.00000
    -141.40        2     0.00000
    -141.24        2     0.00000
    -141.09        2     0.00000
    -140.95        2     0.00000
    -140.80        2     0.00000
    -140.65        2     0.00000
    -140.49        2     0.00000
    -140.34        2     0.00000
    -140.20        2     0.00000
    -140.05        2     0.00000
    -139.90        2     0.00000
    -139.74        2     0.00000
    -139.59        2     0.00000
    -139.45        2     0.00000
    -139.30        2     0.00000
    -139.15        2     0.00000
    -138.99        2     0.00000
    -138.84        2     0.00000
    -138.70        2     0.00000
    -138.55        2     0.00000
    -138.40        2     0.00000
    -138.24        2     0.00000
    -138.09        2     0.00000
    -137.95        2     0.00000
    -137.80        2     0.00000
    -137.65        2     0.00000
    -137.49        2     0.00000
    -137.34        2     0.00000
    -137.20        2     0.00000
    -137.05        2     0.00000
    -136.90        2     0.00000
    -136.74        2     0.00000
    -136.59        2     0.00000
    -136.45        2     0.00000
    -136.30        2     0.00000
    -136.15        2     0.00000
    -135.99        2     0.00000
    -135.84        2     0.00000
    -135.70        2     0.00000
    -135.55        2     0.00000
    -135.40        2     0.00000
    -135.24        2     0.00000
    -135.09        2     0.00000
    -134.95        2     0.00000
    -134.80        2     0.00000
    -134.65        2     0.00000
    -134.49        2     0.00000
    -134.34        2     0.00000
    -134.20        2     0.00000
    -134.05        2     0.00000
    -133.90        2     0.00000
    -133.74        2     0.00000
    -133.59        2     0.00000
    -133.45        2     0.00000
    -133.30        2     0.00000
    -133.15        2     0.00000
    -132.99        2     0.00000
    -132.84        2     0.00000
    -132.70        2     0.00000
    -132.55        2     0.00000
    -132.40        2     0.00000
    -132.24        2     0.00000
    -132.09        2     0.00000
    -131.95        2     0.00000
    -131.80        2     0.00000
    -131.65        2     0.00000
    -131.49        2     0.00000
    -131.34        2     0.00000
    -131.20        2     0.00000
    -131.05        2     0.00000
    -130.90        2     0.00000
    -130.74        2     0.00000
    -130.59        2     0.00000
    -130.45        2     0.00000
    -130.30        2     0.00000
    -130.15        2     0.00000
    -129.99        2     0.00000
    -129.84        2     0.00000
    -129.70        2     0.00000
    -129.55        2     0.00000
    -129.40        2     0.00000
    -129.24        2     0.00000
    -129.09        2     0.00000
    -128.95        2     0.00000
    -128.80        2     0.00000
    -128.65        2     0.00000
    -128.49        2     0.00000
    -128.34        2     0.00000
    -128.20        2     0.00000
    -128.05        2     0.00000
    -127.89        2     0.00000
    -127.75        2     0.00000
    -127.60        2     0.00000
    -127.44        2     0.00000
    -127.30        2     0.00000
    -127.14        2     0.00000
    -127.00        2     0.00000
    -126.85        2     0.00000
    -126.69        2     0.00000
    -126.55        2     0.00000
    -126.39        2     0.00000
    -126.25        2     0.00000
    -126.10        2     0.00000
    -125.94        2     0.00000
    -125.80        2     0.00000
    -125.64        2     0.00000
    -125.50        2     0.00000
    -125.35        2     0.00000
    -125.19        2     0.00000
    -125.05        2     0.00000
    -124.89        2     0.00000
    -124.75        2     0.00000
    -124.60        2     0.00000
    -124.44        2     0.00000
    -124.30        2     0.00000
    -124.14        2     0.00000
    -124.00        2     0.00000
    -123.85        2     0.00000
    -123.69        2     0.00000
    -123.55        2     0.00000
    -123.39        2     0.00000
    -123.25        2     0.00000
    -123.10        2     0.00000
    -122.94        2     0.00000
    -122.80        2     0.00000
    -122.64        2     0.00000
    -122.50        2     0.00000
    -122.35        2     0.00000
    -122.19        2     0.00000
    -122.05        2     0.00000
    -121.89        2     0.00000
    -121.75        2     0.00000
    -121.60        2     0.00000
    -121.44        2     0.00000
    -121.30        2     0.00000
    -121.14        2     0.00000
    -121.00        2     0.00000
    -120.85        2     0.00000
    -120.69        2     0.00000
    -120.55        2     0.00000
    -120.39        2     0.00000
    -120.25        2     0.00000
    -120.10        2     0.00000
    -119.94        2     0.00000
    -119.80        2     0.00000
    -119.64        2     0.00000
    -119.50        2     0.00000
    -119.35        2     0.00000
    -119.19        2     0.00000
    -119.05        2     0.00000
    -118.89        2     0.00000
    -118.75        2     0.00000
    -118.60        2     0.00000
    -118.44        2     0.00000
    -118.30        2     0.00000
    -118.14        2     0.00000
    -118.00        2     0.00000
    -117.85        2     0.00000
    -117.69        2     0.00000
    -117.55        2     0.00000
    -117.39        2     0.00000
    -117.25        2     0.00000
    -117.10        2     0.00000
    -116.94        2     0.00000
    -116.80        2     0.00000
    -116.64        2     0.00000
    -116.50        2     0.00000
    -116.35        2     0.00000
    -116.19        2     0.00000
    -116.05        2     0.00000
    -115.89        2     0.00000
    -115.75        2     0.00000
    -115.60        2     0.00000
    -115.44        2     0.00000
    -115.30        2     0.00000
    -115.14        2     0.00000
    -115.00        2     0.00000
    -114.85        2     0.00000
    -114.69        2     0.00000
    -114.55        2     0.00000
    -114.39        2     0.00000
    -114.25        2     0.00000
    -114.10        2     0.00000
    -113.94        2     0.00000
    -113.80        2     0.00000
    -113.64        2     0.00000
    -113.50        2     0.00000
    -113.35        2     0.00000
    -113.19        2     0.00000
    -113.05        2     0.00000
    -112.89        2     0.00000
    -112.75        2     0.00000
    -112.60        2     0.00000
    -112.44        2     0.00000
    -112.30        2     0.00000
    -112.14        2     0.00000
    -112.00        2     0.00000
    -111.85        2     0.00000
    -111.69        2     0.00000
    -111.55        2     0.00000
    -111.39        2     0.00000
    -111.25        2     0.00000
    -111.10        2     0.00000
    -110.94        2     0.00000
    -110.80        2     0.00000
    -110.64        2     0.00000
    -110.50        2     0.00000
    -110.35        2     0.00000
    -110.19        2     0.00000
    -110.05        2     0.00000
    -109.89        2     0.00000
    -109.75        2     0.00000
    -109.60        2     0.00000
    -109.44        2     0.00000
    -109.30        2     0.00000
    -109.14        2     0.00000
    -109.00        2     0.00000
    -108.85        2     0.00000
    -108.69        2     0.00000
    -108.55        2     0.00000
    -108.39        2     0.00000
    -108.25        2     0.00000
    -108.10        2     0.00000
    -107.94        2     0.00000
    -107.80        2     0.00000
    -107.64        2     0.00000
    -107.50        2     0.00000
    -107.35        2     0.00000
    -107.19        2     0.00000
    -107.05        2     0.00000
    -106.89        2     0.00000
    -106.75        2     0.00000
    -106.60        2     0.00000
    -106.44        2     0.00000
    -106.30        2     0.00000
    -106.14        2     0.00000
    -106.00        2     0.00000
    -105.85        2     0.00000
    -105.69        2     0.00000
    -105.55        2     0.00000
    -105.39        2     0.00000
    -105.25        2     0.00000
    -105.10        2     0.00000
    -104.94        2     0.00000
    -104.80        2     0.00000
    -104.64        2     0.00000
    -104.50        2     0.00000
    -104.35        2     0.00000
    -104.19        2     0.00000
    -104.05        2     0.00000
    -103.89        2     0.00000
    -103.75        2     0.00000
    -103.60        2     0.00000
    -103.44        2     0.00000
    -103.30        2     0.00000
    -103.14        2     0.00000
    -103.00        2     0.00000
    -102.85        2     0.00000
    -102.69        2     0.00000
    -102.55        2     0.00000
    -102.39        2     0.00000
    -102.25        2     0.00000
    -102.10        2     0.00000
    -101.94        2     0.00000
    -101.80        2     0.00000
    -101.64        2     0.00000
    -101.50        2     0.00000
    -101.35        2     0.00000
    -101.19        2     0.00000
    -101.05        2     0.00000
    -100.89        2     0.00000
    -100.75        2     0.00000
    -100.60        2     0.00000
    -100.44        2     0.00000
    -100.30        2     0.00000
    -100.14        2     0.00000
    -99.995        2     0.00000
    -99.845        2     0.00000
    -99.695        2     0.00000
    -99.545        2     0.00000
    -99.395        2     0.00000
    -99.245        2     0.00000
    -99.095        2     0.00000
    -98.945        2     0.00000
    -98.795        2     0.00000
    -98.645        2     0.00000
    -98.495        2     0.00000
    -98.345        2     0.00000
    -98.195        2     0.00000
    -98.045        2     0.00000
    -97.895        2     0.00000
    -97.745        2     0.00000
    -97.595        2     0.00000
    -97.445        2     0.00000
    -97.295        2     0.00000
    -97.145        2     0.00000
    -96.995        2     0.00000
    -96.845        2     0.00000
    -96.695        2     0.00000
    -96.545        2     0.00000
    -96.395        2     0.00000
    -96.245        2     0.00000
    -96.095        2     0.00000
    -95.945        2     0.00000
    -95.795        2     0.00000
    -95.645        2     0.00000
    -95.495        2     0.00000
    -95.345        2     0.00000
    -95.195        2     0.00000
    -95.045        2     0.00000
    -94.895        2     0.00000
    -94.745        2     0.00000
    -94.595        2     0.00000
    -94.445        2     0.00000
    -94.295        2     0.00000
    -94.145        2     0.00000
    -93.995        2     0.00000
    -93.845        2     0.00000
    -93.695        2     0.00000
    -93.545        2     0.00000
    -93.395        2     0.00000
    -93.245        2     0.00000
    -93.095        2     0.00000
    -92.945        2     0.00000
    -92.795        2     0.00000
    -92.645        2     0.00000
    -92.495        2     0.00000
    -92.345        2     0.00000
    -92.195        2     0.00000
    -92.045        2     0.00000
    -91.895        2     0.00000
    -91.745        2     0.00000
    -91.595        2     0.00000
    -91.445        2     0.00000
    -91.295        2     0.00000
    -91.145        2     0.00000
    -90.995        2     0.00000
    -90.845        2     0.00000
    -90.695        2     0.00000
    -90.545        2     0.00000
    -90.395        2     0.00000
    -90.245        2     0.00000
    -90.095        2     0.00000
    -89.945        2     0.00000
    -89.795        2     0.00000
    -89.645        2     0.00000
    -89.495        2     0.00000
    -89.345        2     0.00000
    -89.195        2     0.00000
    -89.045        2     0.00000
    -88.895        2     0.00000
    -88.745        2     0.00000
    -88.595        2     0.00000
    -88.445        2     0.00000
    -88.295        2     0.00000
    -88.145        2     0.00000
    -87.995        2     0.00000
    -87.845        2     0.00000
    -87.695        2     0.00000
    -87.545        2     0.00000
    -87.395        2     0.00000
    -87.245        2     0.00000
    -87.095        2     0.00000
    -86.945        2     0.00000
    -86.795        2     0.00000
    -86.645        2     0.00000
    -86.495        2     0.00000
    -86.345        2     0.00000
    -86.195        2     0.00000
    -86.045        2     0.00000
    -85.895        2     0.00000
    -85.745        2     0.00000
    -85.595        2     0.00000
    -85.445        2     0.00000
    -85.295        2     0.00000
    -85.145        2     0.00000
    -84.995        2     0.00000
    -84.845        2     0.00000
    -84.695        2     0.00000
    -84.545        2     0.00000
    -84.395        2     0.00000
    -84.245        2     0.00000
    -84.095        2     0.00000
    -83.945        2     0.00000
    -83.795        2     0.00000
    -83.645        2     0.00000
    -83.495        2     0.00000
    -83.345        2     0.00000
    -83.195        2     0.00000
    -83.045        2     0.00000
    -82.895        2     0.00000
    -82.745        2     0.00000
    -82.595        2     0.00000
    -82.445        2     0.00000
    -82.295        2     0.00000
    -82.145        2     0.00000
    -81.995        2     0.00000
    -81.845        2     0.00000
    -81.695        2     0.00000
    -81.545        2     0.00000
    -81.395        2     0.00000
    -81.245        2     0.00000
    -81.095        2     0.00000
    -80.945        2     0.00000
    -80.795        2     0.00000
    -80.645        2     0.00000
    -80.495        2     0.00000
    -80.345        2     0.00000
    -80.195        2     0.00000
    -80.045        2     0.00000
    -79.895        2     0.00000
    -79.745        2     0.00000
    -79.595        2     0.00000
    -79.445        2     0.00000
    -79.295        2     0.00000
    -79.145        2     0.00000
    -78.995        2     0.00000
    -78.845        2     0.00000
    -78.695        2     0.00000
    -78.545        2     0.00000
    -78.395        2     0.00000
    -78.245        2     0.00000
    -78.095        2     0.00000
    -77.945        2     0.00000
    -77.795        2     0.00000
    -77.645        2     0.00000
    -77.495        2     0.00000
    -77.345        2     0.00000
    -77.195        2     0.00000
    -77.045        2     0.00000
    -76.895        2     0.00000
    -76.745        2     0.00000
    -76.595        2     0.00000
    -76.445        2     0.00000
    -76.295        2     0.00000
    -76.145        2     0.00000
    -75.995        2     0.00000
    -75.845        2     0.00000
    -75.695        2     0.00000
    -75.545        2     0.00000
    -75.395        2     0.00000
    -75.245        2     0.00000
    -75.095        2     0.00000
    -74.945        2     0.00000
    -74.795        2     0.00000
    -74.645        2     0.00000
    -74.495        2     0.00000
    -74.345        2     0.00000
    -74.195        2     0.00000
    -74.045        2     0.00000
    -73.895        2     0.00000
    -73.745        2     0.00000
    -73.595        2     0.00000
    -73.445        2     0.00000
    -73.295        2     0.00000
    -73.145        2     0.00000
    -72.995        2     0.00000
    -72.845        2     0.00000
    -72.695        2     0.00000
    -72.545        2     0.00000
    -72.395        2     0.00000
    -72.245        2     0.00000
    -72.095        2     0.00000
    -71.945        2     0.00000
    -71.795        2     0.00000
    -71.645        2     0.00000
    -71.495        2     0.00000
    -71.345        2     0.00000
    -71.195        2     0.00000
    -71.045        2     0.00000
    -70.895        2     0.00000
    -70.745        2     0.00000
    -70.595        2     0.00000
    -70.445        2     0.00000
    -70.295        2     0.00000
    -70.145        2     0.00000
    -69.995        2     0.00000
    -69.845        2     0.00000
    -69.695        2     0.00000
    -69.545        2     0.00000
    -69.395        2     0.00000
    -69.245        2     0.00000
    -69.095        2     0.00000
    -68.945        2     0.00000
    -68.795        2     0.00000
    -68.645        2     0.00000
    -68.495        2     0.00000
    -68.345        2     0.00000
    -68.195        2     0.00000
    -68.045        2     0.00000
    -67.895        2     0.00000
    -67.745        2     0.00000
    -67.595        2     0.00000
    -67.445        2     0.00000
    -67.295        2     0.00000
    -67.145        2     0.00000
    -66.995        2     0.00000
    -66.845        2     0.00000
    -66.695        2     0.00000
    -66.545        2     0.00000
    -66.395        2     0.00000
    -66.245        2     0.00000
    -66.095        2     0.00000
    -65.945        2     0.00000
    -65.795        2     0.00000
    -65.645        2     0.00000
    -65.495        2     0.00000
    -65.345        2     0.00000
    -65.195        2     0.00000
    -65.045        2     0.00000
    -64.895        2     0.00000
    -64.745        2     0.00000
    -64.595        2     0.00000
    -64.445        2     0.00000
    -64.295        2     0.00000
    -64.145        2     0.00000
    -63.995        2     0.00000
    -63.845        2     0.00000
    -63.695        2     0.00000
    -63.545        2     0.00000
    -63.395        2     0.00000
    -63.245        2     0.00000
    -63.095        2     0.00000
    -62.945        2     0.00000
    -62.795        2     0.00000
    -62.645        2     0.00000
    -62.495        2     0.00000
    -62.345        2     0.00000
    -62.195        2     0.00000
    -62.045        2     0.00000
    -61.895        2     0.00000
    -61.745        2     0.00000
    -61.595        2     0.00000
    -61.445        2     0.00000
    -61.295        2     0.00000
    -61.145        2     0.00000
    -60.995        2     0.00000
    -60.845        2     0.00000
    -60.695        2     0.00000
    -60.545        2     0.00000
    -60.395        2     0.00000
    -60.245        2     0.00000
    -60.095        2     0.00000
    -59.945        2     0.00000
    -59.795        2     0.00000
    -59.645        2     0.00000
    -59.495        2     0.00000
    -59.345        2     0.00000
    -59.195        2     0.00000
    -59.045        2     0.00000
    -58.895        2     0.00000
    -58.745        2     0.00000
    -58.595        2     0.00000
    -58.445        2     0.00000
    -58.295        2     0.00000
    -58.145        2     0.00000
    -57.995        2     0.00000
    -57.845        2     0.00000
    -57.695        2     0.00000
    -57.545        2     0.00000
    -57.395        2     0.00000
    -57.245        2     0.00000
    -57.095        2     0.00000
    -56.945        2     0.00000
    -56.795        2     0.00000
    -56.645        2     0.00000
    -56.495        2     0.00000
    -56.345        2     0.00000
    -56.195        2     0.00000
    -56.045        2     0.00000
    -55.895        2     0.00000
    -55.745        2     0.00000
    -55.595        2     0.00000
    -55.445        2     0.00000
    -55.295        2     0.00000
    -55.145        2     0.00000
    -54.995        2     0.00000
    -54.845        2     0.00000
    -54.695        2     0.00000
    -54.545        2     0.00000
    -54.395        2     0.00000
    -54.245        2     0.00000
    -54.095        2     0.00000
    -53.945        2     0.00000
    -53.795        2     0.00000
    -53.645        2     0.00000
    -53.495        2     0.00000
    -53.345        2     0.00000
    -53.195        2     0.00000
    -53.045        2     0.00000
    -52.895        2     0.00000
    -52.745        2     0.00000
    -52.595        2     0.00000
    -52.445        2     0.00000
    -52.295        2     0.00000
    -52.145        2     0.00000
    -51.995        2     0.00000
    -51.845        2     0.00000
    -51.695        2     0.00000
    -51.545        2     0.00000
    -51.395        2     0.00000
    -51.245        2     0.00000
    -51.095        2     0.00000
    -50.945        2     0.00000
    -50.795        2     0.00000
    -50.645        2     0.00000
    -50.495        2     0.00000
    -50.345        2     0.00000
    -50.195        2     0.00000
    -50.045        2     0.00000
    -49.895        2     0.00000
    -49.745        2     0.00000
    -49.595        2     0.00000
    -49.445        2     0.00000
    -49.295        2     0.00000
    -49.145        2     0.00000
    -48.995        2     0.00000
    -48.845        2     0.00000
    -48.695        2     0.00000
    -48.545        2     0.00000
    -48.395        2     0.00000
    -48.245        2     0.00000
    -48.095        2     0.00000
    -47.945        2     0.00000
    -47.795        2     0.00000
    -47.645        2     0.00000
    -47.495        2     0.00000
    -47.345        2     0.00000
    -47.195        2     0.00000
    -47.045        2     0.00000
    -46.895        2     0.00000
    -46.745        2     0.00000
    -46.595        2     0.00000
    -46.445        2     0.00000
    -46.295        2     0.00000
    -46.145        2     0.00000
    -45.995        2     0.00000
    -45.845        2     0.00000
    -45.695        2     0.00000
    -45.545        2     0.00000
    -45.395        2     0.00000
    -45.245        2     0.00000
    -45.095        2     0.00000
    -44.945        2     0.00000
    -44.795        2     0.00000
    -44.645        2     0.00000
    -44.495        2     0.00000
    -44.345        2     0.00000
    -44.195        2     0.00000
    -44.045        2     0.00000
    -43.895        2     0.00000
    -43.745        2     0.00000
    -43.595        2     0.00000
    -43.445        2     0.00000
    -43.295        2     0.00000
    -43.145        2     0.00000
    -42.995        2     0.00000
    -42.845        2     0.00000
    -42.695        2     0.00000
    -42.545        2     0.00000
    -42.395        2     0.00000
    -42.245        2     0.00000
    -42.095        2     0.00000
    -41.945        2     0.00000
    -41.795        2     0.00000
    -41.645        2     0.00000
    -41.495        2     0.00000
    -41.345        2     0.00000
    -41.195        2     0.00000
    -41.045        2     0.00000
    -40.895        2     0.00000
    -40.745        2     0.00000
    -40.595        2     0.00000
    -40.445        2     0.00000
    -40.295        2     0.00000
    -40.145        2     0.00000
    -39.995        2     0.00000
    -39.845        2     0.00000
    -39.695        2     0.00000
    -39.545        2     0.00000
    -39.395        2     0.00000
    -39.245        2     0.00000
    -39.095        2     0.00000
    -38.945        2     0.00000
    -38.795        2     0.00000
    -38.645        2     0.00000
    -38.495        2     0.00000
    -38.345        2     0.00000
    -38.195        2     0.00000
    -38.045        2     0.00000
    -37.895        2     0.00000
    -37.745        2     0.00000
    -37.595        2     0.00000
    -37.445        2     0.00000
    -37.295        2     0.00000
    -37.145        2     0.00000
    -36.995        2     0.00000
    -36.845        2     0.00000
    -36.695        2     0.00000
    -36.545        2     0.00000
    -36.395        2     0.00000
    -36.245        2     0.00000
    -36.095        2     0.00000
    -35.945        2     0.00000
    -35.795        2     0.00000
    -35.645        2     0.00000
    -35.495        2     0.00000
    -35.345        2     0.00000
    -35.195        2     0.00000
    -35.045        2     0.00000
    -34.895        2     0.00000
    -34.745        2     0.00000
    -34.595        2     0.00000
    -34.445        2     0.00000
    -34.295        2     0.00000
    -34.145        2     0.00000
    -33.995        2     0.00000
    -33.845        2     0.00000
    -33.695        2     0.00000
    -33.545        2     0.00000
    -33.395        2     0.00000
    -33.245        2     0.00000
    -33.095        2     0.00000
    -32.945        2     0.00000
    -32.795        2     0.00000
    -32.645        2     0.00000
    -32.495        2     0.00000
    -32.345        2     0.00000
    -32.195        2     0.00000
    -32.045        2     0.00000
    -31.895        2     0.00000
    -31.745        2     0.00000
    -31.595        2     0.00000
    -31.445        2     0.00000
    -31.295        2     0.00000
    -31.145        2     0.00000
    -30.995        2     0.00000
    -30.845        2     0.00000
    -30.695        2     0.00000
    -30.545        2     0.00000
    -30.395        2     0.00000
    -30.245        2     0.00000
    -30.095        2     0.00000
    -29.945        2     0.00000
    -29.795        2     0.00000
    -29.645        2     0.00000
    -29.495        2     0.00000
    -29.345        2     0.00000
    -29.195        2     0.00000
    -29.045        2     0.00000
    -28.895        2     0.00000
    -28.745        2     0.00000
    -28.595        2     0.00000
    -28.445        2     0.00000
    -28.295        2     0.00000
    -28.145        2     0.00000
    -27.995        2     0.00000
    -27.845        2     0.00000
    -27.695        2     0.00000
    -27.545        2     0.00000
    -27.395        2     0.00000
    -27.245        2     0.00000
    -27.095        2     0.00000
    -26.945        2     0.00000
    -26.795        2     0.00000
    -26.645        2     0.00000
    -26.495        2     0.00000
    -26.345        2     0.00000
    -26.195        2     0.00000
    -26.045        2     0.00000
    -25.895        2     0.00000
    -25.745        2     0.00000
    -25.595        2     0.00000
    -25.445        2     0.00000
    -25.295        2     0.00000
    -25.145        2     0.00000
    -24.995        2     0.00000
    -24.845        2     0.00000
    -24.695        2     0.00000
    -24.545        2     0.00000
    -24.395        2     0.00000
    -24.245        2     0.00000
    -24.095        2     0.00000
    -23.945        2     0.00000
    -23.795        2     0.00000
    -23.645        2     0.00000
    -23.495        2     0.00000
    -23.345        2     0.00000
    -23.195        2     0.00000
    -23.045        2     0.00000
    -22.895        2     0.00000
    -22.745        2     0.00000
    -22.595        2     0.00000
    -22.445        2     0.00000
    -22.295        2     0.00000
    -22.145        2     0.00000
    -21.995        2     0.00000
    -21.845        2     0.00000
    -21.695        2     0.00000
    -21.545        2     0.00000
    -21.395        2     0.00000
    -21.245        2     0.00000
    -21.095        2     0.00000
    -20.945        2     0.00000
    -20.795        2     0.00000
    -20.645        2     0.00000
    -20.495        2     0.00000
    -20.345        2     0.00000
    -20.195        2     0.00000
    -20.045        2     0.00000
    -19.895        2     0.00000
    -19.745        2     0.00000
    -19.595        2     0.00000
    -19.445        2     0.00000
    -19.295        2     0.00000
    -19.145        2     0.00000
    -18.995        2     0.00000
    -18.845        2     0.00000
    -18.695        2     0.00000
    -18.545        2     0.00000
    -18.395        2     0.00000
    -18.245        2     0.00000
    -18.095        2     0.00000
    -17.945        2     0.00000
    -17.795        2     0.00000
    -17.645        2     0.00000
    -17.495        2     0.00000
    -17.345        2     0.00000
    -17.195        2    -0.00012
    -17.045        2    -0.00399
    -16.895        2    -0.02649
    -16.745        2    -0.09022
    -16.595        2    -0.19903
    -16.445        2    -0.37139
    -16.295        2    -0.58506
    -16.145        2    -0.82913
    -15.995        2    -1.10594
    -15.845        2    -1.40033
    -15.695        2    -1.72561
    -15.545        2    -2.03433
    -15.395        2    -2.35429
    -15.245        2    -2.65033
    -15.095        2    -2.94099
    -14.945        2    -3.22246
    -14.795        2    -3.48830
    -14.645        2    -3.75552
    -14.495        2    -4.02701
    -14.345        2    -4.29960
    -14.195        2    -4.58942
    -14.045        2    -4.90769
    -13.895        2    -5.25281
    -13.745        2    -5.60614
    -13.595        2    -5.99137
    -13.445        2    -6.38476
    -13.295        2    -6.78890
    -13.145        2    -7.18851
    -12.995        2    -7.58171
    -12.845        2    -7.96435
    -12.695        2    -8.32878
    -12.545        2    -8.68608
    -12.395        2    -9.01662
    -12.245        2    -9.32324
    -12.095        2    -9.61393
    -11.945        2    -9.89270
    -11.795        2   -10.18343
    -11.645        2   -10.47896
    -11.495        2   -10.76025
    -11.345        2   -11.04242
    -11.195        2   -11.32183
    -11.045        2   -11.59920
    -10.895        2   -11.87368
    -10.745        2   -12.14218
    -10.595        2   -12.41688
    -10.445        2   -12.69970
    -10.295        2   -12.97697
    -10.145        2   -13.27429
    -9.9950        2   -13.59745
    -9.8450        2   -13.94998
    -9.6950        2   -14.33689
    -9.5450        2   -14.76451
    -9.3950        2   -15.24051
    -9.2450        2   -15.74826
    -9.0950        2   -16.30543
    -8.9450        2   -16.91286
    -8.7950        2   -17.55633
    -8.6450        2   -18.23504
    -8.4950        2   -18.98380
    -8.3450        2   -19.80694
    -8.1950        2   -20.69656
    -8.0450        2   -21.66329
    -7.8950        2   -22.70500
    -7.7450        2   -23.87510
    -7.5950        2   -25.14117
    -7.4450        2   -26.52302
    -7.2950        2   -27.98896
    -7.1450        2   -29.54896
    -6.9950        2   -31.20374
    -6.8450        2   -32.93841
    -6.6950        2   -34.74975
    -6.5450        2   -36.64189
    -6.3950        2   -38.56878
    -6.2450        2   -40.55442
    -6.0950        2   -42.57403
    -5.9450        2   -44.59655
    -5.7950        2   -46.64395
    -5.6450        2   -48.69730
    -5.4950        2   -50.70690
    -5.3450        2   -52.71101
    -5.1950        2   -54.68290
    -5.0450        2   -56.62793
    -4.8950        2   -58.52947
    -4.7450        2   -60.40248
    -4.5950        2   -62.26626
    -4.4450        2   -64.12649
    -4.2950        2   -65.99986
    -4.1450        2   -67.89537
    -3.9950        2   -69.80899
    -3.8450        2   -71.75577
    -3.6950        2   -73.74614
    -3.5450        2   -75.78080
    -3.3950        2   -77.89848
    -3.2450        2   -80.11564
    -3.0950        2   -82.44688
    -2.9450        2   -84.91454
    -2.7950        2   -87.55063
    -2.6450        2   -90.39211
    -2.4950        2   -93.48111
    -2.3450        2   -96.89347
    -2.1950        2  -100.71835
    -2.0450        2  -105.08789
    -1.8950        2  -110.11203
    -1.7450        2  -115.89345
    -1.5950        2  -122.49253
    -1.4450        2  -129.95860
    -1.2950        2  -138.21416
    -1.1450        2  -147.10599
   -0.99500        2  -156.47228
   -0.84500        2  -166.18374
   -0.69500        2  -176.27899
   -0.54500        2  -187.01704
   -0.39500        2  -199.10756
   -0.25300        2  -208.21999
   -0.21500        2  -208.83520
   -0.20900        2  -209.45860
   -0.20300        2  -210.09033
   -0.19700        2  -210.72737
   -0.19100        2  -211.37402
   -0.18500        2  -212.03075
   -0.17900        2  -212.69635
   -0.17300        2  -213.37202
   -0.16700        2  -214.05901
   -0.16100        2  -214.75653
   -0.15500        2  -215.46614
   -0.14900        2  -216.18842
   -0.14300        2  -216.92620
   -0.13700        2  -217.67813
   -0.13100        2  -218.44647
   -0.12500        2  -219.23150
   -0.11900        2  -220.03477
   -0.11300        2  -220.85883
   -0.10700        2  -221.70531
   -0.10100        2  -222.57275
   -0.95000E-01    2  -223.46992
   -0.89000E-01    2  -224.39717
   -0.83000E-01    2  -225.35937
   -0.77000E-01    2  -226.36061
   -0.71000E-01    2  -227.40704
   -0.65000E-01    2  -228.50910
   -0.59000E-01    2  -229.67559
   -0.53000E-01    2  -230.92434
   -0.47000E-01    2  -232.27712
   -0.41000E-01    2  -233.76758
   -0.35000E-01    2  -235.45475
   -0.29000E-01    2  -237.43209
   -0.23000E-01    2  -239.82895
   -0.19700E-01    2  -240.09560
   -0.19100E-01    2  -240.36824
   -0.18500E-01    2  -240.64768
   -0.17900E-01    2  -240.93446
   -0.17300E-01    2  -241.22844
   -0.16700E-01    2  -241.53040
   -0.16100E-01    2  -241.84058
   -0.15500E-01    2  -242.16023
   -0.14900E-01    2  -242.49000
   -0.14300E-01    2  -242.83084
   -0.13700E-01    2  -243.18343
   -0.13100E-01    2  -243.54944
   -0.12500E-01    2  -243.93019
   -0.11900E-01    2  -244.32828
   -0.11300E-01    2  -244.74580
   -0.10700E-01    2  -245.18599
   -0.10100E-01    2  -245.65352
   -0.95000E-02    2  -246.15372
   -0.89000E-02    2  -246.69284
   -0.83000E-02    2  -247.27707
   -0.77000E-02    2  -247.91165
   -0.71000E-02    2  -248.60031
   -0.65000E-02    2  -249.34406
   -0.59000E-02    2  -250.14157
   -0.53000E-02    2  -250.99002
   -0.47000E-02    2  -251.88277
   -0.41000E-02    2  -252.81011
   -0.35000E-02    2  -253.75804
   -0.29000E-02    2  -254.70763
   -0.23000E-02    2  -255.62103
   -0.17000E-02    2  -256.43878
   -0.11000E-02    2  -257.04617
   -0.50000E-03    2  -257.34511
    0.10000E-03    2  -257.28423
    0.70000E-03    2  -256.87416
    0.13000E-02    2  -256.18491
    0.19000E-02    2  -255.32651
    0.25000E-02    2  -254.39819
    0.31000E-02    2  -253.47009
    0.37000E-02    2  -252.60136
    0.43000E-02    2  -251.78731
    0.49000E-02    2  -251.02240
    0.55000E-02    2  -250.30160
    0.61000E-02    2  -249.62644
    0.67000E-02    2  -248.99296
    0.73000E-02    2  -248.39576
    0.79000E-02    2  -247.83292
    0.85000E-02    2  -247.30490
    0.91000E-02    2  -246.80766
    0.97000E-02    2  -246.33786
    0.10300E-01    2  -245.89343
    0.10900E-01    2  -245.47076
    0.11500E-01    2  -245.06678
    0.12100E-01    2  -244.67993
    0.12700E-01    2  -244.30813
    0.13300E-01    2  -243.95016
    0.13900E-01    2  -243.60428
    0.14500E-01    2  -243.26988
    0.15100E-01    2  -242.94613
    0.15700E-01    2  -242.63191
    0.16300E-01    2  -242.32636
    0.16900E-01    2  -242.02968
    0.17500E-01    2  -241.74057
    0.18100E-01    2  -241.45868
    0.18700E-01    2  -241.18390
    0.19300E-01    2  -240.91556
    0.20200E-01    2  -239.92951
    0.25000E-01    2  -237.71965
    0.31000E-01    2  -235.88750
    0.37000E-01    2  -234.32477
    0.43000E-01    2  -232.94704
    0.49000E-01    2  -231.70506
    0.55000E-01    2  -230.56879
    0.61000E-01    2  -229.51842
    0.67000E-01    2  -228.54028
    0.73000E-01    2  -227.62280
    0.79000E-01    2  -226.75743
    0.85000E-01    2  -225.93741
    0.91000E-01    2  -225.15825
    0.97000E-01    2  -224.41450
    0.10300        2  -223.70301
    0.10900        2  -223.01981
    0.11500        2  -222.36301
    0.12100        2  -221.73051
    0.12700        2  -221.11844
    0.13300        2  -220.52839
    0.13900        2  -219.95777
    0.14500        2  -219.40438
    0.15100        2  -218.86741
    0.15700        2  -218.34567
    0.16300        2  -217.83922
    0.16900        2  -217.34658
    0.17500        2  -216.86620
    0.18100        2  -216.40011
    0.18700        2  -215.94625
    0.19300        2  -215.50423
    0.19900        2  -215.07396
    0.20500        2  -214.65474
    0.21100        2  -214.24431
    0.21700        2  -213.84442
    0.29500        2  -205.87679
    0.44500        2  -200.76039
    0.59500        2  -196.96580
    0.74500        2  -193.92926
    0.89500        2  -191.37755
     1.0450        2  -189.16329
     1.1950        2  -187.19696
     1.3450        2  -185.43148
     1.4950        2  -183.82473
     1.6450        2  -182.37796
     1.7950        2  -181.05118
     1.9450        2  -179.85100
     2.0950        2  -178.75884
     2.2450        2  -177.76329
     2.3950        2  -176.85335
     2.5450        2  -176.02207
     2.6950        2  -175.26901
     2.8450        2  -174.57632
     2.9950        2  -173.94808
     3.1450        2  -173.37065
     3.2950        2  -172.82685
     3.4450        2  -172.32900
     3.5950        2  -171.85515
     3.7450        2  -171.40261
     3.8950        2  -170.97893
     4.0450        2  -170.57195
     4.1950        2  -170.18250
     4.3450        2  -169.81415
     4.4950        2  -169.45580
     4.6450        2  -169.11451
     4.7950        2  -168.78641
     4.9450        2  -168.46987
     5.0950        2  -168.15768
     5.2450        2  -167.85721
     5.3950        2  -167.56590
     5.5450        2  -167.28355
     5.6950        2  -167.00672
     5.8450        2  -166.74337
     5.9950        2  -166.47729
     6.1450        2  -166.22722
     6.2950        2  -165.97999
     6.4450        2  -165.73971
     6.5950        2  -165.50506
     6.7450        2  -165.27200
     6.8950        2  -165.04475
     7.0450        2  -164.82413
     7.1950        2  -164.61004
     7.3450        2  -164.39557
     7.4950        2  -164.19095
     7.6450        2  -163.98908
     7.7950        2  -163.78830
     7.9450        2  -163.59155
     8.0950        2  -163.39884
     8.2450        2  -163.20894
     8.3950        2  -163.02242
     8.5450        2  -162.83706
     8.6950        2  -162.65902
     8.8450        2  -162.48245
     8.9950        2  -162.30810
     9.1450        2  -162.13816
     9.2950        2  -161.97196
     9.4450        2  -161.80497
     9.5950        2  -161.64313
     9.7450        2  -161.48087
     9.8950        2  -161.32393
     10.045        2  -161.16846
     10.195        2  -161.01509
     10.345        2  -160.86292
     10.495        2  -160.71459
     10.645        2  -160.56905
     10.795        2  -160.42393
     10.945        2  -160.28056
     11.095        2  -160.14003
     11.245        2  -159.99886
     11.395        2  -159.86068
     11.545        2  -159.72500
     11.695        2  -159.59213
     11.845        2  -159.46077
     11.995        2  -159.33019
     12.145        2  -159.20037
     12.295        2  -159.07419
     12.445        2  -158.94880
     12.595        2  -158.82571
     12.745        2  -158.70371
     12.895        2  -158.58483
     13.045        2  -158.46385
     13.195        2  -158.34508
     13.345        2  -158.22745
     13.495        2  -158.11091
     13.645        2  -157.99375
     13.795        2  -157.87998
     13.945        2  -157.76863
     14.095        2  -157.65837
     14.245        2  -157.54794
     14.395        2  -157.43571
     14.545        2  -157.32795
     14.695        2  -157.22244
     14.845        2  -157.11657
     14.995        2  -157.00943
     15.145        2  -156.90371
     15.295        2  -156.79993
     15.445        2  -156.69723
     15.595        2  -156.59719
     15.745        2  -156.49682
     15.895        2  -156.39603
     16.045        2  -156.29681
     16.195        2  -156.19974
     16.345        2  -156.10242
     16.495        2  -156.00853
     16.645        2  -155.91256
     16.795        2  -155.81900
     16.945        2  -155.72672
     17.095        2  -155.63539
     17.245        2  -155.54418
     17.395        2  -155.45402
     17.545        2  -155.36278
     17.695        2  -155.27429
     17.845        2  -155.18593
     17.995        2  -155.09719
     18.145        2  -155.00915
     18.295        2  -154.92243
     18.445        2  -154.83794
     18.595        2  -154.75180
     18.745        2  -154.66749
     18.895        2  -154.58527
     19.045        2  -154.50178
     19.195        2  -154.41941
     19.345        2  -154.33745
     19.495        2  -154.25654
     19.645        2  -154.17623
     19.795        2  -154.09479
     19.945        2  -154.01577
     20.095        2  -153.93671
     21.836        2  -151.55019
     30.068        2  -148.00310
     42.097        2  -144.46898
     58.937        2  -140.95663
     82.515        2  -137.48164
     115.53        2  -134.04479
     161.74        2  -130.66560
     226.45        2  -127.34147
     317.04        2  -124.07596
     443.87        2  -120.88114
     621.44        2  -117.75932
     870.05        2  -114.70756
     1218.1        2  -111.73031
     1705.4        2  -108.82437
     2387.7        2  -105.98533
     3342.9        2  -103.21257
     4680.2        2  -100.49149
     6552.5        2   -97.84447
     9173.8        2   -95.27162
     12844.        2   -92.76207
     17982.        2   -90.33059
     25176.        2   -87.97434
     35247.        2   -85.71134
     49348.        2   -83.53820
     69090.        2   -81.45497
     96729.        2   -79.46349
    0.13543E+06    2   -77.56806
    0.18960E+06    2   -75.75557
    0.26545E+06    2   -74.03069
    0.37165E+06    2   -72.38245
    0.52033E+06    2   -70.82113
    0.72849E+06    2   -69.33251
    0.10199E+07    2   -67.91452
    0.14279E+07    2   -66.56959
    0.19992E+07    2   -65.28731
    0.27990E+07    2   -64.07067
    0.39187E+07    2   -62.91121
    0.54864E+07    2   -61.80624
    0.76812E+07    2   -60.75912
    0.10754E+08    2   -59.76273
    0.15056E+08    2   -58.81558
    0.21080E+08    2   -57.91698
    0.29513E+08    2   -57.06542
    0.41319E+08    2   -56.26112
    0.57849E+08    2   -55.51277
    0.80991E+08    2   -54.82092
    0.11339E+09    2   -54.17935
    0.15875E+09    2   -53.58067
    0.22226E+09    2   -53.02260
    0.31118E+09    2   -52.49771
    0.43567E+09    2   -52.00881
    0.60996E+09    2   -51.56074
    0.85398E+09    2   -51.15612
    0.11956E+10    2   -50.78570
    0.16739E+10    2   -50.44587
    0.23436E+10    2   -50.13362
    0.32811E+10    2   -49.84606
    0.45937E+10    2   -49.58157
    0.64315E+10    2   -49.33976
    0.90044E+10    2   -49.11685
    0.12607E+11    2   -48.91159
    0.17650E+11    2   -48.72355
    0.24711E+11    2   -48.55045
    0.34596E+11    2   -48.39131
    0.48437E+11    2   -48.24544
    0.67814E+11    2   -48.11004
    0.10000E+12    2   -46.56739
