    -29.945        1     0.00000
    -29.795        1     0.00000
    -29.645        1     0.00000
    -29.495        1     0.00000
    -29.345        1     0.00000
    -29.195        1     0.00000
    -29.045        1     0.00000
    -28.895        1     0.00000
    -28.745        1     0.00000
    -28.595        1     0.00000
    -28.445        1     0.00000
    -28.295        1     0.00000
    -28.145        1     0.00000
    -27.995        1     0.00000
    -27.845        1     0.00000
    -27.695        1     0.00000
    -27.545        1     0.00000
    -27.395        1     0.00000
    -27.245        1     0.00000
    -27.095        1     0.00000
    -26.945        1     0.00000
    -26.795        1     0.00000
    -26.645        1     0.00000
    -26.495        1     0.00000
    -26.345        1     0.00000
    -26.195        1     0.00000
    -26.045        1     0.00000
    -25.895        1     0.00000
    -25.745        1     0.00000
    -25.595        1     0.00000
    -25.445        1     0.00000
    -25.295        1     0.00000
    -25.145        1     0.00000
    -24.995        1     0.00000
    -24.845        1     0.00000
    -24.695        1     0.00000
    -24.545        1     0.00000
    -24.395        1     0.00000
    -24.245        1     0.00000
    -24.095        1    -0.00018
    -23.945        1    -0.00018
    -23.795        1    -0.00018
    -23.645        1    -0.00018
    -23.495        1    -0.00018
    -23.345        1    -0.00018
    -23.195        1    -0.00018
    -23.045        1    -0.00018
    -22.895        1    -0.00018
    -22.745        1    -0.00035
    -22.595        1    -0.00052
    -22.445        1    -0.00069
    -22.295        1    -0.00103
    -22.145        1    -0.00170
    -21.995        1    -0.00269
    -21.845        1    -0.00418
    -21.695        1    -0.00855
    -21.545        1    -0.01307
    -21.395        1    -0.02014
    -21.245        1    -0.03003
    -21.095        1    -0.04126
    -20.945        1    -0.05508
    -20.795        1    -0.07626
    -20.645        1    -0.10014
    -20.495        1    -0.12810
    -20.345        1    -0.15794
    -20.195        1    -0.20053
    -20.045        1    -0.24693
    -19.895        1    -0.30140
    -19.745        1    -0.36722
    -19.595        1    -0.43619
    -19.445        1    -0.51316
    -19.295        1    -0.58964
    -19.145        1    -0.67711
    -18.995        1    -0.76904
    -18.845        1    -0.86871
    -18.695        1    -0.97001
    -18.545        1    -1.08062
    -18.395        1    -1.19667
    -18.245        1    -1.32261
    -18.095        1    -1.46104
    -17.945        1    -1.60615
    -17.795        1    -1.77659
    -17.645        1    -1.95130
    -17.495        1    -2.14269
    -17.345        1    -2.35318
    -17.195        1    -2.58387
    -17.045        1    -2.83453
    -16.895        1    -3.10251
    -16.745        1    -3.38082
    -16.595        1    -3.66476
    -16.445        1    -3.97033
    -16.295        1    -4.29751
    -16.145        1    -4.63524
    -15.995        1    -4.99541
    -15.845        1    -5.37779
    -15.695        1    -5.77365
    -15.545        1    -6.19343
    -15.395        1    -6.65168
    -15.245        1    -7.12080
    -15.095        1    -7.61110
    -14.945        1    -8.13105
    -14.795        1    -8.67629
    -14.645        1    -9.26961
    -14.495        1    -9.88215
    -14.345        1   -10.51022
    -14.195        1   -11.17074
    -14.045        1   -11.83172
    -13.895        1   -12.53752
    -13.745        1   -13.24718
    -13.595        1   -13.96648
    -13.445        1   -14.67530
    -13.295        1   -15.39170
    -13.145        1   -16.10850
    -12.995        1   -16.83577
    -12.845        1   -17.55045
    -12.695        1   -18.26238
    -12.545        1   -18.96425
    -12.395        1   -19.65671
    -12.245        1   -20.33015
    -12.095        1   -20.97952
    -11.945        1   -21.62617
    -11.795        1   -22.24496
    -11.645        1   -22.85583
    -11.495        1   -23.44593
    -11.345        1   -24.01995
    -11.195        1   -24.57957
    -11.045        1   -25.11354
    -10.895        1   -25.63510
    -10.745        1   -26.15183
    -10.595        1   -26.64552
    -10.445        1   -27.12811
    -10.295        1   -27.60942
    -10.145        1   -28.08148
    -9.9950        1   -28.53548
    -9.8450        1   -28.98574
    -9.6950        1   -29.42084
    -9.5450        1   -29.84452
    -9.3950        1   -30.27178
    -9.2450        1   -30.68085
    -9.0950        1   -31.10120
    -8.9450        1   -31.51342
    -8.7950        1   -31.92775
    -8.6450        1   -32.34045
    -8.4950        1   -32.75286
    -8.3450        1   -33.17094
    -8.1950        1   -33.58897
    -8.0450        1   -34.01515
    -7.8950        1   -34.44568
    -7.7450        1   -34.87656
    -7.5950        1   -35.31632
    -7.4450        1   -35.76186
    -7.2950        1   -36.21926
    -7.1450        1   -36.69114
    -6.9950        1   -37.17400
    -6.8450        1   -37.66914
    -6.6950        1   -38.18100
    -6.5450        1   -38.70897
    -6.3950        1   -39.25933
    -6.2450        1   -39.81084
    -6.0950        1   -40.38721
    -5.9450        1   -40.97140
    -5.7950        1   -41.57033
    -5.6450        1   -42.18655
    -5.4950        1   -42.81097
    -5.3450        1   -43.45426
    -5.1950        1   -44.09951
    -5.0450        1   -44.77789
    -4.8950        1   -45.45424
    -4.7450        1   -46.16117
    -4.5950        1   -46.89245
    -4.4450        1   -47.63727
    -4.2950        1   -48.42492
    -4.1450        1   -49.24337
    -3.9950        1   -50.10489
    -3.8450        1   -51.02335
    -3.6950        1   -52.01202
    -3.5450        1   -53.06407
    -3.3950        1   -54.19779
    -3.2450        1   -55.41444
    -3.0950        1   -56.72869
    -2.9450        1   -58.13116
    -2.7950        1   -59.62509
    -2.6450        1   -61.19232
    -2.4950        1   -62.83728
    -2.3450        1   -64.55455
    -2.1950        1   -66.32152
    -2.0450        1   -68.10519
    -1.8950        1   -69.91072
    -1.7450        1   -71.73696
    -1.5950        1   -73.55624
    -1.4450        1   -75.37522
    -1.2950        1   -77.18839
    -1.1450        1   -79.02560
   -0.99500        1   -80.89662
   -0.84500        1   -82.85734
   -0.69500        1   -84.96545
   -0.54500        1   -87.33290
   -0.39500        1   -90.12391
   -0.25300        1   -92.24989
   -0.21500        1   -92.39314
   -0.20900        1   -92.53885
   -0.20300        1   -92.68561
   -0.19700        1   -92.83441
   -0.19100        1   -92.98564
   -0.18500        1   -93.13939
   -0.17900        1   -93.29546
   -0.17300        1   -93.45369
   -0.16700        1   -93.61442
   -0.16100        1   -93.77811
   -0.15500        1   -93.94486
   -0.14900        1   -94.11439
   -0.14300        1   -94.28865
   -0.13700        1   -94.46554
   -0.13100        1   -94.64648
   -0.12500        1   -94.83195
   -0.11900        1   -95.02219
   -0.11300        1   -95.21739
   -0.10700        1   -95.41853
   -0.10100        1   -95.62602
   -0.95000E-01    1   -95.84070
   -0.89000E-01    1   -96.06342
   -0.83000E-01    1   -96.29491
   -0.77000E-01    1   -96.53727
   -0.71000E-01    1   -96.79138
   -0.65000E-01    1   -97.05979
   -0.59000E-01    1   -97.34518
   -0.53000E-01    1   -97.65104
   -0.47000E-01    1   -97.98237
   -0.41000E-01    1   -98.34620
   -0.35000E-01    1   -98.75485
   -0.29000E-01    1   -99.22966
   -0.23000E-01    1   -99.80659
   -0.19700E-01    1   -99.87128
   -0.19100E-01    1   -99.93774
   -0.18500E-01    1  -100.00602
   -0.17900E-01    1  -100.07616
   -0.17300E-01    1  -100.14847
   -0.16700E-01    1  -100.22290
   -0.16100E-01    1  -100.29941
   -0.15500E-01    1  -100.37794
   -0.14900E-01    1  -100.45892
   -0.14300E-01    1  -100.54232
   -0.13700E-01    1  -100.62807
   -0.13100E-01    1  -100.71660
   -0.12500E-01    1  -100.80758
   -0.11900E-01    1  -100.90140
   -0.11300E-01    1  -100.99834
   -0.10700E-01    1  -101.09875
   -0.10100E-01    1  -101.20261
   -0.95000E-02    1  -101.31007
   -0.89000E-02    1  -101.42150
   -0.83000E-02    1  -101.53705
   -0.77000E-02    1  -101.65674
   -0.71000E-02    1  -101.78031
   -0.65000E-02    1  -101.90728
   -0.59000E-02    1  -102.03735
   -0.53000E-02    1  -102.16964
   -0.47000E-02    1  -102.30242
   -0.41000E-02    1  -102.43345
   -0.35000E-02    1  -102.56011
   -0.29000E-02    1  -102.67816
   -0.23000E-02    1  -102.78119
   -0.17000E-02    1  -102.86273
   -0.11000E-02    1  -102.91793
   -0.50000E-03    1  -102.94365
    0.10000E-03    1  -102.93848
    0.70000E-03    1  -102.90267
    0.13000E-02    1  -102.83823
    0.19000E-02    1  -102.74886
    0.25000E-02    1  -102.64004
    0.31000E-02    1  -102.51863
    0.37000E-02    1  -102.39039
    0.43000E-02    1  -102.25862
    0.49000E-02    1  -102.12587
    0.55000E-02    1  -101.99432
    0.61000E-02    1  -101.86538
    0.67000E-02    1  -101.73975
    0.73000E-02    1  -101.61764
    0.79000E-02    1  -101.49943
    0.85000E-02    1  -101.38553
    0.91000E-02    1  -101.27557
    0.97000E-02    1  -101.16960
    0.10300E-01    1  -101.06729
    0.10900E-01    1  -100.96840
    0.11500E-01    1  -100.87262
    0.12100E-01    1  -100.77978
    0.12700E-01    1  -100.68976
    0.13300E-01    1  -100.60233
    0.13900E-01    1  -100.51757
    0.14500E-01    1  -100.43521
    0.15100E-01    1  -100.35524
    0.15700E-01    1  -100.27742
    0.16300E-01    1  -100.20181
    0.16900E-01    1  -100.12858
    0.17500E-01    1  -100.05752
    0.18100E-01    1   -99.98833
    0.18700E-01    1   -99.92106
    0.19300E-01    1   -99.85570
    0.20200E-01    1   -99.61589
    0.25000E-01    1   -99.08245
    0.31000E-01    1   -98.63800
    0.37000E-01    1   -98.25292
    0.43000E-01    1   -97.90907
    0.49000E-01    1   -97.59767
    0.55000E-01    1   -97.31161
    0.61000E-01    1   -97.04793
    0.67000E-01    1   -96.80215
    0.73000E-01    1   -96.57301
    0.79000E-01    1   -96.35856
    0.85000E-01    1   -96.15727
    0.91000E-01    1   -95.96736
    0.97000E-01    1   -95.78845
    0.10300        1   -95.61913
    0.10900        1   -95.45897
    0.11500        1   -95.30669
    0.12100        1   -95.16162
    0.12700        1   -95.02306
    0.13300        1   -94.89130
    0.13900        1   -94.76544
    0.14500        1   -94.64481
    0.15100        1   -94.53023
    0.15700        1   -94.42040
    0.16300        1   -94.31510
    0.16900        1   -94.21448
    0.17500        1   -94.11799
    0.18100        1   -94.02524
    0.18700        1   -93.93577
    0.19300        1   -93.84997
    0.19900        1   -93.76747
    0.20500        1   -93.68806
    0.21100        1   -93.61132
    0.21700        1   -93.53755
    0.29500        1   -92.21771
    0.44500        1   -91.54959
    0.59500        1   -91.13341
    0.74500        1   -90.82647
    0.89500        1   -90.57327
     1.0450        1   -90.35297
     1.1950        1   -90.15640
     1.3450        1   -89.97557
     1.4950        1   -89.81169
     1.6450        1   -89.65853
     1.7950        1   -89.51886
     1.9450        1   -89.38806
     2.0950        1   -89.26456
     2.2450        1   -89.14672
     2.3950        1   -89.03697
     2.5450        1   -88.93192
     2.6950        1   -88.83475
     2.8450        1   -88.74406
     2.9950        1   -88.65747
     3.1450        1   -88.57815
     3.2950        1   -88.50414
     3.4450        1   -88.43279
     3.5950        1   -88.36614
     3.7450        1   -88.30104
     3.8950        1   -88.24131
     4.0450        1   -88.18207
     4.1950        1   -88.12643
     4.3450        1   -88.07369
     4.4950        1   -88.02195
     4.6450        1   -87.97213
     4.7950        1   -87.92250
     4.9450        1   -87.87628
     5.0950        1   -87.82961
     5.2450        1   -87.78541
     5.3950        1   -87.74296
     5.5450        1   -87.70117
     5.6950        1   -87.66126
     5.8450        1   -87.62199
     5.9950        1   -87.58341
     6.1450        1   -87.54557
     6.2950        1   -87.50980
     6.4450        1   -87.47218
     6.5950        1   -87.43624
     6.7450        1   -87.40223
     6.8950        1   -87.36793
     7.0450        1   -87.33374
     7.1950        1   -87.30091
     7.3450        1   -87.26851
     7.4950        1   -87.23726
     7.6450        1   -87.20677
     7.7950        1   -87.17656
     7.9450        1   -87.14649
     8.0950        1   -87.11726
     8.2450        1   -87.08816
     8.3950        1   -87.05973
     8.5450        1   -87.03161
     8.6950        1   -87.00401
     8.8450        1   -86.97721
     8.9950        1   -86.94970
     9.1450        1   -86.92354
     9.2950        1   -86.89772
     9.4450        1   -86.87064
     9.5950        1   -86.84530
     9.7450        1   -86.82067
     9.8950        1   -86.79443
     10.045        1   -86.76809
     10.195        1   -86.74411
     10.345        1   -86.72041
     10.495        1   -86.69676
     10.645        1   -86.67338
     10.795        1   -86.65096
     10.945        1   -86.62895
     11.095        1   -86.60641
     11.245        1   -86.58415
     11.395        1   -86.56232
     11.545        1   -86.54061
     11.695        1   -86.51755
     11.845        1   -86.49613
     11.995        1   -86.47478
     12.145        1   -86.45390
     12.295        1   -86.43346
     12.445        1   -86.41295
     12.595        1   -86.39310
     12.745        1   -86.37363
     12.895        1   -86.35362
     13.045        1   -86.33359
     13.195        1   -86.31373
     13.345        1   -86.29513
     13.495        1   -86.27598
     13.645        1   -86.25781
     13.795        1   -86.23970
     13.945        1   -86.22106
     14.095        1   -86.20301
     14.245        1   -86.18385
     14.395        1   -86.16653
     14.545        1   -86.14838
     14.695        1   -86.13028
     14.845        1   -86.11213
     14.995        1   -86.09461
     15.145        1   -86.07735
     15.295        1   -86.06100
     15.445        1   -86.04412
     15.595        1   -86.02767
     15.745        1   -86.01163
     15.895        1   -85.99534
     16.045        1   -85.97940
     16.195        1   -85.96340
     16.345        1   -85.94742
     16.495        1   -85.93093
     16.645        1   -85.91464
     16.795        1   -85.89898
     16.945        1   -85.88371
     17.095        1   -85.86799
     17.245        1   -85.85312
     17.395        1   -85.83793
     17.545        1   -85.82272
     17.695        1   -85.80712
     17.845        1   -85.79252
     17.995        1   -85.77852
     18.145        1   -85.76397
     18.295        1   -85.74965
     18.445        1   -85.73515
     18.595        1   -85.72065
     18.745        1   -85.70691
     18.895        1   -85.69292
     19.045        1   -85.67876
     19.195        1   -85.66506
     19.345        1   -85.65116
     19.495        1   -85.63754
     19.645        1   -85.62394
     19.795        1   -85.61066
     19.945        1   -85.59742
     20.095        1   -85.58464
     20.245        1   -85.57167
     20.395        1   -85.55817
     20.545        1   -85.54504
     20.695        1   -85.53234
     20.845        1   -85.51912
     20.995        1   -85.50603
     21.145        1   -85.49335
     21.295        1   -85.48039
     21.445        1   -85.46825
     21.595        1   -85.45637
     21.745        1   -85.44374
     21.895        1   -85.43139
     22.045        1   -85.41957
     22.195        1   -85.40685
     22.345        1   -85.39517
     22.495        1   -85.38294
     22.645        1   -85.37091
     22.795        1   -85.35856
     22.945        1   -85.34682
     23.095        1   -85.33546
     23.245        1   -85.32391
     23.395        1   -85.31180
     23.545        1   -85.30055
     23.695        1   -85.28944
     23.845        1   -85.27821
     23.995        1   -85.26617
     24.145        1   -85.25492
     24.295        1   -85.24363
     24.445        1   -85.23205
     24.595        1   -85.22162
     24.745        1   -85.21049
     24.895        1   -85.19995
     25.045        1   -85.18885
     25.195        1   -85.17807
     25.345        1   -85.16702
     25.495        1   -85.15640
     25.645        1   -85.14579
     25.795        1   -85.13523
     25.945        1   -85.12476
     26.095        1   -85.11369
     26.245        1   -85.10361
     26.395        1   -85.09361
     26.545        1   -85.08279
     26.695        1   -85.07260
     26.845        1   -85.06256
     26.995        1   -85.05192
     27.145        1   -85.04218
     27.295        1   -85.03166
     27.445        1   -85.02180
     27.595        1   -85.01219
     27.745        1   -85.00196
     27.895        1   -84.99262
     28.045        1   -84.98301
     28.195        1   -84.97305
     28.345        1   -84.96336
     28.495        1   -84.95389
     28.645        1   -84.94482
     28.795        1   -84.93502
     28.945        1   -84.92556
     29.095        1   -84.91626
     29.245        1   -84.90643
     29.395        1   -84.89743
     29.545        1   -84.88789
     29.695        1   -84.87897
     29.845        1   -84.87002
     29.995        1   -84.86101
     30.145        1   -84.85224
     30.295        1   -84.84316
     30.445        1   -84.83434
     30.595        1   -84.82528
     30.745        1   -84.81599
     30.895        1   -84.80722
     31.045        1   -84.79832
     31.195        1   -84.78912
     31.345        1   -84.78010
     31.495        1   -84.77122
     31.645        1   -84.76251
     31.795        1   -84.75410
     31.945        1   -84.74569
     32.095        1   -84.73724
     32.245        1   -84.72865
     32.395        1   -84.71975
     32.545        1   -84.71131
     32.695        1   -84.70285
     32.845        1   -84.69429
     32.995        1   -84.68596
     33.145        1   -84.67704
     33.295        1   -84.66884
     33.445        1   -84.66086
     33.595        1   -84.65289
     33.745        1   -84.64422
     33.895        1   -84.63606
     34.045        1   -84.62832
     34.195        1   -84.62004
     34.345        1   -84.61185
     34.495        1   -84.60419
     34.645        1   -84.59592
     34.795        1   -84.58790
     34.945        1   -84.57988
     35.095        1   -84.57199
     35.245        1   -84.56376
     35.395        1   -84.55580
     35.545        1   -84.54818
     35.695        1   -84.54030
     35.845        1   -84.53279
     35.995        1   -84.52488
     36.145        1   -84.51687
     36.295        1   -84.50933
     36.445        1   -84.50162
     36.595        1   -84.49409
     36.745        1   -84.48649
     36.895        1   -84.47900
     37.045        1   -84.47146
     37.195        1   -84.46401
     37.345        1   -84.45688
     37.495        1   -84.44984
     37.645        1   -84.44284
     37.795        1   -84.43499
     37.945        1   -84.42758
     38.095        1   -84.41991
     38.245        1   -84.41249
     38.395        1   -84.40528
     38.545        1   -84.39812
     38.695        1   -84.39116
     38.845        1   -84.38436
     38.995        1   -84.37750
     39.145        1   -84.37054
     39.295        1   -84.36354
     39.445        1   -84.35667
     39.595        1   -84.34936
     39.745        1   -84.34242
     39.895        1   -84.33562
     40.045        1   -84.32797
     40.195        1   -84.32115
     40.345        1   -84.31413
     40.495        1   -84.30725
     40.645        1   -84.30045
     40.795        1   -84.29372
     40.945        1   -84.28655
     41.095        1   -84.27994
     41.245        1   -84.27329
     41.395        1   -84.26652
     41.545        1   -84.25966
     41.695        1   -84.25293
     41.845        1   -84.24629
     41.995        1   -84.23979
     42.145        1   -84.23330
     42.295        1   -84.22660
     42.445        1   -84.21990
     42.595        1   -84.21290
     42.745        1   -84.20631
     42.895        1   -84.19988
     43.045        1   -84.19330
     43.195        1   -84.18689
     43.345        1   -84.18057
     43.495        1   -84.17425
     43.645        1   -84.16786
     43.795        1   -84.16125
     43.945        1   -84.15443
     44.095        1   -84.14808
     44.245        1   -84.14131
     44.395        1   -84.13500
     44.545        1   -84.12882
     44.695        1   -84.12281
     44.845        1   -84.11680
     44.995        1   -84.11073
     45.145        1   -84.10442
     45.295        1   -84.09838
     45.445        1   -84.09230
     45.595        1   -84.08615
     45.745        1   -84.08020
     45.895        1   -84.07413
     46.045        1   -84.06758
     46.195        1   -84.06124
     46.345        1   -84.05532
     46.495        1   -84.04944
     46.645        1   -84.04349
     46.795        1   -84.03746
     46.945        1   -84.03130
     47.095        1   -84.02551
     47.245        1   -84.01992
     47.395        1   -84.01399
     47.545        1   -84.00839
     47.695        1   -84.00251
     47.845        1   -83.99661
     47.995        1   -83.99049
     48.145        1   -83.98483
     48.295        1   -83.97937
     48.445        1   -83.97329
     48.595        1   -83.96754
     48.745        1   -83.96130
     48.895        1   -83.95553
     49.045        1   -83.94986
     49.195        1   -83.94447
     49.345        1   -83.93860
     49.495        1   -83.93283
     49.645        1   -83.92703
     49.795        1   -83.92142
     49.945        1   -83.91599
     50.095        1   -83.91049
     50.245        1   -83.90468
     50.395        1   -83.89921
     50.545        1   -83.89354
     50.695        1   -83.88794
     50.845        1   -83.88242
     50.995        1   -83.87679
     51.145        1   -83.87154
     51.295        1   -83.86611
     51.445        1   -83.86089
     51.595        1   -83.85576
     51.745        1   -83.85018
     51.895        1   -83.84473
     52.045        1   -83.83950
     52.195        1   -83.83414
     52.345        1   -83.82868
     52.495        1   -83.82323
     52.645        1   -83.81741
     52.795        1   -83.81185
     52.945        1   -83.80642
     53.095        1   -83.80093
     53.245        1   -83.79581
     53.395        1   -83.79071
     53.545        1   -83.78564
     53.695        1   -83.78069
     53.845        1   -83.77532
     53.995        1   -83.77016
     54.145        1   -83.76495
     54.295        1   -83.75960
     54.445        1   -83.75436
     54.595        1   -83.74918
     54.745        1   -83.74424
     54.895        1   -83.73890
     55.045        1   -83.73361
     55.195        1   -83.72872
     55.345        1   -83.72377
     55.495        1   -83.71860
     55.645        1   -83.71339
     55.795        1   -83.70851
     55.945        1   -83.70345
     56.095        1   -83.69861
     56.245        1   -83.69367
     56.395        1   -83.68872
     56.545        1   -83.68381
     56.695        1   -83.67840
     56.845        1   -83.67329
     56.995        1   -83.66811
     57.145        1   -83.66345
     57.295        1   -83.65837
     57.445        1   -83.65336
     57.595        1   -83.64856
     57.745        1   -83.64381
     57.895        1   -83.63912
     58.045        1   -83.63428
     58.195        1   -83.62940
     58.345        1   -83.62456
     58.495        1   -83.61974
     58.645        1   -83.61490
     58.795        1   -83.61000
     58.945        1   -83.60519
     59.095        1   -83.60026
     59.245        1   -83.59563
     59.395        1   -83.59075
     59.545        1   -83.58551
     59.695        1   -83.58051
     59.845        1   -83.57573
     59.995        1   -83.57113
     60.145        1   -83.56623
     70.939        1   -82.95862
     97.698        1   -82.34861
     134.55        1   -81.74031
     185.30        1   -81.13734
     255.20        1   -80.53856
     351.46        1   -79.94487
     484.04        1   -79.36011
     666.62        1   -78.78208
     918.07        1   -78.21028
     1264.4        1   -77.65013
     1741.3        1   -77.09980
     2398.1        1   -76.55413
     3302.7        1   -76.02028
     4548.5        1   -75.49342
     6264.3        1   -74.97437
     8627.2        1   -74.46294
     11881.        1   -73.95902
     16363.        1   -73.46266
     22535.        1   -72.97254
     31036.        1   -72.48944
     42743.        1   -72.01320
     58866.        1   -71.54137
     81070.        1   -71.07604
    0.11165E+06    1   -70.61889
    0.15377E+06    1   -70.16502
    0.21177E+06    1   -69.71792
    0.29165E+06    1   -69.27479
    0.40166E+06    1   -68.83346
    0.55317E+06    1   -68.39814
    0.76182E+06    1   -67.96451
    0.10492E+07    1   -67.53180
    0.14449E+07    1   -67.10228
    0.19900E+07    1   -66.67359
    0.27406E+07    1   -66.24512
    0.37744E+07    1   -65.81468
    0.51981E+07    1   -65.38297
    0.71589E+07    1   -64.94927
    0.98593E+07    1   -64.51375
    0.13578E+08    1   -64.07665
    0.18700E+08    1   -63.63753
    0.25754E+08    1   -63.19695
    0.35468E+08    1   -62.75742
    0.48847E+08    1   -62.32552
    0.67273E+08    1   -61.90509
    0.92648E+08    1   -61.49380
    0.12760E+09    1   -61.09347
    0.17573E+09    1   -60.70403
    0.24201E+09    1   -60.32684
    0.33330E+09    1   -59.96278
    0.45902E+09    1   -59.61503
    0.63217E+09    1   -59.28817
    0.87062E+09    1   -58.98213
    0.11990E+10    1   -58.69475
    0.16513E+10    1   -58.42697
    0.22742E+10    1   -58.17832
    0.31320E+10    1   -57.94641
    0.43134E+10    1   -57.73015
    0.59405E+10    1   -57.52851
    0.81813E+10    1   -57.34060
    0.11267E+11    1   -57.16613
    0.15517E+11    1   -57.00380
    0.21371E+11    1   -56.85229
    0.29432E+11    1   -56.71220
    0.40534E+11    1   -56.58130
    0.55823E+11    1   -56.45925
    0.10000E+12    1   -54.94313
    -149.95        2     0.00000
    -149.80        2     0.00000
    -149.65        2     0.00000
    -149.49        2     0.00000
    -149.34        2     0.00000
    -149.20        2     0.00000
    -149.05        2     0.00000
    -148.90        2     0.00000
    -148.74        2     0.00000
    -148.59        2     0.00000
    -148.45        2     0.00000
    -148.30        2     0.00000
    -148.15        2     0.00000
    -147.99        2     0.00000
    -147.84        2     0.00000
    -147.70        2     0.00000
    -147.55        2     0.00000
    -147.40        2     0.00000
    -147.24        2     0.00000
    -147.09        2     0.00000
    -146.95        2     0.00000
    -146.80        2     0.00000
    -146.65        2     0.00000
    -146.49        2     0.00000
    -146.34        2     0.00000
    -146.20        2     0.00000
    -146.05        2     0.00000
    -145.90        2     0.00000
    -145.74        2     0.00000
    -145.59        2     0.00000
    -145.45        2     0.00000
    -145.30        2     0.00000
    -145.15        2     0.00000
    -144.99        2     0.00000
    -144.84        2     0.00000
    -144.70        2     0.00000
    -144.55        2     0.00000
    -144.40        2     0.00000
    -144.24        2     0.00000
    -144.09        2     0.00000
    -143.95        2     0.00000
    -143.80        2     0.00000
    -143.65        2     0.00000
    -143.49        2     0.00000
    -143.34        2     0.00000
    -143.20        2     0.00000
    -143.05        2     0.00000
    -142.90        2     0.00000
    -142.74        2     0.00000
    -142.59        2     0.00000
    -142.45        2     0.00000
    -142.30        2     0.00000
    -142.15        2     0.00000
    -141.99        2     0.00000
    -141.84        2     0.00000
    -141.70        2     0.00000
    -141.55        2     0.00000
    -141.40        2     0.00000
    -141.24        2     0.00000
    -141.09        2     0.00000
    -140.95        2     0.00000
    -140.80        2     0.00000
    -140.65        2     0.00000
    -140.49        2     0.00000
    -140.34        2     0.00000
    -140.20        2     0.00000
    -140.05        2     0.00000
    -139.90        2     0.00000
    -139.74        2     0.00000
    -139.59        2     0.00000
    -139.45        2     0.00000
    -139.30        2     0.00000
    -139.15        2     0.00000
    -138.99        2     0.00000
    -138.84        2     0.00000
    -138.70        2     0.00000
    -138.55        2     0.00000
    -138.40        2     0.00000
    -138.24        2     0.00000
    -138.09        2     0.00000
    -137.95        2     0.00000
    -137.80        2     0.00000
    -137.65        2     0.00000
    -137.49        2     0.00000
    -137.34        2     0.00000
    -137.20        2     0.00000
    -137.05        2     0.00000
    -136.90        2     0.00000
    -136.74        2     0.00000
    -136.59        2     0.00000
    -136.45        2     0.00000
    -136.30        2     0.00000
    -136.15        2     0.00000
    -135.99        2     0.00000
    -135.84        2     0.00000
    -135.70        2     0.00000
    -135.55        2     0.00000
    -135.40        2     0.00000
    -135.24        2     0.00000
    -135.09        2     0.00000
    -134.95        2     0.00000
    -134.80        2     0.00000
    -134.65        2     0.00000
    -134.49        2     0.00000
    -134.34        2     0.00000
    -134.20        2     0.00000
    -134.05        2     0.00000
    -133.90        2     0.00000
    -133.74        2     0.00000
    -133.59        2     0.00000
    -133.45        2     0.00000
    -133.30        2     0.00000
    -133.15        2     0.00000
    -132.99        2     0.00000
    -132.84        2     0.00000
    -132.70        2     0.00000
    -132.55        2     0.00000
    -132.40        2     0.00000
    -132.24        2     0.00000
    -132.09        2     0.00000
    -131.95        2     0.00000
    -131.80        2     0.00000
    -131.65        2     0.00000
    -131.49        2     0.00000
    -131.34        2     0.00000
    -131.20        2     0.00000
    -131.05        2     0.00000
    -130.90        2     0.00000
    -130.74        2     0.00000
    -130.59        2     0.00000
    -130.45        2     0.00000
    -130.30        2     0.00000
    -130.15        2     0.00000
    -129.99        2     0.00000
    -129.84        2     0.00000
    -129.70        2     0.00000
    -129.55        2     0.00000
    -129.40        2     0.00000
    -129.24        2     0.00000
    -129.09        2     0.00000
    -128.95        2     0.00000
    -128.80        2     0.00000
    -128.65        2     0.00000
    -128.49        2     0.00000
    -128.34        2     0.00000
    -128.20        2     0.00000
    -128.05        2     0.00000
    -127.89        2     0.00000
    -127.75        2     0.00000
    -127.60        2     0.00000
    -127.44        2     0.00000
    -127.30        2     0.00000
    -127.14        2     0.00000
    -127.00        2     0.00000
    -126.85        2     0.00000
    -126.69        2     0.00000
    -126.55        2     0.00000
    -126.39        2     0.00000
    -126.25        2     0.00000
    -126.10        2     0.00000
    -125.94        2     0.00000
    -125.80        2     0.00000
    -125.64        2     0.00000
    -125.50        2     0.00000
    -125.35        2     0.00000
    -125.19        2     0.00000
    -125.05        2     0.00000
    -124.89        2     0.00000
    -124.75        2     0.00000
    -124.60        2     0.00000
    -124.44        2     0.00000
    -124.30        2     0.00000
    -124.14        2     0.00000
    -124.00        2     0.00000
    -123.85        2     0.00000
    -123.69        2     0.00000
    -123.55        2     0.00000
    -123.39        2     0.00000
    -123.25        2     0.00000
    -123.10        2     0.00000
    -122.94        2     0.00000
    -122.80        2     0.00000
    -122.64        2     0.00000
    -122.50        2     0.00000
    -122.35        2     0.00000
    -122.19        2     0.00000
    -122.05        2     0.00000
    -121.89        2     0.00000
    -121.75        2     0.00000
    -121.60        2     0.00000
    -121.44        2     0.00000
    -121.30        2     0.00000
    -121.14        2     0.00000
    -121.00        2     0.00000
    -120.85        2     0.00000
    -120.69        2     0.00000
    -120.55        2     0.00000
    -120.39        2     0.00000
    -120.25        2     0.00000
    -120.10        2     0.00000
    -119.94        2     0.00000
    -119.80        2     0.00000
    -119.64        2     0.00000
    -119.50        2     0.00000
    -119.35        2     0.00000
    -119.19        2     0.00000
    -119.05        2     0.00000
    -118.89        2     0.00000
    -118.75        2     0.00000
    -118.60        2     0.00000
    -118.44        2     0.00000
    -118.30        2     0.00000
    -118.14        2     0.00000
    -118.00        2     0.00000
    -117.85        2     0.00000
    -117.69        2     0.00000
    -117.55        2     0.00000
    -117.39        2     0.00000
    -117.25        2     0.00000
    -117.10        2     0.00000
    -116.94        2     0.00000
    -116.80        2     0.00000
    -116.64        2     0.00000
    -116.50        2     0.00000
    -116.35        2     0.00000
    -116.19        2     0.00000
    -116.05        2     0.00000
    -115.89        2     0.00000
    -115.75        2     0.00000
    -115.60        2     0.00000
    -115.44        2     0.00000
    -115.30        2     0.00000
    -115.14        2     0.00000
    -115.00        2     0.00000
    -114.85        2     0.00000
    -114.69        2     0.00000
    -114.55        2     0.00000
    -114.39        2     0.00000
    -114.25        2     0.00000
    -114.10        2     0.00000
    -113.94        2     0.00000
    -113.80        2     0.00000
    -113.64        2     0.00000
    -113.50        2     0.00000
    -113.35        2     0.00000
    -113.19        2     0.00000
    -113.05        2     0.00000
    -112.89        2     0.00000
    -112.75        2     0.00000
    -112.60        2     0.00000
    -112.44        2     0.00000
    -112.30        2     0.00000
    -112.14        2     0.00000
    -112.00        2     0.00000
    -111.85        2     0.00000
    -111.69        2     0.00000
    -111.55        2     0.00000
    -111.39        2     0.00000
    -111.25        2     0.00000
    -111.10        2     0.00000
    -110.94        2     0.00000
    -110.80        2     0.00000
    -110.64        2     0.00000
    -110.50        2     0.00000
    -110.35        2     0.00000
    -110.19        2     0.00000
    -110.05        2     0.00000
    -109.89        2     0.00000
    -109.75        2     0.00000
    -109.60        2     0.00000
    -109.44        2     0.00000
    -109.30        2     0.00000
    -109.14        2     0.00000
    -109.00        2     0.00000
    -108.85        2     0.00000
    -108.69        2     0.00000
    -108.55        2     0.00000
    -108.39        2     0.00000
    -108.25        2     0.00000
    -108.10        2     0.00000
    -107.94        2     0.00000
    -107.80        2     0.00000
    -107.64        2     0.00000
    -107.50        2     0.00000
    -107.35        2     0.00000
    -107.19        2     0.00000
    -107.05        2     0.00000
    -106.89        2     0.00000
    -106.75        2     0.00000
    -106.60        2     0.00000
    -106.44        2     0.00000
    -106.30        2     0.00000
    -106.14        2     0.00000
    -106.00        2     0.00000
    -105.85        2     0.00000
    -105.69        2     0.00000
    -105.55        2     0.00000
    -105.39        2     0.00000
    -105.25        2     0.00000
    -105.10        2     0.00000
    -104.94        2     0.00000
    -104.80        2     0.00000
    -104.64        2     0.00000
    -104.50        2     0.00000
    -104.35        2     0.00000
    -104.19        2     0.00000
    -104.05        2     0.00000
    -103.89        2     0.00000
    -103.75        2     0.00000
    -103.60        2     0.00000
    -103.44        2     0.00000
    -103.30        2     0.00000
    -103.14        2     0.00000
    -103.00        2     0.00000
    -102.85        2     0.00000
    -102.69        2     0.00000
    -102.55        2     0.00000
    -102.39        2     0.00000
    -102.25        2     0.00000
    -102.10        2     0.00000
    -101.94        2     0.00000
    -101.80        2     0.00000
    -101.64        2     0.00000
    -101.50        2     0.00000
    -101.35        2     0.00000
    -101.19        2     0.00000
    -101.05        2     0.00000
    -100.89        2     0.00000
    -100.75        2     0.00000
    -100.60        2     0.00000
    -100.44        2     0.00000
    -100.30        2     0.00000
    -100.14        2     0.00000
    -99.995        2     0.00000
    -99.845        2     0.00000
    -99.695        2     0.00000
    -99.545        2     0.00000
    -99.395        2     0.00000
    -99.245        2     0.00000
    -99.095        2     0.00000
    -98.945        2     0.00000
    -98.795        2     0.00000
    -98.645        2     0.00000
    -98.495        2     0.00000
    -98.345        2     0.00000
    -98.195        2     0.00000
    -98.045        2     0.00000
    -97.895        2     0.00000
    -97.745        2     0.00000
    -97.595        2     0.00000
    -97.445        2     0.00000
    -97.295        2     0.00000
    -97.145        2     0.00000
    -96.995        2     0.00000
    -96.845        2     0.00000
    -96.695        2     0.00000
    -96.545        2     0.00000
    -96.395        2     0.00000
    -96.245        2     0.00000
    -96.095        2     0.00000
    -95.945        2     0.00000
    -95.795        2     0.00000
    -95.645        2     0.00000
    -95.495        2     0.00000
    -95.345        2     0.00000
    -95.195        2     0.00000
    -95.045        2     0.00000
    -94.895        2     0.00000
    -94.745        2     0.00000
    -94.595        2     0.00000
    -94.445        2     0.00000
    -94.295        2     0.00000
    -94.145        2     0.00000
    -93.995        2     0.00000
    -93.845        2     0.00000
    -93.695        2     0.00000
    -93.545        2     0.00000
    -93.395        2     0.00000
    -93.245        2     0.00000
    -93.095        2     0.00000
    -92.945        2     0.00000
    -92.795        2     0.00000
    -92.645        2     0.00000
    -92.495        2     0.00000
    -92.345        2     0.00000
    -92.195        2     0.00000
    -92.045        2     0.00000
    -91.895        2     0.00000
    -91.745        2     0.00000
    -91.595        2     0.00000
    -91.445        2     0.00000
    -91.295        2     0.00000
    -91.145        2     0.00000
    -90.995        2     0.00000
    -90.845        2     0.00000
    -90.695        2     0.00000
    -90.545        2     0.00000
    -90.395        2     0.00000
    -90.245        2     0.00000
    -90.095        2     0.00000
    -89.945        2     0.00000
    -89.795        2     0.00000
    -89.645        2     0.00000
    -89.495        2     0.00000
    -89.345        2     0.00000
    -89.195        2     0.00000
    -89.045        2     0.00000
    -88.895        2     0.00000
    -88.745        2     0.00000
    -88.595        2     0.00000
    -88.445        2     0.00000
    -88.295        2     0.00000
    -88.145        2     0.00000
    -87.995        2     0.00000
    -87.845        2     0.00000
    -87.695        2     0.00000
    -87.545        2     0.00000
    -87.395        2     0.00000
    -87.245        2     0.00000
    -87.095        2     0.00000
    -86.945        2     0.00000
    -86.795        2     0.00000
    -86.645        2     0.00000
    -86.495        2     0.00000
    -86.345        2     0.00000
    -86.195        2     0.00000
    -86.045        2     0.00000
    -85.895        2     0.00000
    -85.745        2     0.00000
    -85.595        2     0.00000
    -85.445        2     0.00000
    -85.295        2     0.00000
    -85.145        2     0.00000
    -84.995        2     0.00000
    -84.845        2     0.00000
    -84.695        2     0.00000
    -84.545        2     0.00000
    -84.395        2     0.00000
    -84.245        2     0.00000
    -84.095        2     0.00000
    -83.945        2     0.00000
    -83.795        2     0.00000
    -83.645        2     0.00000
    -83.495        2     0.00000
    -83.345        2     0.00000
    -83.195        2     0.00000
    -83.045        2     0.00000
    -82.895        2     0.00000
    -82.745        2     0.00000
    -82.595        2     0.00000
    -82.445        2     0.00000
    -82.295        2     0.00000
    -82.145        2     0.00000
    -81.995        2     0.00000
    -81.845        2     0.00000
    -81.695        2     0.00000
    -81.545        2     0.00000
    -81.395        2     0.00000
    -81.245        2     0.00000
    -81.095        2     0.00000
    -80.945        2     0.00000
    -80.795        2     0.00000
    -80.645        2     0.00000
    -80.495        2     0.00000
    -80.345        2     0.00000
    -80.195        2     0.00000
    -80.045        2     0.00000
    -79.895        2     0.00000
    -79.745        2     0.00000
    -79.595        2     0.00000
    -79.445        2     0.00000
    -79.295        2     0.00000
    -79.145        2     0.00000
    -78.995        2     0.00000
    -78.845        2     0.00000
    -78.695        2     0.00000
    -78.545        2     0.00000
    -78.395        2     0.00000
    -78.245        2     0.00000
    -78.095        2     0.00000
    -77.945        2     0.00000
    -77.795        2     0.00000
    -77.645        2     0.00000
    -77.495        2     0.00000
    -77.345        2     0.00000
    -77.195        2     0.00000
    -77.045        2     0.00000
    -76.895        2     0.00000
    -76.745        2     0.00000
    -76.595        2     0.00000
    -76.445        2     0.00000
    -76.295        2     0.00000
    -76.145        2     0.00000
    -75.995        2     0.00000
    -75.845        2     0.00000
    -75.695        2     0.00000
    -75.545        2     0.00000
    -75.395        2     0.00000
    -75.245        2     0.00000
    -75.095        2     0.00000
    -74.945        2     0.00000
    -74.795        2     0.00000
    -74.645        2     0.00000
    -74.495        2     0.00000
    -74.345        2     0.00000
    -74.195        2     0.00000
    -74.045        2     0.00000
    -73.895        2     0.00000
    -73.745        2     0.00000
    -73.595        2     0.00000
    -73.445        2     0.00000
    -73.295        2     0.00000
    -73.145        2     0.00000
    -72.995        2     0.00000
    -72.845        2     0.00000
    -72.695        2     0.00000
    -72.545        2     0.00000
    -72.395        2     0.00000
    -72.245        2     0.00000
    -72.095        2     0.00000
    -71.945        2     0.00000
    -71.795        2     0.00000
    -71.645        2     0.00000
    -71.495        2     0.00000
    -71.345        2     0.00000
    -71.195        2     0.00000
    -71.045        2     0.00000
    -70.895        2     0.00000
    -70.745        2     0.00000
    -70.595        2     0.00000
    -70.445        2     0.00000
    -70.295        2     0.00000
    -70.145        2     0.00000
    -69.995        2     0.00000
    -69.845        2     0.00000
    -69.695        2     0.00000
    -69.545        2     0.00000
    -69.395        2     0.00000
    -69.245        2     0.00000
    -69.095        2     0.00000
    -68.945        2     0.00000
    -68.795        2     0.00000
    -68.645        2     0.00000
    -68.495        2     0.00000
    -68.345        2     0.00000
    -68.195        2     0.00000
    -68.045        2     0.00000
    -67.895        2     0.00000
    -67.745        2     0.00000
    -67.595        2     0.00000
    -67.445        2     0.00000
    -67.295        2     0.00000
    -67.145        2     0.00000
    -66.995        2     0.00000
    -66.845        2     0.00000
    -66.695        2     0.00000
    -66.545        2     0.00000
    -66.395        2     0.00000
    -66.245        2     0.00000
    -66.095        2     0.00000
    -65.945        2     0.00000
    -65.795        2     0.00000
    -65.645        2     0.00000
    -65.495        2     0.00000
    -65.345        2     0.00000
    -65.195        2     0.00000
    -65.045        2     0.00000
    -64.895        2     0.00000
    -64.745        2     0.00000
    -64.595        2     0.00000
    -64.445        2     0.00000
    -64.295        2     0.00000
    -64.145        2     0.00000
    -63.995        2     0.00000
    -63.845        2     0.00000
    -63.695        2     0.00000
    -63.545        2     0.00000
    -63.395        2     0.00000
    -63.245        2     0.00000
    -63.095        2     0.00000
    -62.945        2     0.00000
    -62.795        2     0.00000
    -62.645        2     0.00000
    -62.495        2     0.00000
    -62.345        2     0.00000
    -62.195        2     0.00000
    -62.045        2     0.00000
    -61.895        2     0.00000
    -61.745        2     0.00000
    -61.595        2     0.00000
    -61.445        2     0.00000
    -61.295        2     0.00000
    -61.145        2     0.00000
    -60.995        2     0.00000
    -60.845        2     0.00000
    -60.695        2     0.00000
    -60.545        2     0.00000
    -60.395        2     0.00000
    -60.245        2     0.00000
    -60.095        2     0.00000
    -59.945        2     0.00000
    -59.795        2     0.00000
    -59.645        2     0.00000
    -59.495        2     0.00000
    -59.345        2     0.00000
    -59.195        2     0.00000
    -59.045        2     0.00000
    -58.895        2     0.00000
    -58.745        2     0.00000
    -58.595        2     0.00000
    -58.445        2     0.00000
    -58.295        2     0.00000
    -58.145        2     0.00000
    -57.995        2     0.00000
    -57.845        2     0.00000
    -57.695        2     0.00000
    -57.545        2     0.00000
    -57.395        2     0.00000
    -57.245        2     0.00000
    -57.095        2     0.00000
    -56.945        2     0.00000
    -56.795        2     0.00000
    -56.645        2     0.00000
    -56.495        2     0.00000
    -56.345        2     0.00000
    -56.195        2     0.00000
    -56.045        2     0.00000
    -55.895        2     0.00000
    -55.745        2     0.00000
    -55.595        2     0.00000
    -55.445        2     0.00000
    -55.295        2     0.00000
    -55.145        2     0.00000
    -54.995        2     0.00000
    -54.845        2     0.00000
    -54.695        2     0.00000
    -54.545        2     0.00000
    -54.395        2     0.00000
    -54.245        2     0.00000
    -54.095        2     0.00000
    -53.945        2     0.00000
    -53.795        2     0.00000
    -53.645        2     0.00000
    -53.495        2     0.00000
    -53.345        2     0.00000
    -53.195        2     0.00000
    -53.045        2     0.00000
    -52.895        2     0.00000
    -52.745        2     0.00000
    -52.595        2     0.00000
    -52.445        2     0.00000
    -52.295        2     0.00000
    -52.145        2     0.00000
    -51.995        2     0.00000
    -51.845        2     0.00000
    -51.695        2     0.00000
    -51.545        2     0.00000
    -51.395        2     0.00000
    -51.245        2     0.00000
    -51.095        2     0.00000
    -50.945        2     0.00000
    -50.795        2     0.00000
    -50.645        2     0.00000
    -50.495        2     0.00000
    -50.345        2     0.00000
    -50.195        2     0.00000
    -50.045        2     0.00000
    -49.895        2     0.00000
    -49.745        2     0.00000
    -49.595        2     0.00000
    -49.445        2     0.00000
    -49.295        2     0.00000
    -49.145        2     0.00000
    -48.995        2     0.00000
    -48.845        2     0.00000
    -48.695        2     0.00000
    -48.545        2     0.00000
    -48.395        2     0.00000
    -48.245        2     0.00000
    -48.095        2     0.00000
    -47.945        2     0.00000
    -47.795        2     0.00000
    -47.645        2     0.00000
    -47.495        2     0.00000
    -47.345        2     0.00000
    -47.195        2     0.00000
    -47.045        2     0.00000
    -46.895        2     0.00000
    -46.745        2     0.00000
    -46.595        2     0.00000
    -46.445        2     0.00000
    -46.295        2     0.00000
    -46.145        2     0.00000
    -45.995        2     0.00000
    -45.845        2     0.00000
    -45.695        2     0.00000
    -45.545        2     0.00000
    -45.395        2     0.00000
    -45.245        2     0.00000
    -45.095        2     0.00000
    -44.945        2     0.00000
    -44.795        2     0.00000
    -44.645        2     0.00000
    -44.495        2     0.00000
    -44.345        2     0.00000
    -44.195        2     0.00000
    -44.045        2     0.00000
    -43.895        2     0.00000
    -43.745        2     0.00000
    -43.595        2     0.00000
    -43.445        2     0.00000
    -43.295        2     0.00000
    -43.145        2     0.00000
    -42.995        2     0.00000
    -42.845        2     0.00000
    -42.695        2     0.00000
    -42.545        2     0.00000
    -42.395        2     0.00000
    -42.245        2     0.00000
    -42.095        2     0.00000
    -41.945        2     0.00000
    -41.795        2     0.00000
    -41.645        2     0.00000
    -41.495        2     0.00000
    -41.345        2     0.00000
    -41.195        2     0.00000
    -41.045        2     0.00000
    -40.895        2     0.00000
    -40.745        2     0.00000
    -40.595        2     0.00000
    -40.445        2     0.00000
    -40.295        2     0.00000
    -40.145        2     0.00000
    -39.995        2     0.00000
    -39.845        2     0.00000
    -39.695        2     0.00000
    -39.545        2     0.00000
    -39.395        2     0.00000
    -39.245        2     0.00000
    -39.095        2     0.00000
    -38.945        2     0.00000
    -38.795        2     0.00000
    -38.645        2     0.00000
    -38.495        2     0.00000
    -38.345        2     0.00000
    -38.195        2     0.00000
    -38.045        2     0.00000
    -37.895        2     0.00000
    -37.745        2     0.00000
    -37.595        2     0.00000
    -37.445        2     0.00000
    -37.295        2     0.00000
    -37.145        2     0.00000
    -36.995        2     0.00000
    -36.845        2     0.00000
    -36.695        2     0.00000
    -36.545        2     0.00000
    -36.395        2     0.00000
    -36.245        2     0.00000
    -36.095        2     0.00000
    -35.945        2     0.00000
    -35.795        2     0.00000
    -35.645        2     0.00000
    -35.495        2     0.00000
    -35.345        2     0.00000
    -35.195        2     0.00000
    -35.045        2     0.00000
    -34.895        2     0.00000
    -34.745        2     0.00000
    -34.595        2     0.00000
    -34.445        2     0.00000
    -34.295        2     0.00000
    -34.145        2     0.00000
    -33.995        2     0.00000
    -33.845        2     0.00000
    -33.695        2     0.00000
    -33.545        2     0.00000
    -33.395        2     0.00000
    -33.245        2     0.00000
    -33.095        2     0.00000
    -32.945        2     0.00000
    -32.795        2     0.00000
    -32.645        2     0.00000
    -32.495        2     0.00000
    -32.345        2     0.00000
    -32.195        2     0.00000
    -32.045        2     0.00000
    -31.895        2     0.00000
    -31.745        2     0.00000
    -31.595        2     0.00000
    -31.445        2     0.00000
    -31.295        2     0.00000
    -31.145        2     0.00000
    -30.995        2     0.00000
    -30.845        2     0.00000
    -30.695        2     0.00000
    -30.545        2     0.00000
    -30.395        2     0.00000
    -30.245        2     0.00000
    -30.095        2     0.00000
    -29.945        2     0.00000
    -29.795        2     0.00000
    -29.645        2     0.00000
    -29.495        2     0.00000
    -29.345        2     0.00000
    -29.195        2     0.00000
    -29.045        2     0.00000
    -28.895        2     0.00000
    -28.745        2     0.00000
    -28.595        2     0.00000
    -28.445        2     0.00000
    -28.295        2     0.00000
    -28.145        2     0.00000
    -27.995        2     0.00000
    -27.845        2     0.00000
    -27.695        2     0.00000
    -27.545        2     0.00000
    -27.395        2     0.00000
    -27.245        2     0.00000
    -27.095        2     0.00000
    -26.945        2     0.00000
    -26.795        2     0.00000
    -26.645        2     0.00000
    -26.495        2     0.00000
    -26.345        2     0.00000
    -26.195        2     0.00000
    -26.045        2     0.00000
    -25.895        2     0.00000
    -25.745        2     0.00000
    -25.595        2     0.00000
    -25.445        2     0.00000
    -25.295        2     0.00000
    -25.145        2     0.00000
    -24.995        2     0.00000
    -24.845        2     0.00000
    -24.695        2     0.00000
    -24.545        2     0.00000
    -24.395        2     0.00000
    -24.245        2     0.00000
    -24.095        2     0.00000
    -23.945        2     0.00000
    -23.795        2     0.00000
    -23.645        2     0.00000
    -23.495        2     0.00000
    -23.345        2     0.00000
    -23.195        2     0.00000
    -23.045        2     0.00000
    -22.895        2     0.00000
    -22.745        2     0.00000
    -22.595        2     0.00000
    -22.445        2     0.00000
    -22.295        2     0.00000
    -22.145        2     0.00000
    -21.995        2     0.00000
    -21.845        2     0.00000
    -21.695        2     0.00000
    -21.545        2     0.00000
    -21.395        2     0.00000
    -21.245        2     0.00000
    -21.095        2     0.00000
    -20.945        2     0.00000
    -20.795        2     0.00000
    -20.645        2     0.00000
    -20.495        2     0.00000
    -20.345        2     0.00000
    -20.195        2     0.00000
    -20.045        2     0.00000
    -19.895        2     0.00000
    -19.745        2     0.00000
    -19.595        2     0.00000
    -19.445        2     0.00000
    -19.295        2     0.00000
    -19.145        2     0.00000
    -18.995        2     0.00000
    -18.845        2     0.00000
    -18.695        2     0.00000
    -18.545        2     0.00000
    -18.395        2     0.00000
    -18.245        2     0.00000
    -18.095        2     0.00000
    -17.945        2     0.00000
    -17.795        2     0.00000
    -17.645        2     0.00000
    -17.495        2     0.00000
    -17.345        2     0.00000
    -17.195        2     0.00000
    -17.045        2     0.00000
    -16.895        2     0.00000
    -16.745        2     0.00000
    -16.595        2     0.00000
    -16.445        2     0.00000
    -16.295        2     0.00000
    -16.145        2     0.00000
    -15.995        2     0.00000
    -15.845        2    -0.00329
    -15.695        2    -0.02373
    -15.545        2    -0.08422
    -15.395        2    -0.18632
    -15.245        2    -0.33866
    -15.095        2    -0.53269
    -14.945        2    -0.75716
    -14.795        2    -1.02049
    -14.645        2    -1.33008
    -14.495        2    -1.69751
    -14.345        2    -2.12262
    -14.195        2    -2.60053
    -14.045        2    -3.10203
    -13.895        2    -3.63788
    -13.745        2    -4.17019
    -13.595        2    -4.70527
    -13.445        2    -5.24369
    -13.295        2    -5.81245
    -13.145        2    -6.40444
    -12.995        2    -7.03495
    -12.845        2    -7.69952
    -12.695        2    -8.38626
    -12.545        2    -9.13378
    -12.395        2    -9.94729
    -12.245        2   -10.81504
    -12.095        2   -11.70790
    -11.945        2   -12.63483
    -11.795        2   -13.55429
    -11.645        2   -14.48310
    -11.495        2   -15.38520
    -11.345        2   -16.27023
    -11.195        2   -17.12543
    -11.045        2   -17.93501
    -10.895        2   -18.71111
    -10.745        2   -19.44213
    -10.595        2   -20.14721
    -10.445        2   -20.80895
    -10.295        2   -21.44655
    -10.145        2   -22.06918
    -9.9950        2   -22.67056
    -9.8450        2   -23.26762
    -9.6950        2   -23.86637
    -9.5450        2   -24.48163
    -9.3950        2   -25.12990
    -9.2450        2   -25.79375
    -9.0950        2   -26.48528
    -8.9450        2   -27.22834
    -8.7950        2   -28.03024
    -8.6450        2   -28.89896
    -8.4950        2   -29.83833
    -8.3450        2   -30.83777
    -8.1950        2   -31.91991
    -8.0450        2   -33.08025
    -7.8950        2   -34.31878
    -7.7450        2   -35.62811
    -7.5950        2   -36.98855
    -7.4450        2   -38.41930
    -7.2950        2   -39.87354
    -7.1450        2   -41.36499
    -6.9950        2   -42.89505
    -6.8450        2   -44.43356
    -6.6950        2   -45.98886
    -6.5450        2   -47.54498
    -6.3950        2   -49.14270
    -6.2450        2   -50.73318
    -6.0950        2   -52.35609
    -5.9450        2   -53.95525
    -5.7950        2   -55.55793
    -5.6450        2   -57.16084
    -5.4950        2   -58.77386
    -5.3450        2   -60.37162
    -5.1950        2   -61.92574
    -5.0450        2   -63.47407
    -4.8950        2   -64.98097
    -4.7450        2   -66.48162
    -4.5950        2   -67.95903
    -4.4450        2   -69.44939
    -4.2950        2   -70.94148
    -4.1450        2   -72.47188
    -3.9950        2   -74.05252
    -3.8450        2   -75.69256
    -3.6950        2   -77.39138
    -3.5450        2   -79.17080
    -3.3950        2   -81.01216
    -3.2450        2   -82.94788
    -3.0950        2   -84.99860
    -2.9450        2   -87.18979
    -2.7950        2   -89.56543
    -2.6450        2   -92.17048
    -2.4950        2   -95.03451
    -2.3450        2   -98.21049
    -2.1950        2  -101.73344
    -2.0450        2  -105.71982
    -1.8950        2  -110.24532
    -1.7450        2  -115.45215
    -1.5950        2  -121.43629
    -1.4450        2  -128.26298
    -1.2950        2  -135.86472
    -1.1450        2  -144.14086
   -0.99500        2  -153.00756
   -0.84500        2  -162.37464
   -0.69500        2  -172.21336
   -0.54500        2  -182.71171
   -0.39500        2  -194.58286
   -0.25300        2  -203.65541
   -0.21500        2  -204.27680
   -0.20900        2  -204.90713
   -0.20300        2  -205.54773
   -0.19700        2  -206.19679
   -0.19100        2  -206.85699
   -0.18500        2  -207.52995
   -0.17900        2  -208.21402
   -0.17300        2  -208.91024
   -0.16700        2  -209.61999
   -0.16100        2  -210.34423
   -0.15500        2  -211.08225
   -0.14900        2  -211.83643
   -0.14300        2  -212.60794
   -0.13700        2  -213.39569
   -0.13100        2  -214.20424
   -0.12500        2  -215.03274
   -0.11900        2  -215.88259
   -0.11300        2  -216.75758
   -0.10700        2  -217.65890
   -0.10100        2  -218.58945
   -0.95000E-01    2  -219.54997
   -0.89000E-01    2  -220.54740
   -0.83000E-01    2  -221.58403
   -0.77000E-01    2  -222.66735
   -0.71000E-01    2  -223.80352
   -0.65000E-01    2  -225.00022
   -0.59000E-01    2  -226.26754
   -0.53000E-01    2  -227.62086
   -0.47000E-01    2  -229.07813
   -0.41000E-01    2  -230.66282
   -0.35000E-01    2  -232.41647
   -0.29000E-01    2  -234.40410
   -0.23000E-01    2  -236.73952
   -0.19700E-01    2  -236.99635
   -0.19100E-01    2  -237.25877
   -0.18500E-01    2  -237.52768
   -0.17900E-01    2  -237.80331
   -0.17300E-01    2  -238.08580
   -0.16700E-01    2  -238.37629
   -0.16100E-01    2  -238.67494
   -0.15500E-01    2  -238.98282
   -0.14900E-01    2  -239.30079
   -0.14300E-01    2  -239.62972
   -0.13700E-01    2  -239.97056
   -0.13100E-01    2  -240.32448
   -0.12500E-01    2  -240.69215
   -0.11900E-01    2  -241.07534
   -0.11300E-01    2  -241.47544
   -0.10700E-01    2  -241.89447
   -0.10100E-01    2  -242.33424
   -0.95000E-02    2  -242.79778
   -0.89000E-02    2  -243.28781
   -0.83000E-02    2  -243.80657
   -0.77000E-02    2  -244.35579
   -0.71000E-02    2  -244.93693
   -0.65000E-02    2  -245.55193
   -0.59000E-02    2  -246.20531
   -0.53000E-02    2  -246.90234
   -0.47000E-02    2  -247.64933
   -0.41000E-02    2  -248.45214
   -0.35000E-02    2  -249.30643
   -0.29000E-02    2  -250.20174
   -0.23000E-02    2  -251.10655
   -0.17000E-02    2  -251.95635
   -0.11000E-02    2  -252.62421
   -0.50000E-03    2  -252.96008
    0.10000E-03    2  -252.89124
    0.70000E-03    2  -252.43238
    0.13000E-02    2  -251.68540
    0.19000E-02    2  -250.80892
    0.25000E-02    2  -249.90253
    0.31000E-02    2  -249.02027
    0.37000E-02    2  -248.18356
    0.43000E-02    2  -247.40101
    0.49000E-02    2  -246.67247
    0.55000E-02    2  -245.99226
    0.61000E-02    2  -245.35331
    0.67000E-02    2  -244.75104
    0.73000E-02    2  -244.18214
    0.79000E-02    2  -243.64497
    0.85000E-02    2  -243.13792
    0.91000E-02    2  -242.65894
    0.97000E-02    2  -242.20540
    0.10300E-01    2  -241.77483
    0.10900E-01    2  -241.36437
    0.11500E-01    2  -240.97223
    0.12100E-01    2  -240.59640
    0.12700E-01    2  -240.23537
    0.13300E-01    2  -239.88809
    0.13900E-01    2  -239.55351
    0.14500E-01    2  -239.23044
    0.15100E-01    2  -238.91797
    0.15700E-01    2  -238.61538
    0.16300E-01    2  -238.32154
    0.16900E-01    2  -238.03587
    0.17500E-01    2  -237.75777
    0.18100E-01    2  -237.48676
    0.18700E-01    2  -237.22207
    0.19300E-01    2  -236.96358
    0.20200E-01    2  -236.01050
    0.25000E-01    2  -233.84132
    0.31000E-01    2  -231.98425
    0.37000E-01    2  -230.34767
    0.43000E-01    2  -228.88124
    0.49000E-01    2  -227.55215
    0.55000E-01    2  -226.33376
    0.61000E-01    2  -225.21264
    0.67000E-01    2  -224.17212
    0.73000E-01    2  -223.19913
    0.79000E-01    2  -222.28716
    0.85000E-01    2  -221.42880
    0.91000E-01    2  -220.61967
    0.97000E-01    2  -219.85333
    0.10300        2  -219.12536
    0.10900        2  -218.43179
    0.11500        2  -217.77117
    0.12100        2  -217.13860
    0.12700        2  -216.53299
    0.13300        2  -215.95130
    0.13900        2  -215.39240
    0.14500        2  -214.85469
    0.15100        2  -214.33649
    0.15700        2  -213.83634
    0.16300        2  -213.35314
    0.16900        2  -212.88645
    0.17500        2  -212.43451
    0.18100        2  -211.99606
    0.18700        2  -211.57294
    0.19300        2  -211.16210
    0.19900        2  -210.76520
    0.20500        2  -210.37880
    0.21100        2  -210.00409
    0.21700        2  -209.64054
    0.29500        2  -202.62977
    0.44500        2  -198.34954
    0.59500        2  -195.21552
    0.74500        2  -192.69433
    0.89500        2  -190.57021
     1.0450        2  -188.70966
     1.1950        2  -187.03886
     1.3450        2  -185.51533
     1.4950        2  -184.11559
     1.6450        2  -182.81781
     1.7950        2  -181.61540
     1.9450        2  -180.49736
     2.0950        2  -179.46291
     2.2450        2  -178.51212
     2.3950        2  -177.62511
     2.5450        2  -176.81604
     2.6950        2  -176.07397
     2.8450        2  -175.38312
     2.9950        2  -174.73862
     3.1450        2  -174.15164
     3.2950        2  -173.59920
     3.4450        2  -173.08261
     3.5950        2  -172.60500
     3.7450        2  -172.14939
     3.8950        2  -171.71778
     4.0450        2  -171.31076
     4.1950        2  -170.92264
     4.3450        2  -170.54850
     4.4950        2  -170.18122
     4.6450        2  -169.83768
     4.7950        2  -169.50344
     4.9450        2  -169.18170
     5.0950        2  -168.86854
     5.2450        2  -168.56983
     5.3950        2  -168.27191
     5.5450        2  -167.98919
     5.6950        2  -167.71037
     5.8450        2  -167.43991
     5.9950        2  -167.18096
     6.1450        2  -166.92783
     6.2950        2  -166.67675
     6.4450        2  -166.43338
     6.5950        2  -166.19524
     6.7450        2  -165.96072
     6.8950        2  -165.73309
     7.0450        2  -165.51017
     7.1950        2  -165.29141
     7.3450        2  -165.07816
     7.4950        2  -164.86783
     7.6450        2  -164.66282
     7.7950        2  -164.46030
     7.9450        2  -164.26382
     8.0950        2  -164.06794
     8.2450        2  -163.88075
     8.3950        2  -163.69301
     8.5450        2  -163.51141
     8.6950        2  -163.33112
     8.8450        2  -163.15473
     8.9950        2  -162.97697
     9.1450        2  -162.80404
     9.2950        2  -162.63321
     9.4450        2  -162.46489
     9.5950        2  -162.29998
     9.7450        2  -162.13905
     9.8950        2  -161.97869
     10.045        2  -161.82021
     10.195        2  -161.66142
     10.345        2  -161.50725
     10.495        2  -161.35895
     10.645        2  -161.20843
     10.795        2  -161.06003
     10.945        2  -160.91648
     11.095        2  -160.77341
     11.245        2  -160.63206
     11.395        2  -160.49257
     11.545        2  -160.35659
     11.695        2  -160.22198
     11.845        2  -160.08734
     11.995        2  -159.95679
     12.145        2  -159.82542
     12.295        2  -159.69722
     12.445        2  -159.56870
     12.595        2  -159.44253
     12.745        2  -159.31851
     12.895        2  -159.19464
     13.045        2  -159.07349
     13.195        2  -158.95451
     13.345        2  -158.83645
     13.495        2  -158.71984
     13.645        2  -158.60681
     13.795        2  -158.49169
     13.945        2  -158.37787
     14.095        2  -158.26567
     14.245        2  -158.15629
     14.395        2  -158.04608
     14.545        2  -157.93721
     14.695        2  -157.82963
     14.845        2  -157.72430
     14.995        2  -157.61928
     15.145        2  -157.51241
     15.295        2  -157.40847
     15.445        2  -157.30431
     15.595        2  -157.20161
     15.745        2  -157.10035
     15.895        2  -157.00134
     16.045        2  -156.90444
     16.195        2  -156.80582
     16.345        2  -156.70829
     16.495        2  -156.61016
     16.645        2  -156.51414
     16.795        2  -156.41646
     16.945        2  -156.32230
     17.095        2  -156.22954
     17.245        2  -156.13666
     17.395        2  -156.04472
     17.545        2  -155.95724
     17.695        2  -155.86654
     17.845        2  -155.77790
     17.995        2  -155.68967
     18.145        2  -155.60024
     18.295        2  -155.51325
     18.445        2  -155.42600
     18.595        2  -155.34164
     18.745        2  -155.25560
     18.895        2  -155.17139
     19.045        2  -155.08830
     19.195        2  -155.00503
     19.345        2  -154.92248
     19.495        2  -154.84013
     19.645        2  -154.75648
     19.795        2  -154.67645
     19.945        2  -154.59805
     20.095        2  -154.51932
     21.836        2  -152.10670
     30.068        2  -148.52260
     42.097        2  -144.96026
     58.937        2  -141.43129
     82.515        2  -137.95212
     115.53        2  -134.51206
     161.74        2  -131.14425
     226.45        2  -127.84813
     317.04        2  -124.60993
     443.87        2  -121.43714
     621.44        2  -118.32755
     870.05        2  -115.27113
     1218.1        2  -112.29248
     1705.4        2  -109.37619
     2387.7        2  -106.53508
     3342.9        2  -103.76469
     4680.2        2  -101.06277
     6552.5        2   -98.43447
     9173.8        2   -95.87202
     12844.        2   -93.37910
     17982.        2   -90.96793
     25176.        2   -88.63476
     35247.        2   -86.38158
     49348.        2   -84.21961
     69090.        2   -82.14445
     96729.        2   -80.16415
    0.13543E+06    2   -78.27349
    0.18960E+06    2   -76.47510
    0.26545E+06    2   -74.75938
    0.37165E+06    2   -73.12484
    0.52033E+06    2   -71.56757
    0.72849E+06    2   -70.08145
    0.10199E+07    2   -68.67316
    0.14279E+07    2   -67.33146
    0.19992E+07    2   -66.05399
    0.27990E+07    2   -64.83616
    0.39187E+07    2   -63.68214
    0.54864E+07    2   -62.58245
    0.76812E+07    2   -61.53765
    0.10754E+08    2   -60.54792
    0.15056E+08    2   -59.60327
    0.21080E+08    2   -58.70757
    0.29513E+08    2   -57.85674
    0.41319E+08    2   -57.05349
    0.57849E+08    2   -56.30559
    0.80991E+08    2   -55.60950
    0.11339E+09    2   -54.96233
    0.15875E+09    2   -54.36270
    0.22226E+09    2   -53.80069
    0.31118E+09    2   -53.27803
    0.43567E+09    2   -52.78813
    0.60996E+09    2   -52.34039
    0.85398E+09    2   -51.93486
    0.11956E+10    2   -51.56548
    0.16739E+10    2   -51.22180
    0.23436E+10    2   -50.90891
    0.32811E+10    2   -50.62260
    0.45937E+10    2   -50.35937
    0.64315E+10    2   -50.11617
    0.90044E+10    2   -49.89245
    0.12607E+11    2   -49.68619
    0.17650E+11    2   -49.49747
    0.24711E+11    2   -49.32341
    0.34596E+11    2   -49.16396
    0.48437E+11    2   -49.01684
    0.67814E+11    2   -48.88204
    0.10000E+12    2   -47.34480
