    -29.945         0.00000
    -29.795         0.00000
    -29.645         0.00000
    -29.495         0.00000
    -29.345         0.00000
    -29.195         0.00000
    -29.045         0.00000
    -28.895         0.00000
    -28.745         0.00000
    -28.595         0.00000
    -28.445         0.00000
    -28.295         0.00000
    -28.145         0.00000
    -27.995         0.00000
    -27.845         0.00000
    -27.695         0.00000
    -27.545         0.00000
    -27.395         0.00000
    -27.245         0.00000
    -27.095         0.00000
    -26.945         0.00000
    -26.795         0.00000
    -26.645         0.00000
    -26.495         0.00000
    -26.345         0.00000
    -26.195         0.00000
    -26.045         0.00000
    -25.895         0.00000
    -25.745         0.00000
    -25.595         0.00000
    -25.445         0.00000
    -25.295         0.00000
    -25.145         0.00000
    -24.995         0.00000
    -24.845         0.00000
    -24.695         0.00000
    -24.545         0.00000
    -24.395         0.00000
    -24.245         0.00000
    -24.095         0.00000
    -23.945         0.00000
    -23.795         0.00000
    -23.645         0.00000
    -23.495         0.00000
    -23.345         0.00000
    -23.195         0.00000
    -23.045         0.00000
    -22.895         0.00000
    -22.745         0.00000
    -22.595         0.00000
    -22.445         0.00000
    -22.295         0.00000
    -22.145         0.00000
    -21.995         0.00000
    -21.845         0.00000
    -21.695         0.00000
    -21.545         0.00000
    -21.395         0.00000
    -21.245         0.00000
    -21.095         0.00000
    -20.945         0.00000
    -20.795         0.00000
    -20.645         0.00000
    -20.495         0.00000
    -20.345         0.00000
    -20.195         0.00000
    -20.045         0.00000
    -19.895         0.00000
    -19.745         0.00000
    -19.595         0.00000
    -19.445         0.00000
    -19.295         0.00000
    -19.145         0.00000
    -18.995         0.00000
    -18.845         0.00000
    -18.695         0.00000
    -18.545         0.00000
    -18.395         0.00000
    -18.245         0.00000
    -18.095         0.00000
    -17.945         0.00000
    -17.795         0.00000
    -17.645         0.00000
    -17.495         0.00000
    -17.345         0.00000
    -17.195         0.00000
    -17.045         0.00000
    -16.895        -0.00013
    -16.745        -0.00169
    -16.595        -0.01318
    -16.445        -0.03833
    -16.295        -0.08382
    -16.145        -0.15955
    -15.995        -0.25734
    -15.845        -0.39491
    -15.695        -0.57715
    -15.545        -0.82652
    -15.395        -1.13593
    -15.245        -1.52092
    -15.095        -1.94417
    -14.945        -2.41628
    -14.795        -2.93149
    -14.645        -3.45957
    -14.495        -4.03590
    -14.345        -4.66035
    -14.195        -5.31904
    -14.045        -6.03874
    -13.895        -6.81361
    -13.745        -7.67312
    -13.595        -8.58869
    -13.445        -9.57599
    -13.295       -10.63001
    -13.145       -11.75638
    -12.995       -12.95339
    -12.845       -14.21129
    -12.695       -15.51215
    -12.545       -16.81551
    -12.395       -18.14124
    -12.245       -19.46279
    -12.095       -20.77777
    -11.945       -22.09014
    -11.795       -23.43277
    -11.645       -24.80660
    -11.495       -26.18823
    -11.345       -27.59463
    -11.195       -28.98867
    -11.045       -30.36289
    -10.895       -31.74612
    -10.745       -33.11259
    -10.595       -34.49653
    -10.445       -35.91894
    -10.295       -37.35125
    -10.145       -38.82223
    -9.9950       -40.33846
    -9.8450       -41.87040
    -9.6950       -43.44894
    -9.5450       -45.07148
    -9.3950       -46.71170
    -9.2450       -48.40336
    -9.0950       -50.12288
    -8.9450       -51.87826
    -8.7950       -53.68811
    -8.6450       -55.55634
    -8.4950       -57.45683
    -8.3450       -59.36260
    -8.1950       -61.28428
    -8.0450       -63.24521
    -7.8950       -65.22669
    -7.7450       -67.22730
    -7.5950       -69.27311
    -7.4450       -71.31402
    -7.2950       -73.36665
    -7.1450       -75.43728
    -6.9950       -77.51806
    -6.8450       -79.61149
    -6.6950       -81.67987
    -6.5450       -83.80005
    -6.3950       -85.93935
    -6.2450       -88.11868
    -6.0950       -90.33123
    -5.9450       -92.61176
    -5.7950       -94.94445
    -5.6450       -97.32442
    -5.4950       -99.69503
    -5.3450      -102.05270
    -5.1950      -104.38463
    -5.0450      -106.67302
    -4.8950      -108.92850
    -4.7450      -111.14620
    -4.5950      -113.31843
    -4.4450      -115.47351
    -4.2950      -117.61307
    -4.1450      -119.77318
    -3.9950      -121.97416
    -3.8450      -124.23113
    -3.6950      -126.59221
    -3.5450      -129.04992
    -3.3950      -131.62646
    -3.2450      -134.36531
    -3.0950      -137.23903
    -2.9450      -140.29836
    -2.7950      -143.53671
    -2.6450      -146.97699
    -2.4950      -150.64224
    -2.3450      -154.58888
    -2.1950      -158.86920
    -2.0450      -163.55048
    -1.8950      -168.73077
    -1.7450      -174.57355
    -1.5950      -181.17686
    -1.4450      -188.62265
    -1.2950      -196.90671
    -1.1450      -206.02265
   -0.99500      -215.82992
   -0.84500      -226.16745
   -0.69500      -236.99080
   -0.54500      -248.53628
   -0.39500      -261.68664
   -0.25300      -271.86715
   -0.21500      -272.57134
   -0.20900      -273.28553
   -0.20300      -274.01372
   -0.19700      -274.75254
   -0.19100      -275.50586
   -0.18500      -276.27348
   -0.17900      -277.05723
   -0.17300      -277.85905
   -0.16700      -278.67651
   -0.16100      -279.51433
   -0.15500      -280.37324
   -0.14900      -281.25325
   -0.14300      -282.15920
   -0.13700      -283.09076
   -0.13100      -284.04930
   -0.12500      -285.03916
   -0.11900      -286.06369
   -0.11300      -287.12778
   -0.10700      -288.23550
   -0.10100      -289.39125
   -0.95000E-01  -290.60287
   -0.89000E-01  -291.87728
   -0.83000E-01  -293.22430
   -0.77000E-01  -294.65650
   -0.71000E-01  -296.19125
   -0.65000E-01  -297.84724
   -0.59000E-01  -299.65053
   -0.53000E-01  -301.63815
   -0.47000E-01  -303.86298
   -0.41000E-01  -306.40018
   -0.35000E-01  -309.37455
   -0.29000E-01  -312.97092
   -0.23000E-01  -317.41044
   -0.19700E-01  -317.90775
   -0.19100E-01  -318.41796
   -0.18500E-01  -318.94154
   -0.17900E-01  -319.48056
   -0.17300E-01  -320.03531
   -0.16700E-01  -320.60616
   -0.16100E-01  -321.19439
   -0.15500E-01  -321.80058
   -0.14900E-01  -322.42623
   -0.14300E-01  -323.07176
   -0.13700E-01  -323.73921
   -0.13100E-01  -324.42961
   -0.12500E-01  -325.14514
   -0.11900E-01  -325.88701
   -0.11300E-01  -326.65905
   -0.10700E-01  -327.46343
   -0.10100E-01  -328.30217
   -0.95000E-02  -329.17522
   -0.89000E-02  -330.08031
   -0.83000E-02  -331.01521
   -0.77000E-02  -331.97847
   -0.71000E-02  -332.96766
   -0.65000E-02  -333.98131
   -0.59000E-02  -335.01532
   -0.53000E-02  -336.05926
   -0.47000E-02  -337.08285
   -0.41000E-02  -338.04558
   -0.35000E-02  -338.91704
   -0.29000E-02  -339.67333
   -0.23000E-02  -340.29543
   -0.17000E-02  -340.76828
   -0.11000E-02  -341.08098
   -0.50000E-03  -341.22638
    0.10000E-03  -341.20091
    0.70000E-03  -341.00484
    0.13000E-02  -340.64250
    0.19000E-02  -340.12164
    0.25000E-02  -339.45499
    0.31000E-02  -338.65912
    0.37000E-02  -337.75513
    0.43000E-02  -336.76972
    0.49000E-02  -335.73613
    0.55000E-02  -334.69546
    0.61000E-02  -333.66941
    0.67000E-02  -332.66544
    0.73000E-02  -331.68662
    0.79000E-02  -330.73456
    0.85000E-02  -329.81142
    0.91000E-02  -328.91907
    0.97000E-02  -328.05953
    0.10300E-01  -327.23490
    0.10900E-01  -326.44368
    0.11500E-01  -325.68485
    0.12100E-01  -324.95484
    0.12700E-01  -324.25076
    0.13300E-01  -323.57109
    0.13900E-01  -322.91346
    0.14500E-01  -322.27731
    0.15100E-01  -321.66112
    0.15700E-01  -321.06372
    0.16300E-01  -320.48431
    0.16900E-01  -319.92162
    0.17500E-01  -319.37516
    0.18100E-01  -318.84424
    0.18700E-01  -318.32816
    0.19300E-01  -317.82497
    0.20200E-01  -315.98354
    0.25000E-01  -311.88929
    0.31000E-01  -308.55358
    0.37000E-01  -305.78502
    0.43000E-01  -303.41218
    0.49000E-01  -301.33529
    0.55000E-01  -299.49113
    0.61000E-01  -297.83558
    0.67000E-01  -296.33713
    0.73000E-01  -294.96627
    0.79000E-01  -293.70182
    0.85000E-01  -292.53306
    0.91000E-01  -291.44314
    0.97000E-01  -290.42525
    0.10300      -289.46914
    0.10900      -288.56877
    0.11500      -287.71781
    0.12100      -286.91166
    0.12700      -286.14429
    0.13300      -285.41480
    0.13900      -284.72069
    0.14500      -284.05680
    0.15100      -283.42270
    0.15700      -282.81234
    0.16300      -282.22757
    0.16900      -281.66692
    0.17500      -281.12789
    0.18100      -280.60826
    0.18700      -280.10954
    0.19300      -279.62690
    0.19900      -279.15997
    0.20500      -278.71001
    0.21100      -278.27478
    0.21700      -277.85300
    0.29500      -269.88730
    0.44500      -265.19464
    0.59500      -261.80243
    0.74500      -259.07539
    0.89500      -256.74778
     1.0450      -254.68675
     1.1950      -252.81469
     1.3450      -251.09617
     1.4950      -249.50726
     1.6450      -248.02904
     1.7950      -246.65301
     1.9450      -245.37317
     2.0950      -244.19455
     2.2450      -243.08709
     2.3950      -242.06959
     2.5450      -241.13022
     2.6950      -240.26189
     2.8450      -239.45660
     2.9950      -238.71512
     3.1450      -238.02669
     3.2950      -237.38103
     3.4450      -236.78159
     3.5950      -236.21676
     3.7450      -235.67916
     3.8950      -235.17285
     4.0450      -234.68360
     4.1950      -234.21558
     4.3450      -233.76479
     4.4950      -233.32947
     4.6450      -232.90774
     4.7950      -232.50648
     4.9450      -232.11689
     5.0950      -231.73925
     5.2450      -231.37054
     5.3950      -231.01240
     5.5450      -230.66487
     5.6950      -230.32507
     5.8450      -229.99401
     5.9950      -229.67296
     6.1450      -229.36036
     6.2950      -229.05389
     6.4450      -228.75316
     6.5950      -228.46142
     6.7450      -228.17442
     6.8950      -227.89384
     7.0450      -227.61801
     7.1950      -227.34877
     7.3450      -227.08661
     7.4950      -226.82764
     7.6450      -226.57600
     7.7950      -226.32744
     7.9450      -226.08347
     8.0950      -225.84370
     8.2450      -225.60760
     8.3950      -225.37725
     8.5450      -225.15041
     8.6950      -224.92729
     8.8450      -224.70738
     8.9950      -224.48913
     9.1450      -224.27546
     9.2950      -224.06586
     9.4450      -223.85785
     9.5950      -223.65297
     9.7450      -223.45196
     9.8950      -223.25364
     10.045      -223.05927
     10.195      -222.86700
     10.345      -222.67909
     10.495      -222.49243
     10.645      -222.30903
     10.795      -222.12633
     10.945      -221.94594
     11.095      -221.76880
     11.245      -221.59383
     11.395      -221.42222
     11.545      -221.25176
     11.695      -221.08411
     11.845      -220.91721
     11.995      -220.75269
     12.145      -220.58956
     12.295      -220.42914
     12.445      -220.27055
     12.595      -220.11289
     12.745      -219.95766
     12.895      -219.80474
     13.045      -219.65289
     13.195      -219.50269
     13.345      -219.35445
     13.495      -219.20719
     13.645      -219.06175
     13.795      -218.91636
     13.945      -218.77369
     14.095      -218.63257
     14.245      -218.49387
     14.395      -218.35580
     14.545      -218.21789
     14.695      -218.08237
     14.845      -217.94860
     14.995      -217.81527
     15.145      -217.68445
     15.295      -217.55384
     15.445      -217.42419
     15.595      -217.29564
     15.745      -217.16928
     15.895      -217.04402
     16.045      -216.91927
     16.195      -216.79615
     16.345      -216.67364
     16.495      -216.55269
     16.645      -216.43274
     16.795      -216.31336
     16.945      -216.19557
     17.095      -216.07843
     17.245      -215.96205
     17.395      -215.84677
     17.545      -215.73229
     17.695      -215.61969
     17.845      -215.50803
     17.995      -215.39646
     18.145      -215.28581
     18.295      -215.17616
     18.445      -215.06695
     18.595      -214.95848
     18.745      -214.85102
     18.895      -214.74481
     19.045      -214.64014
     19.195      -214.53599
     19.345      -214.43162
     19.495      -214.32888
     19.645      -214.22707
     19.795      -214.12631
     19.945      -214.02649
     20.095      -213.92722
     20.245      -213.82748
     20.395      -213.72935
     20.545      -213.63171
     20.695      -213.53409
     20.845      -213.43768
     20.995      -213.34177
     21.145      -213.24654
     21.295      -213.15209
     21.445      -213.05782
     21.595      -212.96423
     21.745      -212.87199
     21.895      -212.77981
     22.045      -212.68861
     22.195      -212.59781
     22.345      -212.50733
     22.495      -212.41726
     22.645      -212.32781
     22.795      -212.23904
     22.945      -212.15053
     23.095      -212.06339
     23.245      -211.97635
     23.395      -211.88954
     23.545      -211.80335
     23.695      -211.71789
     23.845      -211.63286
     23.995      -211.54906
     24.145      -211.46533
     24.295      -211.38211
     24.445      -211.29906
     24.595      -211.21780
     24.745      -211.13582
     24.895      -211.05382
     25.045      -210.97242
     25.195      -210.89259
     25.345      -210.81236
     25.495      -210.73257
     25.645      -210.65391
     25.795      -210.57536
     25.945      -210.49764
     26.095      -210.42028
     26.245      -210.34325
     26.395      -210.26655
     26.545      -210.18962
     26.695      -210.11371
     26.845      -210.03856
     26.995      -209.96324
     27.145      -209.88886
     27.295      -209.81425
     27.445      -209.74126
     27.595      -209.66792
     27.745      -209.59451
     27.895      -209.52224
     28.045      -209.45020
     28.195      -209.37777
     28.345      -209.30671
     28.495      -209.23540
     28.645      -209.16468
     28.795      -209.09441
     28.945      -209.02420
     29.095      -208.95435
     29.245      -208.88560
     29.395      -208.81621
     29.545      -208.74743
     29.695      -208.67848
     29.845      -208.60995
     29.995      -208.54245
     30.145      -208.47519
     30.295      -208.40778
     30.445      -208.34147
     30.595      -208.27563
     30.745      -208.20943
     30.895      -208.14336
     31.045      -208.07822
     31.195      -208.01301
     31.345      -207.94852
     31.495      -207.88382
     31.645      -207.81971
     31.795      -207.75573
     31.945      -207.69160
     32.095      -207.62812
     32.245      -207.56514
     32.395      -207.50257
     32.545      -207.44002
     32.695      -207.37842
     32.845      -207.31651
     32.995      -207.25522
     33.145      -207.19375
     33.295      -207.13301
     33.445      -207.07210
     33.595      -207.01198
     33.745      -206.95153
     33.895      -206.89162
     34.045      -206.83179
     34.195      -206.77195
     34.345      -206.71245
     34.495      -206.65302
     34.645      -206.59405
     34.795      -206.53548
     34.945      -206.47664
     35.095      -206.41815
     35.245      -206.36033
     35.395      -206.30254
     35.545      -206.24498
     35.695      -206.18790
     35.845      -206.13085
     35.995      -206.07416
     36.145      -206.01788
     36.295      -205.96167
     36.445      -205.90555
     36.595      -205.84980
     36.745      -205.79434
     36.895      -205.73938
     37.045      -205.68471
     37.195      -205.62997
     37.345      -205.57492
     37.495      -205.52037
     37.645      -205.46564
     37.795      -205.41100
     37.945      -205.35764
     38.095      -205.30441
     38.245      -205.25135
     38.395      -205.19844
     38.545      -205.14591
     38.695      -205.09251
     38.845      -205.04042
     38.995      -204.98871
     39.145      -204.93662
     39.295      -204.88498
     39.445      -204.83365
     39.595      -204.78190
     39.745      -204.73061
     39.895      -204.67944
     40.045      -204.62881
     40.195      -204.57758
     40.345      -204.52752
     40.495      -204.47715
     40.645      -204.42717
     40.795      -204.37713
     40.945      -204.32766
     41.095      -204.27778
     41.245      -204.22849
     41.395      -204.17930
     41.545      -204.13047
     41.695      -204.08202
     41.845      -204.03320
     41.995      -203.98399
     42.145      -203.93526
     42.295      -203.88724
     42.445      -203.83923
     42.595      -203.79090
     42.745      -203.74275
     42.895      -203.69524
     43.045      -203.64766
     43.195      -203.60030
     43.345      -203.55362
     43.495      -203.50661
     43.645      -203.45987
     43.795      -203.41314
     43.945      -203.36656
     44.095      -203.32000
     44.245      -203.27320
     44.395      -203.22728
     44.545      -203.18148
     44.695      -203.13605
     44.845      -203.09064
     44.995      -203.04552
     45.145      -203.00024
     45.295      -202.95545
     45.445      -202.91083
     45.595      -202.86613
     45.745      -202.82165
     45.895      -202.77740
     46.045      -202.73295
     46.195      -202.68883
     46.345      -202.64429
     46.495      -202.60019
     46.645      -202.55684
     46.795      -202.51270
     46.945      -202.46947
     47.095      -202.42603
     47.245      -202.38284
     47.395      -202.33992
     47.545      -202.29674
     47.695      -202.25396
     47.845      -202.21101
     47.995      -202.16803
     48.145      -202.12558
     48.295      -202.08364
     48.445      -202.04163
     48.595      -201.99949
     48.745      -201.95737
     48.895      -201.91581
     49.045      -201.87472
     49.195      -201.83323
     49.345      -201.79198
     49.495      -201.75099
     49.645      -201.70984
     49.795      -201.66884
     49.945      -201.62800
     50.095      -201.58701
     50.245      -201.54637
     50.395      -201.50595
     50.545      -201.46532
     50.695      -201.42508
     50.845      -201.38486
     50.995      -201.34478
     51.145      -201.30486
     51.295      -201.26563
     51.445      -201.22584
     51.595      -201.18588
     51.745      -201.14621
     51.895      -201.10751
     52.045      -201.06824
     52.195      -201.02904
     52.345      -200.98949
     52.495      -200.95077
     52.645      -200.91206
     52.795      -200.87386
     52.945      -200.83566
     53.095      -200.79733
     53.245      -200.75881
     53.395      -200.72044
     53.545      -200.68227
     53.695      -200.64408
     53.845      -200.60635
     53.995      -200.56861
     54.145      -200.53082
     54.295      -200.49334
     54.445      -200.45628
     54.595      -200.41859
     54.745      -200.38126
     54.895      -200.34361
     55.045      -200.30662
     55.195      -200.26924
     55.345      -200.23262
     55.495      -200.19587
     55.645      -200.15905
     55.795      -200.12246
     55.945      -200.08617
     56.095      -200.04950
     56.245      -200.01322
     56.395      -199.97696
     56.545      -199.94085
     56.695      -199.90468
     56.845      -199.86858
     56.995      -199.83279
     57.145      -199.79719
     57.295      -199.76137
     57.445      -199.72562
     57.595      -199.69005
     57.745      -199.65466
     57.895      -199.61914
     58.045      -199.58394
     58.195      -199.54858
     58.345      -199.51329
     58.495      -199.47859
     58.645      -199.44367
     58.795      -199.40905
     58.945      -199.37421
     59.095      -199.33963
     59.245      -199.30539
     59.395      -199.27138
     59.545      -199.23695
     59.695      -199.20294
     59.845      -199.16871
     59.995      -199.13494
     60.145      -199.10106
     70.939      -194.73783
     97.698      -190.38655
     134.55      -186.04152
     185.30      -181.71350
     255.20      -177.39466
     351.46      -173.09159
     484.04      -168.82815
     666.62      -164.61936
     918.07      -160.47507
     1264.4      -156.40574
     1741.3      -152.39826
     2398.1      -148.47412
     3302.7      -144.64455
     4548.5      -140.90722
     6264.3      -137.26857
     8627.2      -133.72625
     11881.      -130.28327
     16363.      -126.93475
     22535.      -123.68651
     31036.      -120.55422
     42743.      -117.53948
     58866.      -114.64190
     81070.      -111.86430
    0.11165E+06  -109.20755
    0.15377E+06  -106.66969
    0.21177E+06  -104.24545
    0.29165E+06  -101.93240
    0.40166E+06   -99.72258
    0.55317E+06   -97.61428
    0.76182E+06   -95.60400
    0.10492E+07   -93.68780
    0.14449E+07   -91.86003
    0.19900E+07   -90.11858
    0.27406E+07   -88.45770
    0.37744E+07   -86.87573
    0.51981E+07   -85.36768
    0.71589E+07   -83.93010
    0.98593E+07   -82.56194
    0.13578E+08   -81.25817
    0.18700E+08   -80.01618
    0.25754E+08   -78.83454
    0.35468E+08   -77.71300
    0.48847E+08   -76.65918
    0.67273E+08   -75.67774
    0.92648E+08   -74.76498
    0.12760E+09   -73.91259
    0.17573E+09   -73.11491
    0.24201E+09   -72.36821
    0.33330E+09   -71.66756
    0.45902E+09   -71.01051
    0.63217E+09   -70.40981
    0.87062E+09   -69.86293
    0.11990E+10   -69.36028
    0.16513E+10   -68.89753
    0.22742E+10   -68.47067
    0.31320E+10   -68.07708
    0.43134E+10   -67.71321
    0.59405E+10   -67.37740
    0.81813E+10   -67.06746
    0.11267E+11   -66.78149
    0.15517E+11   -66.51715
    0.21371E+11   -66.27364
    0.29432E+11   -66.04918
    0.40534E+11   -65.84144
    0.55823E+11   -65.65026
    0.10000E+12   -63.34612
