    -29.945         0.00000
    -29.795         0.00000
    -29.645         0.00000
    -29.495         0.00000
    -29.345         0.00000
    -29.195         0.00000
    -29.045         0.00000
    -28.895         0.00000
    -28.745         0.00000
    -28.595         0.00000
    -28.445         0.00000
    -28.295         0.00000
    -28.145         0.00000
    -27.995         0.00000
    -27.845         0.00000
    -27.695         0.00000
    -27.545         0.00000
    -27.395         0.00000
    -27.245         0.00000
    -27.095         0.00000
    -26.945         0.00000
    -26.795         0.00000
    -26.645         0.00000
    -26.495         0.00000
    -26.345         0.00000
    -26.195         0.00000
    -26.045         0.00000
    -25.895         0.00000
    -25.745         0.00000
    -25.595         0.00000
    -25.445         0.00000
    -25.295         0.00000
    -25.145         0.00000
    -24.995         0.00000
    -24.845         0.00000
    -24.695         0.00000
    -24.545         0.00000
    -24.395         0.00000
    -24.245         0.00000
    -24.095         0.00000
    -23.945         0.00000
    -23.795         0.00000
    -23.645         0.00000
    -23.495         0.00000
    -23.345         0.00000
    -23.195         0.00000
    -23.045         0.00000
    -22.895         0.00000
    -22.745         0.00000
    -22.595         0.00000
    -22.445         0.00000
    -22.295         0.00000
    -22.145         0.00000
    -21.995         0.00000
    -21.845         0.00000
    -21.695         0.00000
    -21.545         0.00000
    -21.395         0.00000
    -21.245         0.00000
    -21.095         0.00000
    -20.945         0.00000
    -20.795         0.00000
    -20.645         0.00000
    -20.495         0.00000
    -20.345         0.00000
    -20.195         0.00000
    -20.045         0.00000
    -19.895         0.00000
    -19.745         0.00000
    -19.595         0.00000
    -19.445         0.00000
    -19.295         0.00000
    -19.145         0.00000
    -18.995         0.00000
    -18.845         0.00000
    -18.695         0.00000
    -18.545         0.00000
    -18.395         0.00000
    -18.245         0.00000
    -18.095         0.00000
    -17.945         0.00000
    -17.795         0.00000
    -17.645         0.00000
    -17.495         0.00000
    -17.345         0.00000
    -17.195         0.00000
    -17.045         0.00000
    -16.895         0.00000
    -16.745         0.00000
    -16.595         0.00000
    -16.445         0.00000
    -16.295         0.00000
    -16.145         0.00000
    -15.995         0.00000
    -15.845         0.00000
    -15.695        -0.00065
    -15.545        -0.00459
    -15.395        -0.02130
    -15.245        -0.05374
    -15.095        -0.12244
    -14.945        -0.23186
    -14.795        -0.39650
    -14.645        -0.61297
    -14.495        -0.88213
    -14.345        -1.19276
    -14.195        -1.54477
    -14.045        -1.93573
    -13.895        -2.38169
    -13.745        -2.87041
    -13.595        -3.40857
    -13.445        -4.00556
    -13.295        -4.65938
    -13.145        -5.40881
    -12.995        -6.24376
    -12.845        -7.17314
    -12.695        -8.18033
    -12.545        -9.24017
    -12.395       -10.35996
    -12.245       -11.51905
    -12.095       -12.71631
    -11.945       -13.91354
    -11.795       -15.09474
    -11.645       -16.24822
    -11.495       -17.38127
    -11.345       -18.50299
    -11.195       -19.57673
    -11.045       -20.59434
    -10.895       -21.59981
    -10.745       -22.56278
    -10.595       -23.52809
    -10.445       -24.50776
    -10.295       -25.53691
    -10.145       -26.57532
    -9.9950       -27.64331
    -9.8450       -28.75357
    -9.6950       -29.89325
    -9.5450       -31.09241
    -9.3950       -32.37325
    -9.2450       -33.74101
    -9.0950       -35.15216
    -8.9450       -36.63832
    -8.7950       -38.20211
    -8.6450       -39.81932
    -8.4950       -41.50973
    -8.3450       -43.29464
    -8.1950       -45.13849
    -8.0450       -47.09467
    -7.8950       -49.12424
    -7.7450       -51.27460
    -7.5950       -53.51443
    -7.4450       -55.83372
    -7.2950       -58.25049
    -7.1450       -60.76498
    -6.9950       -63.38982
    -6.8450       -66.07949
    -6.6950       -68.84734
    -6.5450       -71.69941
    -6.3950       -74.60653
    -6.2450       -77.53376
    -6.0950       -80.45852
    -5.9450       -83.45599
    -5.7950       -86.45343
    -5.6450       -89.49979
    -5.4950       -92.56112
    -5.3450       -95.64784
    -5.1950       -98.74317
    -5.0450      -101.82108
    -4.8950      -104.88266
    -4.7450      -107.93396
    -4.5950      -110.98322
    -4.4450      -114.07011
    -4.2950      -117.16539
    -4.1450      -120.30654
    -3.9950      -123.53660
    -3.8450      -126.80758
    -3.6950      -130.20559
    -3.5450      -133.74185
    -3.3950      -137.42372
    -3.2450      -141.27388
    -3.0950      -145.32741
    -2.9450      -149.61864
    -2.7950      -154.16600
    -2.6450      -159.03313
    -2.4950      -164.25482
    -2.3450      -169.93392
    -2.1950      -176.14959
    -2.0450      -183.02482
    -1.8950      -190.73729
    -1.7450      -199.56601
    -1.5950      -209.65348
    -1.4450      -221.07156
    -1.2950      -233.71111
    -1.1450      -247.32981
   -0.99500      -261.74951
   -0.84500      -276.80256
   -0.69500      -292.58066
   -0.54500      -309.53713
   -0.39500      -328.96714
   -0.25300      -343.94438
   -0.21500      -344.97034
   -0.20900      -346.01141
   -0.20300      -347.07018
   -0.19700      -348.14529
   -0.19100      -349.23919
   -0.18500      -350.35170
   -0.17900      -351.48232
   -0.17300      -352.63740
   -0.16700      -353.81482
   -0.16100      -355.01565
   -0.15500      -356.24501
   -0.14900      -357.50106
   -0.14300      -358.78582
   -0.13700      -360.10642
   -0.13100      -361.46208
   -0.12500      -362.85460
   -0.11900      -364.28702
   -0.11300      -365.76659
   -0.10700      -367.29654
   -0.10100      -368.88231
   -0.95000E-01  -370.52905
   -0.89000E-01  -372.24614
   -0.83000E-01  -374.04155
   -0.77000E-01  -375.92652
   -0.71000E-01  -377.91254
   -0.65000E-01  -380.01723
   -0.59000E-01  -382.26137
   -0.53000E-01  -384.67279
   -0.47000E-01  -387.29212
   -0.41000E-01  -390.17002
   -0.35000E-01  -393.38195
   -0.29000E-01  -397.04139
   -0.23000E-01  -401.34906
   -0.19700E-01  -401.82286
   -0.19100E-01  -402.30673
   -0.18500E-01  -402.80144
   -0.17900E-01  -403.30807
   -0.17300E-01  -403.82688
   -0.16700E-01  -404.35879
   -0.16100E-01  -404.90443
   -0.15500E-01  -405.46461
   -0.14900E-01  -406.04044
   -0.14300E-01  -406.63261
   -0.13700E-01  -407.24252
   -0.13100E-01  -407.87114
   -0.12500E-01  -408.51921
   -0.11900E-01  -409.18741
   -0.11300E-01  -409.87583
   -0.10700E-01  -410.58460
   -0.10100E-01  -411.31413
   -0.95000E-02  -412.06367
   -0.89000E-02  -412.83331
   -0.83000E-02  -413.62284
   -0.77000E-02  -414.43136
   -0.71000E-02  -415.25781
   -0.65000E-02  -416.10048
   -0.59000E-02  -416.95575
   -0.53000E-02  -417.81820
   -0.47000E-02  -418.67849
   -0.41000E-02  -419.52354
   -0.35000E-02  -420.33289
   -0.29000E-02  -421.07985
   -0.23000E-02  -421.73171
   -0.17000E-02  -422.25361
   -0.11000E-02  -422.61282
   -0.50000E-03  -422.78181
    0.10000E-03  -422.74777
    0.70000E-03  -422.51320
    0.13000E-02  -422.09665
    0.19000E-02  -421.52825
    0.25000E-02  -420.84149
    0.31000E-02  -420.07142
    0.37000E-02  -419.24877
    0.43000E-02  -418.39987
    0.49000E-02  -417.54627
    0.55000E-02  -416.69991
    0.61000E-02  -415.86775
    0.67000E-02  -415.04989
    0.73000E-02  -414.24728
    0.79000E-02  -413.46180
    0.85000E-02  -412.69348
    0.91000E-02  -411.94356
    0.97000E-02  -411.21343
    0.10300E-01  -410.50253
    0.10900E-01  -409.81213
    0.11500E-01  -409.14244
    0.12100E-01  -408.49333
    0.12700E-01  -407.86388
    0.13300E-01  -407.25457
    0.13900E-01  -406.66415
    0.14500E-01  -406.09062
    0.15100E-01  -405.53239
    0.15700E-01  -404.98803
    0.16300E-01  -404.45733
    0.16900E-01  -403.93873
    0.17500E-01  -403.43175
    0.18100E-01  -402.93610
    0.18700E-01  -402.45119
    0.19300E-01  -401.97646
    0.20200E-01  -400.22048
    0.25000E-01  -396.20161
    0.31000E-01  -392.75475
    0.37000E-01  -389.72143
    0.43000E-01  -387.00614
    0.49000E-01  -384.54476
    0.55000E-01  -382.29503
    0.61000E-01  -380.21813
    0.67000E-01  -378.29145
    0.73000E-01  -376.49640
    0.79000E-01  -374.81566
    0.85000E-01  -373.23616
    0.91000E-01  -371.74598
    0.97000E-01  -370.33633
    0.10300      -368.99665
    0.10900      -367.72338
    0.11500      -366.50861
    0.12100      -365.34673
    0.12700      -364.23283
    0.13300      -363.16261
    0.13900      -362.13368
    0.14500      -361.14170
    0.15100      -360.18440
    0.15700      -359.25935
    0.16300      -358.36612
    0.16900      -357.50044
    0.17500      -356.66037
    0.18100      -355.84557
    0.18700      -355.05495
    0.19300      -354.28569
    0.19900      -353.53873
    0.20500      -352.81257
    0.21100      -352.10405
    0.21700      -351.41460
    0.29500      -337.91915
    0.44500      -329.59964
    0.59500      -323.60444
    0.74500      -318.84162
    0.89500      -314.82188
     1.0450      -311.29423
     1.1950      -308.12653
     1.3450      -305.23008
     1.4950      -302.56028
     1.6450      -300.08498
     1.7950      -297.77861
     1.9450      -295.65064
     2.0950      -293.67772
     2.2450      -291.85667
     2.3950      -290.16429
     2.5450      -288.63481
     2.6950      -287.23438
     2.8450      -285.96145
     2.9950      -284.78247
     3.1450      -283.70549
     3.2950      -282.72152
     3.4450      -281.80856
     3.5950      -280.96372
     3.7450      -280.19151
     3.8950      -279.47239
     4.0450      -278.79747
     4.1950      -278.16097
     4.3450      -277.55901
     4.4950      -276.98170
     4.6450      -276.43843
     4.7950      -275.91706
     4.9450      -275.41343
     5.0950      -274.92467
     5.2450      -274.45391
     5.3950      -274.00182
     5.5450      -273.56156
     5.6950      -273.13510
     5.8450      -272.72196
     5.9950      -272.31846
     6.1450      -271.92520
     6.2950      -271.54123
     6.4450      -271.17029
     6.5950      -270.80333
     6.7450      -270.44693
     6.8950      -270.09894
     7.0450      -269.75761
     7.1950      -269.42525
     7.3450      -269.09805
     7.4950      -268.78020
     7.6450      -268.46531
     7.7950      -268.15854
     7.9450      -267.85849
     8.0950      -267.56088
     8.2450      -267.27048
     8.3950      -266.98358
     8.5450      -266.70288
     8.6950      -266.42832
     8.8450      -266.15629
     8.9950      -265.89084
     9.1450      -265.62886
     9.2950      -265.37058
     9.4450      -265.11697
     9.5950      -264.86646
     9.7450      -264.62156
     9.8950      -264.37837
     10.045      -264.13896
     10.195      -263.90410
     10.345      -263.67217
     10.495      -263.44324
     10.645      -263.21974
     10.795      -262.99696
     10.945      -262.77915
     11.095      -262.56369
     11.245      -262.35008
     11.395      -262.14011
     11.545      -261.93245
     11.695      -261.72771
     11.845      -261.52631
     11.995      -261.32530
     12.145      -261.12766
     12.295      -260.93087
     12.445      -260.73921
     12.595      -260.54651
     12.745      -260.35734
     12.895      -260.17073
     13.045      -259.98839
     13.195      -259.80572
     13.345      -259.62381
     13.495      -259.44583
     13.645      -259.27061
     13.795      -259.09796
     13.945      -258.92602
     14.095      -258.75529
     14.245      -258.58785
     14.395      -258.42150
     14.545      -258.25665
     14.695      -258.09436
     14.845      -257.93272
     14.995      -257.77342
     15.145      -257.61541
     15.295      -257.45936
     15.445      -257.30373
     15.595      -257.14932
     15.745      -256.99728
     15.895      -256.84529
     16.045      -256.69564
     16.195      -256.54890
     16.345      -256.40252
     16.495      -256.25673
     16.645      -256.11291
     16.795      -255.97176
     16.945      -255.83055
     17.095      -255.68988
     17.245      -255.54906
     17.395      -255.41064
     17.545      -255.27367
     17.695      -255.13723
     17.845      -255.00254
     17.995      -254.86994
     18.145      -254.73837
     18.295      -254.60831
     18.445      -254.47865
     18.595      -254.35033
     18.745      -254.22241
     18.895      -254.09523
     19.045      -253.97016
     19.195      -253.84529
     19.345      -253.72110
     19.495      -253.59790
     19.645      -253.47705
     19.795      -253.35654
     19.945      -253.23727
     20.095      -253.11814
     20.245      -253.00064
     20.395      -252.88314
     20.545      -252.76661
     20.695      -252.65023
     20.845      -252.53472
     20.995      -252.42156
     21.145      -252.30776
     21.295      -252.19626
     21.445      -252.08357
     21.595      -251.97324
     21.745      -251.86293
     21.895      -251.75291
     22.045      -251.64454
     22.195      -251.53616
     22.345      -251.43021
     22.495      -251.32308
     22.645      -251.21732
     22.795      -251.11160
     22.945      -251.00787
     23.095      -250.90451
     23.245      -250.80179
     23.395      -250.70034
     23.545      -250.59864
     23.695      -250.49788
     23.845      -250.39788
     23.995      -250.29850
     24.145      -250.19890
     24.295      -250.10150
     24.445      -250.00399
     24.595      -249.90717
     24.745      -249.80991
     24.895      -249.71377
     25.045      -249.61764
     25.195      -249.52178
     25.345      -249.42775
     25.495      -249.33521
     25.645      -249.24157
     25.795      -249.14884
     25.945      -249.05697
     26.095      -248.96470
     26.245      -248.87268
     26.395      -248.78146
     26.545      -248.69243
     26.695      -248.60265
     26.845      -248.51406
     26.995      -248.42519
     27.145      -248.33777
     27.295      -248.25016
     27.445      -248.16180
     27.595      -248.07540
     27.745      -247.98983
     27.895      -247.90468
     28.045      -247.81953
     28.195      -247.73501
     28.345      -247.64975
     28.495      -247.56577
     28.645      -247.48266
     28.795      -247.40059
     28.945      -247.31842
     29.095      -247.23704
     29.245      -247.15522
     29.395      -247.07280
     29.545      -246.99271
     29.695      -246.91245
     29.845      -246.83295
     29.995      -246.75313
     30.145      -246.67351
     30.295      -246.59508
     30.445      -246.51692
     30.595      -246.43962
     30.745      -246.36152
     30.895      -246.28385
     31.045      -246.20736
     31.195      -246.13095
     31.345      -246.05585
     31.495      -245.98030
     31.645      -245.90572
     31.795      -245.83171
     31.945      -245.75651
     32.095      -245.68249
     32.245      -245.60987
     32.395      -245.53656
     32.545      -245.46348
     32.695      -245.39089
     32.845      -245.31792
     32.995      -245.24546
     33.145      -245.17411
     33.295      -245.10265
     33.445      -245.03129
     33.595      -244.96026
     33.745      -244.89016
     33.895      -244.82071
     34.045      -244.75192
     34.195      -244.68184
     34.345      -244.61177
     34.495      -244.54307
     34.645      -244.47405
     34.795      -244.40647
     34.945      -244.33825
     35.095      -244.27058
     35.245      -244.20272
     35.395      -244.13577
     35.545      -244.06935
     35.695      -244.00299
     35.845      -243.93728
     35.995      -243.87191
     36.145      -243.80685
     36.295      -243.74114
     36.445      -243.67535
     36.595      -243.60988
     36.745      -243.54422
     36.895      -243.47876
     37.045      -243.41404
     37.195      -243.34968
     37.345      -243.28710
     37.495      -243.22394
     37.645      -243.16117
     37.795      -243.09817
     37.945      -243.03473
     38.095      -242.97194
     38.245      -242.90942
     38.395      -242.84738
     38.545      -242.78533
     38.695      -242.72356
     38.845      -242.66198
     38.995      -242.60153
     39.145      -242.54108
     39.295      -242.48074
     39.445      -242.42044
     39.595      -242.36146
     39.745      -242.30179
     39.895      -242.24241
     40.045      -242.18312
     40.195      -242.12423
     40.345      -242.06567
     40.495      -242.00688
     40.645      -241.94794
     40.795      -241.88983
     40.945      -241.83204
     41.095      -241.77376
     41.245      -241.71662
     41.395      -241.65917
     41.545      -241.60223
     41.695      -241.54608
     41.845      -241.48957
     41.995      -241.43271
     42.145      -241.37711
     42.295      -241.32148
     42.445      -241.26552
     42.595      -241.21028
     42.745      -241.15460
     42.895      -241.09866
     43.045      -241.04353
     43.195      -240.98848
     43.345      -240.93374
     43.495      -240.87903
     43.645      -240.82536
     43.795      -240.77136
     43.945      -240.71848
     44.095      -240.66564
     44.245      -240.61273
     44.395      -240.55901
     44.545      -240.50682
     44.695      -240.45336
     44.845      -240.40083
     44.995      -240.34867
     45.145      -240.29677
     45.295      -240.24463
     45.445      -240.19254
     45.595      -240.14066
     45.745      -240.08915
     45.895      -240.03781
     46.045      -239.98652
     46.195      -239.93485
     46.345      -239.88391
     46.495      -239.83352
     46.645      -239.78326
     46.795      -239.73320
     46.945      -239.68326
     47.095      -239.63329
     47.245      -239.58411
     47.395      -239.53513
     47.545      -239.48600
     47.695      -239.43627
     47.845      -239.38800
     47.995      -239.33881
     48.145      -239.29033
     48.295      -239.24144
     48.445      -239.19250
     48.595      -239.14463
     48.745      -239.09632
     48.895      -239.04828
     49.045      -239.00082
     49.195      -238.95366
     49.345      -238.90607
     49.495      -238.85849
     49.645      -238.81136
     49.795      -238.76395
     49.945      -238.71724
     50.095      -238.67079
     50.245      -238.62328
     50.395      -238.57655
     50.545      -238.52983
     50.695      -238.48359
     50.845      -238.43738
     50.995      -238.39133
     51.145      -238.34556
     51.295      -238.30028
     51.445      -238.25461
     51.595      -238.20924
     51.745      -238.16384
     51.895      -238.11808
     52.045      -238.07280
     52.195      -238.02748
     52.345      -237.98273
     52.495      -237.93787
     52.645      -237.89376
     52.795      -237.84903
     52.945      -237.80446
     53.095      -237.76018
     53.245      -237.71594
     53.395      -237.67254
     53.545      -237.62864
     53.695      -237.58489
     53.845      -237.54105
     53.995      -237.49787
     54.145      -237.45450
     54.295      -237.41108
     54.445      -237.36869
     54.595      -237.32586
     54.745      -237.28311
     54.895      -237.24070
     55.045      -237.19799
     55.195      -237.15527
     55.345      -237.11311
     55.495      -237.07125
     55.645      -237.02941
     55.795      -236.98766
     55.945      -236.94583
     56.095      -236.90431
     56.245      -236.86257
     56.395      -236.82138
     56.545      -236.78028
     56.695      -236.73869
     56.845      -236.69792
     56.995      -236.65708
     57.145      -236.61727
     57.295      -236.57626
     57.445      -236.53608
     57.595      -236.49601
     57.745      -236.45576
     57.895      -236.41549
     58.045      -236.37519
     58.195      -236.33499
     58.345      -236.29511
     58.495      -236.25604
     58.645      -236.21613
     58.795      -236.17622
     58.945      -236.13699
     59.095      -236.09777
     59.245      -236.05798
     59.395      -236.01850
     59.545      -235.97923
     59.695      -235.93963
     59.845      -235.90053
     59.995      -235.86143
     60.145      -235.82267
     70.939      -230.89231
     97.698      -226.03169
     134.55      -221.26547
     185.30      -216.59838
     255.20      -212.02366
     351.46      -207.55432
     484.04      -203.19404
     666.62      -198.94464
     918.07      -194.79406
     1264.4      -190.74035
     1741.3      -186.79313
     2398.1      -182.94540
     3302.7      -179.19227
     4548.5      -175.52908
     6264.3      -171.95565
     8627.2      -168.46670
     11881.      -165.06045
     16363.      -161.74222
     22535.      -158.53452
     31036.      -155.43434
     42743.      -152.44646
     58866.      -149.57508
     81070.      -146.82537
    0.11165E+06  -144.19072
    0.15377E+06  -141.66791
    0.21177E+06  -139.25677
    0.29165E+06  -136.95030
    0.40166E+06  -134.74860
    0.55317E+06  -132.64907
    0.76182E+06  -130.64518
    0.10492E+07  -128.73449
    0.14449E+07  -126.91377
    0.19900E+07  -125.17370
    0.27406E+07  -123.51674
    0.37744E+07  -121.93662
    0.51981E+07  -120.43133
    0.71589E+07  -118.99690
    0.98593E+07  -117.62984
    0.13578E+08  -116.32756
    0.18700E+08  -115.08883
    0.25754E+08  -113.90878
    0.35468E+08  -112.78654
    0.48847E+08  -111.73596
    0.67273E+08  -110.75802
    0.92648E+08  -109.84791
    0.12760E+09  -108.99634
    0.17573E+09  -108.19997
    0.24201E+09  -107.45460
    0.33330E+09  -106.75707
    0.45902E+09  -106.10108
    0.63217E+09  -105.50210
    0.87062E+09  -104.95616
    0.11990E+10  -104.45514
    0.16513E+10  -103.99205
    0.22742E+10  -103.56510
    0.31320E+10  -103.17103
    0.43134E+10  -102.80690
    0.59405E+10  -102.47185
    0.81813E+10  -102.16205
    0.11267E+11  -101.87688
    0.15517E+11  -101.61303
    0.21371E+11  -101.36918
    0.29432E+11  -101.14403
    0.40534E+11  -100.93700
    0.55823E+11  -100.74463
    0.10000E+12   -98.43898
