    -29.945         0.00000
    -29.795         0.00000
    -29.645         0.00000
    -29.495         0.00000
    -29.345         0.00000
    -29.195         0.00000
    -29.045         0.00000
    -28.895         0.00000
    -28.745         0.00000
    -28.595         0.00000
    -28.445         0.00000
    -28.295         0.00000
    -28.145         0.00000
    -27.995         0.00000
    -27.845         0.00000
    -27.695         0.00000
    -27.545         0.00000
    -27.395         0.00000
    -27.245         0.00000
    -27.095         0.00000
    -26.945         0.00000
    -26.795         0.00000
    -26.645         0.00000
    -26.495         0.00000
    -26.345         0.00000
    -26.195         0.00000
    -26.045         0.00000
    -25.895         0.00000
    -25.745         0.00000
    -25.595         0.00000
    -25.445         0.00000
    -25.295         0.00000
    -25.145         0.00000
    -24.995         0.00000
    -24.845         0.00000
    -24.695         0.00000
    -24.545         0.00000
    -24.395         0.00000
    -24.245         0.00000
    -24.095         0.00000
    -23.945         0.00000
    -23.795         0.00000
    -23.645         0.00000
    -23.495         0.00000
    -23.345         0.00000
    -23.195         0.00000
    -23.045         0.00000
    -22.895         0.00000
    -22.745         0.00000
    -22.595         0.00000
    -22.445         0.00000
    -22.295         0.00000
    -22.145         0.00000
    -21.995         0.00000
    -21.845         0.00000
    -21.695         0.00000
    -21.545         0.00000
    -21.395         0.00000
    -21.245         0.00000
    -21.095         0.00000
    -20.945         0.00000
    -20.795         0.00000
    -20.645         0.00000
    -20.495         0.00000
    -20.345         0.00000
    -20.195         0.00000
    -20.045         0.00000
    -19.895         0.00000
    -19.745         0.00000
    -19.595         0.00000
    -19.445         0.00000
    -19.295         0.00000
    -19.145         0.00000
    -18.995         0.00000
    -18.845         0.00000
    -18.695         0.00000
    -18.545         0.00000
    -18.395         0.00000
    -18.245         0.00000
    -18.095         0.00000
    -17.945         0.00000
    -17.795         0.00000
    -17.645         0.00000
    -17.495         0.00000
    -17.345         0.00000
    -17.195         0.00000
    -17.045         0.00000
    -16.895         0.00000
    -16.745         0.00000
    -16.595         0.00000
    -16.445         0.00000
    -16.295         0.00000
    -16.145         0.00000
    -15.995         0.00000
    -15.845         0.00000
    -15.695         0.00000
    -15.545        -0.00078
    -15.395        -0.01153
    -15.245        -0.06418
    -15.095        -0.19186
    -14.945        -0.40548
    -14.795        -0.73118
    -14.645        -1.15973
    -14.495        -1.70433
    -14.345        -2.38258
    -14.195        -3.18834
    -14.045        -4.07056
    -13.895        -5.02364
    -13.745        -6.05099
    -13.595        -7.11254
    -13.445        -8.19663
    -13.295        -9.29849
    -13.145       -10.39831
    -12.995       -11.52633
    -12.845       -12.65547
    -12.695       -13.78807
    -12.545       -14.93384
    -12.395       -16.08457
    -12.245       -17.22794
    -12.095       -18.34752
    -11.945       -19.43279
    -11.795       -20.49961
    -11.645       -21.55963
    -11.495       -22.63893
    -11.345       -23.72671
    -11.195       -24.83528
    -11.045       -25.93996
    -10.895       -27.09980
    -10.745       -28.27420
    -10.595       -29.49318
    -10.445       -30.75057
    -10.295       -32.03574
    -10.145       -33.31482
    -9.9950       -34.58223
    -9.8450       -35.83843
    -9.6950       -37.12943
    -9.5450       -38.45887
    -9.3950       -39.79755
    -9.2450       -41.23465
    -9.0950       -42.73913
    -8.9450       -44.30076
    -8.7950       -45.93938
    -8.6450       -47.67244
    -8.4950       -49.47565
    -8.3450       -51.35036
    -8.1950       -53.28185
    -8.0450       -55.27114
    -7.8950       -57.34517
    -7.7450       -59.52290
    -7.5950       -61.81408
    -7.4450       -64.18749
    -7.2950       -66.63287
    -7.1450       -69.16061
    -6.9950       -71.70787
    -6.8450       -74.30124
    -6.6950       -76.89097
    -6.5450       -79.47987
    -6.3950       -82.06410
    -6.2450       -84.66317
    -6.0950       -87.24579
    -5.9450       -89.82533
    -5.7950       -92.39661
    -5.6450       -94.95231
    -5.4950       -97.49936
    -5.3450      -100.02631
    -5.1950      -102.56288
    -5.0450      -105.12437
    -4.8950      -107.67829
    -4.7450      -110.27456
    -4.5950      -112.89412
    -4.4450      -115.56907
    -4.2950      -118.30728
    -4.1450      -121.08234
    -3.9950      -123.91820
    -3.8450      -126.83626
    -3.6950      -129.83673
    -3.5450      -132.93994
    -3.3950      -136.17759
    -3.2450      -139.59034
    -3.0950      -143.21074
    -2.9450      -147.06092
    -2.7950      -151.19340
    -2.6450      -155.65219
    -2.4950      -160.47888
    -2.3450      -165.72405
    -2.1950      -171.45742
    -2.0450      -177.82804
    -1.8950      -184.97697
    -1.7450      -193.01615
    -1.5950      -202.08296
    -1.4450      -212.20156
    -1.2950      -223.31155
    -1.1450      -235.30156
   -0.99500      -248.02291
   -0.84500      -261.29157
   -0.69500      -275.12644
   -0.54500      -289.81803
   -0.39500      -306.29558
   -0.25300      -318.71627
   -0.21500      -319.55950
   -0.20900      -320.41561
   -0.20300      -321.28466
   -0.19700      -322.16457
   -0.19100      -323.05997
   -0.18500      -323.96873
   -0.17900      -324.89228
   -0.17300      -325.83490
   -0.16700      -326.79371
   -0.16100      -327.76953
   -0.15500      -328.76565
   -0.14900      -329.78093
   -0.14300      -330.81902
   -0.13700      -331.88116
   -0.13100      -332.96751
   -0.12500      -334.08144
   -0.11900      -335.22562
   -0.11300      -336.40337
   -0.10700      -337.61528
   -0.10100      -338.86770
   -0.95000E-01  -340.16499
   -0.89000E-01  -341.51281
   -0.83000E-01  -342.91622
   -0.77000E-01  -344.38688
   -0.71000E-01  -345.93171
   -0.65000E-01  -347.56369
   -0.59000E-01  -349.29661
   -0.53000E-01  -351.15327
   -0.47000E-01  -353.15999
   -0.41000E-01  -355.35454
   -0.35000E-01  -357.79563
   -0.29000E-01  -360.57544
   -0.23000E-01  -363.85128
   -0.19700E-01  -364.21176
   -0.19100E-01  -364.57966
   -0.18500E-01  -364.95632
   -0.17900E-01  -365.34197
   -0.17300E-01  -365.73723
   -0.16700E-01  -366.14248
   -0.16100E-01  -366.55915
   -0.15500E-01  -366.98698
   -0.14900E-01  -367.42751
   -0.14300E-01  -367.88161
   -0.13700E-01  -368.35010
   -0.13100E-01  -368.83454
   -0.12500E-01  -369.33640
   -0.11900E-01  -369.85807
   -0.11300E-01  -370.40180
   -0.10700E-01  -370.97099
   -0.10100E-01  -371.56999
   -0.95000E-02  -372.20062
   -0.89000E-02  -372.86586
   -0.83000E-02  -373.56716
   -0.77000E-02  -374.30818
   -0.71000E-02  -375.09282
   -0.65000E-02  -375.92255
   -0.59000E-02  -376.79581
   -0.53000E-02  -377.70761
   -0.47000E-02  -378.65062
   -0.41000E-02  -379.61888
   -0.35000E-02  -380.59462
   -0.29000E-02  -381.52681
   -0.23000E-02  -382.34399
   -0.17000E-02  -382.98418
   -0.11000E-02  -383.41213
   -0.50000E-03  -383.60972
    0.10000E-03  -383.57009
    0.70000E-03  -383.29455
    0.13000E-02  -382.79337
    0.19000E-02  -382.08953
    0.25000E-02  -381.22602
    0.31000E-02  -380.27257
    0.37000E-02  -379.29594
    0.43000E-02  -378.33682
    0.49000E-02  -377.40510
    0.55000E-02  -376.50783
    0.61000E-02  -375.65084
    0.67000E-02  -374.83824
    0.73000E-02  -374.07145
    0.79000E-02  -373.34752
    0.85000E-02  -372.66242
    0.91000E-02  -372.01283
    0.97000E-02  -371.39695
    0.10300E-01  -370.81345
    0.10900E-01  -370.25904
    0.11500E-01  -369.72867
    0.12100E-01  -369.21897
    0.12700E-01  -368.72766
    0.13300E-01  -368.25315
    0.13900E-01  -367.79373
    0.14500E-01  -367.34807
    0.15100E-01  -366.91535
    0.15700E-01  -366.49440
    0.16300E-01  -366.08518
    0.16900E-01  -365.68623
    0.17500E-01  -365.29650
    0.18100E-01  -364.91635
    0.18700E-01  -364.54499
    0.19300E-01  -364.18186
    0.20200E-01  -362.84104
    0.25000E-01  -359.79111
    0.31000E-01  -357.18658
    0.37000E-01  -354.90445
    0.43000E-01  -352.86867
    0.49000E-01  -351.03162
    0.55000E-01  -349.35871
    0.61000E-01  -347.82536
    0.67000E-01  -346.41361
    0.73000E-01  -345.10544
    0.79000E-01  -343.88720
    0.85000E-01  -342.74600
    0.91000E-01  -341.67140
    0.97000E-01  -340.65550
    0.10300      -339.69045
    0.10900      -338.77092
    0.11500      -337.89260
    0.12100      -337.05182
    0.12700      -336.24325
    0.13300      -335.46613
    0.13900      -334.71961
    0.14500      -333.99664
    0.15100      -333.29959
    0.15700      -332.62547
    0.16300      -331.97440
    0.16900      -331.34242
    0.17500      -330.72927
    0.18100      -330.13511
    0.18700      -329.55877
    0.19300      -328.99807
    0.19900      -328.45261
    0.20500      -327.92070
    0.21100      -327.40251
    0.21700      -326.89634
    0.29500      -316.82430
    0.44500      -310.37336
    0.59500      -305.59975
    0.74500      -301.73793
    0.89500      -298.43448
     1.0450      -295.49585
     1.1950      -292.83568
     1.3450      -290.40409
     1.4950      -288.15827
     1.6450      -286.08015
     1.7950      -284.15020
     1.9450      -282.36332
     2.0950      -280.70527
     2.2450      -279.15624
     2.3950      -277.74050
     2.5450      -276.42607
     2.6950      -275.21792
     2.8450      -274.11175
     2.9950      -273.10323
     3.1450      -272.15160
     3.2950      -271.28603
     3.4450      -270.48161
     3.5950      -269.73456
     3.7450      -269.04002
     3.8950      -268.38093
     4.0450      -267.77254
     4.1950      -267.19454
     4.3450      -266.64467
     4.4950      -266.11931
     4.6450      -265.61353
     4.7950      -265.12868
     4.9450      -264.65783
     5.0950      -264.20849
     5.2450      -263.77176
     5.3950      -263.35250
     5.5450      -262.94260
     5.6950      -262.54506
     5.8450      -262.15619
     5.9950      -261.78058
     6.1450      -261.41172
     6.2950      -261.05308
     6.4450      -260.70155
     6.5950      -260.36034
     6.7450      -260.02703
     6.8950      -259.70063
     7.0450      -259.38031
     7.1950      -259.06453
     7.3450      -258.75738
     7.4950      -258.45641
     7.6450      -258.16311
     7.7950      -257.87201
     7.9450      -257.58780
     8.0950      -257.31007
     8.2450      -257.03483
     8.3950      -256.76550
     8.5450      -256.50018
     8.6950      -256.24144
     8.8450      -255.98568
     8.9950      -255.73498
     9.1450      -255.48621
     9.2950      -255.24606
     9.4450      -255.00831
     9.5950      -254.77395
     9.7450      -254.54217
     9.8950      -254.31287
     10.045      -254.08801
     10.195      -253.86429
     10.345      -253.64583
     10.495      -253.42968
     10.645      -253.21718
     10.795      -253.00707
     10.945      -252.79934
     11.095      -252.59559
     11.245      -252.39440
     11.395      -252.19548
     11.545      -251.99825
     11.695      -251.80524
     11.845      -251.61322
     11.995      -251.42379
     12.145      -251.23600
     12.295      -251.05140
     12.445      -250.86921
     12.595      -250.69009
     12.745      -250.51274
     12.895      -250.33662
     13.045      -250.16145
     13.195      -249.98825
     13.345      -249.81753
     13.495      -249.64904
     13.645      -249.48167
     13.795      -249.31766
     13.945      -249.15517
     14.095      -248.99170
     14.245      -248.83081
     14.395      -248.67325
     14.545      -248.51666
     14.695      -248.36169
     14.845      -248.20986
     14.995      -248.05752
     15.145      -247.90670
     15.295      -247.75721
     15.445      -247.61076
     15.595      -247.46468
     15.745      -247.31954
     15.895      -247.17587
     16.045      -247.03339
     16.195      -246.89337
     16.345      -246.75447
     16.495      -246.61600
     16.645      -246.47826
     16.795      -246.34204
     16.945      -246.20841
     17.095      -246.07646
     17.245      -245.94446
     17.395      -245.81233
     17.545      -245.68061
     17.695      -245.55195
     17.845      -245.42445
     17.995      -245.29707
     18.145      -245.17238
     18.295      -245.04811
     18.445      -244.92308
     18.595      -244.79983
     18.745      -244.67773
     18.895      -244.55755
     19.045      -244.43744
     19.195      -244.31848
     19.345      -244.20014
     19.495      -244.08329
     19.645      -243.96752
     19.795      -243.85173
     19.945      -243.73769
     20.095      -243.62373
     20.245      -243.51067
     20.395      -243.39846
     20.545      -243.28767
     20.695      -243.17622
     20.845      -243.06676
     20.995      -242.95776
     21.145      -242.84971
     21.295      -242.74244
     21.445      -242.63567
     21.595      -242.52951
     21.745      -242.42486
     21.895      -242.32129
     22.045      -242.21761
     22.195      -242.11401
     22.345      -242.01191
     22.495      -241.91034
     22.645      -241.80992
     22.795      -241.70980
     22.945      -241.60963
     23.095      -241.51007
     23.245      -241.41107
     23.395      -241.31313
     23.545      -241.21560
     23.695      -241.11940
     23.845      -241.02374
     23.995      -240.92852
     24.145      -240.83344
     24.295      -240.73919
     24.445      -240.64540
     24.595      -240.55262
     24.745      -240.46051
     24.895      -240.36890
     25.045      -240.27760
     25.195      -240.18720
     25.345      -240.09634
     25.495      -240.00653
     25.645      -239.91733
     25.795      -239.82821
     25.945      -239.74131
     26.095      -239.65276
     26.245      -239.56640
     26.395      -239.47947
     26.545      -239.39279
     26.695      -239.30706
     26.845      -239.22083
     26.995      -239.13496
     27.145      -239.04976
     27.295      -238.96555
     27.445      -238.88248
     27.595      -238.79974
     27.745      -238.71803
     27.895      -238.63582
     28.045      -238.55483
     28.195      -238.47352
     28.345      -238.39353
     28.495      -238.31329
     28.645      -238.23251
     28.795      -238.15336
     28.945      -238.07435
     29.095      -237.99595
     29.245      -237.91789
     29.395      -237.83992
     29.545      -237.76232
     29.695      -237.68477
     29.845      -237.60799
     29.995      -237.53197
     30.145      -237.45594
     30.295      -237.37971
     30.445      -237.30422
     30.595      -237.22925
     30.745      -237.15544
     30.895      -237.08149
     31.045      -237.00818
     31.195      -236.93522
     31.345      -236.86251
     31.495      -236.79072
     31.645      -236.71845
     31.795      -236.64642
     31.945      -236.57468
     32.095      -236.50408
     32.245      -236.43317
     32.395      -236.36220
     32.545      -236.29249
     32.695      -236.22226
     32.845      -236.15236
     32.995      -236.08269
     33.145      -236.01375
     33.295      -235.94504
     33.445      -235.87551
     33.595      -235.80809
     33.745      -235.74036
     33.895      -235.67329
     34.045      -235.60577
     34.195      -235.53904
     34.345      -235.47226
     34.495      -235.40574
     34.645      -235.34004
     34.795      -235.27416
     34.945      -235.20839
     35.095      -235.14259
     35.245      -235.07793
     35.395      -235.01396
     35.545      -234.94958
     35.695      -234.88517
     35.845      -234.82151
     35.995      -234.75855
     36.145      -234.69489
     36.295      -234.63173
     36.445      -234.56914
     36.595      -234.50653
     36.745      -234.44430
     36.895      -234.38213
     37.045      -234.32046
     37.195      -234.25924
     37.345      -234.19839
     37.495      -234.13749
     37.645      -234.07635
     37.795      -234.01539
     37.945      -233.95467
     38.095      -233.89499
     38.245      -233.83495
     38.395      -233.77565
     38.545      -233.71684
     38.695      -233.65844
     38.845      -233.59904
     38.995      -233.54019
     39.145      -233.48212
     39.295      -233.42434
     39.445      -233.36622
     39.595      -233.30819
     39.745      -233.25083
     39.895      -233.19421
     40.045      -233.13782
     40.195      -233.08131
     40.345      -233.02474
     40.495      -232.96884
     40.645      -232.91203
     40.795      -232.85638
     40.945      -232.80028
     41.095      -232.74477
     41.245      -232.68875
     41.395      -232.63446
     41.545      -232.57989
     41.695      -232.52619
     41.845      -232.47223
     41.995      -232.41823
     42.145      -232.36487
     42.295      -232.31134
     42.445      -232.25749
     42.595      -232.20374
     42.745      -232.15082
     42.895      -232.09751
     43.045      -232.04480
     43.195      -231.99179
     43.345      -231.93917
     43.495      -231.88729
     43.645      -231.83552
     43.795      -231.78297
     43.945      -231.73104
     44.095      -231.67958
     44.245      -231.62818
     44.395      -231.57667
     44.545      -231.52514
     44.695      -231.47483
     44.845      -231.42402
     44.995      -231.37297
     45.145      -231.32269
     45.295      -231.27256
     45.445      -231.22276
     45.595      -231.17304
     45.745      -231.12335
     45.895      -231.07375
     46.045      -231.02461
     46.195      -230.97510
     46.345      -230.92565
     46.495      -230.87676
     46.645      -230.82742
     46.795      -230.77900
     46.945      -230.73006
     47.095      -230.68226
     47.245      -230.63375
     47.395      -230.58529
     47.545      -230.53763
     47.695      -230.48981
     47.845      -230.44286
     47.995      -230.39542
     48.145      -230.34843
     48.295      -230.30135
     48.445      -230.25503
     48.595      -230.20823
     48.745      -230.16179
     48.895      -230.11513
     49.045      -230.06877
     49.195      -230.02177
     49.345      -229.97547
     49.495      -229.92993
     49.645      -229.88411
     49.795      -229.83863
     49.945      -229.79296
     50.095      -229.74740
     50.245      -229.70211
     50.395      -229.65727
     50.545      -229.61235
     50.695      -229.56710
     50.845      -229.52293
     50.995      -229.47812
     51.145      -229.43322
     51.295      -229.38835
     51.445      -229.34415
     51.595      -229.29994
     51.745      -229.25598
     51.895      -229.21261
     52.045      -229.16915
     52.195      -229.12585
     52.345      -229.08235
     52.495      -229.03881
     52.645      -228.99536
     52.795      -228.95250
     52.945      -228.91001
     53.095      -228.86714
     53.245      -228.82448
     53.395      -228.78235
     53.545      -228.74041
     53.695      -228.69816
     53.845      -228.65604
     53.995      -228.61425
     54.145      -228.57291
     54.295      -228.53104
     54.445      -228.48989
     54.595      -228.44794
     54.745      -228.40635
     54.895      -228.36550
     55.045      -228.32459
     55.195      -228.28278
     55.345      -228.24254
     55.495      -228.20189
     55.645      -228.16118
     55.795      -228.12102
     55.945      -228.08095
     56.095      -228.03989
     56.245      -227.99897
     56.395      -227.95897
     56.545      -227.91940
     56.695      -227.87924
     56.845      -227.83943
     56.995      -227.79901
     57.145      -227.75893
     57.295      -227.71934
     57.445      -227.67999
     57.595      -227.64044
     57.745      -227.60133
     57.895      -227.56230
     58.045      -227.52330
     58.195      -227.48451
     58.345      -227.44591
     58.495      -227.40742
     58.645      -227.36883
     58.795      -227.32992
     58.945      -227.29124
     59.095      -227.25285
     59.245      -227.21466
     59.395      -227.17644
     59.545      -227.13871
     59.695      -227.10088
     59.845      -227.06315
     59.995      -227.02575
     60.145      -226.98854
     70.939      -222.17916
     97.698      -217.41501
     134.55      -212.71619
     185.30      -208.08988
     255.20      -203.53441
     351.46      -199.06592
     484.04      -194.68927
     666.62      -190.41365
     918.07      -186.23598
     1264.4      -182.16121
     1741.3      -178.18430
     2398.1      -174.30575
     3302.7      -170.52546
     4548.5      -166.83512
     6264.3      -163.23642
     8627.2      -159.72924
     11881.      -156.31438
     16363.      -152.99995
     22535.      -149.78867
     31036.      -146.68376
     42743.      -143.68930
     58866.      -140.80740
     81070.      -138.04656
    0.11165E+06  -135.40419
    0.15377E+06  -132.87520
    0.21177E+06  -130.45805
    0.29165E+06  -128.14810
    0.40166E+06  -125.94518
    0.55317E+06  -123.84284
    0.76182E+06  -121.83582
    0.10492E+07  -119.92243
    0.14449E+07  -118.09719
    0.19900E+07  -116.35786
    0.27406E+07  -114.70001
    0.37744E+07  -113.11872
    0.51981E+07  -111.61138
    0.71589E+07  -110.17504
    0.98593E+07  -108.80609
    0.13578E+08  -107.50252
    0.18700E+08  -106.26072
    0.25754E+08  -105.07806
    0.35468E+08  -103.95544
    0.48847E+08  -102.89998
    0.67273E+08  -101.91444
    0.92648E+08  -100.99942
    0.12760E+09  -100.14488
    0.17573E+09   -99.34630
    0.24201E+09   -98.59819
    0.33330E+09   -97.89792
    0.45902E+09   -97.23996
    0.63217E+09   -96.63889
    0.87062E+09   -96.09162
    0.11990E+10   -95.58829
    0.16513E+10   -95.12481
    0.22742E+10   -94.69687
    0.31320E+10   -94.30179
    0.43134E+10   -93.93737
    0.59405E+10   -93.60166
    0.81813E+10   -93.29095
    0.11267E+11   -93.00485
    0.15517E+11   -92.74056
    0.21371E+11   -92.49610
    0.29432E+11   -92.27077
    0.40534E+11   -92.06202
    0.55823E+11   -91.86964
    0.10000E+12   -89.55730
