    -29.945        1     0.00000
    -29.795        1     0.00000
    -29.645        1     0.00000
    -29.495        1     0.00000
    -29.345        1     0.00000
    -29.195        1     0.00000
    -29.045        1     0.00000
    -28.895        1     0.00000
    -28.745        1     0.00000
    -28.595        1     0.00000
    -28.445        1     0.00000
    -28.295        1     0.00000
    -28.145        1     0.00000
    -27.995        1     0.00000
    -27.845        1     0.00000
    -27.695        1     0.00000
    -27.545        1     0.00000
    -27.395        1     0.00000
    -27.245        1     0.00000
    -27.095        1     0.00000
    -26.945        1     0.00000
    -26.795        1     0.00000
    -26.645        1     0.00000
    -26.495        1     0.00000
    -26.345        1     0.00000
    -26.195        1     0.00000
    -26.045        1     0.00000
    -25.895        1     0.00000
    -25.745        1     0.00000
    -25.595        1     0.00000
    -25.445        1     0.00000
    -25.295        1     0.00000
    -25.145        1     0.00000
    -24.995        1     0.00000
    -24.845        1     0.00000
    -24.695        1     0.00000
    -24.545        1     0.00000
    -24.395        1     0.00000
    -24.245        1     0.00000
    -24.095        1     0.00000
    -23.945        1     0.00000
    -23.795        1     0.00000
    -23.645        1     0.00000
    -23.495        1     0.00000
    -23.345        1     0.00000
    -23.195        1     0.00000
    -23.045        1     0.00000
    -22.895        1     0.00000
    -22.745        1     0.00000
    -22.595        1     0.00000
    -22.445        1     0.00000
    -22.295        1     0.00000
    -22.145        1     0.00000
    -21.995        1     0.00000
    -21.845        1     0.00000
    -21.695        1     0.00000
    -21.545        1     0.00000
    -21.395        1     0.00000
    -21.245        1     0.00000
    -21.095        1     0.00000
    -20.945        1     0.00000
    -20.795        1     0.00000
    -20.645        1     0.00000
    -20.495        1     0.00000
    -20.345        1     0.00000
    -20.195        1     0.00000
    -20.045        1    -0.00016
    -19.895        1    -0.00048
    -19.745        1    -0.00048
    -19.595        1    -0.00063
    -19.445        1    -0.00079
    -19.295        1    -0.00093
    -19.145        1    -0.00139
    -18.995        1    -0.00228
    -18.845        1    -0.00304
    -18.695        1    -0.00426
    -18.545        1    -0.00603
    -18.395        1    -0.01008
    -18.245        1    -0.01320
    -18.095        1    -0.01667
    -17.945        1    -0.02194
    -17.795        1    -0.02689
    -17.645        1    -0.03526
    -17.495        1    -0.04393
    -17.345        1    -0.05546
    -17.195        1    -0.06747
    -17.045        1    -0.08254
    -16.895        1    -0.09447
    -16.745        1    -0.10989
    -16.595        1    -0.13174
    -16.445        1    -0.15324
    -16.295        1    -0.17679
    -16.145        1    -0.20574
    -15.995        1    -0.23609
    -15.845        1    -0.26704
    -15.695        1    -0.30640
    -15.545        1    -0.34922
    -15.395        1    -0.39989
    -15.245        1    -0.45538
    -15.095        1    -0.51873
    -14.945        1    -0.59776
    -14.795        1    -0.69096
    -14.645        1    -0.79181
    -14.495        1    -0.90812
    -14.345        1    -1.03554
    -14.195        1    -1.17797
    -14.045        1    -1.33709
    -13.895        1    -1.51370
    -13.745        1    -1.70447
    -13.595        1    -1.91244
    -13.445        1    -2.14234
    -13.295        1    -2.37337
    -13.145        1    -2.62462
    -12.995        1    -2.89118
    -12.845        1    -3.17246
    -12.695        1    -3.47683
    -12.545        1    -3.80122
    -12.395        1    -4.12803
    -12.245        1    -4.47773
    -12.095        1    -4.84339
    -11.945        1    -5.21038
    -11.795        1    -5.58272
    -11.645        1    -5.95511
    -11.495        1    -6.35899
    -11.345        1    -6.77594
    -11.195        1    -7.18872
    -11.045        1    -7.60349
    -10.895        1    -8.03027
    -10.745        1    -8.44131
    -10.595        1    -8.85076
    -10.445        1    -9.25396
    -10.295        1    -9.66812
    -10.145        1   -10.07603
    -9.9950        1   -10.47516
    -9.8450        1   -10.86254
    -9.6950        1   -11.24492
    -9.5450        1   -11.61192
    -9.3950        1   -11.97829
    -9.2450        1   -12.33276
    -9.0950        1   -12.67957
    -8.9450        1   -13.01772
    -8.7950        1   -13.35870
    -8.6450        1   -13.69398
    -8.4950        1   -14.02297
    -8.3450        1   -14.34582
    -8.1950        1   -14.66657
    -8.0450        1   -14.98414
    -7.8950        1   -15.30368
    -7.7450        1   -15.62267
    -7.5950        1   -15.93799
    -7.4450        1   -16.25157
    -7.2950        1   -16.56866
    -7.1450        1   -16.87845
    -6.9950        1   -17.19100
    -6.8450        1   -17.50864
    -6.6950        1   -17.83045
    -6.5450        1   -18.14986
    -6.3950        1   -18.47202
    -6.2450        1   -18.79772
    -6.0950        1   -19.12120
    -5.9450        1   -19.44442
    -5.7950        1   -19.76683
    -5.6450        1   -20.09301
    -5.4950        1   -20.40767
    -5.3450        1   -20.72073
    -5.1950        1   -21.03655
    -5.0450        1   -21.34538
    -4.8950        1   -21.65370
    -4.7450        1   -21.95708
    -4.5950        1   -22.26302
    -4.4450        1   -22.57412
    -4.2950        1   -22.89490
    -4.1450        1   -23.22340
    -3.9950        1   -23.56866
    -3.8450        1   -23.93526
    -3.6950        1   -24.31267
    -3.5450        1   -24.71344
    -3.3950        1   -25.14149
    -3.2450        1   -25.60376
    -3.0950        1   -26.10285
    -2.9450        1   -26.63341
    -2.7950        1   -27.20856
    -2.6450        1   -27.82500
    -2.4950        1   -28.48551
    -2.3450        1   -29.18903
    -2.1950        1   -29.91095
    -2.0450        1   -30.64579
    -1.8950        1   -31.39492
    -1.7450        1   -32.14467
    -1.5950        1   -32.89406
    -1.4450        1   -33.64314
    -1.2950        1   -34.38666
    -1.1450        1   -35.13528
   -0.99500        1   -35.88831
   -0.84500        1   -36.66565
   -0.69500        1   -37.48516
   -0.54500        1   -38.38564
   -0.39500        1   -39.42856
   -0.25300        1   -40.21380
   -0.21500        1   -40.26722
   -0.20900        1   -40.32127
   -0.20300        1   -40.37577
   -0.19700        1   -40.43094
   -0.19100        1   -40.48711
   -0.18500        1   -40.54412
   -0.17900        1   -40.60178
   -0.17300        1   -40.66076
   -0.16700        1   -40.72056
   -0.16100        1   -40.78141
   -0.15500        1   -40.84389
   -0.14900        1   -40.90721
   -0.14300        1   -40.97247
   -0.13700        1   -41.03885
   -0.13100        1   -41.10701
   -0.12500        1   -41.17699
   -0.11900        1   -41.24896
   -0.11300        1   -41.32289
   -0.10700        1   -41.39965
   -0.10100        1   -41.47927
   -0.95000E-01    1   -41.56151
   -0.89000E-01    1   -41.64701
   -0.83000E-01    1   -41.73656
   -0.77000E-01    1   -41.83107
   -0.71000E-01    1   -41.93109
   -0.65000E-01    1   -42.03767
   -0.59000E-01    1   -42.15279
   -0.53000E-01    1   -42.27862
   -0.47000E-01    1   -42.41817
   -0.41000E-01    1   -42.57495
   -0.35000E-01    1   -42.75442
   -0.29000E-01    1   -42.96350
   -0.23000E-01    1   -43.21039
   -0.19700E-01    1   -43.23731
   -0.19100E-01    1   -43.26481
   -0.18500E-01    1   -43.29272
   -0.17900E-01    1   -43.32129
   -0.17300E-01    1   -43.35041
   -0.16700E-01    1   -43.38011
   -0.16100E-01    1   -43.41040
   -0.15500E-01    1   -43.44132
   -0.14900E-01    1   -43.47281
   -0.14300E-01    1   -43.50495
   -0.13700E-01    1   -43.53780
   -0.13100E-01    1   -43.57131
   -0.12500E-01    1   -43.60541
   -0.11900E-01    1   -43.64011
   -0.11300E-01    1   -43.67517
   -0.10700E-01    1   -43.71070
   -0.10100E-01    1   -43.74645
   -0.95000E-02    1   -43.78216
   -0.89000E-02    1   -43.81781
   -0.83000E-02    1   -43.85306
   -0.77000E-02    1   -43.88768
   -0.71000E-02    1   -43.92146
   -0.65000E-02    1   -43.95419
   -0.59000E-02    1   -43.98556
   -0.53000E-02    1   -44.01520
   -0.47000E-02    1   -44.04259
   -0.41000E-02    1   -44.06731
   -0.35000E-02    1   -44.08900
   -0.29000E-02    1   -44.10736
   -0.23000E-02    1   -44.12218
   -0.17000E-02    1   -44.13331
   -0.11000E-02    1   -44.14059
   -0.50000E-03    1   -44.14392
    0.10000E-03    1   -44.14328
    0.70000E-03    1   -44.13867
    0.13000E-02    1   -44.13015
    0.19000E-02    1   -44.11780
    0.25000E-02    1   -44.10177
    0.31000E-02    1   -44.08224
    0.37000E-02    1   -44.05947
    0.43000E-02    1   -44.03384
    0.49000E-02    1   -44.00564
    0.55000E-02    1   -43.97537
    0.61000E-02    1   -43.94349
    0.67000E-02    1   -43.91035
    0.73000E-02    1   -43.87630
    0.79000E-02    1   -43.84145
    0.85000E-02    1   -43.80610
    0.91000E-02    1   -43.77045
    0.97000E-02    1   -43.73471
    0.10300E-01    1   -43.69901
    0.10900E-01    1   -43.66353
    0.11500E-01    1   -43.62847
    0.12100E-01    1   -43.59406
    0.12700E-01    1   -43.56029
    0.13300E-01    1   -43.52707
    0.13900E-01    1   -43.49473
    0.14500E-01    1   -43.46293
    0.15100E-01    1   -43.43170
    0.15700E-01    1   -43.40111
    0.16300E-01    1   -43.37120
    0.16900E-01    1   -43.34181
    0.17500E-01    1   -43.31312
    0.18100E-01    1   -43.28488
    0.18700E-01    1   -43.25732
    0.19300E-01    1   -43.23031
    0.20200E-01    1   -43.12947
    0.25000E-01    1   -42.89775
    0.31000E-01    1   -42.70137
    0.37000E-01    1   -42.53359
    0.43000E-01    1   -42.38814
    0.49000E-01    1   -42.26030
    0.55000E-01    1   -42.14636
    0.61000E-01    1   -42.04379
    0.67000E-01    1   -41.95053
    0.73000E-01    1   -41.86470
    0.79000E-01    1   -41.78551
    0.85000E-01    1   -41.71200
    0.91000E-01    1   -41.64348
    0.97000E-01    1   -41.57977
    0.10300        1   -41.51961
    0.10900        1   -41.46306
    0.11500        1   -41.40985
    0.12100        1   -41.35982
    0.12700        1   -41.31216
    0.13300        1   -41.26718
    0.13900        1   -41.22465
    0.14500        1   -41.18390
    0.15100        1   -41.14553
    0.15700        1   -41.10864
    0.16300        1   -41.07327
    0.16900        1   -41.03940
    0.17500        1   -41.00730
    0.18100        1   -40.97625
    0.18700        1   -40.94642
    0.19300        1   -40.91778
    0.19900        1   -40.88985
    0.20500        1   -40.86310
    0.21100        1   -40.83698
    0.21700        1   -40.81202
    0.29500        1   -40.34839
    0.44500        1   -40.08548
    0.59500        1   -39.90203
    0.74500        1   -39.75841
    0.89500        1   -39.63853
     1.0450        1   -39.53304
     1.1950        1   -39.43791
     1.3450        1   -39.35239
     1.4950        1   -39.27198
     1.6450        1   -39.19622
     1.7950        1   -39.12560
     1.9450        1   -39.05822
     2.0950        1   -38.99569
     2.2450        1   -38.93610
     2.3950        1   -38.87831
     2.5450        1   -38.82418
     2.6950        1   -38.77530
     2.8450        1   -38.73070
     2.9950        1   -38.68866
     3.1450        1   -38.64758
     3.2950        1   -38.60950
     3.4450        1   -38.57619
     3.5950        1   -38.54443
     3.7450        1   -38.51540
     3.8950        1   -38.48687
     4.0450        1   -38.45979
     4.1950        1   -38.43498
     4.3450        1   -38.41296
     4.4950        1   -38.39101
     4.6450        1   -38.37071
     4.7950        1   -38.35192
     4.9450        1   -38.33445
     5.0950        1   -38.31627
     5.2450        1   -38.29900
     5.3950        1   -38.28145
     5.5450        1   -38.26597
     5.6950        1   -38.25137
     5.8450        1   -38.23612
     5.9950        1   -38.22100
     6.1450        1   -38.20670
     6.2950        1   -38.19240
     6.4450        1   -38.17832
     6.5950        1   -38.16510
     6.7450        1   -38.15182
     6.8950        1   -38.13905
     7.0450        1   -38.12662
     7.1950        1   -38.11463
     7.3450        1   -38.10256
     7.4950        1   -38.09030
     7.6450        1   -38.07852
     7.7950        1   -38.06702
     7.9450        1   -38.05608
     8.0950        1   -38.04486
     8.2450        1   -38.03418
     8.3950        1   -38.02329
     8.5450        1   -38.01261
     8.6950        1   -38.00232
     8.8450        1   -37.99193
     8.9950        1   -37.98185
     9.1450        1   -37.97183
     9.2950        1   -37.96185
     9.4450        1   -37.95223
     9.5950        1   -37.94234
     9.7450        1   -37.93288
     9.8950        1   -37.92372
     10.045        1   -37.91453
     10.195        1   -37.90561
     10.345        1   -37.89655
     10.495        1   -37.88776
     10.645        1   -37.87921
     10.795        1   -37.87041
     10.945        1   -37.86174
     11.095        1   -37.85364
     11.245        1   -37.84512
     11.395        1   -37.83714
     11.545        1   -37.82937
     11.695        1   -37.82115
     11.845        1   -37.81329
     11.995        1   -37.80525
     12.145        1   -37.79747
     12.295        1   -37.78973
     12.445        1   -37.78205
     12.595        1   -37.77433
     12.745        1   -37.76688
     12.895        1   -37.75960
     13.045        1   -37.75205
     13.195        1   -37.74493
     13.345        1   -37.73758
     13.495        1   -37.73058
     13.645        1   -37.72366
     13.795        1   -37.71689
     13.945        1   -37.71005
     14.095        1   -37.70340
     14.245        1   -37.69702
     14.395        1   -37.69020
     14.545        1   -37.68356
     14.695        1   -37.67727
     14.845        1   -37.67092
     14.995        1   -37.66447
     15.145        1   -37.65803
     15.295        1   -37.65195
     15.445        1   -37.64563
     15.595        1   -37.63939
     15.745        1   -37.63325
     15.895        1   -37.62719
     16.045        1   -37.62117
     16.195        1   -37.61519
     16.345        1   -37.60902
     16.495        1   -37.60286
     16.645        1   -37.59702
     16.795        1   -37.59134
     16.945        1   -37.58563
     17.095        1   -37.57996
     17.245        1   -37.57433
     17.395        1   -37.56874
     17.545        1   -37.56317
     17.695        1   -37.55773
     17.845        1   -37.55232
     17.995        1   -37.54686
     18.145        1   -37.54158
     18.295        1   -37.53627
     18.445        1   -37.53104
     18.595        1   -37.52577
     18.745        1   -37.52062
     18.895        1   -37.51534
     19.045        1   -37.50995
     19.195        1   -37.50490
     19.345        1   -37.49992
     19.495        1   -37.49472
     19.645        1   -37.48965
     19.795        1   -37.48477
     19.945        1   -37.47969
     20.095        1   -37.47479
     20.245        1   -37.46990
     20.395        1   -37.46515
     20.545        1   -37.46029
     20.695        1   -37.45533
     20.845        1   -37.45065
     20.995        1   -37.44599
     21.145        1   -37.44143
     21.295        1   -37.43675
     21.445        1   -37.43204
     21.595        1   -37.42751
     21.745        1   -37.42280
     21.895        1   -37.41823
     22.045        1   -37.41364
     22.195        1   -37.40917
     22.345        1   -37.40459
     22.495        1   -37.40014
     22.645        1   -37.39565
     22.795        1   -37.39136
     22.945        1   -37.38715
     23.095        1   -37.38283
     23.245        1   -37.37855
     23.395        1   -37.37414
     23.545        1   -37.37006
     23.695        1   -37.36584
     23.845        1   -37.36170
     23.995        1   -37.35767
     24.145        1   -37.35363
     24.295        1   -37.34946
     24.445        1   -37.34527
     24.595        1   -37.34125
     24.745        1   -37.33727
     24.895        1   -37.33321
     25.045        1   -37.32932
     25.195        1   -37.32536
     25.345        1   -37.32134
     25.495        1   -37.31735
     25.645        1   -37.31343
     25.795        1   -37.30962
     25.945        1   -37.30575
     26.095        1   -37.30203
     26.245        1   -37.29816
     26.395        1   -37.29430
     26.545        1   -37.29055
     26.695        1   -37.28683
     26.845        1   -37.28313
     26.995        1   -37.27943
     27.145        1   -37.27580
     27.295        1   -37.27202
     27.445        1   -37.26808
     27.595        1   -37.26464
     27.745        1   -37.26107
     27.895        1   -37.25747
     28.045        1   -37.25393
     28.195        1   -37.25033
     28.345        1   -37.24677
     28.495        1   -37.24339
     28.645        1   -37.23983
     28.795        1   -37.23632
     28.945        1   -37.23271
     29.095        1   -37.22922
     29.245        1   -37.22562
     29.395        1   -37.22216
     29.545        1   -37.21875
     29.695        1   -37.21519
     29.845        1   -37.21179
     29.995        1   -37.20846
     30.145        1   -37.20518
     30.295        1   -37.20177
     30.445        1   -37.19843
     30.595        1   -37.19500
     30.745        1   -37.19177
     30.895        1   -37.18856
     31.045        1   -37.18517
     31.195        1   -37.18203
     31.345        1   -37.17864
     31.495        1   -37.17545
     31.645        1   -37.17213
     31.795        1   -37.16890
     31.945        1   -37.16570
     32.095        1   -37.16250
     32.245        1   -37.15927
     32.395        1   -37.15617
     32.545        1   -37.15287
     32.695        1   -37.14974
     32.845        1   -37.14656
     32.995        1   -37.14348
     33.145        1   -37.14038
     33.295        1   -37.13746
     33.445        1   -37.13441
     33.595        1   -37.13141
     33.745        1   -37.12846
     33.895        1   -37.12539
     34.045        1   -37.12247
     34.195        1   -37.11948
     34.345        1   -37.11646
     34.495        1   -37.11342
     34.645        1   -37.11055
     34.795        1   -37.10758
     34.945        1   -37.10466
     35.095        1   -37.10176
     35.245        1   -37.09901
     35.395        1   -37.09605
     35.545        1   -37.09326
     35.695        1   -37.09059
     35.845        1   -37.08770
     35.995        1   -37.08477
     36.145        1   -37.08206
     36.295        1   -37.07926
     36.445        1   -37.07655
     36.595        1   -37.07367
     36.745        1   -37.07076
     36.895        1   -37.06784
     37.045        1   -37.06504
     37.195        1   -37.06214
     37.345        1   -37.05927
     37.495        1   -37.05662
     37.645        1   -37.05388
     37.795        1   -37.05108
     37.945        1   -37.04836
     38.095        1   -37.04562
     38.245        1   -37.04307
     38.395        1   -37.04037
     38.545        1   -37.03767
     38.695        1   -37.03488
     38.845        1   -37.03220
     38.995        1   -37.02950
     39.145        1   -37.02691
     39.295        1   -37.02427
     39.445        1   -37.02161
     39.595        1   -37.01896
     39.745        1   -37.01646
     39.895        1   -37.01397
     40.045        1   -37.01156
     40.195        1   -37.00894
     40.345        1   -37.00640
     40.495        1   -37.00396
     40.645        1   -37.00149
     40.795        1   -36.99896
     40.945        1   -36.99638
     41.095        1   -36.99404
     41.245        1   -36.99149
     41.395        1   -36.98889
     41.545        1   -36.98642
     41.695        1   -36.98394
     41.845        1   -36.98156
     41.995        1   -36.97904
     42.145        1   -36.97665
     42.295        1   -36.97433
     42.445        1   -36.97190
     42.595        1   -36.96947
     42.745        1   -36.96699
     42.895        1   -36.96451
     43.045        1   -36.96209
     43.195        1   -36.95977
     43.345        1   -36.95751
     43.495        1   -36.95511
     43.645        1   -36.95273
     43.795        1   -36.95039
     43.945        1   -36.94809
     44.095        1   -36.94554
     44.245        1   -36.94319
     44.395        1   -36.94090
     44.545        1   -36.93854
     44.695        1   -36.93619
     44.845        1   -36.93388
     44.995        1   -36.93172
     45.145        1   -36.92951
     45.295        1   -36.92727
     45.445        1   -36.92515
     45.595        1   -36.92309
     45.745        1   -36.92072
     45.895        1   -36.91839
     46.045        1   -36.91603
     46.195        1   -36.91370
     46.345        1   -36.91138
     46.495        1   -36.90914
     46.645        1   -36.90694
     46.795        1   -36.90476
     46.945        1   -36.90256
     47.095        1   -36.90027
     47.245        1   -36.89805
     47.395        1   -36.89586
     47.545        1   -36.89367
     47.695        1   -36.89156
     47.845        1   -36.88938
     47.995        1   -36.88721
     48.145        1   -36.88506
     48.295        1   -36.88295
     48.445        1   -36.88083
     48.595        1   -36.87872
     48.745        1   -36.87667
     48.895        1   -36.87458
     49.045        1   -36.87242
     49.195        1   -36.87040
     49.345        1   -36.86836
     49.495        1   -36.86631
     49.645        1   -36.86428
     49.795        1   -36.86222
     49.945        1   -36.86014
     50.095        1   -36.85809
     50.245        1   -36.85612
     50.395        1   -36.85389
     50.545        1   -36.85184
     50.695        1   -36.84991
     50.845        1   -36.84778
     50.995        1   -36.84573
     51.145        1   -36.84380
     51.295        1   -36.84183
     51.445        1   -36.83980
     51.595        1   -36.83788
     51.745        1   -36.83578
     51.895        1   -36.83387
     52.045        1   -36.83185
     52.195        1   -36.82978
     52.345        1   -36.82782
     52.495        1   -36.82589
     52.645        1   -36.82397
     52.795        1   -36.82205
     52.945        1   -36.82021
     53.095        1   -36.81831
     53.245        1   -36.81643
     53.395        1   -36.81457
     53.545        1   -36.81256
     53.695        1   -36.81053
     53.845        1   -36.80852
     53.995        1   -36.80667
     54.145        1   -36.80465
     54.295        1   -36.80279
     54.445        1   -36.80096
     54.595        1   -36.79899
     54.745        1   -36.79703
     54.895        1   -36.79521
     55.045        1   -36.79323
     55.195        1   -36.79124
     55.345        1   -36.78946
     55.495        1   -36.78751
     55.645        1   -36.78567
     55.795        1   -36.78379
     55.945        1   -36.78187
     56.095        1   -36.78000
     56.245        1   -36.77822
     56.395        1   -36.77633
     56.545        1   -36.77450
     56.695        1   -36.77270
     56.845        1   -36.77091
     56.995        1   -36.76907
     57.145        1   -36.76722
     57.295        1   -36.76557
     57.445        1   -36.76377
     57.595        1   -36.76205
     57.745        1   -36.76022
     57.895        1   -36.75845
     58.045        1   -36.75660
     58.195        1   -36.75484
     58.345        1   -36.75308
     58.495        1   -36.75134
     58.645        1   -36.74950
     58.795        1   -36.74769
     58.945        1   -36.74599
     59.095        1   -36.74415
     59.245        1   -36.74239
     59.395        1   -36.74054
     59.545        1   -36.73887
     59.695        1   -36.73726
     59.845        1   -36.73547
     59.995        1   -36.73379
     60.145        1   -36.73201
     70.939        1   -36.51054
     97.698        1   -36.28915
     134.55        1   -36.06989
     185.30        1   -35.85133
     255.20        1   -35.63658
     351.46        1   -35.42463
     484.04        1   -35.21527
     666.62        1   -35.01001
     918.07        1   -34.80871
     1264.4        1   -34.61175
     1741.3        1   -34.41776
     2398.1        1   -34.22680
     3302.7        1   -34.03922
     4548.5        1   -33.85572
     6264.3        1   -33.67533
     8627.2        1   -33.49873
     11881.        1   -33.32486
     16363.        1   -33.15374
     22535.        1   -32.98605
     31036.        1   -32.82145
     42743.        1   -32.65890
     58866.        1   -32.49971
     81070.        1   -32.34234
    0.11165E+06    1   -32.18783
    0.15377E+06    1   -32.03530
    0.21177E+06    1   -31.88524
    0.29165E+06    1   -31.73635
    0.40166E+06    1   -31.58889
    0.55317E+06    1   -31.44354
    0.76182E+06    1   -31.29860
    0.10492E+07    1   -31.15477
    0.14449E+07    1   -31.01180
    0.19900E+07    1   -30.87029
    0.27406E+07    1   -30.72870
    0.37744E+07    1   -30.58693
    0.51981E+07    1   -30.44417
    0.71589E+07    1   -30.30095
    0.98593E+07    1   -30.15780
    0.13578E+08    1   -30.01349
    0.18700E+08    1   -29.86900
    0.25754E+08    1   -29.72467
    0.35468E+08    1   -29.58085
    0.48847E+08    1   -29.43936
    0.67273E+08    1   -29.30137
    0.92648E+08    1   -29.16682
    0.12760E+09    1   -29.03590
    0.17573E+09    1   -28.90823
    0.24201E+09    1   -28.78465
    0.33330E+09    1   -28.66552
    0.45902E+09    1   -28.55174
    0.63217E+09    1   -28.44490
    0.87062E+09    1   -28.34452
    0.11990E+10    1   -28.25073
    0.16513E+10    1   -28.16341
    0.22742E+10    1   -28.08229
    0.31320E+10    1   -28.00662
    0.43134E+10    1   -27.93603
    0.59405E+10    1   -27.87007
    0.81813E+10    1   -27.80862
    0.11267E+11    1   -27.75132
    0.15517E+11    1   -27.69794
    0.21371E+11    1   -27.64843
    0.29432E+11    1   -27.60238
    0.40534E+11    1   -27.55959
    0.55823E+11    1   -27.51981
    0.10000E+12    1   -27.02422
    -149.95        2     0.00000
    -149.80        2     0.00000
    -149.65        2     0.00000
    -149.49        2     0.00000
    -149.34        2     0.00000
    -149.20        2     0.00000
    -149.05        2     0.00000
    -148.90        2     0.00000
    -148.74        2     0.00000
    -148.59        2     0.00000
    -148.45        2     0.00000
    -148.30        2     0.00000
    -148.15        2     0.00000
    -147.99        2     0.00000
    -147.84        2     0.00000
    -147.70        2     0.00000
    -147.55        2     0.00000
    -147.40        2     0.00000
    -147.24        2     0.00000
    -147.09        2     0.00000
    -146.95        2     0.00000
    -146.80        2     0.00000
    -146.65        2     0.00000
    -146.49        2     0.00000
    -146.34        2     0.00000
    -146.20        2     0.00000
    -146.05        2     0.00000
    -145.90        2     0.00000
    -145.74        2     0.00000
    -145.59        2     0.00000
    -145.45        2     0.00000
    -145.30        2     0.00000
    -145.15        2     0.00000
    -144.99        2     0.00000
    -144.84        2     0.00000
    -144.70        2     0.00000
    -144.55        2     0.00000
    -144.40        2     0.00000
    -144.24        2     0.00000
    -144.09        2     0.00000
    -143.95        2     0.00000
    -143.80        2     0.00000
    -143.65        2     0.00000
    -143.49        2     0.00000
    -143.34        2     0.00000
    -143.20        2     0.00000
    -143.05        2     0.00000
    -142.90        2     0.00000
    -142.74        2     0.00000
    -142.59        2     0.00000
    -142.45        2     0.00000
    -142.30        2     0.00000
    -142.15        2     0.00000
    -141.99        2     0.00000
    -141.84        2     0.00000
    -141.70        2     0.00000
    -141.55        2     0.00000
    -141.40        2     0.00000
    -141.24        2     0.00000
    -141.09        2     0.00000
    -140.95        2     0.00000
    -140.80        2     0.00000
    -140.65        2     0.00000
    -140.49        2     0.00000
    -140.34        2     0.00000
    -140.20        2     0.00000
    -140.05        2     0.00000
    -139.90        2     0.00000
    -139.74        2     0.00000
    -139.59        2     0.00000
    -139.45        2     0.00000
    -139.30        2     0.00000
    -139.15        2     0.00000
    -138.99        2     0.00000
    -138.84        2     0.00000
    -138.70        2     0.00000
    -138.55        2     0.00000
    -138.40        2     0.00000
    -138.24        2     0.00000
    -138.09        2     0.00000
    -137.95        2     0.00000
    -137.80        2     0.00000
    -137.65        2     0.00000
    -137.49        2     0.00000
    -137.34        2     0.00000
    -137.20        2     0.00000
    -137.05        2     0.00000
    -136.90        2     0.00000
    -136.74        2     0.00000
    -136.59        2     0.00000
    -136.45        2     0.00000
    -136.30        2     0.00000
    -136.15        2     0.00000
    -135.99        2     0.00000
    -135.84        2     0.00000
    -135.70        2     0.00000
    -135.55        2     0.00000
    -135.40        2     0.00000
    -135.24        2     0.00000
    -135.09        2     0.00000
    -134.95        2     0.00000
    -134.80        2     0.00000
    -134.65        2     0.00000
    -134.49        2     0.00000
    -134.34        2     0.00000
    -134.20        2     0.00000
    -134.05        2     0.00000
    -133.90        2     0.00000
    -133.74        2     0.00000
    -133.59        2     0.00000
    -133.45        2     0.00000
    -133.30        2     0.00000
    -133.15        2     0.00000
    -132.99        2     0.00000
    -132.84        2     0.00000
    -132.70        2     0.00000
    -132.55        2     0.00000
    -132.40        2     0.00000
    -132.24        2     0.00000
    -132.09        2     0.00000
    -131.95        2     0.00000
    -131.80        2     0.00000
    -131.65        2     0.00000
    -131.49        2     0.00000
    -131.34        2     0.00000
    -131.20        2     0.00000
    -131.05        2     0.00000
    -130.90        2     0.00000
    -130.74        2     0.00000
    -130.59        2     0.00000
    -130.45        2     0.00000
    -130.30        2     0.00000
    -130.15        2     0.00000
    -129.99        2     0.00000
    -129.84        2     0.00000
    -129.70        2     0.00000
    -129.55        2     0.00000
    -129.40        2     0.00000
    -129.24        2     0.00000
    -129.09        2     0.00000
    -128.95        2     0.00000
    -128.80        2     0.00000
    -128.65        2     0.00000
    -128.49        2     0.00000
    -128.34        2     0.00000
    -128.20        2     0.00000
    -128.05        2     0.00000
    -127.89        2     0.00000
    -127.75        2     0.00000
    -127.60        2     0.00000
    -127.44        2     0.00000
    -127.30        2     0.00000
    -127.14        2     0.00000
    -127.00        2     0.00000
    -126.85        2     0.00000
    -126.69        2     0.00000
    -126.55        2     0.00000
    -126.39        2     0.00000
    -126.25        2     0.00000
    -126.10        2     0.00000
    -125.94        2     0.00000
    -125.80        2     0.00000
    -125.64        2     0.00000
    -125.50        2     0.00000
    -125.35        2     0.00000
    -125.19        2     0.00000
    -125.05        2     0.00000
    -124.89        2     0.00000
    -124.75        2     0.00000
    -124.60        2     0.00000
    -124.44        2     0.00000
    -124.30        2     0.00000
    -124.14        2     0.00000
    -124.00        2     0.00000
    -123.85        2     0.00000
    -123.69        2     0.00000
    -123.55        2     0.00000
    -123.39        2     0.00000
    -123.25        2     0.00000
    -123.10        2     0.00000
    -122.94        2     0.00000
    -122.80        2     0.00000
    -122.64        2     0.00000
    -122.50        2     0.00000
    -122.35        2     0.00000
    -122.19        2     0.00000
    -122.05        2     0.00000
    -121.89        2     0.00000
    -121.75        2     0.00000
    -121.60        2     0.00000
    -121.44        2     0.00000
    -121.30        2     0.00000
    -121.14        2     0.00000
    -121.00        2     0.00000
    -120.85        2     0.00000
    -120.69        2     0.00000
    -120.55        2     0.00000
    -120.39        2     0.00000
    -120.25        2     0.00000
    -120.10        2     0.00000
    -119.94        2     0.00000
    -119.80        2     0.00000
    -119.64        2     0.00000
    -119.50        2     0.00000
    -119.35        2     0.00000
    -119.19        2     0.00000
    -119.05        2     0.00000
    -118.89        2     0.00000
    -118.75        2     0.00000
    -118.60        2     0.00000
    -118.44        2     0.00000
    -118.30        2     0.00000
    -118.14        2     0.00000
    -118.00        2     0.00000
    -117.85        2     0.00000
    -117.69        2     0.00000
    -117.55        2     0.00000
    -117.39        2     0.00000
    -117.25        2     0.00000
    -117.10        2     0.00000
    -116.94        2     0.00000
    -116.80        2     0.00000
    -116.64        2     0.00000
    -116.50        2     0.00000
    -116.35        2     0.00000
    -116.19        2     0.00000
    -116.05        2     0.00000
    -115.89        2     0.00000
    -115.75        2     0.00000
    -115.60        2     0.00000
    -115.44        2     0.00000
    -115.30        2     0.00000
    -115.14        2     0.00000
    -115.00        2     0.00000
    -114.85        2     0.00000
    -114.69        2     0.00000
    -114.55        2     0.00000
    -114.39        2     0.00000
    -114.25        2     0.00000
    -114.10        2     0.00000
    -113.94        2     0.00000
    -113.80        2     0.00000
    -113.64        2     0.00000
    -113.50        2     0.00000
    -113.35        2     0.00000
    -113.19        2     0.00000
    -113.05        2     0.00000
    -112.89        2     0.00000
    -112.75        2     0.00000
    -112.60        2     0.00000
    -112.44        2     0.00000
    -112.30        2     0.00000
    -112.14        2     0.00000
    -112.00        2     0.00000
    -111.85        2     0.00000
    -111.69        2     0.00000
    -111.55        2     0.00000
    -111.39        2     0.00000
    -111.25        2     0.00000
    -111.10        2     0.00000
    -110.94        2     0.00000
    -110.80        2     0.00000
    -110.64        2     0.00000
    -110.50        2     0.00000
    -110.35        2     0.00000
    -110.19        2     0.00000
    -110.05        2     0.00000
    -109.89        2     0.00000
    -109.75        2     0.00000
    -109.60        2     0.00000
    -109.44        2     0.00000
    -109.30        2     0.00000
    -109.14        2     0.00000
    -109.00        2     0.00000
    -108.85        2     0.00000
    -108.69        2     0.00000
    -108.55        2     0.00000
    -108.39        2     0.00000
    -108.25        2     0.00000
    -108.10        2     0.00000
    -107.94        2     0.00000
    -107.80        2     0.00000
    -107.64        2     0.00000
    -107.50        2     0.00000
    -107.35        2     0.00000
    -107.19        2     0.00000
    -107.05        2     0.00000
    -106.89        2     0.00000
    -106.75        2     0.00000
    -106.60        2     0.00000
    -106.44        2     0.00000
    -106.30        2     0.00000
    -106.14        2     0.00000
    -106.00        2     0.00000
    -105.85        2     0.00000
    -105.69        2     0.00000
    -105.55        2     0.00000
    -105.39        2     0.00000
    -105.25        2     0.00000
    -105.10        2     0.00000
    -104.94        2     0.00000
    -104.80        2     0.00000
    -104.64        2     0.00000
    -104.50        2     0.00000
    -104.35        2     0.00000
    -104.19        2     0.00000
    -104.05        2     0.00000
    -103.89        2     0.00000
    -103.75        2     0.00000
    -103.60        2     0.00000
    -103.44        2     0.00000
    -103.30        2     0.00000
    -103.14        2     0.00000
    -103.00        2     0.00000
    -102.85        2     0.00000
    -102.69        2     0.00000
    -102.55        2     0.00000
    -102.39        2     0.00000
    -102.25        2     0.00000
    -102.10        2     0.00000
    -101.94        2     0.00000
    -101.80        2     0.00000
    -101.64        2     0.00000
    -101.50        2     0.00000
    -101.35        2     0.00000
    -101.19        2     0.00000
    -101.05        2     0.00000
    -100.89        2     0.00000
    -100.75        2     0.00000
    -100.60        2     0.00000
    -100.44        2     0.00000
    -100.30        2     0.00000
    -100.14        2     0.00000
    -99.995        2     0.00000
    -99.845        2     0.00000
    -99.695        2     0.00000
    -99.545        2     0.00000
    -99.395        2     0.00000
    -99.245        2     0.00000
    -99.095        2     0.00000
    -98.945        2     0.00000
    -98.795        2     0.00000
    -98.645        2     0.00000
    -98.495        2     0.00000
    -98.345        2     0.00000
    -98.195        2     0.00000
    -98.045        2     0.00000
    -97.895        2     0.00000
    -97.745        2     0.00000
    -97.595        2     0.00000
    -97.445        2     0.00000
    -97.295        2     0.00000
    -97.145        2     0.00000
    -96.995        2     0.00000
    -96.845        2     0.00000
    -96.695        2     0.00000
    -96.545        2     0.00000
    -96.395        2     0.00000
    -96.245        2     0.00000
    -96.095        2     0.00000
    -95.945        2     0.00000
    -95.795        2     0.00000
    -95.645        2     0.00000
    -95.495        2     0.00000
    -95.345        2     0.00000
    -95.195        2     0.00000
    -95.045        2     0.00000
    -94.895        2     0.00000
    -94.745        2     0.00000
    -94.595        2     0.00000
    -94.445        2     0.00000
    -94.295        2     0.00000
    -94.145        2     0.00000
    -93.995        2     0.00000
    -93.845        2     0.00000
    -93.695        2     0.00000
    -93.545        2     0.00000
    -93.395        2     0.00000
    -93.245        2     0.00000
    -93.095        2     0.00000
    -92.945        2     0.00000
    -92.795        2     0.00000
    -92.645        2     0.00000
    -92.495        2     0.00000
    -92.345        2     0.00000
    -92.195        2     0.00000
    -92.045        2     0.00000
    -91.895        2     0.00000
    -91.745        2     0.00000
    -91.595        2     0.00000
    -91.445        2     0.00000
    -91.295        2     0.00000
    -91.145        2     0.00000
    -90.995        2     0.00000
    -90.845        2     0.00000
    -90.695        2     0.00000
    -90.545        2     0.00000
    -90.395        2     0.00000
    -90.245        2     0.00000
    -90.095        2     0.00000
    -89.945        2     0.00000
    -89.795        2     0.00000
    -89.645        2     0.00000
    -89.495        2     0.00000
    -89.345        2     0.00000
    -89.195        2     0.00000
    -89.045        2     0.00000
    -88.895        2     0.00000
    -88.745        2     0.00000
    -88.595        2     0.00000
    -88.445        2     0.00000
    -88.295        2     0.00000
    -88.145        2     0.00000
    -87.995        2     0.00000
    -87.845        2     0.00000
    -87.695        2     0.00000
    -87.545        2     0.00000
    -87.395        2     0.00000
    -87.245        2     0.00000
    -87.095        2     0.00000
    -86.945        2     0.00000
    -86.795        2     0.00000
    -86.645        2     0.00000
    -86.495        2     0.00000
    -86.345        2     0.00000
    -86.195        2     0.00000
    -86.045        2     0.00000
    -85.895        2     0.00000
    -85.745        2     0.00000
    -85.595        2     0.00000
    -85.445        2     0.00000
    -85.295        2     0.00000
    -85.145        2     0.00000
    -84.995        2     0.00000
    -84.845        2     0.00000
    -84.695        2     0.00000
    -84.545        2     0.00000
    -84.395        2     0.00000
    -84.245        2     0.00000
    -84.095        2     0.00000
    -83.945        2     0.00000
    -83.795        2     0.00000
    -83.645        2     0.00000
    -83.495        2     0.00000
    -83.345        2     0.00000
    -83.195        2     0.00000
    -83.045        2     0.00000
    -82.895        2     0.00000
    -82.745        2     0.00000
    -82.595        2     0.00000
    -82.445        2     0.00000
    -82.295        2     0.00000
    -82.145        2     0.00000
    -81.995        2     0.00000
    -81.845        2     0.00000
    -81.695        2     0.00000
    -81.545        2     0.00000
    -81.395        2     0.00000
    -81.245        2     0.00000
    -81.095        2     0.00000
    -80.945        2     0.00000
    -80.795        2     0.00000
    -80.645        2     0.00000
    -80.495        2     0.00000
    -80.345        2     0.00000
    -80.195        2     0.00000
    -80.045        2     0.00000
    -79.895        2     0.00000
    -79.745        2     0.00000
    -79.595        2     0.00000
    -79.445        2     0.00000
    -79.295        2     0.00000
    -79.145        2     0.00000
    -78.995        2     0.00000
    -78.845        2     0.00000
    -78.695        2     0.00000
    -78.545        2     0.00000
    -78.395        2     0.00000
    -78.245        2     0.00000
    -78.095        2     0.00000
    -77.945        2     0.00000
    -77.795        2     0.00000
    -77.645        2     0.00000
    -77.495        2     0.00000
    -77.345        2     0.00000
    -77.195        2     0.00000
    -77.045        2     0.00000
    -76.895        2     0.00000
    -76.745        2     0.00000
    -76.595        2     0.00000
    -76.445        2     0.00000
    -76.295        2     0.00000
    -76.145        2     0.00000
    -75.995        2     0.00000
    -75.845        2     0.00000
    -75.695        2     0.00000
    -75.545        2     0.00000
    -75.395        2     0.00000
    -75.245        2     0.00000
    -75.095        2     0.00000
    -74.945        2     0.00000
    -74.795        2     0.00000
    -74.645        2     0.00000
    -74.495        2     0.00000
    -74.345        2     0.00000
    -74.195        2     0.00000
    -74.045        2     0.00000
    -73.895        2     0.00000
    -73.745        2     0.00000
    -73.595        2     0.00000
    -73.445        2     0.00000
    -73.295        2     0.00000
    -73.145        2     0.00000
    -72.995        2     0.00000
    -72.845        2     0.00000
    -72.695        2     0.00000
    -72.545        2     0.00000
    -72.395        2     0.00000
    -72.245        2     0.00000
    -72.095        2     0.00000
    -71.945        2     0.00000
    -71.795        2     0.00000
    -71.645        2     0.00000
    -71.495        2     0.00000
    -71.345        2     0.00000
    -71.195        2     0.00000
    -71.045        2     0.00000
    -70.895        2     0.00000
    -70.745        2     0.00000
    -70.595        2     0.00000
    -70.445        2     0.00000
    -70.295        2     0.00000
    -70.145        2     0.00000
    -69.995        2     0.00000
    -69.845        2     0.00000
    -69.695        2     0.00000
    -69.545        2     0.00000
    -69.395        2     0.00000
    -69.245        2     0.00000
    -69.095        2     0.00000
    -68.945        2     0.00000
    -68.795        2     0.00000
    -68.645        2     0.00000
    -68.495        2     0.00000
    -68.345        2     0.00000
    -68.195        2     0.00000
    -68.045        2     0.00000
    -67.895        2     0.00000
    -67.745        2     0.00000
    -67.595        2     0.00000
    -67.445        2     0.00000
    -67.295        2     0.00000
    -67.145        2     0.00000
    -66.995        2     0.00000
    -66.845        2     0.00000
    -66.695        2     0.00000
    -66.545        2     0.00000
    -66.395        2     0.00000
    -66.245        2     0.00000
    -66.095        2     0.00000
    -65.945        2     0.00000
    -65.795        2     0.00000
    -65.645        2     0.00000
    -65.495        2     0.00000
    -65.345        2     0.00000
    -65.195        2     0.00000
    -65.045        2     0.00000
    -64.895        2     0.00000
    -64.745        2     0.00000
    -64.595        2     0.00000
    -64.445        2     0.00000
    -64.295        2     0.00000
    -64.145        2     0.00000
    -63.995        2     0.00000
    -63.845        2     0.00000
    -63.695        2     0.00000
    -63.545        2     0.00000
    -63.395        2     0.00000
    -63.245        2     0.00000
    -63.095        2     0.00000
    -62.945        2     0.00000
    -62.795        2     0.00000
    -62.645        2     0.00000
    -62.495        2     0.00000
    -62.345        2     0.00000
    -62.195        2     0.00000
    -62.045        2     0.00000
    -61.895        2     0.00000
    -61.745        2     0.00000
    -61.595        2     0.00000
    -61.445        2     0.00000
    -61.295        2     0.00000
    -61.145        2     0.00000
    -60.995        2     0.00000
    -60.845        2     0.00000
    -60.695        2     0.00000
    -60.545        2     0.00000
    -60.395        2     0.00000
    -60.245        2     0.00000
    -60.095        2     0.00000
    -59.945        2     0.00000
    -59.795        2     0.00000
    -59.645        2     0.00000
    -59.495        2     0.00000
    -59.345        2     0.00000
    -59.195        2     0.00000
    -59.045        2     0.00000
    -58.895        2     0.00000
    -58.745        2     0.00000
    -58.595        2     0.00000
    -58.445        2     0.00000
    -58.295        2     0.00000
    -58.145        2     0.00000
    -57.995        2     0.00000
    -57.845        2     0.00000
    -57.695        2     0.00000
    -57.545        2     0.00000
    -57.395        2     0.00000
    -57.245        2     0.00000
    -57.095        2     0.00000
    -56.945        2     0.00000
    -56.795        2     0.00000
    -56.645        2     0.00000
    -56.495        2     0.00000
    -56.345        2     0.00000
    -56.195        2     0.00000
    -56.045        2     0.00000
    -55.895        2     0.00000
    -55.745        2     0.00000
    -55.595        2     0.00000
    -55.445        2     0.00000
    -55.295        2     0.00000
    -55.145        2     0.00000
    -54.995        2     0.00000
    -54.845        2     0.00000
    -54.695        2     0.00000
    -54.545        2     0.00000
    -54.395        2     0.00000
    -54.245        2     0.00000
    -54.095        2     0.00000
    -53.945        2     0.00000
    -53.795        2     0.00000
    -53.645        2     0.00000
    -53.495        2     0.00000
    -53.345        2     0.00000
    -53.195        2     0.00000
    -53.045        2     0.00000
    -52.895        2     0.00000
    -52.745        2     0.00000
    -52.595        2     0.00000
    -52.445        2     0.00000
    -52.295        2     0.00000
    -52.145        2     0.00000
    -51.995        2     0.00000
    -51.845        2     0.00000
    -51.695        2     0.00000
    -51.545        2     0.00000
    -51.395        2     0.00000
    -51.245        2     0.00000
    -51.095        2     0.00000
    -50.945        2     0.00000
    -50.795        2     0.00000
    -50.645        2     0.00000
    -50.495        2     0.00000
    -50.345        2     0.00000
    -50.195        2     0.00000
    -50.045        2     0.00000
    -49.895        2     0.00000
    -49.745        2     0.00000
    -49.595        2     0.00000
    -49.445        2     0.00000
    -49.295        2     0.00000
    -49.145        2     0.00000
    -48.995        2     0.00000
    -48.845        2     0.00000
    -48.695        2     0.00000
    -48.545        2     0.00000
    -48.395        2     0.00000
    -48.245        2     0.00000
    -48.095        2     0.00000
    -47.945        2     0.00000
    -47.795        2     0.00000
    -47.645        2     0.00000
    -47.495        2     0.00000
    -47.345        2     0.00000
    -47.195        2     0.00000
    -47.045        2     0.00000
    -46.895        2     0.00000
    -46.745        2     0.00000
    -46.595        2     0.00000
    -46.445        2     0.00000
    -46.295        2     0.00000
    -46.145        2     0.00000
    -45.995        2     0.00000
    -45.845        2     0.00000
    -45.695        2     0.00000
    -45.545        2     0.00000
    -45.395        2     0.00000
    -45.245        2     0.00000
    -45.095        2     0.00000
    -44.945        2     0.00000
    -44.795        2     0.00000
    -44.645        2     0.00000
    -44.495        2     0.00000
    -44.345        2     0.00000
    -44.195        2     0.00000
    -44.045        2     0.00000
    -43.895        2     0.00000
    -43.745        2     0.00000
    -43.595        2     0.00000
    -43.445        2     0.00000
    -43.295        2     0.00000
    -43.145        2     0.00000
    -42.995        2     0.00000
    -42.845        2     0.00000
    -42.695        2     0.00000
    -42.545        2     0.00000
    -42.395        2     0.00000
    -42.245        2     0.00000
    -42.095        2     0.00000
    -41.945        2     0.00000
    -41.795        2     0.00000
    -41.645        2     0.00000
    -41.495        2     0.00000
    -41.345        2     0.00000
    -41.195        2     0.00000
    -41.045        2     0.00000
    -40.895        2     0.00000
    -40.745        2     0.00000
    -40.595        2     0.00000
    -40.445        2     0.00000
    -40.295        2     0.00000
    -40.145        2     0.00000
    -39.995        2     0.00000
    -39.845        2     0.00000
    -39.695        2     0.00000
    -39.545        2     0.00000
    -39.395        2     0.00000
    -39.245        2     0.00000
    -39.095        2     0.00000
    -38.945        2     0.00000
    -38.795        2     0.00000
    -38.645        2     0.00000
    -38.495        2     0.00000
    -38.345        2     0.00000
    -38.195        2     0.00000
    -38.045        2     0.00000
    -37.895        2     0.00000
    -37.745        2     0.00000
    -37.595        2     0.00000
    -37.445        2     0.00000
    -37.295        2     0.00000
    -37.145        2     0.00000
    -36.995        2     0.00000
    -36.845        2     0.00000
    -36.695        2     0.00000
    -36.545        2     0.00000
    -36.395        2     0.00000
    -36.245        2     0.00000
    -36.095        2     0.00000
    -35.945        2     0.00000
    -35.795        2     0.00000
    -35.645        2     0.00000
    -35.495        2     0.00000
    -35.345        2     0.00000
    -35.195        2     0.00000
    -35.045        2     0.00000
    -34.895        2     0.00000
    -34.745        2     0.00000
    -34.595        2     0.00000
    -34.445        2     0.00000
    -34.295        2     0.00000
    -34.145        2     0.00000
    -33.995        2     0.00000
    -33.845        2     0.00000
    -33.695        2     0.00000
    -33.545        2     0.00000
    -33.395        2     0.00000
    -33.245        2     0.00000
    -33.095        2     0.00000
    -32.945        2     0.00000
    -32.795        2     0.00000
    -32.645        2     0.00000
    -32.495        2     0.00000
    -32.345        2     0.00000
    -32.195        2     0.00000
    -32.045        2     0.00000
    -31.895        2     0.00000
    -31.745        2     0.00000
    -31.595        2     0.00000
    -31.445        2     0.00000
    -31.295        2     0.00000
    -31.145        2     0.00000
    -30.995        2     0.00000
    -30.845        2     0.00000
    -30.695        2     0.00000
    -30.545        2     0.00000
    -30.395        2     0.00000
    -30.245        2     0.00000
    -30.095        2     0.00000
    -29.945        2     0.00000
    -29.795        2     0.00000
    -29.645        2     0.00000
    -29.495        2     0.00000
    -29.345        2     0.00000
    -29.195        2     0.00000
    -29.045        2     0.00000
    -28.895        2     0.00000
    -28.745        2     0.00000
    -28.595        2     0.00000
    -28.445        2     0.00000
    -28.295        2     0.00000
    -28.145        2     0.00000
    -27.995        2     0.00000
    -27.845        2     0.00000
    -27.695        2     0.00000
    -27.545        2     0.00000
    -27.395        2     0.00000
    -27.245        2     0.00000
    -27.095        2     0.00000
    -26.945        2     0.00000
    -26.795        2     0.00000
    -26.645        2     0.00000
    -26.495        2     0.00000
    -26.345        2     0.00000
    -26.195        2     0.00000
    -26.045        2     0.00000
    -25.895        2     0.00000
    -25.745        2     0.00000
    -25.595        2     0.00000
    -25.445        2     0.00000
    -25.295        2     0.00000
    -25.145        2     0.00000
    -24.995        2     0.00000
    -24.845        2     0.00000
    -24.695        2     0.00000
    -24.545        2     0.00000
    -24.395        2     0.00000
    -24.245        2     0.00000
    -24.095        2     0.00000
    -23.945        2     0.00000
    -23.795        2     0.00000
    -23.645        2     0.00000
    -23.495        2     0.00000
    -23.345        2     0.00000
    -23.195        2     0.00000
    -23.045        2     0.00000
    -22.895        2     0.00000
    -22.745        2     0.00000
    -22.595        2     0.00000
    -22.445        2     0.00000
    -22.295        2     0.00000
    -22.145        2     0.00000
    -21.995        2     0.00000
    -21.845        2     0.00000
    -21.695        2     0.00000
    -21.545        2     0.00000
    -21.395        2     0.00000
    -21.245        2     0.00000
    -21.095        2     0.00000
    -20.945        2     0.00000
    -20.795        2     0.00000
    -20.645        2     0.00000
    -20.495        2     0.00000
    -20.345        2     0.00000
    -20.195        2     0.00000
    -20.045        2     0.00000
    -19.895        2     0.00000
    -19.745        2     0.00000
    -19.595        2     0.00000
    -19.445        2     0.00000
    -19.295        2     0.00000
    -19.145        2     0.00000
    -18.995        2     0.00000
    -18.845        2     0.00000
    -18.695        2     0.00000
    -18.545        2     0.00000
    -18.395        2     0.00000
    -18.245        2     0.00000
    -18.095        2     0.00000
    -17.945        2     0.00000
    -17.795        2     0.00000
    -17.645        2     0.00000
    -17.495        2     0.00000
    -17.345        2     0.00000
    -17.195        2     0.00000
    -17.045        2     0.00000
    -16.895        2     0.00000
    -16.745        2     0.00000
    -16.595        2     0.00000
    -16.445        2     0.00000
    -16.295        2     0.00000
    -16.145        2     0.00000
    -15.995        2     0.00000
    -15.845        2     0.00000
    -15.695        2     0.00000
    -15.545        2     0.00000
    -15.395        2     0.00000
    -15.245        2     0.00000
    -15.095        2     0.00000
    -14.945        2     0.00000
    -14.795        2     0.00000
    -14.645        2     0.00000
    -14.495        2     0.00000
    -14.345        2    -0.00270
    -14.195        2    -0.02671
    -14.045        2    -0.10201
    -13.895        2    -0.25610
    -13.745        2    -0.49198
    -13.595        2    -0.82042
    -13.445        2    -1.21017
    -13.295        2    -1.66730
    -13.145        2    -2.17224
    -12.995        2    -2.73864
    -12.845        2    -3.33820
    -12.695        2    -3.95609
    -12.545        2    -4.59839
    -12.395        2    -5.24175
    -12.245        2    -5.87780
    -12.095        2    -6.50755
    -11.945        2    -7.12471
    -11.795        2    -7.72780
    -11.645        2    -8.30178
    -11.495        2    -8.84283
    -11.345        2    -9.35499
    -11.195        2    -9.83313
    -11.045        2   -10.30426
    -10.895        2   -10.74031
    -10.745        2   -11.16338
    -10.595        2   -11.57635
    -10.445        2   -11.99570
    -10.295        2   -12.41807
    -10.145        2   -12.85531
    -9.9950        2   -13.29929
    -9.8450        2   -13.76149
    -9.6950        2   -14.26768
    -9.5450        2   -14.80582
    -9.3950        2   -15.40385
    -9.2450        2   -16.06223
    -9.0950        2   -16.79229
    -8.9450        2   -17.62820
    -8.7950        2   -18.58374
    -8.6450        2   -19.65759
    -8.4950        2   -20.85491
    -8.3450        2   -22.18770
    -8.1950        2   -23.68238
    -8.0450        2   -25.37652
    -7.8950        2   -27.24088
    -7.7450        2   -29.26580
    -7.5950        2   -31.47899
    -7.4450        2   -33.89904
    -7.2950        2   -36.49592
    -7.1450        2   -39.28023
    -6.9950        2   -42.20632
    -6.8450        2   -45.25477
    -6.6950        2   -48.34859
    -6.5450        2   -51.48282
    -6.3950        2   -54.64321
    -6.2450        2   -57.78295
    -6.0950        2   -60.89032
    -5.9450        2   -63.95131
    -5.7950        2   -66.92713
    -5.6450        2   -69.80329
    -5.4950        2   -72.60838
    -5.3450        2   -75.30628
    -5.1950        2   -77.89791
    -5.0450        2   -80.39894
    -4.8950        2   -82.80839
    -4.7450        2   -85.11830
    -4.5950        2   -87.36355
    -4.4450        2   -89.53192
    -4.2950        2   -91.67974
    -4.1450        2   -93.79415
    -3.9950        2   -95.91252
    -3.8450        2   -98.07553
    -3.6950        2  -100.30183
    -3.5450        2  -102.63231
    -3.3950        2  -105.09386
    -3.2450        2  -107.74755
    -3.0950        2  -110.61528
    -2.9450        2  -113.75000
    -2.7950        2  -117.18519
    -2.6450        2  -120.95836
    -2.4950        2  -125.10033
    -2.3450        2  -129.70445
    -2.1950        2  -134.84066
    -2.0450        2  -140.67848
    -1.8950        2  -147.34667
    -1.7450        2  -155.02612
    -1.5950        2  -163.82453
    -1.4450        2  -173.79723
    -1.2950        2  -184.91064
    -1.1450        2  -197.05610
   -0.99500        2  -210.04816
   -0.84500        2  -223.73210
   -0.69500        2  -238.13482
   -0.54500        2  -253.58922
   -0.39500        2  -270.99653
   -0.25300        2  -284.09617
   -0.21500        2  -284.98463
   -0.20900        2  -285.88203
   -0.20300        2  -286.79265
   -0.19700        2  -287.71712
   -0.19100        2  -288.65609
   -0.18500        2  -289.60885
   -0.17900        2  -290.57662
   -0.17300        2  -291.56088
   -0.16700        2  -292.56148
   -0.16100        2  -293.58083
   -0.15500        2  -294.61929
   -0.14900        2  -295.67738
   -0.14300        2  -296.75802
   -0.13700        2  -297.86329
   -0.13100        2  -298.99383
   -0.12500        2  -300.15013
   -0.11900        2  -301.33952
   -0.11300        2  -302.56171
   -0.10700        2  -303.82291
   -0.10100        2  -305.12608
   -0.95000E-01    2  -306.47527
   -0.89000E-01    2  -307.87910
   -0.83000E-01    2  -309.34525
   -0.77000E-01    2  -310.88457
   -0.71000E-01    2  -312.51448
   -0.65000E-01    2  -314.24612
   -0.59000E-01    2  -316.09726
   -0.53000E-01    2  -318.08957
   -0.47000E-01    2  -320.25611
   -0.41000E-01    2  -322.64910
   -0.35000E-01    2  -325.34777
   -0.29000E-01    2  -328.49774
   -0.23000E-01    2  -332.37255
   -0.19700E-01    2  -332.80928
   -0.19100E-01    2  -333.25762
   -0.18500E-01    2  -333.71852
   -0.17900E-01    2  -334.19205
   -0.17300E-01    2  -334.67994
   -0.16700E-01    2  -335.18226
   -0.16100E-01    2  -335.69995
   -0.15500E-01    2  -336.23319
   -0.14900E-01    2  -336.78346
   -0.14300E-01    2  -337.35132
   -0.13700E-01    2  -337.93751
   -0.13100E-01    2  -338.54281
   -0.12500E-01    2  -339.16762
   -0.11900E-01    2  -339.81279
   -0.11300E-01    2  -340.47988
   -0.10700E-01    2  -341.17045
   -0.10100E-01    2  -341.88595
   -0.95000E-02    2  -342.62821
   -0.89000E-02    2  -343.39944
   -0.83000E-02    2  -344.20148
   -0.77000E-02    2  -345.03558
   -0.71000E-02    2  -345.90264
   -0.65000E-02    2  -346.80355
   -0.59000E-02    2  -347.73417
   -0.53000E-02    2  -348.68265
   -0.47000E-02    2  -349.63228
   -0.41000E-02    2  -350.56405
   -0.35000E-02    2  -351.45635
   -0.29000E-02    2  -352.27971
   -0.23000E-02    2  -352.99045
   -0.17000E-02    2  -353.54757
   -0.11000E-02    2  -353.92136
   -0.50000E-03    2  -354.09463
    0.10000E-03    2  -354.05980
    0.70000E-03    2  -353.81845
    0.13000E-02    2  -353.38125
    0.19000E-02    2  -352.76942
    0.25000E-02    2  -352.01664
    0.31000E-02    2  -351.16684
    0.37000E-02    2  -350.25999
    0.43000E-02    2  -349.32122
    0.49000E-02    2  -348.37072
    0.55000E-02    2  -347.42765
    0.61000E-02    2  -346.50764
    0.67000E-02    2  -345.62059
    0.73000E-02    2  -344.76824
    0.79000E-02    2  -343.94877
    0.85000E-02    2  -343.16072
    0.91000E-02    2  -342.40258
    0.97000E-02    2  -341.67287
    0.10300E-01    2  -340.96903
    0.10900E-01    2  -340.28947
    0.11500E-01    2  -339.63261
    0.12100E-01    2  -338.99696
    0.12700E-01    2  -338.38189
    0.13300E-01    2  -337.78631
    0.13900E-01    2  -337.20995
    0.14500E-01    2  -336.65144
    0.15100E-01    2  -336.11004
    0.15700E-01    2  -335.58540
    0.16300E-01    2  -335.07711
    0.16900E-01    2  -334.58413
    0.17500E-01    2  -334.10522
    0.18100E-01    2  -333.64038
    0.18700E-01    2  -333.18825
    0.19300E-01    2  -332.74877
    0.20200E-01    2  -331.14709
    0.25000E-01    2  -327.62426
    0.31000E-01    2  -324.74770
    0.37000E-01    2  -322.29168
    0.43000E-01    2  -320.13870
    0.49000E-01    2  -318.21846
    0.55000E-01    2  -316.48740
    0.61000E-01    2  -314.91028
    0.67000E-01    2  -313.46446
    0.73000E-01    2  -312.12994
    0.79000E-01    2  -310.88913
    0.85000E-01    2  -309.72800
    0.91000E-01    2  -308.63372
    0.97000E-01    2  -307.59902
    0.10300        2  -306.61480
    0.10900        2  -305.67590
    0.11500        2  -304.77627
    0.12100        2  -303.91600
    0.12700        2  -303.08646
    0.13300        2  -302.28825
    0.13900        2  -301.51880
    0.14500        2  -300.77397
    0.15100        2  -300.05513
    0.15700        2  -299.35813
    0.16300        2  -298.68288
    0.16900        2  -298.02744
    0.17500        2  -297.39340
    0.18100        2  -296.77576
    0.18700        2  -296.17511
    0.19300        2  -295.59184
    0.19900        2  -295.02204
    0.20500        2  -294.46691
    0.21100        2  -293.92648
    0.21700        2  -293.39660
    0.29500        2  -282.77315
    0.44500        2  -275.90974
    0.59500        2  -270.88933
    0.74500        2  -266.84776
    0.89500        2  -263.38335
     1.0450        2  -260.31472
     1.1950        2  -257.50613
     1.3450        2  -254.91453
     1.4950        2  -252.49531
     1.6450        2  -250.24026
     1.7950        2  -248.14073
     1.9450        2  -246.20399
     2.0950        2  -244.43457
     2.2450        2  -242.81247
     2.3950        2  -241.33738
     2.5450        2  -240.00033
     2.6950        2  -238.81465
     2.8450        2  -237.73425
     2.9950        2  -236.77276
     3.1450        2  -235.88552
     3.2950        2  -235.07546
     3.4450        2  -234.31950
     3.5950        2  -233.63313
     3.7450        2  -232.97982
     3.8950        2  -232.36617
     4.0450        2  -231.78511
     4.1950        2  -231.24054
     4.3450        2  -230.71510
     4.4950        2  -230.21155
     4.6450        2  -229.72537
     4.7950        2  -229.26297
     4.9450        2  -228.81254
     5.0950        2  -228.37767
     5.2450        2  -227.95549
     5.3950        2  -227.54722
     5.5450        2  -227.15162
     5.6950        2  -226.76645
     5.8450        2  -226.38790
     5.9950        2  -226.02214
     6.1450        2  -225.66674
     6.2950        2  -225.31848
     6.4450        2  -224.97936
     6.5950        2  -224.64657
     6.7450        2  -224.32326
     6.8950        2  -224.00800
     7.0450        2  -223.69938
     7.1950        2  -223.39797
     7.3450        2  -223.10155
     7.4950        2  -222.80969
     7.6450        2  -222.52526
     7.7950        2  -222.24546
     7.9450        2  -221.97308
     8.0950        2  -221.70361
     8.2450        2  -221.43870
     8.3950        2  -221.17969
     8.5450        2  -220.92689
     8.6950        2  -220.67707
     8.8450        2  -220.43227
     8.9950        2  -220.19098
     9.1450        2  -219.95187
     9.2950        2  -219.71751
     9.4450        2  -219.48831
     9.5950        2  -219.26302
     9.7450        2  -219.03988
     9.8950        2  -218.82176
     10.045        2  -218.60783
     10.195        2  -218.39436
     10.345        2  -218.18608
     10.495        2  -217.97952
     10.645        2  -217.77603
     10.795        2  -217.57513
     10.945        2  -217.37698
     11.095        2  -217.18001
     11.245        2  -216.98454
     11.395        2  -216.79393
     11.545        2  -216.60672
     11.695        2  -216.41859
     11.845        2  -216.23485
     11.995        2  -216.05318
     12.145        2  -215.87297
     12.295        2  -215.69604
     12.445        2  -215.52178
     12.595        2  -215.34900
     12.745        2  -215.17872
     12.895        2  -215.01216
     13.045        2  -214.84531
     13.195        2  -214.68111
     13.345        2  -214.51944
     13.495        2  -214.35802
     13.645        2  -214.19960
     13.795        2  -214.04300
     13.945        2  -213.88820
     14.095        2  -213.73423
     14.245        2  -213.58184
     14.395        2  -213.43104
     14.545        2  -213.28091
     14.695        2  -213.13280
     14.845        2  -212.98683
     14.995        2  -212.84198
     15.145        2  -212.69977
     15.295        2  -212.55734
     15.445        2  -212.41776
     15.595        2  -212.27891
     15.745        2  -212.14048
     15.895        2  -212.00450
     16.045        2  -211.86763
     16.195        2  -211.73406
     16.345        2  -211.60050
     16.495        2  -211.46864
     16.645        2  -211.33876
     16.795        2  -211.20981
     16.945        2  -211.08094
     17.095        2  -210.95360
     17.245        2  -210.82849
     17.395        2  -210.70175
     17.545        2  -210.57808
     17.695        2  -210.45615
     17.845        2  -210.33443
     17.995        2  -210.21369
     18.145        2  -210.09510
     18.295        2  -209.97696
     18.445        2  -209.85877
     18.595        2  -209.74236
     18.745        2  -209.62696
     18.895        2  -209.51181
     19.045        2  -209.39787
     19.195        2  -209.28426
     19.345        2  -209.17114
     19.495        2  -209.06022
     19.645        2  -208.94948
     19.795        2  -208.83796
     19.945        2  -208.72925
     20.095        2  -208.62024
     21.836        2  -205.33741
     30.068        2  -200.50282
     42.097        2  -195.71272
     58.937        2  -190.98068
     82.515        2  -186.32559
     115.53        2  -181.75796
     161.74        2  -177.28133
     226.45        2  -172.90147
     317.04        2  -168.63323
     443.87        2  -164.46007
     621.44        2  -160.38833
     870.05        2  -156.43171
     1218.1        2  -152.58372
     1705.4        2  -148.83053
     2387.7        2  -145.18524
     3342.9        2  -141.63461
     4680.2        2  -138.18095
     6552.5        2  -134.81717
     9173.8        2  -131.54765
     12844.        2  -128.36598
     17982.        2  -125.28128
     25176.        2  -122.29355
     35247.        2  -119.40981
     49348.        2  -116.63757
     69090.        2  -113.98055
     96729.        2  -111.43627
    0.13543E+06    2  -109.01170
    0.18960E+06    2  -106.69750
    0.26545E+06    2  -104.48833
    0.37165E+06    2  -102.38553
    0.52033E+06    2  -100.38281
    0.72849E+06    2   -98.47730
    0.10199E+07    2   -96.66139
    0.14279E+07    2   -94.93605
    0.19992E+07    2   -93.29547
    0.27990E+07    2   -91.73358
    0.39187E+07    2   -90.24864
    0.54864E+07    2   -88.83811
    0.76812E+07    2   -87.49546
    0.10754E+08    2   -86.21882
    0.15056E+08    2   -85.00479
    0.21080E+08    2   -83.85074
    0.29513E+08    2   -82.75749
    0.41319E+08    2   -81.72448
    0.57849E+08    2   -80.75878
    0.80991E+08    2   -79.86474
    0.11339E+09    2   -79.03622
    0.15875E+09    2   -78.26570
    0.22226E+09    2   -77.54443
    0.31118E+09    2   -76.87118
    0.43567E+09    2   -76.24061
    0.60996E+09    2   -75.66406
    0.85398E+09    2   -75.14370
    0.11956E+10    2   -74.66732
    0.16739E+10    2   -74.22981
    0.23436E+10    2   -73.82788
    0.32811E+10    2   -73.45780
    0.45937E+10    2   -73.11783
    0.64315E+10    2   -72.80601
    0.90044E+10    2   -72.51955
    0.12607E+11    2   -72.25563
    0.17650E+11    2   -72.01245
    0.24711E+11    2   -71.78980
    0.34596E+11    2   -71.58438
    0.48437E+11    2   -71.39523
    0.67814E+11    2   -71.22234
    0.10000E+12    2   -69.24374
