    -29.945         0.00000
    -29.795         0.00000
    -29.645         0.00000
    -29.495         0.00000
    -29.345         0.00000
    -29.195         0.00000
    -29.045         0.00000
    -28.895         0.00000
    -28.745         0.00000
    -28.595         0.00000
    -28.445         0.00000
    -28.295         0.00000
    -28.145         0.00000
    -27.995         0.00000
    -27.845         0.00000
    -27.695         0.00000
    -27.545         0.00000
    -27.395         0.00000
    -27.245         0.00000
    -27.095         0.00000
    -26.945         0.00000
    -26.795         0.00000
    -26.645         0.00000
    -26.495         0.00000
    -26.345         0.00000
    -26.195         0.00000
    -26.045         0.00000
    -25.895         0.00000
    -25.745         0.00000
    -25.595         0.00000
    -25.445         0.00000
    -25.295         0.00000
    -25.145         0.00000
    -24.995         0.00000
    -24.845         0.00000
    -24.695         0.00000
    -24.545         0.00000
    -24.395         0.00000
    -24.245         0.00000
    -24.095         0.00000
    -23.945         0.00000
    -23.795         0.00000
    -23.645         0.00000
    -23.495         0.00000
    -23.345         0.00000
    -23.195         0.00000
    -23.045         0.00000
    -22.895         0.00000
    -22.745         0.00000
    -22.595         0.00000
    -22.445         0.00000
    -22.295         0.00000
    -22.145         0.00000
    -21.995         0.00000
    -21.845         0.00000
    -21.695         0.00000
    -21.545         0.00000
    -21.395         0.00000
    -21.245         0.00000
    -21.095         0.00000
    -20.945         0.00000
    -20.795         0.00000
    -20.645         0.00000
    -20.495         0.00000
    -20.345         0.00000
    -20.195         0.00000
    -20.045         0.00000
    -19.895         0.00000
    -19.745         0.00000
    -19.595         0.00000
    -19.445         0.00000
    -19.295         0.00000
    -19.145         0.00000
    -18.995         0.00000
    -18.845         0.00000
    -18.695         0.00000
    -18.545         0.00000
    -18.395         0.00000
    -18.245         0.00000
    -18.095         0.00000
    -17.945         0.00000
    -17.795         0.00000
    -17.645         0.00000
    -17.495         0.00000
    -17.345         0.00000
    -17.195         0.00000
    -17.045         0.00000
    -16.895         0.00000
    -16.745         0.00000
    -16.595         0.00000
    -16.445         0.00000
    -16.295         0.00000
    -16.145         0.00000
    -15.995         0.00000
    -15.845        -0.00895
    -15.695        -0.04454
    -15.545        -0.12115
    -15.395        -0.25187
    -15.245        -0.44397
    -15.095        -0.70581
    -14.945        -1.03190
    -14.795        -1.43306
    -14.645        -1.86691
    -14.495        -2.34879
    -14.345        -2.88539
    -14.195        -3.48942
    -14.045        -4.12011
    -13.895        -4.78411
    -13.745        -5.46820
    -13.595        -6.16264
    -13.445        -6.87278
    -13.295        -7.57416
    -13.145        -8.28430
    -12.995        -8.99492
    -12.845        -9.69712
    -12.695       -10.38218
    -12.545       -11.07973
    -12.395       -11.77131
    -12.245       -12.51689
    -12.095       -13.29258
    -11.945       -14.12467
    -11.795       -15.04849
    -11.645       -16.02555
    -11.495       -17.07886
    -11.345       -18.17515
    -11.195       -19.36028
    -11.045       -20.58005
    -10.895       -21.85623
    -10.745       -23.18778
    -10.595       -24.59950
    -10.445       -26.08715
    -10.295       -27.66004
    -10.145       -29.33992
    -9.9950       -31.12160
    -9.8450       -32.99095
    -9.6950       -34.93080
    -9.5450       -36.93776
    -9.3950       -39.05330
    -9.2450       -41.21772
    -9.0950       -43.41370
    -8.9450       -45.67240
    -8.7950       -47.99455
    -8.6450       -50.35317
    -8.4950       -52.73731
    -8.3450       -55.15415
    -8.1950       -57.57976
    -8.0450       -60.03472
    -7.8950       -62.46979
    -7.7450       -64.89335
    -7.5950       -67.36309
    -7.4450       -69.83610
    -7.2950       -72.31483
    -7.1450       -74.81112
    -6.9950       -77.26157
    -6.8450       -79.71800
    -6.6950       -82.19676
    -6.5450       -84.66315
    -6.3950       -87.14553
    -6.2450       -89.62167
    -6.0950       -92.12425
    -5.9450       -94.63791
    -5.7950       -97.15815
    -5.6450       -99.71276
    -5.4950      -102.28718
    -5.3450      -104.91547
    -5.1950      -107.57708
    -5.0450      -110.27756
    -4.8950      -113.03073
    -4.7450      -115.83475
    -4.5950      -118.67926
    -4.4450      -121.59082
    -4.2950      -124.55398
    -4.1450      -127.61305
    -3.9950      -130.74613
    -3.8450      -134.01459
    -3.6950      -137.42427
    -3.5450      -140.98174
    -3.3950      -144.69466
    -3.2450      -148.56969
    -3.0950      -152.60853
    -2.9450      -156.84309
    -2.7950      -161.31839
    -2.6450      -166.05644
    -2.4950      -171.13716
    -2.3450      -176.67186
    -2.1950      -182.76832
    -2.0450      -189.54630
    -1.8950      -197.10900
    -1.7450      -205.55170
    -1.5950      -214.89464
    -1.4450      -225.10589
    -1.2950      -236.16138
    -1.1450      -247.89337
   -0.99500      -260.19010
   -0.84500      -272.98747
   -0.69500      -286.39344
   -0.54500      -300.87977
   -0.39500      -317.60006
   -0.25300      -330.57032
   -0.21500      -331.46071
   -0.20900      -332.36583
   -0.20300      -333.28585
   -0.19700      -334.22168
   -0.19100      -335.17248
   -0.18500      -336.14201
   -0.17900      -337.13074
   -0.17300      -338.13807
   -0.16700      -339.16673
   -0.16100      -340.21828
   -0.15500      -341.29313
   -0.14900      -342.39539
   -0.14300      -343.52447
   -0.13700      -344.68629
   -0.13100      -345.88137
   -0.12500      -347.11406
   -0.11900      -348.38771
   -0.11300      -349.70568
   -0.10700      -351.07452
   -0.10100      -352.50068
   -0.95000E-01  -353.98963
   -0.89000E-01  -355.55180
   -0.83000E-01  -357.19469
   -0.77000E-01  -358.92751
   -0.71000E-01  -360.76453
   -0.65000E-01  -362.72449
   -0.59000E-01  -364.82990
   -0.53000E-01  -367.11760
   -0.47000E-01  -369.63716
   -0.41000E-01  -372.45431
   -0.35000E-01  -375.67835
   -0.29000E-01  -379.52660
   -0.23000E-01  -384.43340
   -0.19700E-01  -384.99313
   -0.19100E-01  -385.56723
   -0.18500E-01  -386.15580
   -0.17900E-01  -386.76000
   -0.17300E-01  -387.37939
   -0.16700E-01  -388.01416
   -0.16100E-01  -388.66431
   -0.15500E-01  -389.32995
   -0.14900E-01  -390.01131
   -0.14300E-01  -390.70890
   -0.13700E-01  -391.42323
   -0.13100E-01  -392.15435
   -0.12500E-01  -392.90291
   -0.11900E-01  -393.66931
   -0.11300E-01  -394.45430
   -0.10700E-01  -395.25788
   -0.10100E-01  -396.08079
   -0.95000E-02  -396.92348
   -0.89000E-02  -397.78565
   -0.83000E-02  -398.66729
   -0.77000E-02  -399.56594
   -0.71000E-02  -400.47713
   -0.65000E-02  -401.39473
   -0.59000E-02  -402.30981
   -0.53000E-02  -403.20990
   -0.47000E-02  -404.08135
   -0.41000E-02  -404.91517
   -0.35000E-02  -405.70220
   -0.29000E-02  -406.42173
   -0.23000E-02  -407.03593
   -0.17000E-02  -407.51134
   -0.11000E-02  -407.82735
   -0.50000E-03  -407.97309
    0.10000E-03  -407.94384
    0.70000E-03  -407.74061
    0.13000E-02  -407.37005
    0.19000E-02  -406.84588
    0.25000E-02  -406.19279
    0.31000E-02  -405.44798
    0.37000E-02  -404.64447
    0.43000E-02  -403.80317
    0.49000E-02  -402.94352
    0.55000E-02  -402.07619
    0.61000E-02  -401.20646
    0.67000E-02  -400.33974
    0.73000E-02  -399.48056
    0.79000E-02  -398.63395
    0.85000E-02  -397.80185
    0.91000E-02  -396.98545
    0.97000E-02  -396.18139
    0.10300E-01  -395.39051
    0.10900E-01  -394.61315
    0.11500E-01  -393.85033
    0.12100E-01  -393.10195
    0.12700E-01  -392.36921
    0.13300E-01  -391.65147
    0.13900E-01  -390.94937
    0.14500E-01  -390.26323
    0.15100E-01  -389.59227
    0.15700E-01  -388.93693
    0.16300E-01  -388.29702
    0.16900E-01  -387.67243
    0.17500E-01  -387.06317
    0.18100E-01  -386.46924
    0.18700E-01  -385.89021
    0.19300E-01  -385.32541
    0.20200E-01  -383.26879
    0.25000E-01  -378.83696
    0.31000E-01  -375.30213
    0.37000E-01  -372.31186
    0.43000E-01  -369.69596
    0.49000E-01  -367.36302
    0.55000E-01  -365.25081
    0.61000E-01  -363.31578
    0.67000E-01  -361.52878
    0.73000E-01  -359.86720
    0.79000E-01  -358.31383
    0.85000E-01  -356.85597
    0.91000E-01  -355.48235
    0.97000E-01  -354.18505
    0.10300      -352.95663
    0.10900      -351.79134
    0.11500      -350.68135
    0.12100      -349.62173
    0.12700      -348.60721
    0.13300      -347.63273
    0.13900      -346.69637
    0.14500      -345.79508
    0.15100      -344.92443
    0.15700      -344.08314
    0.16300      -343.26926
    0.16900      -342.48124
    0.17500      -341.71904
    0.18100      -340.97691
    0.18700      -340.25816
    0.19300      -339.56071
    0.19900      -338.88214
    0.20500      -338.22164
    0.21100      -337.57913
    0.21700      -336.95441
    0.29500      -324.59919
    0.44500      -316.92070
    0.59500      -311.42932
    0.74500      -307.11629
    0.89500      -303.51172
     1.0450      -300.35246
     1.1950      -297.52402
     1.3450      -294.96095
     1.4950      -292.62107
     1.6450      -290.46471
     1.7950      -288.48791
     1.9450      -286.66776
     2.0950      -284.98078
     2.2450      -283.42901
     2.3950      -282.00643
     2.5450      -280.69856
     2.6950      -279.49586
     2.8450      -278.39093
     2.9950      -277.39118
     3.1450      -276.46259
     3.2950      -275.60881
     3.4450      -274.82727
     3.5950      -274.09831
     3.7450      -273.41096
     3.8950      -272.76981
     4.0450      -272.17661
     4.1950      -271.60789
     4.3450      -271.07291
     4.4950      -270.55949
     4.6450      -270.06926
     4.7950      -269.60463
     4.9450      -269.15304
     5.0950      -268.72134
     5.2450      -268.30462
     5.3950      -267.90151
     5.5450      -267.50964
     5.6950      -267.12782
     5.8450      -266.75576
     5.9950      -266.39220
     6.1450      -266.04029
     6.2950      -265.69756
     6.4450      -265.36079
     6.5950      -265.03397
     6.7450      -264.71725
     6.8950      -264.40523
     7.0450      -264.09936
     7.1950      -263.80018
     7.3450      -263.50822
     7.4950      -263.22065
     7.6450      -262.93727
     7.7950      -262.65954
     7.9450      -262.38785
     8.0950      -262.12096
     8.2450      -261.85778
     8.3950      -261.59890
     8.5450      -261.34645
     8.6950      -261.09768
     8.8450      -260.85218
     8.9950      -260.61300
     9.1450      -260.37574
     9.2950      -260.14275
     9.4450      -259.91499
     9.5950      -259.68965
     9.7450      -259.46775
     9.8950      -259.24825
     10.045      -259.03169
     10.195      -258.81945
     10.345      -258.61142
     10.495      -258.40379
     10.645      -258.19968
     10.795      -257.99969
     10.945      -257.80109
     11.095      -257.60451
     11.245      -257.41144
     11.395      -257.21995
     11.545      -257.03006
     11.695      -256.84331
     11.845      -256.66017
     11.995      -256.47820
     12.145      -256.29998
     12.295      -256.12270
     12.445      -255.94732
     12.595      -255.77498
     12.745      -255.60261
     12.895      -255.43347
     13.045      -255.26621
     13.195      -255.10085
     13.345      -254.93753
     13.495      -254.77498
     13.645      -254.61426
     13.795      -254.45511
     13.945      -254.29927
     14.095      -254.14372
     14.245      -253.98987
     14.395      -253.83805
     14.545      -253.68854
     14.695      -253.53904
     14.845      -253.39141
     14.995      -253.24565
     15.145      -253.10192
     15.295      -252.95773
     15.445      -252.81533
     15.595      -252.67515
     15.745      -252.53579
     15.895      -252.39871
     16.045      -252.26191
     16.195      -252.12731
     16.345      -251.99305
     16.495      -251.86050
     16.645      -251.72857
     16.795      -251.59785
     16.945      -251.46822
     17.095      -251.33917
     17.245      -251.21144
     17.395      -251.08575
     17.545      -250.96027
     17.695      -250.83610
     17.845      -250.71382
     17.995      -250.59161
     18.145      -250.47003
     18.295      -250.34992
     18.445      -250.23018
     18.595      -250.11083
     18.745      -249.99301
     18.895      -249.87749
     19.045      -249.76133
     19.195      -249.64669
     19.345      -249.53221
     19.495      -249.42006
     19.645      -249.30896
     19.795      -249.19802
     19.945      -249.08760
     20.095      -248.97833
     20.245      -248.86892
     20.395      -248.76176
     20.545      -248.65445
     20.695      -248.54843
     20.845      -248.44277
     20.995      -248.33806
     21.145      -248.23417
     21.295      -248.13006
     21.445      -248.02714
     21.595      -247.92514
     21.745      -247.82407
     21.895      -247.72317
     22.045      -247.62305
     22.195      -247.52407
     22.345      -247.42635
     22.495      -247.32749
     22.645      -247.22914
     22.795      -247.13295
     22.945      -247.03636
     23.095      -246.94085
     23.245      -246.84623
     23.395      -246.75247
     23.545      -246.65806
     23.695      -246.56431
     23.845      -246.47193
     23.995      -246.38066
     24.145      -246.28918
     24.295      -246.19811
     24.445      -246.10775
     24.595      -246.01890
     24.745      -245.93009
     24.895      -245.84161
     25.045      -245.75220
     25.195      -245.66464
     25.345      -245.57706
     25.495      -245.48962
     25.645      -245.40363
     25.795      -245.31836
     25.945      -245.23311
     26.095      -245.14789
     26.245      -245.06448
     26.395      -244.98144
     26.545      -244.89827
     26.695      -244.81588
     26.845      -244.73335
     26.995      -244.65195
     27.145      -244.57100
     27.295      -244.49029
     27.445      -244.40992
     27.595      -244.32977
     27.745      -244.25060
     27.895      -244.17131
     28.045      -244.09302
     28.195      -244.01479
     28.345      -243.93621
     28.495      -243.85845
     28.645      -243.78093
     28.795      -243.70434
     28.945      -243.62788
     29.095      -243.55068
     29.245      -243.47496
     29.395      -243.39942
     29.545      -243.32420
     29.695      -243.24935
     29.845      -243.17500
     29.995      -243.10117
     30.145      -243.02771
     30.295      -242.95491
     30.445      -242.88316
     30.595      -242.81034
     30.745      -242.73839
     30.895      -242.66637
     31.045      -242.59522
     31.195      -242.52455
     31.345      -242.45481
     31.495      -242.38419
     31.645      -242.31516
     31.795      -242.24559
     31.945      -242.17641
     32.095      -242.10755
     32.245      -242.03884
     32.395      -241.97048
     32.545      -241.90221
     32.695      -241.83392
     32.845      -241.76731
     32.995      -241.69977
     33.145      -241.63331
     33.295      -241.56688
     33.445      -241.50083
     33.595      -241.43514
     33.745      -241.36964
     33.895      -241.30403
     34.045      -241.23867
     34.195      -241.17470
     34.345      -241.11033
     34.495      -241.04611
     34.645      -240.98230
     34.795      -240.91841
     34.945      -240.85534
     35.095      -240.79232
     35.245      -240.72914
     35.395      -240.66687
     35.545      -240.60491
     35.695      -240.54248
     35.845      -240.48005
     35.995      -240.41890
     36.145      -240.35750
     36.295      -240.29623
     36.445      -240.23595
     36.595      -240.17553
     36.745      -240.11602
     36.895      -240.05677
     37.045      -239.99653
     37.195      -239.93731
     37.345      -239.87682
     37.495      -239.81769
     37.645      -239.75859
     37.795      -239.70053
     37.945      -239.64220
     38.095      -239.58386
     38.245      -239.52651
     38.395      -239.46852
     38.545      -239.41086
     38.695      -239.35414
     38.845      -239.29684
     38.995      -239.24063
     39.145      -239.18445
     39.295      -239.12837
     39.445      -239.07173
     39.595      -239.01531
     39.745      -238.95957
     39.895      -238.90438
     40.045      -238.84851
     40.195      -238.79399
     40.345      -238.73911
     40.495      -238.68432
     40.645      -238.63014
     40.795      -238.57546
     40.945      -238.52129
     41.095      -238.46761
     41.245      -238.41398
     41.395      -238.36028
     41.545      -238.30763
     41.695      -238.25494
     41.845      -238.20196
     41.995      -238.14953
     42.145      -238.09667
     42.295      -238.04487
     42.445      -237.99289
     42.595      -237.94083
     42.745      -237.88966
     42.895      -237.83821
     43.045      -237.78672
     43.195      -237.73558
     43.345      -237.68500
     43.495      -237.63457
     43.645      -237.58398
     43.795      -237.53310
     43.945      -237.48267
     44.095      -237.43254
     44.245      -237.38191
     44.395      -237.33244
     44.545      -237.28328
     44.695      -237.23335
     44.845      -237.18442
     44.995      -237.13570
     45.145      -237.08674
     45.295      -237.03738
     45.445      -236.98900
     45.595      -236.94061
     45.745      -236.89252
     45.895      -236.84416
     46.045      -236.79710
     46.195      -236.74895
     46.345      -236.70151
     46.495      -236.65456
     46.645      -236.60751
     46.795      -236.56062
     46.945      -236.51369
     47.095      -236.46728
     47.245      -236.42025
     47.395      -236.37394
     47.545      -236.32777
     47.695      -236.28210
     47.845      -236.23620
     47.995      -236.18988
     48.145      -236.14399
     48.295      -236.09827
     48.445      -236.05287
     48.595      -236.00767
     48.745      -235.96255
     48.895      -235.91796
     49.045      -235.87327
     49.195      -235.82799
     49.345      -235.78354
     49.495      -235.73853
     49.645      -235.69363
     49.795      -235.64914
     49.945      -235.60452
     50.095      -235.56073
     50.245      -235.51643
     50.395      -235.47270
     50.545      -235.42940
     50.695      -235.38569
     50.845      -235.34232
     50.995      -235.29967
     51.145      -235.25692
     51.295      -235.21403
     51.445      -235.17116
     51.595      -235.12864
     51.745      -235.08635
     51.895      -235.04416
     52.045      -235.00179
     52.195      -234.95955
     52.345      -234.91778
     52.495      -234.87639
     52.645      -234.83488
     52.795      -234.79370
     52.945      -234.75250
     53.095      -234.71136
     53.245      -234.66979
     53.395      -234.62826
     53.545      -234.58697
     53.695      -234.54614
     53.845      -234.50546
     53.995      -234.46497
     54.145      -234.42438
     54.295      -234.38404
     54.445      -234.34369
     54.595      -234.30287
     54.745      -234.26252
     54.895      -234.22200
     55.045      -234.18227
     55.195      -234.14264
     55.345      -234.10286
     55.495      -234.06309
     55.645      -234.02386
     55.795      -233.98442
     55.945      -233.94515
     56.095      -233.90614
     56.245      -233.86784
     56.395      -233.82882
     56.545      -233.78972
     56.695      -233.75040
     56.845      -233.71173
     56.995      -233.67344
     57.145      -233.63497
     57.295      -233.59680
     57.445      -233.55851
     57.595      -233.52013
     57.745      -233.48181
     57.895      -233.44375
     58.045      -233.40594
     58.195      -233.36802
     58.345      -233.33088
     58.495      -233.29351
     58.645      -233.25598
     58.795      -233.21827
     58.945      -233.18125
     59.095      -233.14312
     59.245      -233.10604
     59.395      -233.06939
     59.545      -233.03261
     59.695      -232.99634
     59.845      -232.95928
     59.995      -232.92269
     60.145      -232.88602
     70.939      -228.22043
     97.698      -223.60509
     134.55      -219.04754
     185.30      -214.55150
     255.20      -210.12295
     351.46      -205.78118
     484.04      -201.52177
     666.62      -197.34520
     918.07      -193.25150
     1264.4      -189.25412
     1741.3      -185.33759
     2398.1      -181.50417
     3302.7      -177.75811
     4548.5      -174.10055
     6264.3      -170.52863
     8627.2      -167.04487
     11881.      -163.64637
     16363.      -160.33552
     22535.      -157.11682
     31036.      -154.00270
     42743.      -150.99927
     58866.      -148.11415
     81070.      -145.34645
    0.11165E+06  -142.69833
    0.15377E+06  -140.16627
    0.21177E+06  -137.74524
    0.29165E+06  -135.43573
    0.40166E+06  -133.23075
    0.55317E+06  -131.12840
    0.76182E+06  -129.12271
    0.10492E+07  -127.20863
    0.14449E+07  -125.38591
    0.19900E+07  -123.64735
    0.27406E+07  -121.98894
    0.37744E+07  -120.40967
    0.51981E+07  -118.90401
    0.71589E+07  -117.46766
    0.98593E+07  -116.09927
    0.13578E+08  -114.79685
    0.18700E+08  -113.55598
    0.25754E+08  -112.37509
    0.35468E+08  -111.25276
    0.48847E+08  -110.19692
    0.67273E+08  -109.21669
    0.92648E+08  -108.30529
    0.12760E+09  -107.45427
    0.17573E+09  -106.65554
    0.24201E+09  -105.90846
    0.33330E+09  -105.20824
    0.45902E+09  -104.55143
    0.63217E+09  -103.95051
    0.87062E+09  -103.40366
    0.11990E+10  -102.90067
    0.16513E+10  -102.43686
    0.22742E+10  -102.00949
    0.31320E+10  -101.61563
    0.43134E+10  -101.25240
    0.59405E+10  -100.91675
    0.81813E+10  -100.60703
    0.11267E+11  -100.32137
    0.15517E+11  -100.05722
    0.21371E+11   -99.81342
    0.29432E+11   -99.58878
    0.40534E+11   -99.38127
    0.55823E+11   -99.19036
    0.10000E+12   -96.88460
