    -29.945        1     0.00000
    -29.795        1     0.00000
    -29.645        1     0.00000
    -29.495        1     0.00000
    -29.345        1     0.00000
    -29.195        1     0.00000
    -29.045        1     0.00000
    -28.895        1     0.00000
    -28.745        1     0.00000
    -28.595        1     0.00000
    -28.445        1     0.00000
    -28.295        1     0.00000
    -28.145        1     0.00000
    -27.995        1     0.00000
    -27.845        1     0.00000
    -27.695        1     0.00000
    -27.545        1     0.00000
    -27.395        1     0.00000
    -27.245        1     0.00000
    -27.095        1    -0.00018
    -26.945        1    -0.00035
    -26.795        1    -0.00053
    -26.645        1    -0.00106
    -26.495        1    -0.00248
    -26.345        1    -0.00318
    -26.195        1    -0.00671
    -26.045        1    -0.01460
    -25.895        1    -0.02338
    -25.745        1    -0.04021
    -25.595        1    -0.06399
    -25.445        1    -0.09635
    -25.295        1    -0.14899
    -25.145        1    -0.21059
    -24.995        1    -0.30194
    -24.845        1    -0.42192
    -24.695        1    -0.56883
    -24.545        1    -0.75408
    -24.395        1    -0.96818
    -24.245        1    -1.21638
    -24.095        1    -1.49658
    -23.945        1    -1.80400
    -23.795        1    -2.13469
    -23.645        1    -2.47751
    -23.495        1    -2.84491
    -23.345        1    -3.21625
    -23.195        1    -3.60143
    -23.045        1    -3.95871
    -22.895        1    -4.31764
    -22.745        1    -4.64607
    -22.595        1    -4.96863
    -22.445        1    -5.28558
    -22.295        1    -5.57460
    -22.145        1    -5.84710
    -21.995        1    -6.11155
    -21.845        1    -6.35443
    -21.695        1    -6.58355
    -21.545        1    -6.80075
    -21.395        1    -6.97746
    -21.245        1    -7.14413
    -21.095        1    -7.29261
    -20.945        1    -7.43798
    -20.795        1    -7.57418
    -20.645        1    -7.69957
    -20.495        1    -7.81645
    -20.345        1    -7.92955
    -20.195        1    -8.02820
    -20.045        1    -8.12937
    -19.895        1    -8.22435
    -19.745        1    -8.31599
    -19.595        1    -8.40306
    -19.445        1    -8.48457
    -19.295        1    -8.57053
    -19.145        1    -8.65083
    -18.995        1    -8.74152
    -18.845        1    -8.83144
    -18.695        1    -8.91871
    -18.545        1    -9.01661
    -18.395        1    -9.12069
    -18.245        1    -9.23253
    -18.095        1    -9.34041
    -17.945        1    -9.45292
    -17.795        1    -9.57453
    -17.645        1    -9.69946
    -17.495        1    -9.83737
    -17.345        1    -9.97913
    -17.195        1   -10.12520
    -17.045        1   -10.27612
    -16.895        1   -10.42868
    -16.745        1   -10.58419
    -16.595        1   -10.74814
    -16.445        1   -10.91463
    -16.295        1   -11.07938
    -16.145        1   -11.25307
    -15.995        1   -11.42470
    -15.845        1   -11.59401
    -15.695        1   -11.77451
    -15.545        1   -11.95323
    -15.395        1   -12.13759
    -15.245        1   -12.32339
    -15.095        1   -12.51264
    -14.945        1   -12.72127
    -14.795        1   -12.93643
    -14.645        1   -13.15198
    -14.495        1   -13.36353
    -14.345        1   -13.59241
    -14.195        1   -13.82632
    -14.045        1   -14.07284
    -13.895        1   -14.31632
    -13.745        1   -14.56125
    -13.595        1   -14.81745
    -13.445        1   -15.06094
    -13.295        1   -15.30701
    -13.145        1   -15.55358
    -12.995        1   -15.79915
    -12.845        1   -16.04337
    -12.695        1   -16.28786
    -12.545        1   -16.53874
    -12.395        1   -16.77689
    -12.245        1   -17.01726
    -12.095        1   -17.25797
    -11.945        1   -17.49000
    -11.795        1   -17.72053
    -11.645        1   -17.94946
    -11.495        1   -18.18293
    -11.345        1   -18.41071
    -11.195        1   -18.63978
    -11.045        1   -18.87103
    -10.895        1   -19.09997
    -10.745        1   -19.32276
    -10.595        1   -19.54773
    -10.445        1   -19.77713
    -10.295        1   -20.00318
    -10.145        1   -20.22330
    -9.9950        1   -20.44019
    -9.8450        1   -20.65357
    -9.6950        1   -20.87175
    -9.5450        1   -21.08636
    -9.3950        1   -21.30285
    -9.2450        1   -21.52077
    -9.0950        1   -21.74273
    -8.9450        1   -21.95150
    -8.7950        1   -22.16305
    -8.6450        1   -22.36912
    -8.4950        1   -22.57692
    -8.3450        1   -22.77188
    -8.1950        1   -22.97173
    -8.0450        1   -23.17423
    -7.8950        1   -23.37091
    -7.7450        1   -23.56720
    -7.5950        1   -23.75458
    -7.4450        1   -23.94661
    -7.2950        1   -24.14129
    -7.1450        1   -24.33593
    -6.9950        1   -24.53349
    -6.8450        1   -24.72752
    -6.6950        1   -24.92142
    -6.5450        1   -25.11637
    -6.3950        1   -25.32551
    -6.2450        1   -25.53194
    -6.0950        1   -25.73928
    -5.9450        1   -25.94623
    -5.7950        1   -26.16903
    -5.6450        1   -26.39162
    -5.4950        1   -26.61869
    -5.3450        1   -26.84367
    -5.1950        1   -27.07678
    -5.0450        1   -27.31550
    -4.8950        1   -27.56130
    -4.7450        1   -27.81815
    -4.5950        1   -28.08153
    -4.4450        1   -28.35329
    -4.2950        1   -28.63548
    -4.1450        1   -28.92755
    -3.9950        1   -29.23305
    -3.8450        1   -29.55231
    -3.6950        1   -29.88499
    -3.5450        1   -30.24258
    -3.3950        1   -30.61688
    -3.2450        1   -31.01295
    -3.0950        1   -31.42950
    -2.9450        1   -31.87564
    -2.7950        1   -32.34087
    -2.6450        1   -32.82742
    -2.4950        1   -33.34133
    -2.3450        1   -33.87664
    -2.1950        1   -34.43115
    -2.0450        1   -35.00897
    -1.8950        1   -35.58271
    -1.7450        1   -36.15963
    -1.5950        1   -36.73435
    -1.4450        1   -37.30118
    -1.2950        1   -37.86684
    -1.1450        1   -38.42950
   -0.99500        1   -38.98973
   -0.84500        1   -39.55908
   -0.69500        1   -40.15685
   -0.54500        1   -40.80921
   -0.39500        1   -41.55180
   -0.25300        1   -42.10190
   -0.21500        1   -42.13840
   -0.20900        1   -42.17529
   -0.20300        1   -42.21285
   -0.19700        1   -42.25079
   -0.19100        1   -42.28879
   -0.18500        1   -42.32722
   -0.17900        1   -42.36634
   -0.17300        1   -42.40607
   -0.16700        1   -42.44638
   -0.16100        1   -42.48727
   -0.15500        1   -42.52857
   -0.14900        1   -42.57083
   -0.14300        1   -42.61388
   -0.13700        1   -42.65794
   -0.13100        1   -42.70245
   -0.12500        1   -42.74797
   -0.11900        1   -42.79511
   -0.11300        1   -42.84321
   -0.10700        1   -42.89242
   -0.10100        1   -42.94310
   -0.95000E-01    1   -42.99514
   -0.89000E-01    1   -43.04913
   -0.83000E-01    1   -43.10564
   -0.77000E-01    1   -43.16460
   -0.71000E-01    1   -43.22626
   -0.65000E-01    1   -43.29187
   -0.59000E-01    1   -43.36178
   -0.53000E-01    1   -43.43755
   -0.47000E-01    1   -43.52122
   -0.41000E-01    1   -43.61529
   -0.35000E-01    1   -43.72292
   -0.29000E-01    1   -43.85012
   -0.23000E-01    1   -44.00507
   -0.19700E-01    1   -44.02238
   -0.19100E-01    1   -44.04017
   -0.18500E-01    1   -44.05838
   -0.17900E-01    1   -44.07700
   -0.17300E-01    1   -44.09621
   -0.16700E-01    1   -44.11592
   -0.16100E-01    1   -44.13621
   -0.15500E-01    1   -44.15716
   -0.14900E-01    1   -44.17868
   -0.14300E-01    1   -44.20093
   -0.13700E-01    1   -44.22398
   -0.13100E-01    1   -44.24797
   -0.12500E-01    1   -44.27305
   -0.11900E-01    1   -44.29928
   -0.11300E-01    1   -44.32668
   -0.10700E-01    1   -44.35517
   -0.10100E-01    1   -44.38488
   -0.95000E-02    1   -44.41566
   -0.89000E-02    1   -44.44769
   -0.83000E-02    1   -44.48083
   -0.77000E-02    1   -44.51525
   -0.71000E-02    1   -44.55080
   -0.65000E-02    1   -44.58732
   -0.59000E-02    1   -44.62448
   -0.53000E-02    1   -44.66190
   -0.47000E-02    1   -44.69874
   -0.41000E-02    1   -44.73385
   -0.35000E-02    1   -44.76611
   -0.29000E-02    1   -44.79468
   -0.23000E-02    1   -44.81862
   -0.17000E-02    1   -44.83712
   -0.11000E-02    1   -44.84953
   -0.50000E-03    1   -44.85539
    0.10000E-03    1   -44.85446
    0.70000E-03    1   -44.84676
    0.13000E-02    1   -44.83255
    0.19000E-02    1   -44.81238
    0.25000E-02    1   -44.78699
    0.31000E-02    1   -44.75722
    0.37000E-02    1   -44.72397
    0.43000E-02    1   -44.68825
    0.49000E-02    1   -44.65117
    0.55000E-02    1   -44.61382
    0.61000E-02    1   -44.57679
    0.67000E-02    1   -44.54049
    0.73000E-02    1   -44.50530
    0.79000E-02    1   -44.47137
    0.85000E-02    1   -44.43867
    0.91000E-02    1   -44.40716
    0.97000E-02    1   -44.37686
    0.10300E-01    1   -44.34764
    0.10900E-01    1   -44.31958
    0.11500E-01    1   -44.29263
    0.12100E-01    1   -44.26679
    0.12700E-01    1   -44.24219
    0.13300E-01    1   -44.21859
    0.13900E-01    1   -44.19587
    0.14500E-01    1   -44.17389
    0.15100E-01    1   -44.15273
    0.15700E-01    1   -44.13222
    0.16300E-01    1   -44.11233
    0.16900E-01    1   -44.09298
    0.17500E-01    1   -44.07401
    0.18100E-01    1   -44.05577
    0.18700E-01    1   -44.03789
    0.19300E-01    1   -44.02043
    0.20200E-01    1   -43.95688
    0.25000E-01    1   -43.81483
    0.31000E-01    1   -43.69774
    0.37000E-01    1   -43.59921
    0.43000E-01    1   -43.51426
    0.49000E-01    1   -43.43981
    0.55000E-01    1   -43.37295
    0.61000E-01    1   -43.31232
    0.67000E-01    1   -43.25634
    0.73000E-01    1   -43.20481
    0.79000E-01    1   -43.15666
    0.85000E-01    1   -43.11162
    0.91000E-01    1   -43.06954
    0.97000E-01    1   -43.02978
    0.10300        1   -42.99249
    0.10900        1   -42.95712
    0.11500        1   -42.92391
    0.12100        1   -42.89218
    0.12700        1   -42.86192
    0.13300        1   -42.83321
    0.13900        1   -42.80578
    0.14500        1   -42.77991
    0.15100        1   -42.75529
    0.15700        1   -42.73170
    0.16300        1   -42.70919
    0.16900        1   -42.68760
    0.17500        1   -42.66713
    0.18100        1   -42.64738
    0.18700        1   -42.62861
    0.19300        1   -42.61031
    0.19900        1   -42.59289
    0.20500        1   -42.57611
    0.21100        1   -42.55950
    0.21700        1   -42.54390
    0.29500        1   -42.26311
    0.44500        1   -42.10881
    0.59500        1   -42.00199
    0.74500        1   -41.91618
    0.89500        1   -41.84428
     1.0450        1   -41.77931
     1.1950        1   -41.72071
     1.3450        1   -41.66530
     1.4950        1   -41.61393
     1.6450        1   -41.56612
     1.7950        1   -41.51990
     1.9450        1   -41.47880
     2.0950        1   -41.43882
     2.2450        1   -41.40061
     2.3950        1   -41.36427
     2.5450        1   -41.33077
     2.6950        1   -41.29897
     2.8450        1   -41.26623
     2.9950        1   -41.23749
     3.1450        1   -41.21109
     3.2950        1   -41.18615
     3.4450        1   -41.16252
     3.5950        1   -41.14168
     3.7450        1   -41.12067
     3.8950        1   -41.09863
     4.0450        1   -41.07965
     4.1950        1   -41.06249
     4.3450        1   -41.04452
     4.4950        1   -41.02782
     4.6450        1   -41.01206
     4.7950        1   -40.99633
     4.9450        1   -40.98193
     5.0950        1   -40.96760
     5.2450        1   -40.95345
     5.3950        1   -40.94028
     5.5450        1   -40.92711
     5.6950        1   -40.91536
     5.8450        1   -40.90243
     5.9950        1   -40.89099
     6.1450        1   -40.87806
     6.2950        1   -40.86595
     6.4450        1   -40.85320
     6.5950        1   -40.84268
     6.7450        1   -40.83239
     6.8950        1   -40.82190
     7.0450        1   -40.81172
     7.1950        1   -40.80201
     7.3450        1   -40.79273
     7.4950        1   -40.78155
     7.6450        1   -40.77229
     7.7950        1   -40.76289
     7.9450        1   -40.75364
     8.0950        1   -40.74492
     8.2450        1   -40.73632
     8.3950        1   -40.72791
     8.5450        1   -40.71916
     8.6950        1   -40.71018
     8.8450        1   -40.70211
     8.9950        1   -40.69260
     9.1450        1   -40.68495
     9.2950        1   -40.67713
     9.4450        1   -40.66923
     9.5950        1   -40.66166
     9.7450        1   -40.65312
     9.8950        1   -40.64550
     10.045        1   -40.63712
     10.195        1   -40.62967
     10.345        1   -40.62134
     10.495        1   -40.61308
     10.645        1   -40.60577
     10.795        1   -40.59909
     10.945        1   -40.59237
     11.095        1   -40.58547
     11.245        1   -40.57868
     11.395        1   -40.57232
     11.545        1   -40.56573
     11.695        1   -40.55918
     11.845        1   -40.55277
     11.995        1   -40.54637
     12.145        1   -40.53950
     12.295        1   -40.53227
     12.445        1   -40.52552
     12.595        1   -40.51933
     12.745        1   -40.51245
     12.895        1   -40.50513
     13.045        1   -40.49881
     13.195        1   -40.49336
     13.345        1   -40.48770
     13.495        1   -40.48106
     13.645        1   -40.47478
     13.795        1   -40.46926
     13.945        1   -40.46288
     14.095        1   -40.45733
     14.245        1   -40.45180
     14.395        1   -40.44623
     14.545        1   -40.44096
     14.695        1   -40.43595
     14.845        1   -40.42964
     14.995        1   -40.42455
     15.145        1   -40.41902
     15.295        1   -40.41255
     15.445        1   -40.40737
     15.595        1   -40.40244
     15.745        1   -40.39745
     15.895        1   -40.39232
     16.045        1   -40.38746
     16.195        1   -40.38232
     16.345        1   -40.37748
     16.495        1   -40.37178
     16.645        1   -40.36687
     16.795        1   -40.36218
     16.945        1   -40.35644
     17.095        1   -40.35180
     17.245        1   -40.34730
     17.395        1   -40.34301
     17.545        1   -40.33827
     17.695        1   -40.33381
     17.845        1   -40.32943
     17.995        1   -40.32468
     18.145        1   -40.32028
     18.295        1   -40.31599
     18.445        1   -40.31172
     18.595        1   -40.30751
     18.745        1   -40.30318
     18.895        1   -40.29802
     19.045        1   -40.29367
     19.195        1   -40.28940
     19.345        1   -40.28525
     19.495        1   -40.28116
     19.645        1   -40.27667
     19.795        1   -40.27202
     19.945        1   -40.26803
     20.095        1   -40.26403
     20.245        1   -40.26014
     20.395        1   -40.25625
     20.545        1   -40.25234
     20.695        1   -40.24839
     20.845        1   -40.24467
     20.995        1   -40.24099
     21.145        1   -40.23727
     21.295        1   -40.23313
     21.445        1   -40.22916
     21.595        1   -40.22530
     21.745        1   -40.22151
     21.895        1   -40.21781
     22.045        1   -40.21421
     22.195        1   -40.21041
     22.345        1   -40.20673
     22.495        1   -40.20306
     22.645        1   -40.19956
     22.795        1   -40.19595
     22.945        1   -40.19113
     23.095        1   -40.18766
     23.245        1   -40.18408
     23.395        1   -40.18047
     23.545        1   -40.17691
     23.695        1   -40.17333
     23.845        1   -40.16984
     23.995        1   -40.16661
     24.145        1   -40.16302
     24.295        1   -40.15957
     24.445        1   -40.15626
     24.595        1   -40.15224
     24.745        1   -40.14853
     24.895        1   -40.14527
     25.045        1   -40.14188
     25.195        1   -40.13848
     25.345        1   -40.13516
     25.495        1   -40.13034
     25.645        1   -40.12708
     25.795        1   -40.12380
     25.945        1   -40.12078
     26.095        1   -40.11749
     26.245        1   -40.11446
     26.395        1   -40.11139
     26.545        1   -40.10736
     26.695        1   -40.10419
     26.845        1   -40.10110
     26.995        1   -40.09713
     27.145        1   -40.09420
     27.295        1   -40.09105
     27.445        1   -40.08808
     27.595        1   -40.08451
     27.745        1   -40.08142
     27.895        1   -40.07673
     28.045        1   -40.07320
     28.195        1   -40.07030
     28.345        1   -40.06733
     28.495        1   -40.06437
     28.645        1   -40.06139
     28.795        1   -40.05833
     28.945        1   -40.05546
     29.095        1   -40.05175
     29.245        1   -40.04866
     29.395        1   -40.04568
     29.545        1   -40.04297
     29.695        1   -40.04028
     29.845        1   -40.03752
     29.995        1   -40.03471
     30.145        1   -40.03191
     30.295        1   -40.02927
     30.445        1   -40.02623
     30.595        1   -40.02259
     30.745        1   -40.02002
     30.895        1   -40.01724
     31.045        1   -40.01464
     31.195        1   -40.01193
     31.345        1   -40.00883
     31.495        1   -40.00622
     31.645        1   -40.00368
     31.795        1   -40.00114
     31.945        1   -39.99852
     32.095        1   -39.99569
     32.245        1   -39.99302
     32.395        1   -39.99038
     32.545        1   -39.98774
     32.695        1   -39.98499
     32.845        1   -39.98237
     32.995        1   -39.97990
     33.145        1   -39.97744
     33.295        1   -39.97486
     33.445        1   -39.97217
     33.595        1   -39.96973
     33.745        1   -39.96717
     33.895        1   -39.96472
     34.045        1   -39.96235
     34.195        1   -39.95985
     34.345        1   -39.95724
     34.495        1   -39.95467
     34.645        1   -39.95221
     34.795        1   -39.94975
     34.945        1   -39.94686
     35.095        1   -39.94434
     35.245        1   -39.94186
     35.395        1   -39.93946
     35.545        1   -39.93718
     35.695        1   -39.93466
     35.845        1   -39.93220
     35.995        1   -39.92984
     36.145        1   -39.92745
     36.295        1   -39.92505
     36.445        1   -39.92278
     36.595        1   -39.92058
     36.745        1   -39.91832
     36.895        1   -39.91602
     37.045        1   -39.91367
     37.195        1   -39.91142
     37.345        1   -39.90880
     37.495        1   -39.90650
     37.645        1   -39.90420
     37.795        1   -39.90201
     37.945        1   -39.89985
     38.095        1   -39.89752
     38.245        1   -39.89524
     38.395        1   -39.89264
     38.545        1   -39.89050
     38.695        1   -39.88831
     38.845        1   -39.88610
     38.995        1   -39.88395
     39.145        1   -39.88188
     39.295        1   -39.87964
     39.445        1   -39.87728
     39.595        1   -39.87505
     39.745        1   -39.87280
     39.895        1   -39.87068
     40.045        1   -39.86846
     40.195        1   -39.86640
     40.345        1   -39.86429
     40.495        1   -39.86223
     40.645        1   -39.86017
     40.795        1   -39.85785
     40.945        1   -39.85567
     41.095        1   -39.85279
     41.245        1   -39.85075
     41.395        1   -39.84871
     41.545        1   -39.84621
     41.695        1   -39.84424
     41.845        1   -39.84183
     41.995        1   -39.83964
     42.145        1   -39.83765
     42.295        1   -39.83554
     42.445        1   -39.83361
     42.595        1   -39.83165
     42.745        1   -39.82969
     42.895        1   -39.82756
     43.045        1   -39.82566
     43.195        1   -39.82373
     43.345        1   -39.82176
     43.495        1   -39.81975
     43.645        1   -39.81785
     43.795        1   -39.81597
     43.945        1   -39.81403
     44.095        1   -39.81212
     44.245        1   -39.81012
     44.395        1   -39.80811
     44.545        1   -39.80622
     44.695        1   -39.80436
     44.845        1   -39.80255
     44.995        1   -39.80075
     45.145        1   -39.79891
     45.295        1   -39.79702
     45.445        1   -39.79514
     45.595        1   -39.79330
     45.745        1   -39.79133
     45.895        1   -39.78947
     46.045        1   -39.78767
     46.195        1   -39.78574
     46.345        1   -39.78386
     46.495        1   -39.78197
     46.645        1   -39.78011
     46.795        1   -39.77826
     46.945        1   -39.77654
     47.095        1   -39.77475
     47.245        1   -39.77285
     47.395        1   -39.77100
     47.545        1   -39.76935
     47.695        1   -39.76740
     47.845        1   -39.76554
     47.995        1   -39.76375
     48.145        1   -39.76185
     48.295        1   -39.75999
     48.445        1   -39.75829
     48.595        1   -39.75657
     48.745        1   -39.75478
     48.895        1   -39.75297
     49.045        1   -39.75122
     49.195        1   -39.74942
     49.345        1   -39.74770
     49.495        1   -39.74584
     49.645        1   -39.74415
     49.795        1   -39.74241
     49.945        1   -39.74077
     50.095        1   -39.73900
     50.245        1   -39.73725
     50.395        1   -39.73559
     50.545        1   -39.73397
     50.695        1   -39.73234
     50.845        1   -39.73051
     50.995        1   -39.72883
     51.145        1   -39.72708
     51.295        1   -39.72555
     51.445        1   -39.72390
     51.595        1   -39.72228
     51.745        1   -39.72074
     51.895        1   -39.71909
     52.045        1   -39.71748
     52.195        1   -39.71546
     52.345        1   -39.71371
     52.495        1   -39.71168
     52.645        1   -39.70994
     52.795        1   -39.70830
     52.945        1   -39.70661
     53.095        1   -39.70422
     53.245        1   -39.70260
     53.395        1   -39.70099
     53.545        1   -39.69939
     53.695        1   -39.69781
     53.845        1   -39.69635
     53.995        1   -39.69464
     54.145        1   -39.69308
     54.295        1   -39.69144
     54.445        1   -39.68981
     54.595        1   -39.68794
     54.745        1   -39.68638
     54.895        1   -39.68495
     55.045        1   -39.68343
     55.195        1   -39.68190
     55.345        1   -39.68027
     55.495        1   -39.67874
     55.645        1   -39.67709
     55.795        1   -39.67553
     55.945        1   -39.67392
     56.095        1   -39.67211
     56.245        1   -39.67057
     56.395        1   -39.66910
     56.545        1   -39.66757
     56.695        1   -39.66585
     56.845        1   -39.66433
     56.995        1   -39.66255
     57.145        1   -39.66104
     57.295        1   -39.65950
     57.445        1   -39.65809
     57.595        1   -39.65654
     57.745        1   -39.65511
     57.895        1   -39.65366
     58.045        1   -39.65221
     58.195        1   -39.65074
     58.345        1   -39.64914
     58.495        1   -39.64767
     58.645        1   -39.64602
     58.795        1   -39.64443
     58.945        1   -39.64288
     59.095        1   -39.64135
     59.245        1   -39.63991
     59.395        1   -39.63847
     59.545        1   -39.63700
     59.695        1   -39.63556
     59.845        1   -39.63412
     59.995        1   -39.63262
     60.145        1   -39.63120
     70.939        1   -39.43108
     97.698        1   -39.23514
     134.55        1   -39.03341
     185.30        1   -38.84266
     255.20        1   -38.65067
     351.46        1   -38.45875
     484.04        1   -38.27146
     666.62        1   -38.08596
     918.07        1   -37.90127
     1264.4        1   -37.71721
     1741.3        1   -37.53880
     2398.1        1   -37.36015
     3302.7        1   -37.18432
     4548.5        1   -37.01401
     6264.3        1   -36.84517
     8627.2        1   -36.67877
     11881.        1   -36.51197
     16363.        1   -36.34836
     22535.        1   -36.18700
     31036.        1   -36.02893
     42743.        1   -35.87114
     58866.        1   -35.71700
     81070.        1   -35.56506
    0.11165E+06    1   -35.41456
    0.15377E+06    1   -35.26529
    0.21177E+06    1   -35.11752
    0.29165E+06    1   -34.97168
    0.40166E+06    1   -34.82662
    0.55317E+06    1   -34.68393
    0.76182E+06    1   -34.54213
    0.10492E+07    1   -34.40071
    0.14449E+07    1   -34.25772
    0.19900E+07    1   -34.11623
    0.27406E+07    1   -33.97405
    0.37744E+07    1   -33.83150
    0.51981E+07    1   -33.68893
    0.71589E+07    1   -33.54634
    0.98593E+07    1   -33.40371
    0.13578E+08    1   -33.26002
    0.18700E+08    1   -33.11407
    0.25754E+08    1   -32.96685
    0.35468E+08    1   -32.82187
    0.48847E+08    1   -32.67920
    0.67273E+08    1   -32.54114
    0.92648E+08    1   -32.40646
    0.12760E+09    1   -32.27378
    0.17573E+09    1   -32.14656
    0.24201E+09    1   -32.02213
    0.33330E+09    1   -31.90278
    0.45902E+09    1   -31.78858
    0.63217E+09    1   -31.68135
    0.87062E+09    1   -31.58089
    0.11990E+10    1   -31.48695
    0.16513E+10    1   -31.39957
    0.22742E+10    1   -31.31675
    0.31320E+10    1   -31.24100
    0.43134E+10    1   -31.16915
    0.59405E+10    1   -31.10280
    0.81813E+10    1   -31.04005
    0.11267E+11    1   -30.98241
    0.15517E+11    1   -30.92866
    0.21371E+11    1   -30.87875
    0.29432E+11    1   -30.83250
    0.40534E+11    1   -30.78955
    0.55823E+11    1   -30.74995
    0.10000E+12    1   -30.25019
    -149.95        2     0.00000
    -149.80        2     0.00000
    -149.65        2     0.00000
    -149.49        2     0.00000
    -149.34        2     0.00000
    -149.20        2     0.00000
    -149.05        2     0.00000
    -148.90        2     0.00000
    -148.74        2     0.00000
    -148.59        2     0.00000
    -148.45        2     0.00000
    -148.30        2     0.00000
    -148.15        2     0.00000
    -147.99        2     0.00000
    -147.84        2     0.00000
    -147.70        2     0.00000
    -147.55        2     0.00000
    -147.40        2     0.00000
    -147.24        2     0.00000
    -147.09        2     0.00000
    -146.95        2     0.00000
    -146.80        2     0.00000
    -146.65        2     0.00000
    -146.49        2     0.00000
    -146.34        2     0.00000
    -146.20        2     0.00000
    -146.05        2     0.00000
    -145.90        2     0.00000
    -145.74        2     0.00000
    -145.59        2     0.00000
    -145.45        2     0.00000
    -145.30        2     0.00000
    -145.15        2     0.00000
    -144.99        2     0.00000
    -144.84        2     0.00000
    -144.70        2     0.00000
    -144.55        2     0.00000
    -144.40        2     0.00000
    -144.24        2     0.00000
    -144.09        2     0.00000
    -143.95        2     0.00000
    -143.80        2     0.00000
    -143.65        2     0.00000
    -143.49        2     0.00000
    -143.34        2     0.00000
    -143.20        2     0.00000
    -143.05        2     0.00000
    -142.90        2     0.00000
    -142.74        2     0.00000
    -142.59        2     0.00000
    -142.45        2     0.00000
    -142.30        2     0.00000
    -142.15        2     0.00000
    -141.99        2     0.00000
    -141.84        2     0.00000
    -141.70        2     0.00000
    -141.55        2     0.00000
    -141.40        2     0.00000
    -141.24        2     0.00000
    -141.09        2     0.00000
    -140.95        2     0.00000
    -140.80        2     0.00000
    -140.65        2     0.00000
    -140.49        2     0.00000
    -140.34        2     0.00000
    -140.20        2     0.00000
    -140.05        2     0.00000
    -139.90        2     0.00000
    -139.74        2     0.00000
    -139.59        2     0.00000
    -139.45        2     0.00000
    -139.30        2     0.00000
    -139.15        2     0.00000
    -138.99        2     0.00000
    -138.84        2     0.00000
    -138.70        2     0.00000
    -138.55        2     0.00000
    -138.40        2     0.00000
    -138.24        2     0.00000
    -138.09        2     0.00000
    -137.95        2     0.00000
    -137.80        2     0.00000
    -137.65        2     0.00000
    -137.49        2     0.00000
    -137.34        2     0.00000
    -137.20        2     0.00000
    -137.05        2     0.00000
    -136.90        2     0.00000
    -136.74        2     0.00000
    -136.59        2     0.00000
    -136.45        2     0.00000
    -136.30        2     0.00000
    -136.15        2     0.00000
    -135.99        2     0.00000
    -135.84        2     0.00000
    -135.70        2     0.00000
    -135.55        2     0.00000
    -135.40        2     0.00000
    -135.24        2     0.00000
    -135.09        2     0.00000
    -134.95        2     0.00000
    -134.80        2     0.00000
    -134.65        2     0.00000
    -134.49        2     0.00000
    -134.34        2     0.00000
    -134.20        2     0.00000
    -134.05        2     0.00000
    -133.90        2     0.00000
    -133.74        2     0.00000
    -133.59        2     0.00000
    -133.45        2     0.00000
    -133.30        2     0.00000
    -133.15        2     0.00000
    -132.99        2     0.00000
    -132.84        2     0.00000
    -132.70        2     0.00000
    -132.55        2     0.00000
    -132.40        2     0.00000
    -132.24        2     0.00000
    -132.09        2     0.00000
    -131.95        2     0.00000
    -131.80        2     0.00000
    -131.65        2     0.00000
    -131.49        2     0.00000
    -131.34        2     0.00000
    -131.20        2     0.00000
    -131.05        2     0.00000
    -130.90        2     0.00000
    -130.74        2     0.00000
    -130.59        2     0.00000
    -130.45        2     0.00000
    -130.30        2     0.00000
    -130.15        2     0.00000
    -129.99        2     0.00000
    -129.84        2     0.00000
    -129.70        2     0.00000
    -129.55        2     0.00000
    -129.40        2     0.00000
    -129.24        2     0.00000
    -129.09        2     0.00000
    -128.95        2     0.00000
    -128.80        2     0.00000
    -128.65        2     0.00000
    -128.49        2     0.00000
    -128.34        2     0.00000
    -128.20        2     0.00000
    -128.05        2     0.00000
    -127.89        2     0.00000
    -127.75        2     0.00000
    -127.60        2     0.00000
    -127.44        2     0.00000
    -127.30        2     0.00000
    -127.14        2     0.00000
    -127.00        2     0.00000
    -126.85        2     0.00000
    -126.69        2     0.00000
    -126.55        2     0.00000
    -126.39        2     0.00000
    -126.25        2     0.00000
    -126.10        2     0.00000
    -125.94        2     0.00000
    -125.80        2     0.00000
    -125.64        2     0.00000
    -125.50        2     0.00000
    -125.35        2     0.00000
    -125.19        2     0.00000
    -125.05        2     0.00000
    -124.89        2     0.00000
    -124.75        2     0.00000
    -124.60        2     0.00000
    -124.44        2     0.00000
    -124.30        2     0.00000
    -124.14        2     0.00000
    -124.00        2     0.00000
    -123.85        2     0.00000
    -123.69        2     0.00000
    -123.55        2     0.00000
    -123.39        2     0.00000
    -123.25        2     0.00000
    -123.10        2     0.00000
    -122.94        2     0.00000
    -122.80        2     0.00000
    -122.64        2     0.00000
    -122.50        2     0.00000
    -122.35        2     0.00000
    -122.19        2     0.00000
    -122.05        2     0.00000
    -121.89        2     0.00000
    -121.75        2     0.00000
    -121.60        2     0.00000
    -121.44        2     0.00000
    -121.30        2     0.00000
    -121.14        2     0.00000
    -121.00        2     0.00000
    -120.85        2     0.00000
    -120.69        2     0.00000
    -120.55        2     0.00000
    -120.39        2     0.00000
    -120.25        2     0.00000
    -120.10        2     0.00000
    -119.94        2     0.00000
    -119.80        2     0.00000
    -119.64        2     0.00000
    -119.50        2     0.00000
    -119.35        2     0.00000
    -119.19        2     0.00000
    -119.05        2     0.00000
    -118.89        2     0.00000
    -118.75        2     0.00000
    -118.60        2     0.00000
    -118.44        2     0.00000
    -118.30        2     0.00000
    -118.14        2     0.00000
    -118.00        2     0.00000
    -117.85        2     0.00000
    -117.69        2     0.00000
    -117.55        2     0.00000
    -117.39        2     0.00000
    -117.25        2     0.00000
    -117.10        2     0.00000
    -116.94        2     0.00000
    -116.80        2     0.00000
    -116.64        2     0.00000
    -116.50        2     0.00000
    -116.35        2     0.00000
    -116.19        2     0.00000
    -116.05        2     0.00000
    -115.89        2     0.00000
    -115.75        2     0.00000
    -115.60        2     0.00000
    -115.44        2     0.00000
    -115.30        2     0.00000
    -115.14        2     0.00000
    -115.00        2     0.00000
    -114.85        2     0.00000
    -114.69        2     0.00000
    -114.55        2     0.00000
    -114.39        2     0.00000
    -114.25        2     0.00000
    -114.10        2     0.00000
    -113.94        2     0.00000
    -113.80        2     0.00000
    -113.64        2     0.00000
    -113.50        2     0.00000
    -113.35        2     0.00000
    -113.19        2     0.00000
    -113.05        2     0.00000
    -112.89        2     0.00000
    -112.75        2     0.00000
    -112.60        2     0.00000
    -112.44        2     0.00000
    -112.30        2     0.00000
    -112.14        2     0.00000
    -112.00        2     0.00000
    -111.85        2     0.00000
    -111.69        2     0.00000
    -111.55        2     0.00000
    -111.39        2     0.00000
    -111.25        2     0.00000
    -111.10        2     0.00000
    -110.94        2     0.00000
    -110.80        2     0.00000
    -110.64        2     0.00000
    -110.50        2     0.00000
    -110.35        2     0.00000
    -110.19        2     0.00000
    -110.05        2     0.00000
    -109.89        2     0.00000
    -109.75        2     0.00000
    -109.60        2     0.00000
    -109.44        2     0.00000
    -109.30        2     0.00000
    -109.14        2     0.00000
    -109.00        2     0.00000
    -108.85        2     0.00000
    -108.69        2     0.00000
    -108.55        2     0.00000
    -108.39        2     0.00000
    -108.25        2     0.00000
    -108.10        2     0.00000
    -107.94        2     0.00000
    -107.80        2     0.00000
    -107.64        2     0.00000
    -107.50        2     0.00000
    -107.35        2     0.00000
    -107.19        2     0.00000
    -107.05        2     0.00000
    -106.89        2     0.00000
    -106.75        2     0.00000
    -106.60        2     0.00000
    -106.44        2     0.00000
    -106.30        2     0.00000
    -106.14        2     0.00000
    -106.00        2     0.00000
    -105.85        2     0.00000
    -105.69        2     0.00000
    -105.55        2     0.00000
    -105.39        2     0.00000
    -105.25        2     0.00000
    -105.10        2     0.00000
    -104.94        2     0.00000
    -104.80        2     0.00000
    -104.64        2     0.00000
    -104.50        2     0.00000
    -104.35        2     0.00000
    -104.19        2     0.00000
    -104.05        2     0.00000
    -103.89        2     0.00000
    -103.75        2     0.00000
    -103.60        2     0.00000
    -103.44        2     0.00000
    -103.30        2     0.00000
    -103.14        2     0.00000
    -103.00        2     0.00000
    -102.85        2     0.00000
    -102.69        2     0.00000
    -102.55        2     0.00000
    -102.39        2     0.00000
    -102.25        2     0.00000
    -102.10        2     0.00000
    -101.94        2     0.00000
    -101.80        2     0.00000
    -101.64        2     0.00000
    -101.50        2     0.00000
    -101.35        2     0.00000
    -101.19        2     0.00000
    -101.05        2     0.00000
    -100.89        2     0.00000
    -100.75        2     0.00000
    -100.60        2     0.00000
    -100.44        2     0.00000
    -100.30        2     0.00000
    -100.14        2     0.00000
    -99.995        2     0.00000
    -99.845        2     0.00000
    -99.695        2     0.00000
    -99.545        2     0.00000
    -99.395        2     0.00000
    -99.245        2     0.00000
    -99.095        2     0.00000
    -98.945        2     0.00000
    -98.795        2     0.00000
    -98.645        2     0.00000
    -98.495        2     0.00000
    -98.345        2     0.00000
    -98.195        2     0.00000
    -98.045        2     0.00000
    -97.895        2     0.00000
    -97.745        2     0.00000
    -97.595        2     0.00000
    -97.445        2     0.00000
    -97.295        2     0.00000
    -97.145        2     0.00000
    -96.995        2     0.00000
    -96.845        2     0.00000
    -96.695        2     0.00000
    -96.545        2     0.00000
    -96.395        2     0.00000
    -96.245        2     0.00000
    -96.095        2     0.00000
    -95.945        2     0.00000
    -95.795        2     0.00000
    -95.645        2     0.00000
    -95.495        2     0.00000
    -95.345        2     0.00000
    -95.195        2     0.00000
    -95.045        2     0.00000
    -94.895        2     0.00000
    -94.745        2     0.00000
    -94.595        2     0.00000
    -94.445        2     0.00000
    -94.295        2     0.00000
    -94.145        2     0.00000
    -93.995        2     0.00000
    -93.845        2     0.00000
    -93.695        2     0.00000
    -93.545        2     0.00000
    -93.395        2     0.00000
    -93.245        2     0.00000
    -93.095        2     0.00000
    -92.945        2     0.00000
    -92.795        2     0.00000
    -92.645        2     0.00000
    -92.495        2     0.00000
    -92.345        2     0.00000
    -92.195        2     0.00000
    -92.045        2     0.00000
    -91.895        2     0.00000
    -91.745        2     0.00000
    -91.595        2     0.00000
    -91.445        2     0.00000
    -91.295        2     0.00000
    -91.145        2     0.00000
    -90.995        2     0.00000
    -90.845        2     0.00000
    -90.695        2     0.00000
    -90.545        2     0.00000
    -90.395        2     0.00000
    -90.245        2     0.00000
    -90.095        2     0.00000
    -89.945        2     0.00000
    -89.795        2     0.00000
    -89.645        2     0.00000
    -89.495        2     0.00000
    -89.345        2     0.00000
    -89.195        2     0.00000
    -89.045        2     0.00000
    -88.895        2     0.00000
    -88.745        2     0.00000
    -88.595        2     0.00000
    -88.445        2     0.00000
    -88.295        2     0.00000
    -88.145        2     0.00000
    -87.995        2     0.00000
    -87.845        2     0.00000
    -87.695        2     0.00000
    -87.545        2     0.00000
    -87.395        2     0.00000
    -87.245        2     0.00000
    -87.095        2     0.00000
    -86.945        2     0.00000
    -86.795        2     0.00000
    -86.645        2     0.00000
    -86.495        2     0.00000
    -86.345        2     0.00000
    -86.195        2     0.00000
    -86.045        2     0.00000
    -85.895        2     0.00000
    -85.745        2     0.00000
    -85.595        2     0.00000
    -85.445        2     0.00000
    -85.295        2     0.00000
    -85.145        2     0.00000
    -84.995        2     0.00000
    -84.845        2     0.00000
    -84.695        2     0.00000
    -84.545        2     0.00000
    -84.395        2     0.00000
    -84.245        2     0.00000
    -84.095        2     0.00000
    -83.945        2     0.00000
    -83.795        2     0.00000
    -83.645        2     0.00000
    -83.495        2     0.00000
    -83.345        2     0.00000
    -83.195        2     0.00000
    -83.045        2     0.00000
    -82.895        2     0.00000
    -82.745        2     0.00000
    -82.595        2     0.00000
    -82.445        2     0.00000
    -82.295        2     0.00000
    -82.145        2     0.00000
    -81.995        2     0.00000
    -81.845        2     0.00000
    -81.695        2     0.00000
    -81.545        2     0.00000
    -81.395        2     0.00000
    -81.245        2     0.00000
    -81.095        2     0.00000
    -80.945        2     0.00000
    -80.795        2     0.00000
    -80.645        2     0.00000
    -80.495        2     0.00000
    -80.345        2     0.00000
    -80.195        2     0.00000
    -80.045        2     0.00000
    -79.895        2     0.00000
    -79.745        2     0.00000
    -79.595        2     0.00000
    -79.445        2     0.00000
    -79.295        2     0.00000
    -79.145        2     0.00000
    -78.995        2     0.00000
    -78.845        2     0.00000
    -78.695        2     0.00000
    -78.545        2     0.00000
    -78.395        2     0.00000
    -78.245        2     0.00000
    -78.095        2     0.00000
    -77.945        2     0.00000
    -77.795        2     0.00000
    -77.645        2     0.00000
    -77.495        2     0.00000
    -77.345        2     0.00000
    -77.195        2     0.00000
    -77.045        2     0.00000
    -76.895        2     0.00000
    -76.745        2     0.00000
    -76.595        2     0.00000
    -76.445        2     0.00000
    -76.295        2     0.00000
    -76.145        2     0.00000
    -75.995        2     0.00000
    -75.845        2     0.00000
    -75.695        2     0.00000
    -75.545        2     0.00000
    -75.395        2     0.00000
    -75.245        2     0.00000
    -75.095        2     0.00000
    -74.945        2     0.00000
    -74.795        2     0.00000
    -74.645        2     0.00000
    -74.495        2     0.00000
    -74.345        2     0.00000
    -74.195        2     0.00000
    -74.045        2     0.00000
    -73.895        2     0.00000
    -73.745        2     0.00000
    -73.595        2     0.00000
    -73.445        2     0.00000
    -73.295        2     0.00000
    -73.145        2     0.00000
    -72.995        2     0.00000
    -72.845        2     0.00000
    -72.695        2     0.00000
    -72.545        2     0.00000
    -72.395        2     0.00000
    -72.245        2     0.00000
    -72.095        2     0.00000
    -71.945        2     0.00000
    -71.795        2     0.00000
    -71.645        2     0.00000
    -71.495        2     0.00000
    -71.345        2     0.00000
    -71.195        2     0.00000
    -71.045        2     0.00000
    -70.895        2     0.00000
    -70.745        2     0.00000
    -70.595        2     0.00000
    -70.445        2     0.00000
    -70.295        2     0.00000
    -70.145        2     0.00000
    -69.995        2     0.00000
    -69.845        2     0.00000
    -69.695        2     0.00000
    -69.545        2     0.00000
    -69.395        2     0.00000
    -69.245        2     0.00000
    -69.095        2     0.00000
    -68.945        2     0.00000
    -68.795        2     0.00000
    -68.645        2     0.00000
    -68.495        2     0.00000
    -68.345        2     0.00000
    -68.195        2     0.00000
    -68.045        2     0.00000
    -67.895        2     0.00000
    -67.745        2     0.00000
    -67.595        2     0.00000
    -67.445        2     0.00000
    -67.295        2     0.00000
    -67.145        2     0.00000
    -66.995        2     0.00000
    -66.845        2     0.00000
    -66.695        2     0.00000
    -66.545        2     0.00000
    -66.395        2     0.00000
    -66.245        2     0.00000
    -66.095        2     0.00000
    -65.945        2     0.00000
    -65.795        2     0.00000
    -65.645        2     0.00000
    -65.495        2     0.00000
    -65.345        2     0.00000
    -65.195        2     0.00000
    -65.045        2     0.00000
    -64.895        2     0.00000
    -64.745        2     0.00000
    -64.595        2     0.00000
    -64.445        2     0.00000
    -64.295        2     0.00000
    -64.145        2     0.00000
    -63.995        2     0.00000
    -63.845        2     0.00000
    -63.695        2     0.00000
    -63.545        2     0.00000
    -63.395        2     0.00000
    -63.245        2     0.00000
    -63.095        2     0.00000
    -62.945        2     0.00000
    -62.795        2     0.00000
    -62.645        2     0.00000
    -62.495        2     0.00000
    -62.345        2     0.00000
    -62.195        2     0.00000
    -62.045        2     0.00000
    -61.895        2     0.00000
    -61.745        2     0.00000
    -61.595        2     0.00000
    -61.445        2     0.00000
    -61.295        2     0.00000
    -61.145        2     0.00000
    -60.995        2     0.00000
    -60.845        2     0.00000
    -60.695        2     0.00000
    -60.545        2     0.00000
    -60.395        2     0.00000
    -60.245        2     0.00000
    -60.095        2     0.00000
    -59.945        2     0.00000
    -59.795        2     0.00000
    -59.645        2     0.00000
    -59.495        2     0.00000
    -59.345        2     0.00000
    -59.195        2     0.00000
    -59.045        2     0.00000
    -58.895        2     0.00000
    -58.745        2     0.00000
    -58.595        2     0.00000
    -58.445        2     0.00000
    -58.295        2     0.00000
    -58.145        2     0.00000
    -57.995        2     0.00000
    -57.845        2     0.00000
    -57.695        2     0.00000
    -57.545        2     0.00000
    -57.395        2     0.00000
    -57.245        2     0.00000
    -57.095        2     0.00000
    -56.945        2     0.00000
    -56.795        2     0.00000
    -56.645        2     0.00000
    -56.495        2     0.00000
    -56.345        2     0.00000
    -56.195        2     0.00000
    -56.045        2     0.00000
    -55.895        2     0.00000
    -55.745        2     0.00000
    -55.595        2     0.00000
    -55.445        2     0.00000
    -55.295        2     0.00000
    -55.145        2     0.00000
    -54.995        2     0.00000
    -54.845        2     0.00000
    -54.695        2     0.00000
    -54.545        2     0.00000
    -54.395        2     0.00000
    -54.245        2     0.00000
    -54.095        2     0.00000
    -53.945        2     0.00000
    -53.795        2     0.00000
    -53.645        2     0.00000
    -53.495        2     0.00000
    -53.345        2     0.00000
    -53.195        2     0.00000
    -53.045        2     0.00000
    -52.895        2     0.00000
    -52.745        2     0.00000
    -52.595        2     0.00000
    -52.445        2     0.00000
    -52.295        2     0.00000
    -52.145        2     0.00000
    -51.995        2     0.00000
    -51.845        2     0.00000
    -51.695        2     0.00000
    -51.545        2     0.00000
    -51.395        2     0.00000
    -51.245        2     0.00000
    -51.095        2     0.00000
    -50.945        2     0.00000
    -50.795        2     0.00000
    -50.645        2     0.00000
    -50.495        2     0.00000
    -50.345        2     0.00000
    -50.195        2     0.00000
    -50.045        2     0.00000
    -49.895        2     0.00000
    -49.745        2     0.00000
    -49.595        2     0.00000
    -49.445        2     0.00000
    -49.295        2     0.00000
    -49.145        2     0.00000
    -48.995        2     0.00000
    -48.845        2     0.00000
    -48.695        2     0.00000
    -48.545        2     0.00000
    -48.395        2     0.00000
    -48.245        2     0.00000
    -48.095        2     0.00000
    -47.945        2     0.00000
    -47.795        2     0.00000
    -47.645        2     0.00000
    -47.495        2     0.00000
    -47.345        2     0.00000
    -47.195        2     0.00000
    -47.045        2     0.00000
    -46.895        2     0.00000
    -46.745        2     0.00000
    -46.595        2     0.00000
    -46.445        2     0.00000
    -46.295        2     0.00000
    -46.145        2     0.00000
    -45.995        2     0.00000
    -45.845        2     0.00000
    -45.695        2     0.00000
    -45.545        2     0.00000
    -45.395        2     0.00000
    -45.245        2     0.00000
    -45.095        2     0.00000
    -44.945        2     0.00000
    -44.795        2     0.00000
    -44.645        2     0.00000
    -44.495        2     0.00000
    -44.345        2     0.00000
    -44.195        2     0.00000
    -44.045        2     0.00000
    -43.895        2     0.00000
    -43.745        2     0.00000
    -43.595        2     0.00000
    -43.445        2     0.00000
    -43.295        2     0.00000
    -43.145        2     0.00000
    -42.995        2     0.00000
    -42.845        2     0.00000
    -42.695        2     0.00000
    -42.545        2     0.00000
    -42.395        2     0.00000
    -42.245        2     0.00000
    -42.095        2     0.00000
    -41.945        2     0.00000
    -41.795        2     0.00000
    -41.645        2     0.00000
    -41.495        2     0.00000
    -41.345        2     0.00000
    -41.195        2     0.00000
    -41.045        2     0.00000
    -40.895        2     0.00000
    -40.745        2     0.00000
    -40.595        2     0.00000
    -40.445        2     0.00000
    -40.295        2     0.00000
    -40.145        2     0.00000
    -39.995        2     0.00000
    -39.845        2     0.00000
    -39.695        2     0.00000
    -39.545        2     0.00000
    -39.395        2     0.00000
    -39.245        2     0.00000
    -39.095        2     0.00000
    -38.945        2     0.00000
    -38.795        2     0.00000
    -38.645        2     0.00000
    -38.495        2     0.00000
    -38.345        2     0.00000
    -38.195        2     0.00000
    -38.045        2     0.00000
    -37.895        2     0.00000
    -37.745        2     0.00000
    -37.595        2     0.00000
    -37.445        2     0.00000
    -37.295        2     0.00000
    -37.145        2     0.00000
    -36.995        2     0.00000
    -36.845        2     0.00000
    -36.695        2     0.00000
    -36.545        2     0.00000
    -36.395        2     0.00000
    -36.245        2     0.00000
    -36.095        2     0.00000
    -35.945        2     0.00000
    -35.795        2     0.00000
    -35.645        2     0.00000
    -35.495        2     0.00000
    -35.345        2     0.00000
    -35.195        2     0.00000
    -35.045        2     0.00000
    -34.895        2     0.00000
    -34.745        2     0.00000
    -34.595        2     0.00000
    -34.445        2     0.00000
    -34.295        2     0.00000
    -34.145        2     0.00000
    -33.995        2     0.00000
    -33.845        2     0.00000
    -33.695        2     0.00000
    -33.545        2     0.00000
    -33.395        2     0.00000
    -33.245        2     0.00000
    -33.095        2     0.00000
    -32.945        2     0.00000
    -32.795        2     0.00000
    -32.645        2     0.00000
    -32.495        2     0.00000
    -32.345        2     0.00000
    -32.195        2     0.00000
    -32.045        2     0.00000
    -31.895        2     0.00000
    -31.745        2     0.00000
    -31.595        2     0.00000
    -31.445        2     0.00000
    -31.295        2     0.00000
    -31.145        2     0.00000
    -30.995        2     0.00000
    -30.845        2     0.00000
    -30.695        2     0.00000
    -30.545        2     0.00000
    -30.395        2     0.00000
    -30.245        2     0.00000
    -30.095        2     0.00000
    -29.945        2     0.00000
    -29.795        2     0.00000
    -29.645        2     0.00000
    -29.495        2     0.00000
    -29.345        2     0.00000
    -29.195        2     0.00000
    -29.045        2     0.00000
    -28.895        2     0.00000
    -28.745        2     0.00000
    -28.595        2     0.00000
    -28.445        2     0.00000
    -28.295        2     0.00000
    -28.145        2     0.00000
    -27.995        2     0.00000
    -27.845        2     0.00000
    -27.695        2     0.00000
    -27.545        2     0.00000
    -27.395        2     0.00000
    -27.245        2     0.00000
    -27.095        2     0.00000
    -26.945        2     0.00000
    -26.795        2     0.00000
    -26.645        2     0.00000
    -26.495        2     0.00000
    -26.345        2     0.00000
    -26.195        2     0.00000
    -26.045        2     0.00000
    -25.895        2     0.00000
    -25.745        2     0.00000
    -25.595        2     0.00000
    -25.445        2     0.00000
    -25.295        2     0.00000
    -25.145        2     0.00000
    -24.995        2     0.00000
    -24.845        2     0.00000
    -24.695        2     0.00000
    -24.545        2     0.00000
    -24.395        2     0.00000
    -24.245        2     0.00000
    -24.095        2     0.00000
    -23.945        2     0.00000
    -23.795        2     0.00000
    -23.645        2     0.00000
    -23.495        2     0.00000
    -23.345        2     0.00000
    -23.195        2     0.00000
    -23.045        2     0.00000
    -22.895        2     0.00000
    -22.745        2     0.00000
    -22.595        2     0.00000
    -22.445        2     0.00000
    -22.295        2     0.00000
    -22.145        2     0.00000
    -21.995        2     0.00000
    -21.845        2     0.00000
    -21.695        2     0.00000
    -21.545        2     0.00000
    -21.395        2     0.00000
    -21.245        2     0.00000
    -21.095        2     0.00000
    -20.945        2     0.00000
    -20.795        2     0.00000
    -20.645        2     0.00000
    -20.495        2     0.00000
    -20.345        2     0.00000
    -20.195        2     0.00000
    -20.045        2     0.00000
    -19.895        2     0.00000
    -19.745        2     0.00000
    -19.595        2     0.00000
    -19.445        2     0.00000
    -19.295        2     0.00000
    -19.145        2     0.00000
    -18.995        2     0.00000
    -18.845        2     0.00000
    -18.695        2     0.00000
    -18.545        2     0.00000
    -18.395        2     0.00000
    -18.245        2     0.00000
    -18.095        2     0.00000
    -17.945        2     0.00000
    -17.795        2     0.00000
    -17.645        2     0.00000
    -17.495        2     0.00000
    -17.345        2     0.00000
    -17.195        2     0.00000
    -17.045        2     0.00000
    -16.895        2     0.00000
    -16.745        2     0.00000
    -16.595        2     0.00000
    -16.445        2     0.00000
    -16.295        2     0.00000
    -16.145        2     0.00000
    -15.995        2     0.00000
    -15.845        2     0.00000
    -15.695        2    -0.00044
    -15.545        2    -0.00693
    -15.395        2    -0.03302
    -15.245        2    -0.08341
    -15.095        2    -0.16229
    -14.945        2    -0.27394
    -14.795        2    -0.41194
    -14.645        2    -0.57984
    -14.495        2    -0.77114
    -14.345        2    -0.98397
    -14.195        2    -1.23226
    -14.045        2    -1.51430
    -13.895        2    -1.85697
    -13.745        2    -2.27026
    -13.595        2    -2.75735
    -13.445        2    -3.29277
    -13.295        2    -3.90937
    -13.145        2    -4.57799
    -12.995        2    -5.31857
    -12.845        2    -6.10509
    -12.695        2    -6.92869
    -12.545        2    -7.79665
    -12.395        2    -8.66397
    -12.245        2    -9.58462
    -12.095        2   -10.53711
    -11.945        2   -11.52044
    -11.795        2   -12.56027
    -11.645        2   -13.65286
    -11.495        2   -14.77246
    -11.345        2   -15.94112
    -11.195        2   -17.14955
    -11.045        2   -18.37296
    -10.895        2   -19.60013
    -10.745        2   -20.85027
    -10.595        2   -22.09095
    -10.445        2   -23.32226
    -10.295        2   -24.57408
    -10.145        2   -25.86080
    -9.9950        2   -27.15482
    -9.8450        2   -28.51631
    -9.6950        2   -29.86757
    -9.5450        2   -31.25336
    -9.3950        2   -32.68126
    -9.2450        2   -34.12741
    -9.0950        2   -35.59367
    -8.9450        2   -37.10378
    -8.7950        2   -38.63868
    -8.6450        2   -40.19255
    -8.4950        2   -41.79375
    -8.3450        2   -43.41610
    -8.1950        2   -45.11102
    -8.0450        2   -46.86106
    -7.8950        2   -48.68354
    -7.7450        2   -50.60362
    -7.5950        2   -52.58661
    -7.4450        2   -54.64908
    -7.2950        2   -56.77655
    -7.1450        2   -58.95715
    -6.9950        2   -61.18439
    -6.8450        2   -63.46494
    -6.6950        2   -65.76819
    -6.5450        2   -68.09876
    -6.3950        2   -70.43297
    -6.2450        2   -72.75005
    -6.0950        2   -75.06845
    -5.9450        2   -77.36638
    -5.7950        2   -79.66124
    -5.6450        2   -81.92818
    -5.4950        2   -84.17190
    -5.3450        2   -86.39845
    -5.1950        2   -88.58906
    -5.0450        2   -90.79132
    -4.8950        2   -92.99644
    -4.7450        2   -95.21718
    -4.5950        2   -97.44537
    -4.4450        2   -99.69452
    -4.2950        2  -101.96901
    -4.1450        2  -104.27831
    -3.9950        2  -106.63565
    -3.8450        2  -109.02341
    -3.6950        2  -111.48102
    -3.5450        2  -113.98592
    -3.3950        2  -116.57335
    -3.2450        2  -119.24536
    -3.0950        2  -122.03137
    -2.9450        2  -124.96748
    -2.7950        2  -128.07887
    -2.6450        2  -131.42036
    -2.4950        2  -135.02728
    -2.3450        2  -138.94125
    -2.1950        2  -143.25475
    -2.0450        2  -148.08130
    -1.8950        2  -153.52568
    -1.7450        2  -159.69932
    -1.5950        2  -166.67421
    -1.4450        2  -174.52606
    -1.2950        2  -183.24639
    -1.1450        2  -192.78872
   -0.99500        2  -202.95451
   -0.84500        2  -213.59879
   -0.69500        2  -224.60512
   -0.54500        2  -236.09377
   -0.39500        2  -248.69057
   -0.25300        2  -257.97876
   -0.21500        2  -258.60229
   -0.20900        2  -259.23473
   -0.20300        2  -259.87488
   -0.19700        2  -260.52401
   -0.19100        2  -261.18303
   -0.18500        2  -261.85031
   -0.17900        2  -262.52868
   -0.17300        2  -263.21565
   -0.16700        2  -263.91307
   -0.16100        2  -264.62295
   -0.15500        2  -265.34664
   -0.14900        2  -266.08307
   -0.14300        2  -266.83277
   -0.13700        2  -267.59784
   -0.13100        2  -268.37870
   -0.12500        2  -269.17758
   -0.11900        2  -269.99516
   -0.11300        2  -270.83297
   -0.10700        2  -271.69120
   -0.10100        2  -272.57516
   -0.95000E-01    2  -273.48680
   -0.89000E-01    2  -274.42668
   -0.83000E-01    2  -275.40080
   -0.77000E-01    2  -276.41275
   -0.71000E-01    2  -277.46903
   -0.65000E-01    2  -278.57728
   -0.59000E-01    2  -279.74660
   -0.53000E-01    2  -280.99138
   -0.47000E-01    2  -282.32987
   -0.41000E-01    2  -283.79181
   -0.35000E-01    2  -285.42222
   -0.29000E-01    2  -287.29873
   -0.23000E-01    2  -289.58971
   -0.19700E-01    2  -289.84857
   -0.19100E-01    2  -290.11446
   -0.18500E-01    2  -290.38816
   -0.17900E-01    2  -290.67019
   -0.17300E-01    2  -290.96124
   -0.16700E-01    2  -291.26149
   -0.16100E-01    2  -291.57165
   -0.15500E-01    2  -291.89327
   -0.14900E-01    2  -292.22619
   -0.14300E-01    2  -292.57144
   -0.13700E-01    2  -292.92978
   -0.13100E-01    2  -293.30172
   -0.12500E-01    2  -293.68858
   -0.11900E-01    2  -294.09092
   -0.11300E-01    2  -294.51040
   -0.10700E-01    2  -294.94922
   -0.10100E-01    2  -295.40901
   -0.95000E-02    2  -295.89199
   -0.89000E-02    2  -296.40030
   -0.83000E-02    2  -296.93735
   -0.77000E-02    2  -297.50663
   -0.71000E-02    2  -298.11509
   -0.65000E-02    2  -298.77405
   -0.59000E-02    2  -299.49504
   -0.53000E-02    2  -300.27696
   -0.47000E-02    2  -301.12029
   -0.41000E-02    2  -302.02541
   -0.35000E-02    2  -302.99060
   -0.29000E-02    2  -303.99051
   -0.23000E-02    2  -304.96073
   -0.17000E-02    2  -305.79645
   -0.11000E-02    2  -306.39951
   -0.50000E-03    2  -306.69223
    0.10000E-03    2  -306.63511
    0.70000E-03    2  -306.23457
    0.13000E-02    2  -305.54494
    0.19000E-02    2  -304.65280
    0.25000E-02    2  -303.66290
    0.31000E-02    2  -302.67099
    0.37000E-02    2  -301.72569
    0.43000E-02    2  -300.84319
    0.49000E-02    2  -300.02261
    0.55000E-02    2  -299.26307
    0.61000E-02    2  -298.56459
    0.67000E-02    2  -297.92588
    0.73000E-02    2  -297.33293
    0.79000E-02    2  -296.77678
    0.85000E-02    2  -296.25172
    0.91000E-02    2  -295.75414
    0.97000E-02    2  -295.28128
    0.10300E-01    2  -294.83085
    0.10900E-01    2  -294.40113
    0.11500E-01    2  -293.98958
    0.12100E-01    2  -293.59523
    0.12700E-01    2  -293.21622
    0.13300E-01    2  -292.85167
    0.13900E-01    2  -292.50047
    0.14500E-01    2  -292.16213
    0.15100E-01    2  -291.83606
    0.15700E-01    2  -291.52175
    0.16300E-01    2  -291.21799
    0.16900E-01    2  -290.92476
    0.17500E-01    2  -290.64096
    0.18100E-01    2  -290.36591
    0.18700E-01    2  -290.09900
    0.19300E-01    2  -289.83999
    0.20200E-01    2  -288.90015
    0.25000E-01    2  -286.84515
    0.31000E-01    2  -285.15194
    0.37000E-01    2  -283.68706
    0.43000E-01    2  -282.38627
    0.49000E-01    2  -281.21316
    0.55000E-01    2  -280.14230
    0.61000E-01    2  -279.15598
    0.67000E-01    2  -278.24016
    0.73000E-01    2  -277.38480
    0.79000E-01    2  -276.58207
    0.85000E-01    2  -275.82611
    0.91000E-01    2  -275.11036
    0.97000E-01    2  -274.43112
    0.10300        2  -273.78620
    0.10900        2  -273.17008
    0.11500        2  -272.57897
    0.12100        2  -272.01345
    0.12700        2  -271.47048
    0.13300        2  -270.94853
    0.13900        2  -270.44583
    0.14500        2  -269.96136
    0.15100        2  -269.49299
    0.15700        2  -269.04051
    0.16300        2  -268.60241
    0.16900        2  -268.17687
    0.17500        2  -267.76657
    0.18100        2  -267.36728
    0.18700        2  -266.97893
    0.19300        2  -266.60183
    0.19900        2  -266.23723
    0.20500        2  -265.88045
    0.21100        2  -265.53297
    0.21700        2  -265.19505
    0.29500        2  -258.46535
    0.44500        2  -254.09806
    0.59500        2  -250.77672
    0.74500        2  -248.02227
    0.89500        2  -245.62293
     1.0450        2  -243.48221
     1.1950        2  -241.53225
     1.3450        2  -239.74896
     1.4950        2  -238.09302
     1.6450        2  -236.59067
     1.7950        2  -235.19921
     1.9450        2  -233.94296
     2.0950        2  -232.78401
     2.2450        2  -231.69261
     2.3950        2  -230.68951
     2.5450        2  -229.76484
     2.6950        2  -228.92083
     2.8450        2  -228.12461
     2.9950        2  -227.36267
     3.1450        2  -226.66723
     3.2950        2  -226.01119
     3.4450        2  -225.38753
     3.5950        2  -224.80236
     3.7450        2  -224.22830
     3.8950        2  -223.69623
     4.0450        2  -223.19577
     4.1950        2  -222.70978
     4.3450        2  -222.22964
     4.4950        2  -221.77931
     4.6450        2  -221.35575
     4.7950        2  -220.95214
     4.9450        2  -220.55967
     5.0950        2  -220.17556
     5.2450        2  -219.80193
     5.3950        2  -219.42951
     5.5450        2  -219.07844
     5.6950        2  -218.72820
     5.8450        2  -218.39304
     5.9950        2  -218.06776
     6.1450        2  -217.75385
     6.2950        2  -217.44429
     6.4450        2  -217.13934
     6.5950        2  -216.83525
     6.7450        2  -216.53279
     6.8950        2  -216.24935
     7.0450        2  -215.96932
     7.1950        2  -215.69904
     7.3450        2  -215.43456
     7.4950        2  -215.17686
     7.6450        2  -214.91978
     7.7950        2  -214.66932
     7.9450        2  -214.41445
     8.0950        2  -214.16956
     8.2450        2  -213.93382
     8.3950        2  -213.69849
     8.5450        2  -213.46773
     8.6950        2  -213.23463
     8.8450        2  -213.01768
     8.9950        2  -212.79586
     9.1450        2  -212.57586
     9.2950        2  -212.36365
     9.4450        2  -212.14706
     9.5950        2  -211.94140
     9.7450        2  -211.74330
     9.8950        2  -211.54457
     10.045        2  -211.35029
     10.195        2  -211.16089
     10.345        2  -210.96321
     10.495        2  -210.77416
     10.645        2  -210.58556
     10.795        2  -210.39805
     10.945        2  -210.21984
     11.095        2  -210.03967
     11.245        2  -209.86428
     11.395        2  -209.68265
     11.545        2  -209.51350
     11.695        2  -209.34663
     11.845        2  -209.17647
     11.995        2  -209.01004
     12.145        2  -208.84915
     12.295        2  -208.68146
     12.445        2  -208.52395
     12.595        2  -208.36860
     12.745        2  -208.21501
     12.895        2  -208.05489
     13.045        2  -207.90896
     13.195        2  -207.75705
     13.345        2  -207.61315
     13.495        2  -207.47353
     13.645        2  -207.33302
     13.795        2  -207.19001
     13.945        2  -207.05193
     14.095        2  -206.91613
     14.245        2  -206.77730
     14.395        2  -206.64031
     14.545        2  -206.50985
     14.695        2  -206.37188
     14.845        2  -206.23875
     14.995        2  -206.10373
     15.145        2  -205.96707
     15.295        2  -205.83949
     15.445        2  -205.70915
     15.595        2  -205.57790
     15.745        2  -205.45184
     15.895        2  -205.32109
     16.045        2  -205.19894
     16.195        2  -205.07504
     16.345        2  -204.95422
     16.495        2  -204.83428
     16.645        2  -204.71057
     16.795        2  -204.59209
     16.945        2  -204.47549
     17.095        2  -204.36068
     17.245        2  -204.24260
     17.395        2  -204.12925
     17.545        2  -204.01367
     17.695        2  -203.90242
     17.845        2  -203.79347
     17.995        2  -203.68298
     18.145        2  -203.57190
     18.295        2  -203.46071
     18.445        2  -203.35590
     18.595        2  -203.24661
     18.745        2  -203.14124
     18.895        2  -203.03416
     19.045        2  -202.93275
     19.195        2  -202.83089
     19.345        2  -202.72163
     19.495        2  -202.61783
     19.645        2  -202.51663
     19.795        2  -202.41516
     19.945        2  -202.31309
     20.095        2  -202.21552
     21.836        2  -199.16713
     30.068        2  -194.64710
     42.097        2  -190.16630
     58.937        2  -185.68092
     82.515        2  -181.26610
     115.53        2  -176.91616
     161.74        2  -172.62043
     226.45        2  -168.38875
     317.04        2  -164.21860
     443.87        2  -160.12296
     621.44        2  -156.09050
     870.05        2  -152.15648
     1218.1        2  -148.29715
     1705.4        2  -144.51181
     2387.7        2  -140.81885
     3342.9        2  -137.23215
     4680.2        2  -133.73924
     6552.5        2  -130.33908
     9173.8        2  -127.03485
     12844.        2  -123.82575
     17982.        2  -120.72286
     25176.        2  -117.72076
     35247.        2  -114.81151
     49348.        2  -112.01804
     69090.        2  -109.34960
     96729.        2  -106.80532
    0.13543E+06    2  -104.36281
    0.18960E+06    2  -102.03964
    0.26545E+06    2   -99.82707
    0.37165E+06    2   -97.70459
    0.52033E+06    2   -95.69845
    0.72849E+06    2   -93.79463
    0.10199E+07    2   -91.98213
    0.14279E+07    2   -90.24573
    0.19992E+07    2   -88.58992
    0.27990E+07    2   -87.01984
    0.39187E+07    2   -85.53205
    0.54864E+07    2   -84.11306
    0.76812E+07    2   -82.76314
    0.10754E+08    2   -81.49151
    0.15056E+08    2   -80.26771
    0.21080E+08    2   -79.11759
    0.29513E+08    2   -78.02482
    0.41319E+08    2   -76.99528
    0.57849E+08    2   -76.03524
    0.80991E+08    2   -75.14394
    0.11339E+09    2   -74.31651
    0.15875E+09    2   -73.54469
    0.22226E+09    2   -72.82671
    0.31118E+09    2   -72.14896
    0.43567E+09    2   -71.52206
    0.60996E+09    2   -70.94405
    0.85398E+09    2   -70.42310
    0.11956E+10    2   -69.94372
    0.16739E+10    2   -69.50815
    0.23436E+10    2   -69.10797
    0.32811E+10    2   -68.74188
    0.45937E+10    2   -68.40262
    0.64315E+10    2   -68.09418
    0.90044E+10    2   -67.80610
    0.12607E+11    2   -67.54632
    0.17650E+11    2   -67.30274
    0.24711E+11    2   -67.08059
    0.34596E+11    2   -66.87732
    0.48437E+11    2   -66.68792
    0.67814E+11    2   -66.51284
    0.10000E+12    2   -64.52992
