    -29.945         0.00000
    -29.795         0.00000
    -29.645         0.00000
    -29.495         0.00000
    -29.345         0.00000
    -29.195         0.00000
    -29.045         0.00000
    -28.895         0.00000
    -28.745         0.00000
    -28.595         0.00000
    -28.445         0.00000
    -28.295         0.00000
    -28.145         0.00000
    -27.995         0.00000
    -27.845         0.00000
    -27.695         0.00000
    -27.545         0.00000
    -27.395         0.00000
    -27.245         0.00000
    -27.095         0.00000
    -26.945         0.00000
    -26.795         0.00000
    -26.645         0.00000
    -26.495         0.00000
    -26.345         0.00000
    -26.195         0.00000
    -26.045         0.00000
    -25.895         0.00000
    -25.745         0.00000
    -25.595         0.00000
    -25.445         0.00000
    -25.295         0.00000
    -25.145         0.00000
    -24.995         0.00000
    -24.845         0.00000
    -24.695         0.00000
    -24.545         0.00000
    -24.395         0.00000
    -24.245         0.00000
    -24.095         0.00000
    -23.945         0.00000
    -23.795         0.00000
    -23.645         0.00000
    -23.495         0.00000
    -23.345         0.00000
    -23.195         0.00000
    -23.045         0.00000
    -22.895         0.00000
    -22.745         0.00000
    -22.595         0.00000
    -22.445         0.00000
    -22.295         0.00000
    -22.145         0.00000
    -21.995         0.00000
    -21.845         0.00000
    -21.695         0.00000
    -21.545         0.00000
    -21.395         0.00000
    -21.245         0.00000
    -21.095         0.00000
    -20.945         0.00000
    -20.795         0.00000
    -20.645         0.00000
    -20.495         0.00000
    -20.345         0.00000
    -20.195         0.00000
    -20.045         0.00000
    -19.895         0.00000
    -19.745         0.00000
    -19.595         0.00000
    -19.445         0.00000
    -19.295         0.00000
    -19.145         0.00000
    -18.995         0.00000
    -18.845         0.00000
    -18.695         0.00000
    -18.545         0.00000
    -18.395         0.00000
    -18.245         0.00000
    -18.095         0.00000
    -17.945         0.00000
    -17.795         0.00000
    -17.645         0.00000
    -17.495         0.00000
    -17.345         0.00000
    -17.195         0.00000
    -17.045         0.00000
    -16.895         0.00000
    -16.745         0.00000
    -16.595         0.00000
    -16.445         0.00000
    -16.295         0.00000
    -16.145         0.00000
    -15.995         0.00000
    -15.845         0.00000
    -15.695         0.00000
    -15.545         0.00000
    -15.395        -0.00021
    -15.245        -0.00780
    -15.095        -0.04392
    -14.945        -0.12334
    -14.795        -0.25314
    -14.645        -0.44480
    -14.495        -0.71379
    -14.345        -1.06037
    -14.195        -1.48417
    -14.045        -1.99601
    -13.895        -2.55960
    -13.745        -3.18437
    -13.595        -3.87841
    -13.445        -4.65174
    -13.295        -5.48353
    -13.145        -6.36329
    -12.995        -7.27669
    -12.845        -8.22817
    -12.695        -9.22379
    -12.545       -10.22379
    -12.395       -11.23430
    -12.245       -12.27511
    -12.095       -13.31248
    -11.945       -14.34015
    -11.795       -15.35978
    -11.645       -16.36349
    -11.495       -17.33843
    -11.345       -18.29155
    -11.195       -19.23552
    -11.045       -20.15707
    -10.895       -21.06617
    -10.745       -21.96859
    -10.595       -22.84648
    -10.445       -23.74654
    -10.295       -24.63805
    -10.145       -25.53794
    -9.9950       -26.49018
    -9.8450       -27.45733
    -9.6950       -28.47313
    -9.5450       -29.55298
    -9.3950       -30.74830
    -9.2450       -32.02432
    -9.0950       -33.39555
    -8.9450       -34.88109
    -8.7950       -36.44470
    -8.6450       -38.09536
    -8.4950       -39.86149
    -8.3450       -41.70031
    -8.1950       -43.63576
    -8.0450       -45.67868
    -7.8950       -47.84047
    -7.7450       -50.07572
    -7.5950       -52.44076
    -7.4450       -54.89807
    -7.2950       -57.47137
    -7.1450       -60.14165
    -6.9950       -62.88267
    -6.8450       -65.69644
    -6.6950       -68.55776
    -6.5450       -71.46901
    -6.3950       -74.41672
    -6.2450       -77.38111
    -6.0950       -80.36776
    -5.9450       -83.39581
    -5.7950       -86.46783
    -5.6450       -89.52913
    -5.4950       -92.58606
    -5.3450       -95.62170
    -5.1950       -98.60027
    -5.0450      -101.53320
    -4.8950      -104.43707
    -4.7450      -107.30737
    -4.5950      -110.15629
    -4.4450      -112.99818
    -4.2950      -115.81830
    -4.1450      -118.67120
    -3.9950      -121.55714
    -3.8450      -124.49354
    -3.6950      -127.49030
    -3.5450      -130.55870
    -3.3950      -133.72584
    -3.2450      -137.02290
    -3.0950      -140.45152
    -2.9450      -144.07195
    -2.7950      -147.91842
    -2.6450      -152.01828
    -2.4950      -156.44964
    -2.3450      -161.27108
    -2.1950      -166.58558
    -2.0450      -172.48934
    -1.8950      -179.19982
    -1.7450      -186.94907
    -1.5950      -195.94575
    -1.4450      -206.25804
    -1.2950      -217.83743
    -1.1450      -230.52724
   -0.99500      -244.05117
   -0.84500      -258.24088
   -0.69500      -273.07245
   -0.54500      -288.86328
   -0.39500      -306.83684
   -0.25300      -320.72329
   -0.21500      -321.68125
   -0.20900      -322.65326
   -0.20300      -323.64092
   -0.19700      -324.64383
   -0.19100      -325.66710
   -0.18500      -326.70923
   -0.17900      -327.77032
   -0.17300      -328.85190
   -0.16700      -329.95799
   -0.16100      -331.08730
   -0.15500      -332.24153
   -0.14900      -333.42572
   -0.14300      -334.64002
   -0.13700      -335.88547
   -0.13100      -337.16688
   -0.12500      -338.48754
   -0.11900      -339.85099
   -0.11300      -341.25909
   -0.10700      -342.71690
   -0.10100      -344.23058
   -0.95000E-01  -345.80469
   -0.89000E-01  -347.44864
   -0.83000E-01  -349.16975
   -0.77000E-01  -350.98173
   -0.71000E-01  -352.89801
   -0.65000E-01  -354.93646
   -0.59000E-01  -357.12319
   -0.53000E-01  -359.49327
   -0.47000E-01  -362.09537
   -0.41000E-01  -365.00931
   -0.35000E-01  -368.37222
   -0.29000E-01  -372.33099
   -0.23000E-01  -377.07101
   -0.19700E-01  -377.59202
   -0.19100E-01  -378.12344
   -0.18500E-01  -378.66632
   -0.17900E-01  -379.22063
   -0.17300E-01  -379.78714
   -0.16700E-01  -380.36656
   -0.16100E-01  -380.95885
   -0.15500E-01  -381.56513
   -0.14900E-01  -382.18600
   -0.14300E-01  -382.82125
   -0.13700E-01  -383.47189
   -0.13100E-01  -384.13839
   -0.12500E-01  -384.82208
   -0.11900E-01  -385.52385
   -0.11300E-01  -386.24495
   -0.10700E-01  -386.98529
   -0.10100E-01  -387.74553
   -0.95000E-02  -388.52543
   -0.89000E-02  -389.32560
   -0.83000E-02  -390.14653
   -0.77000E-02  -390.98696
   -0.71000E-02  -391.84445
   -0.65000E-02  -392.71543
   -0.59000E-02  -393.59470
   -0.53000E-02  -394.47572
   -0.47000E-02  -395.34652
   -0.41000E-02  -396.19119
   -0.35000E-02  -396.99183
   -0.29000E-02  -397.72399
   -0.23000E-02  -398.35774
   -0.17000E-02  -398.85940
   -0.11000E-02  -399.20029
   -0.50000E-03  -399.36047
    0.10000E-03  -399.32814
    0.70000E-03  -399.10593
    0.13000E-02  -398.70907
    0.19000E-02  -398.15992
    0.25000E-02  -397.49004
    0.31000E-02  -396.73284
    0.37000E-02  -395.91659
    0.43000E-02  -395.06732
    0.49000E-02  -394.20291
    0.55000E-02  -393.33823
    0.61000E-02  -392.48210
    0.67000E-02  -391.63584
    0.73000E-02  -390.80340
    0.79000E-02  -389.98651
    0.85000E-02  -389.18829
    0.91000E-02  -388.40847
    0.97000E-02  -387.64668
    0.10300E-01  -386.90264
    0.10900E-01  -386.17674
    0.11500E-01  -385.47014
    0.12100E-01  -384.78093
    0.12700E-01  -384.10862
    0.13300E-01  -383.45162
    0.13900E-01  -382.81024
    0.14500E-01  -382.18362
    0.15100E-01  -381.57131
    0.15700E-01  -380.97305
    0.16300E-01  -380.38824
    0.16900E-01  -379.81678
    0.17500E-01  -379.25805
    0.18100E-01  -378.71119
    0.18700E-01  -378.17574
    0.19300E-01  -377.65197
    0.20200E-01  -375.71468
    0.25000E-01  -371.31881
    0.31000E-01  -367.64558
    0.37000E-01  -364.53777
    0.43000E-01  -361.84288
    0.49000E-01  -359.44885
    0.55000E-01  -357.29052
    0.61000E-01  -355.32341
    0.67000E-01  -353.51506
    0.73000E-01  -351.84166
    0.79000E-01  -350.28682
    0.85000E-01  -348.83254
    0.91000E-01  -347.47098
    0.97000E-01  -346.18859
    0.10300      -344.98085
    0.10900      -343.83949
    0.11500      -342.75726
    0.12100      -341.72941
    0.12700      -340.75182
    0.13300      -339.81995
    0.13900      -338.92920
    0.14500      -338.07650
    0.15100      -337.25955
    0.15700      -336.47358
    0.16300      -335.71646
    0.16900      -334.98660
    0.17500      -334.28181
    0.18100      -333.59977
    0.18700      -332.94152
    0.19300      -332.30417
    0.19900      -331.68682
    0.20500      -331.08680
    0.21100      -330.50735
    0.21700      -329.94345
    0.29500      -319.20974
    0.44500      -312.75235
    0.59500      -308.05763
    0.74500      -304.25239
    0.89500      -300.98010
     1.0450      -298.07511
     1.1950      -295.44591
     1.3450      -293.04333
     1.4950      -290.83343
     1.6450      -288.80304
     1.7950      -286.92030
     1.9450      -285.19343
     2.0950      -283.59140
     2.2450      -282.12398
     2.3950      -280.75243
     2.5450      -279.50059
     2.6950      -278.32996
     2.8450      -277.25264
     2.9950      -276.24830
     3.1450      -275.32352
     3.2950      -274.46116
     3.4450      -273.66109
     3.5950      -272.90951
     3.7450      -272.20201
     3.8950      -271.53553
     4.0450      -270.90947
     4.1950      -270.30845
     4.3450      -269.73511
     4.4950      -269.19009
     4.6450      -268.65911
     4.7950      -268.15203
     4.9450      -267.66032
     5.0950      -267.18671
     5.2450      -266.72908
     5.3950      -266.28584
     5.5450      -265.85156
     5.6950      -265.43130
     5.8450      -265.02277
     5.9950      -264.62641
     6.1450      -264.23794
     6.2950      -263.85747
     6.4450      -263.49173
     6.5950      -263.12984
     6.7450      -262.77719
     6.8950      -262.43510
     7.0450      -262.09853
     7.1950      -261.76911
     7.3450      -261.44569
     7.4950      -261.12798
     7.6450      -260.81618
     7.7950      -260.51046
     7.9450      -260.21098
     8.0950      -259.91878
     8.2450      -259.63284
     8.3950      -259.35118
     8.5450      -259.07253
     8.6950      -258.79900
     8.8450      -258.52897
     8.9950      -258.26522
     9.1450      -258.00415
     9.2950      -257.74713
     9.4450      -257.49611
     9.5950      -257.24774
     9.7450      -257.00346
     9.8950      -256.76356
     10.045      -256.52429
     10.195      -256.29147
     10.345      -256.06321
     10.495      -255.83832
     10.645      -255.61279
     10.795      -255.39076
     10.945      -255.17278
     11.095      -254.95830
     11.245      -254.74526
     11.395      -254.53576
     11.545      -254.32868
     11.695      -254.12285
     11.845      -253.92202
     11.995      -253.72406
     12.145      -253.52872
     12.295      -253.33554
     12.445      -253.14342
     12.595      -252.95354
     12.745      -252.76600
     12.895      -252.58036
     13.045      -252.39678
     13.195      -252.21560
     13.345      -252.03634
     13.495      -251.85930
     13.645      -251.68479
     13.795      -251.51166
     13.945      -251.33984
     14.095      -251.17024
     14.245      -251.00313
     14.395      -250.83586
     14.545      -250.67027
     14.695      -250.50784
     14.845      -250.34505
     14.995      -250.18483
     15.145      -250.02621
     15.295      -249.87000
     15.445      -249.71563
     15.595      -249.56048
     15.745      -249.40969
     15.895      -249.25881
     16.045      -249.11046
     16.195      -248.96262
     16.345      -248.81659
     16.495      -248.67225
     16.645      -248.52725
     16.795      -248.38385
     16.945      -248.24295
     17.095      -248.10259
     17.245      -247.96510
     17.395      -247.82802
     17.545      -247.69168
     17.695      -247.55509
     17.845      -247.42065
     17.995      -247.28611
     18.145      -247.15455
     18.295      -247.02264
     18.445      -246.89301
     18.595      -246.76300
     18.745      -246.63457
     18.895      -246.50649
     19.045      -246.38035
     19.195      -246.25614
     19.345      -246.13219
     19.495      -246.00858
     19.645      -245.88617
     19.795      -245.76377
     19.945      -245.64409
     20.095      -245.52453
     20.245      -245.40594
     20.395      -245.28899
     20.545      -245.17196
     20.695      -245.05648
     20.845      -244.94105
     20.995      -244.82519
     21.145      -244.71225
     21.295      -244.59988
     21.445      -244.48768
     21.595      -244.37604
     21.745      -244.26518
     21.895      -244.15574
     22.045      -244.04711
     22.195      -243.93836
     22.345      -243.83126
     22.495      -243.72397
     22.645      -243.61897
     22.795      -243.51467
     22.945      -243.40865
     23.095      -243.30430
     23.245      -243.20190
     23.395      -243.10130
     23.545      -242.99887
     23.695      -242.89736
     23.845      -242.79702
     23.995      -242.69646
     24.145      -242.59756
     24.295      -242.49944
     24.445      -242.40180
     24.595      -242.30484
     24.745      -242.20788
     24.895      -242.11142
     25.045      -242.01492
     25.195      -241.92137
     25.345      -241.82620
     25.495      -241.73211
     25.645      -241.63791
     25.795      -241.54553
     25.945      -241.45242
     26.095      -241.35956
     26.245      -241.26849
     26.395      -241.17899
     26.545      -241.08841
     26.695      -240.99918
     26.845      -240.91005
     26.995      -240.82233
     27.145      -240.73328
     27.295      -240.64559
     27.445      -240.55828
     27.595      -240.47090
     27.745      -240.38389
     27.895      -240.29882
     28.045      -240.21278
     28.195      -240.12675
     28.345      -240.04225
     28.495      -239.95776
     28.645      -239.87362
     28.795      -239.79046
     28.945      -239.70730
     29.095      -239.62507
     29.245      -239.54267
     29.395      -239.46105
     29.545      -239.38040
     29.695      -239.30027
     29.845      -239.21934
     29.995      -239.13905
     30.145      -239.05874
     30.295      -238.97955
     30.445      -238.90083
     30.595      -238.82144
     30.745      -238.74301
     30.895      -238.66608
     31.045      -238.58947
     31.195      -238.51281
     31.345      -238.43668
     31.495      -238.36178
     31.645      -238.28551
     31.795      -238.20948
     31.945      -238.13546
     32.095      -238.06115
     32.245      -237.98650
     32.395      -237.91284
     32.545      -237.84002
     32.695      -237.76786
     32.845      -237.69445
     32.995      -237.62156
     33.145      -237.54994
     33.295      -237.47756
     33.445      -237.40658
     33.595      -237.33488
     33.745      -237.26498
     33.895      -237.19420
     34.045      -237.12365
     34.195      -237.05465
     34.345      -236.98505
     34.495      -236.91577
     34.645      -236.84683
     34.795      -236.77811
     34.945      -236.70967
     35.095      -236.64159
     35.245      -236.57463
     35.395      -236.50716
     35.545      -236.43971
     35.695      -236.37244
     35.845      -236.30569
     35.995      -236.23954
     36.145      -236.17284
     36.295      -236.10723
     36.445      -236.04222
     36.595      -235.97738
     36.745      -235.91236
     36.895      -235.84745
     37.045      -235.78331
     37.195      -235.71943
     37.345      -235.65531
     37.495      -235.59216
     37.645      -235.52856
     37.795      -235.46487
     37.945      -235.40183
     38.095      -235.33916
     38.245      -235.27555
     38.395      -235.21328
     38.545      -235.15150
     38.695      -235.08938
     38.845      -235.02848
     38.995      -234.96748
     39.145      -234.90695
     39.295      -234.84631
     39.445      -234.78565
     39.595      -234.72533
     39.745      -234.66576
     39.895      -234.60551
     40.045      -234.54561
     40.195      -234.48649
     40.345      -234.42681
     40.495      -234.36770
     40.645      -234.30987
     40.795      -234.25197
     40.945      -234.19308
     41.095      -234.13441
     41.245      -234.07672
     41.395      -234.01866
     41.545      -233.96152
     41.695      -233.90486
     41.845      -233.84789
     41.995      -233.79134
     42.145      -233.73532
     42.295      -233.67928
     42.445      -233.62353
     42.595      -233.56741
     42.745      -233.51115
     42.895      -233.45560
     43.045      -233.40022
     43.195      -233.34513
     43.345      -233.29080
     43.495      -233.23591
     43.645      -233.18089
     43.795      -233.12675
     43.945      -233.07295
     44.095      -233.01937
     44.245      -232.96551
     44.395      -232.91100
     44.545      -232.85787
     44.695      -232.80543
     44.845      -232.75219
     44.995      -232.69965
     45.145      -232.64623
     45.295      -232.59438
     45.445      -232.54228
     45.595      -232.49058
     45.745      -232.43912
     45.895      -232.38749
     46.045      -232.33609
     46.195      -232.28442
     46.345      -232.23327
     46.495      -232.18152
     46.645      -232.13167
     46.795      -232.08104
     46.945      -232.03085
     47.095      -231.98045
     47.245      -231.93009
     47.395      -231.87965
     47.545      -231.83011
     47.695      -231.78053
     47.845      -231.73084
     47.995      -231.68234
     48.145      -231.63375
     48.295      -231.58433
     48.445      -231.53521
     48.595      -231.48697
     48.745      -231.43853
     48.895      -231.39002
     49.045      -231.34101
     49.195      -231.29306
     49.345      -231.24487
     49.495      -231.19697
     49.645      -231.14901
     49.795      -231.10110
     49.945      -231.05360
     50.095      -231.00663
     50.245      -230.95913
     50.395      -230.91206
     50.545      -230.86452
     50.695      -230.81780
     50.845      -230.77061
     50.995      -230.72384
     51.145      -230.67820
     51.295      -230.63153
     51.445      -230.58563
     51.595      -230.54017
     51.745      -230.49467
     51.895      -230.44919
     52.045      -230.40356
     52.195      -230.35824
     52.345      -230.31315
     52.495      -230.26811
     52.645      -230.22258
     52.795      -230.17745
     52.945      -230.13330
     53.095      -230.08892
     53.245      -230.04473
     53.395      -230.00036
     53.545      -229.95679
     53.695      -229.91299
     53.845      -229.86856
     53.995      -229.82543
     54.145      -229.78166
     54.295      -229.73811
     54.445      -229.69469
     54.595      -229.65217
     54.745      -229.60863
     54.895      -229.56571
     55.045      -229.52275
     55.195      -229.48014
     55.345      -229.43802
     55.495      -229.39559
     55.645      -229.35341
     55.795      -229.31137
     55.945      -229.26921
     56.095      -229.22712
     56.245      -229.18524
     56.395      -229.14338
     56.545      -229.10125
     56.695      -229.05928
     56.845      -229.01844
     56.995      -228.97662
     57.145      -228.93556
     57.295      -228.89453
     57.445      -228.85328
     57.595      -228.81334
     57.745      -228.77276
     57.895      -228.73192
     58.045      -228.69129
     58.195      -228.65090
     58.345      -228.61035
     58.495      -228.57000
     58.645      -228.53034
     58.795      -228.49001
     58.945      -228.45011
     59.095      -228.41016
     59.245      -228.37080
     59.395      -228.33115
     59.545      -228.29186
     59.695      -228.25240
     59.845      -228.21340
     59.995      -228.17470
     60.145      -228.13516
     70.939      -223.13314
     97.698      -218.19717
     134.55      -213.35621
     185.30      -208.61014
     255.20      -203.96683
     351.46      -199.43927
     484.04      -195.01548
     666.62      -190.70218
     918.07      -186.49470
     1264.4      -182.38686
     1741.3      -178.38505
     2398.1      -174.47645
     3302.7      -170.67153
     4548.5      -166.96034
     6264.3      -163.34163
     8627.2      -159.82098
     11881.      -156.39543
     16363.      -153.06389
     22535.      -149.83559
     31036.      -146.71484
     42743.      -143.70150
     58866.      -140.80808
     81070.      -138.03528
    0.11165E+06  -135.38085
    0.15377E+06  -132.84012
    0.21177E+06  -130.41293
    0.29165E+06  -128.09726
    0.40166E+06  -125.88634
    0.55317E+06  -123.77613
    0.76182E+06  -121.76126
    0.10492E+07  -119.83939
    0.14449E+07  -118.00693
    0.19900E+07  -116.25917
    0.27406E+07  -114.59519
    0.37744E+07  -113.00708
    0.51981E+07  -111.49389
    0.71589E+07  -110.05188
    0.98593E+07  -108.67679
    0.13578E+08  -107.36912
    0.18700E+08  -106.12174
    0.25754E+08  -104.93717
    0.35468E+08  -103.81325
    0.48847E+08  -102.75670
    0.67273E+08  -101.77383
    0.92648E+08  -100.86107
    0.12760E+09  -100.01044
    0.17573E+09   -99.21347
    0.24201E+09   -98.46647
    0.33330E+09   -97.76626
    0.45902E+09   -97.10923
    0.63217E+09   -96.50836
    0.87062E+09   -95.96111
    0.11990E+10   -95.45823
    0.16513E+10   -94.99533
    0.22742E+10   -94.56784
    0.31320E+10   -94.17403
    0.43134E+10   -93.80997
    0.59405E+10   -93.47497
    0.81813E+10   -93.16503
    0.11267E+11   -92.87851
    0.15517E+11   -92.61413
    0.21371E+11   -92.36935
    0.29432E+11   -92.14420
    0.40534E+11   -91.93630
    0.55823E+11   -91.74452
    0.10000E+12   -89.43524
