    -29.945        1     0.00000
    -29.795        1     0.00000
    -29.645        1     0.00000
    -29.495        1     0.00000
    -29.345        1     0.00000
    -29.195        1     0.00000
    -29.045        1     0.00000
    -28.895        1     0.00000
    -28.745        1     0.00000
    -28.595        1     0.00000
    -28.445        1     0.00000
    -28.295        1     0.00000
    -28.145        1     0.00000
    -27.995        1     0.00000
    -27.845        1     0.00000
    -27.695        1     0.00000
    -27.545        1     0.00000
    -27.395        1     0.00000
    -27.245        1     0.00000
    -27.095        1     0.00000
    -26.945        1     0.00000
    -26.795        1     0.00000
    -26.645        1     0.00000
    -26.495        1     0.00000
    -26.345        1     0.00000
    -26.195        1     0.00000
    -26.045        1     0.00000
    -25.895        1     0.00000
    -25.745        1     0.00000
    -25.595        1     0.00000
    -25.445        1     0.00000
    -25.295        1     0.00000
    -25.145        1     0.00000
    -24.995        1     0.00000
    -24.845        1     0.00000
    -24.695        1     0.00000
    -24.545        1     0.00000
    -24.395        1     0.00000
    -24.245        1     0.00000
    -24.095        1     0.00000
    -23.945        1     0.00000
    -23.795        1     0.00000
    -23.645        1    -0.00034
    -23.495        1    -0.00086
    -23.345        1    -0.00121
    -23.195        1    -0.00188
    -23.045        1    -0.00222
    -22.895        1    -0.00358
    -22.745        1    -0.00509
    -22.595        1    -0.00659
    -22.445        1    -0.00741
    -22.295        1    -0.00907
    -22.145        1    -0.01062
    -21.995        1    -0.01329
    -21.845        1    -0.01703
    -21.695        1    -0.02280
    -21.545        1    -0.02994
    -21.395        1    -0.03654
    -21.245        1    -0.04563
    -21.095        1    -0.05915
    -20.945        1    -0.07675
    -20.795        1    -0.09354
    -20.645        1    -0.11980
    -20.495        1    -0.14858
    -20.345        1    -0.18030
    -20.195        1    -0.21312
    -20.045        1    -0.25370
    -19.895        1    -0.30248
    -19.745        1    -0.35185
    -19.595        1    -0.40375
    -19.445        1    -0.45951
    -19.295        1    -0.52747
    -19.145        1    -0.60262
    -18.995        1    -0.69261
    -18.845        1    -0.78855
    -18.695        1    -0.89769
    -18.545        1    -1.04041
    -18.395        1    -1.20127
    -18.245        1    -1.39056
    -18.095        1    -1.59874
    -17.945        1    -1.84708
    -17.795        1    -2.12145
    -17.645        1    -2.42950
    -17.495        1    -2.76138
    -17.345        1    -3.12137
    -17.195        1    -3.49924
    -17.045        1    -3.88156
    -16.895        1    -4.27869
    -16.745        1    -4.68689
    -16.595        1    -5.09349
    -16.445        1    -5.50385
    -16.295        1    -5.90786
    -16.145        1    -6.29676
    -15.995        1    -6.67525
    -15.845        1    -7.05790
    -15.695        1    -7.41989
    -15.545        1    -7.76336
    -15.395        1    -8.10203
    -15.245        1    -8.44388
    -15.095        1    -8.75900
    -14.945        1    -9.06040
    -14.795        1    -9.36521
    -14.645        1    -9.65587
    -14.495        1    -9.94788
    -14.345        1   -10.23380
    -14.195        1   -10.50817
    -14.045        1   -10.78370
    -13.895        1   -11.04855
    -13.745        1   -11.31765
    -13.595        1   -11.57500
    -13.445        1   -11.83622
    -13.295        1   -12.08574
    -13.145        1   -12.33361
    -12.995        1   -12.58044
    -12.845        1   -12.82981
    -12.695        1   -13.07857
    -12.545        1   -13.31992
    -12.395        1   -13.56286
    -12.245        1   -13.81089
    -12.095        1   -14.04257
    -11.945        1   -14.28029
    -11.795        1   -14.50952
    -11.645        1   -14.74004
    -11.495        1   -14.96346
    -11.345        1   -15.18531
    -11.195        1   -15.39840
    -11.045        1   -15.60545
    -10.895        1   -15.81469
    -10.745        1   -16.01668
    -10.595        1   -16.22100
    -10.445        1   -16.41734
    -10.295        1   -16.60933
    -10.145        1   -16.80474
    -9.9950        1   -17.00376
    -9.8450        1   -17.19889
    -9.6950        1   -17.39752
    -9.5450        1   -17.59723
    -9.3950        1   -17.79898
    -9.2450        1   -17.99481
    -9.0950        1   -18.19375
    -8.9450        1   -18.39435
    -8.7950        1   -18.59680
    -8.6450        1   -18.80089
    -8.4950        1   -18.99311
    -8.3450        1   -19.19295
    -8.1950        1   -19.39046
    -8.0450        1   -19.59368
    -7.8950        1   -19.79255
    -7.7450        1   -19.99335
    -7.5950        1   -20.19036
    -7.4450        1   -20.39614
    -7.2950        1   -20.60363
    -7.1450        1   -20.80925
    -6.9950        1   -21.02031
    -6.8450        1   -21.23555
    -6.6950        1   -21.44744
    -6.5450        1   -21.66587
    -6.3950        1   -21.88593
    -6.2450        1   -22.10350
    -6.0950        1   -22.32574
    -5.9450        1   -22.55205
    -5.7950        1   -22.78799
    -5.6450        1   -23.02307
    -5.4950        1   -23.26547
    -5.3450        1   -23.51415
    -5.1950        1   -23.76976
    -5.0450        1   -24.03251
    -4.8950        1   -24.29912
    -4.7450        1   -24.57309
    -4.5950        1   -24.84992
    -4.4450        1   -25.13460
    -4.2950        1   -25.42700
    -4.1450        1   -25.73673
    -3.9950        1   -26.05443
    -3.8450        1   -26.39107
    -3.6950        1   -26.74301
    -3.5450        1   -27.11329
    -3.3950        1   -27.50112
    -3.2450        1   -27.91611
    -3.0950        1   -28.35278
    -2.9450        1   -28.80975
    -2.7950        1   -29.28609
    -2.6450        1   -29.78536
    -2.4950        1   -30.29820
    -2.3450        1   -30.82071
    -2.1950        1   -31.35492
    -2.0450        1   -31.90307
    -1.8950        1   -32.44841
    -1.7450        1   -33.00422
    -1.5950        1   -33.55880
    -1.4450        1   -34.11297
    -1.2950        1   -34.67222
    -1.1450        1   -35.23355
   -0.99500        1   -35.81058
   -0.84500        1   -36.41188
   -0.69500        1   -37.05617
   -0.54500        1   -37.77377
   -0.39500        1   -38.60438
   -0.25300        1   -39.23131
   -0.21500        1   -39.27342
   -0.20900        1   -39.31693
   -0.20300        1   -39.36104
   -0.19700        1   -39.40577
   -0.19100        1   -39.45083
   -0.18500        1   -39.49660
   -0.17900        1   -39.54321
   -0.17300        1   -39.59065
   -0.16700        1   -39.63907
   -0.16100        1   -39.68843
   -0.15500        1   -39.73868
   -0.14900        1   -39.79032
   -0.14300        1   -39.84262
   -0.13700        1   -39.89642
   -0.13100        1   -39.95202
   -0.12500        1   -40.00886
   -0.11900        1   -40.06758
   -0.11300        1   -40.12794
   -0.10700        1   -40.19038
   -0.10100        1   -40.25520
   -0.95000E-01    1   -40.32275
   -0.89000E-01    1   -40.39306
   -0.83000E-01    1   -40.46704
   -0.77000E-01    1   -40.54486
   -0.71000E-01    1   -40.62694
   -0.65000E-01    1   -40.71412
   -0.59000E-01    1   -40.80788
   -0.53000E-01    1   -40.90966
   -0.47000E-01    1   -41.02108
   -0.41000E-01    1   -41.14469
   -0.35000E-01    1   -41.28444
   -0.29000E-01    1   -41.44379
   -0.23000E-01    1   -41.63261
   -0.19700E-01    1   -41.65329
   -0.19100E-01    1   -41.67436
   -0.18500E-01    1   -41.69589
   -0.17900E-01    1   -41.71784
   -0.17300E-01    1   -41.74035
   -0.16700E-01    1   -41.76334
   -0.16100E-01    1   -41.78691
   -0.15500E-01    1   -41.81100
   -0.14900E-01    1   -41.83566
   -0.14300E-01    1   -41.86100
   -0.13700E-01    1   -41.88696
   -0.13100E-01    1   -41.91360
   -0.12500E-01    1   -41.94103
   -0.11900E-01    1   -41.96911
   -0.11300E-01    1   -41.99793
   -0.10700E-01    1   -42.02739
   -0.10100E-01    1   -42.05762
   -0.95000E-02    1   -42.08862
   -0.89000E-02    1   -42.12045
   -0.83000E-02    1   -42.15312
   -0.77000E-02    1   -42.18659
   -0.71000E-02    1   -42.22070
   -0.65000E-02    1   -42.25514
   -0.59000E-02    1   -42.28950
   -0.53000E-02    1   -42.32331
   -0.47000E-02    1   -42.35598
   -0.41000E-02    1   -42.38676
   -0.35000E-02    1   -42.41489
   -0.29000E-02    1   -42.43965
   -0.23000E-02    1   -42.46022
   -0.17000E-02    1   -42.47613
   -0.11000E-02    1   -42.48700
   -0.50000E-03    1   -42.49244
    0.10000E-03    1   -42.49227
    0.70000E-03    1   -42.48627
    0.13000E-02    1   -42.47448
    0.19000E-02    1   -42.45732
    0.25000E-02    1   -42.43537
    0.31000E-02    1   -42.40940
    0.37000E-02    1   -42.38029
    0.43000E-02    1   -42.34883
    0.49000E-02    1   -42.31572
    0.55000E-02    1   -42.28164
    0.61000E-02    1   -42.24716
    0.67000E-02    1   -42.21274
    0.73000E-02    1   -42.17878
    0.79000E-02    1   -42.14557
    0.85000E-02    1   -42.11317
    0.91000E-02    1   -42.08149
    0.97000E-02    1   -42.05074
    0.10300E-01    1   -42.02064
    0.10900E-01    1   -41.99136
    0.11500E-01    1   -41.96278
    0.12100E-01    1   -41.93497
    0.12700E-01    1   -41.90787
    0.13300E-01    1   -41.88138
    0.13900E-01    1   -41.85564
    0.14500E-01    1   -41.83053
    0.15100E-01    1   -41.80602
    0.15700E-01    1   -41.78208
    0.16300E-01    1   -41.75879
    0.16900E-01    1   -41.73593
    0.17500E-01    1   -41.71370
    0.18100E-01    1   -41.69180
    0.18700E-01    1   -41.67038
    0.19300E-01    1   -41.64954
    0.20200E-01    1   -41.57210
    0.25000E-01    1   -41.39512
    0.31000E-01    1   -41.24395
    0.37000E-01    1   -41.11111
    0.43000E-01    1   -40.99322
    0.49000E-01    1   -40.88729
    0.55000E-01    1   -40.79046
    0.61000E-01    1   -40.70120
    0.67000E-01    1   -40.61880
    0.73000E-01    1   -40.54159
    0.79000E-01    1   -40.46923
    0.85000E-01    1   -40.40093
    0.91000E-01    1   -40.33645
    0.97000E-01    1   -40.27546
    0.10300        1   -40.21719
    0.10900        1   -40.16210
    0.11500        1   -40.10952
    0.12100        1   -40.05909
    0.12700        1   -40.01119
    0.13300        1   -39.96508
    0.13900        1   -39.92098
    0.14500        1   -39.87863
    0.15100        1   -39.83785
    0.15700        1   -39.79866
    0.16300        1   -39.76062
    0.16900        1   -39.72433
    0.17500        1   -39.68899
    0.18100        1   -39.65491
    0.18700        1   -39.62180
    0.19300        1   -39.58986
    0.19900        1   -39.55895
    0.20500        1   -39.52890
    0.21100        1   -39.49941
    0.21700        1   -39.47110
    0.29500        1   -38.94441
    0.44500        1   -38.67343
    0.59500        1   -38.51027
    0.74500        1   -38.39705
    0.89500        1   -38.30812
     1.0450        1   -38.23364
     1.1950        1   -38.16865
     1.3450        1   -38.11131
     1.4950        1   -38.05968
     1.6450        1   -38.01090
     1.7950        1   -37.96613
     1.9450        1   -37.92300
     2.0950        1   -37.88258
     2.2450        1   -37.84550
     2.3950        1   -37.80951
     2.5450        1   -37.77557
     2.6950        1   -37.74461
     2.8450        1   -37.71498
     2.9950        1   -37.68612
     3.1450        1   -37.65899
     3.2950        1   -37.63222
     3.4450        1   -37.60816
     3.5950        1   -37.58563
     3.7450        1   -37.56501
     3.8950        1   -37.54554
     4.0450        1   -37.52687
     4.1950        1   -37.50796
     4.3450        1   -37.49040
     4.4950        1   -37.47265
     4.6450        1   -37.45695
     4.7950        1   -37.44146
     4.9450        1   -37.42636
     5.0950        1   -37.41138
     5.2450        1   -37.39769
     5.3950        1   -37.38518
     5.5450        1   -37.37240
     5.6950        1   -37.35971
     5.8450        1   -37.34765
     5.9950        1   -37.33535
     6.1450        1   -37.32399
     6.2950        1   -37.31202
     6.4450        1   -37.30146
     6.5950        1   -37.29092
     6.7450        1   -37.28074
     6.8950        1   -37.27055
     7.0450        1   -37.26075
     7.1950        1   -37.25089
     7.3450        1   -37.24083
     7.4950        1   -37.23092
     7.6450        1   -37.22156
     7.7950        1   -37.21257
     7.9450        1   -37.20358
     8.0950        1   -37.19474
     8.2450        1   -37.18616
     8.3950        1   -37.17784
     8.5450        1   -37.16926
     8.6950        1   -37.16080
     8.8450        1   -37.15234
     8.9950        1   -37.14392
     9.1450        1   -37.13601
     9.2950        1   -37.12800
     9.4450        1   -37.12026
     9.5950        1   -37.11263
     9.7450        1   -37.10503
     9.8950        1   -37.09729
     10.045        1   -37.08998
     10.195        1   -37.08238
     10.345        1   -37.07512
     10.495        1   -37.06784
     10.645        1   -37.06085
     10.795        1   -37.05381
     10.945        1   -37.04689
     11.095        1   -37.04032
     11.245        1   -37.03355
     11.395        1   -37.02690
     11.545        1   -37.02035
     11.695        1   -37.01392
     11.845        1   -37.00760
     11.995        1   -37.00121
     12.145        1   -36.99479
     12.295        1   -36.98857
     12.445        1   -36.98252
     12.595        1   -36.97627
     12.745        1   -36.97031
     12.895        1   -36.96441
     13.045        1   -36.95831
     13.195        1   -36.95253
     13.345        1   -36.94679
     13.495        1   -36.94106
     13.645        1   -36.93530
     13.795        1   -36.92995
     13.945        1   -36.92442
     14.095        1   -36.91921
     14.245        1   -36.91385
     14.395        1   -36.90837
     14.545        1   -36.90327
     14.695        1   -36.89807
     14.845        1   -36.89290
     14.995        1   -36.88773
     15.145        1   -36.88238
     15.295        1   -36.87727
     15.445        1   -36.87236
     15.595        1   -36.86736
     15.745        1   -36.86216
     15.895        1   -36.85706
     16.045        1   -36.85235
     16.195        1   -36.84751
     16.345        1   -36.84256
     16.495        1   -36.83774
     16.645        1   -36.83294
     16.795        1   -36.82820
     16.945        1   -36.82346
     17.095        1   -36.81893
     17.245        1   -36.81425
     17.395        1   -36.80973
     17.545        1   -36.80521
     17.695        1   -36.80075
     17.845        1   -36.79632
     17.995        1   -36.79203
     18.145        1   -36.78764
     18.295        1   -36.78323
     18.445        1   -36.77889
     18.595        1   -36.77456
     18.745        1   -36.77007
     18.895        1   -36.76584
     19.045        1   -36.76168
     19.195        1   -36.75747
     19.345        1   -36.75351
     19.495        1   -36.74922
     19.645        1   -36.74506
     19.795        1   -36.74095
     19.945        1   -36.73689
     20.095        1   -36.73258
     20.245        1   -36.72870
     20.395        1   -36.72473
     20.545        1   -36.72083
     20.695        1   -36.71684
     20.845        1   -36.71293
     20.995        1   -36.70902
     21.145        1   -36.70526
     21.295        1   -36.70171
     21.445        1   -36.69789
     21.595        1   -36.69419
     21.745        1   -36.69043
     21.895        1   -36.68663
     22.045        1   -36.68307
     22.195        1   -36.67938
     22.345        1   -36.67577
     22.495        1   -36.67217
     22.645        1   -36.66863
     22.795        1   -36.66533
     22.945        1   -36.66161
     23.095        1   -36.65817
     23.245        1   -36.65479
     23.395        1   -36.65129
     23.545        1   -36.64777
     23.695        1   -36.64430
     23.845        1   -36.64085
     23.995        1   -36.63765
     24.145        1   -36.63423
     24.295        1   -36.63088
     24.445        1   -36.62743
     24.595        1   -36.62402
     24.745        1   -36.62059
     24.895        1   -36.61715
     25.045        1   -36.61396
     25.195        1   -36.61062
     25.345        1   -36.60726
     25.495        1   -36.60395
     25.645        1   -36.60082
     25.795        1   -36.59778
     25.945        1   -36.59461
     26.095        1   -36.59159
     26.245        1   -36.58855
     26.395        1   -36.58546
     26.545        1   -36.58235
     26.695        1   -36.57933
     26.845        1   -36.57608
     26.995        1   -36.57291
     27.145        1   -36.56984
     27.295        1   -36.56667
     27.445        1   -36.56369
     27.595        1   -36.56058
     27.745        1   -36.55767
     27.895        1   -36.55473
     28.045        1   -36.55168
     28.195        1   -36.54866
     28.345        1   -36.54565
     28.495        1   -36.54277
     28.645        1   -36.53989
     28.795        1   -36.53673
     28.945        1   -36.53375
     29.095        1   -36.53091
     29.245        1   -36.52810
     29.395        1   -36.52530
     29.545        1   -36.52241
     29.695        1   -36.51963
     29.845        1   -36.51685
     29.995        1   -36.51402
     30.145        1   -36.51141
     30.295        1   -36.50871
     30.445        1   -36.50588
     30.595        1   -36.50320
     30.745        1   -36.50054
     30.895        1   -36.49762
     31.045        1   -36.49488
     31.195        1   -36.49229
     31.345        1   -36.48955
     31.495        1   -36.48691
     31.645        1   -36.48427
     31.795        1   -36.48180
     31.945        1   -36.47915
     32.095        1   -36.47662
     32.245        1   -36.47403
     32.395        1   -36.47150
     32.545        1   -36.46910
     32.695        1   -36.46647
     32.845        1   -36.46390
     32.995        1   -36.46134
     33.145        1   -36.45879
     33.295        1   -36.45640
     33.445        1   -36.45390
     33.595        1   -36.45128
     33.745        1   -36.44876
     33.895        1   -36.44626
     34.045        1   -36.44392
     34.195        1   -36.44161
     34.345        1   -36.43918
     34.495        1   -36.43663
     34.645        1   -36.43426
     34.795        1   -36.43190
     34.945        1   -36.42942
     35.095        1   -36.42700
     35.245        1   -36.42457
     35.395        1   -36.42214
     35.545        1   -36.41961
     35.695        1   -36.41722
     35.845        1   -36.41484
     35.995        1   -36.41245
     36.145        1   -36.41018
     36.295        1   -36.40786
     36.445        1   -36.40548
     36.595        1   -36.40311
     36.745        1   -36.40085
     36.895        1   -36.39870
     37.045        1   -36.39633
     37.195        1   -36.39405
     37.345        1   -36.39168
     37.495        1   -36.38952
     37.645        1   -36.38730
     37.795        1   -36.38491
     37.945        1   -36.38267
     38.095        1   -36.38041
     38.245        1   -36.37824
     38.395        1   -36.37598
     38.545        1   -36.37371
     38.695        1   -36.37145
     38.845        1   -36.36921
     38.995        1   -36.36700
     39.145        1   -36.36479
     39.295        1   -36.36264
     39.445        1   -36.36054
     39.595        1   -36.35858
     39.745        1   -36.35646
     39.895        1   -36.35444
     40.045        1   -36.35230
     40.195        1   -36.35015
     40.345        1   -36.34803
     40.495        1   -36.34593
     40.645        1   -36.34382
     40.795        1   -36.34168
     40.945        1   -36.33960
     41.095        1   -36.33746
     41.245        1   -36.33531
     41.395        1   -36.33338
     41.545        1   -36.33138
     41.695        1   -36.32941
     41.845        1   -36.32743
     41.995        1   -36.32533
     42.145        1   -36.32331
     42.295        1   -36.32136
     42.445        1   -36.31935
     42.595        1   -36.31717
     42.745        1   -36.31524
     42.895        1   -36.31324
     43.045        1   -36.31132
     43.195        1   -36.30950
     43.345        1   -36.30757
     43.495        1   -36.30570
     43.645        1   -36.30385
     43.795        1   -36.30183
     43.945        1   -36.29995
     44.095        1   -36.29791
     44.245        1   -36.29597
     44.395        1   -36.29401
     44.545        1   -36.29208
     44.695        1   -36.29010
     44.845        1   -36.28815
     44.995        1   -36.28614
     45.145        1   -36.28426
     45.295        1   -36.28242
     45.445        1   -36.28054
     45.595        1   -36.27865
     45.745        1   -36.27681
     45.895        1   -36.27494
     46.045        1   -36.27317
     46.195        1   -36.27127
     46.345        1   -36.26956
     46.495        1   -36.26765
     46.645        1   -36.26571
     46.795        1   -36.26381
     46.945        1   -36.26181
     47.095        1   -36.25985
     47.245        1   -36.25805
     47.395        1   -36.25608
     47.545        1   -36.25429
     47.695        1   -36.25246
     47.845        1   -36.25071
     47.995        1   -36.24899
     48.145        1   -36.24722
     48.295        1   -36.24543
     48.445        1   -36.24359
     48.595        1   -36.24199
     48.745        1   -36.24028
     48.895        1   -36.23856
     49.045        1   -36.23678
     49.195        1   -36.23507
     49.345        1   -36.23319
     49.495        1   -36.23154
     49.645        1   -36.22980
     49.795        1   -36.22806
     49.945        1   -36.22634
     50.095        1   -36.22474
     50.245        1   -36.22306
     50.395        1   -36.22146
     50.545        1   -36.21973
     50.695        1   -36.21803
     50.845        1   -36.21622
     50.995        1   -36.21458
     51.145        1   -36.21296
     51.295        1   -36.21113
     51.445        1   -36.20949
     51.595        1   -36.20781
     51.745        1   -36.20601
     51.895        1   -36.20436
     52.045        1   -36.20277
     52.195        1   -36.20110
     52.345        1   -36.19949
     52.495        1   -36.19784
     52.645        1   -36.19617
     52.795        1   -36.19453
     52.945        1   -36.19291
     53.095        1   -36.19122
     53.245        1   -36.18968
     53.395        1   -36.18799
     53.545        1   -36.18642
     53.695        1   -36.18483
     53.845        1   -36.18318
     53.995        1   -36.18157
     54.145        1   -36.17996
     54.295        1   -36.17841
     54.445        1   -36.17678
     54.595        1   -36.17512
     54.745        1   -36.17348
     54.895        1   -36.17185
     55.045        1   -36.17015
     55.195        1   -36.16860
     55.345        1   -36.16705
     55.495        1   -36.16549
     55.645        1   -36.16380
     55.795        1   -36.16230
     55.945        1   -36.16069
     56.095        1   -36.15917
     56.245        1   -36.15762
     56.395        1   -36.15613
     56.545        1   -36.15466
     56.695        1   -36.15317
     56.845        1   -36.15165
     56.995        1   -36.15012
     57.145        1   -36.14852
     57.295        1   -36.14707
     57.445        1   -36.14562
     57.595        1   -36.14418
     57.745        1   -36.14264
     57.895        1   -36.14110
     58.045        1   -36.13959
     58.195        1   -36.13815
     58.345        1   -36.13668
     58.495        1   -36.13519
     58.645        1   -36.13376
     58.795        1   -36.13225
     58.945        1   -36.13077
     59.095        1   -36.12943
     59.245        1   -36.12797
     59.395        1   -36.12640
     59.545        1   -36.12489
     59.695        1   -36.12346
     59.845        1   -36.12199
     59.995        1   -36.12057
     60.145        1   -36.11909
     70.939        1   -35.93436
     97.698        1   -35.74679
     134.55        1   -35.55936
     185.30        1   -35.37103
     255.20        1   -35.18511
     351.46        1   -35.00060
     484.04        1   -34.81759
     666.62        1   -34.63725
     918.07        1   -34.45887
     1264.4        1   -34.28173
     1741.3        1   -34.10667
     2398.1        1   -33.93443
     3302.7        1   -33.76404
     4548.5        1   -33.59623
     6264.3        1   -33.43135
     8627.2        1   -33.26814
     11881.        1   -33.10718
     16363.        1   -32.94744
     22535.        1   -32.79037
     31036.        1   -32.63456
     42743.        1   -32.48106
     58866.        1   -32.32888
     81070.        1   -32.17895
    0.11165E+06    1   -32.03089
    0.15377E+06    1   -31.88345
    0.21177E+06    1   -31.73726
    0.29165E+06    1   -31.59244
    0.40166E+06    1   -31.44911
    0.55317E+06    1   -31.30678
    0.76182E+06    1   -31.16511
    0.10492E+07    1   -31.02364
    0.14449E+07    1   -30.88273
    0.19900E+07    1   -30.74194
    0.27406E+07    1   -30.60116
    0.37744E+07    1   -30.45960
    0.51981E+07    1   -30.31758
    0.71589E+07    1   -30.17489
    0.98593E+07    1   -30.03160
    0.13578E+08    1   -29.88719
    0.18700E+08    1   -29.74168
    0.25754E+08    1   -29.59646
    0.35468E+08    1   -29.45174
    0.48847E+08    1   -29.30958
    0.67273E+08    1   -29.17108
    0.92648E+08    1   -29.03607
    0.12760E+09    1   -28.90450
    0.17573E+09    1   -28.77661
    0.24201E+09    1   -28.65265
    0.33330E+09    1   -28.53261
    0.45902E+09    1   -28.41800
    0.63217E+09    1   -28.31056
    0.87062E+09    1   -28.20928
    0.11990E+10    1   -28.11483
    0.16513E+10    1   -28.02670
    0.22742E+10    1   -27.94476
    0.31320E+10    1   -27.86836
    0.43134E+10    1   -27.79705
    0.59405E+10    1   -27.73103
    0.81813E+10    1   -27.66927
    0.11267E+11    1   -27.61176
    0.15517E+11    1   -27.55831
    0.21371E+11    1   -27.50854
    0.29432E+11    1   -27.46246
    0.40534E+11    1   -27.41951
    0.55823E+11    1   -27.37964
    0.10000E+12    1   -26.88137
    -149.95        2     0.00000
    -149.80        2     0.00000
    -149.65        2     0.00000
    -149.49        2     0.00000
    -149.34        2     0.00000
    -149.20        2     0.00000
    -149.05        2     0.00000
    -148.90        2     0.00000
    -148.74        2     0.00000
    -148.59        2     0.00000
    -148.45        2     0.00000
    -148.30        2     0.00000
    -148.15        2     0.00000
    -147.99        2     0.00000
    -147.84        2     0.00000
    -147.70        2     0.00000
    -147.55        2     0.00000
    -147.40        2     0.00000
    -147.24        2     0.00000
    -147.09        2     0.00000
    -146.95        2     0.00000
    -146.80        2     0.00000
    -146.65        2     0.00000
    -146.49        2     0.00000
    -146.34        2     0.00000
    -146.20        2     0.00000
    -146.05        2     0.00000
    -145.90        2     0.00000
    -145.74        2     0.00000
    -145.59        2     0.00000
    -145.45        2     0.00000
    -145.30        2     0.00000
    -145.15        2     0.00000
    -144.99        2     0.00000
    -144.84        2     0.00000
    -144.70        2     0.00000
    -144.55        2     0.00000
    -144.40        2     0.00000
    -144.24        2     0.00000
    -144.09        2     0.00000
    -143.95        2     0.00000
    -143.80        2     0.00000
    -143.65        2     0.00000
    -143.49        2     0.00000
    -143.34        2     0.00000
    -143.20        2     0.00000
    -143.05        2     0.00000
    -142.90        2     0.00000
    -142.74        2     0.00000
    -142.59        2     0.00000
    -142.45        2     0.00000
    -142.30        2     0.00000
    -142.15        2     0.00000
    -141.99        2     0.00000
    -141.84        2     0.00000
    -141.70        2     0.00000
    -141.55        2     0.00000
    -141.40        2     0.00000
    -141.24        2     0.00000
    -141.09        2     0.00000
    -140.95        2     0.00000
    -140.80        2     0.00000
    -140.65        2     0.00000
    -140.49        2     0.00000
    -140.34        2     0.00000
    -140.20        2     0.00000
    -140.05        2     0.00000
    -139.90        2     0.00000
    -139.74        2     0.00000
    -139.59        2     0.00000
    -139.45        2     0.00000
    -139.30        2     0.00000
    -139.15        2     0.00000
    -138.99        2     0.00000
    -138.84        2     0.00000
    -138.70        2     0.00000
    -138.55        2     0.00000
    -138.40        2     0.00000
    -138.24        2     0.00000
    -138.09        2     0.00000
    -137.95        2     0.00000
    -137.80        2     0.00000
    -137.65        2     0.00000
    -137.49        2     0.00000
    -137.34        2     0.00000
    -137.20        2     0.00000
    -137.05        2     0.00000
    -136.90        2     0.00000
    -136.74        2     0.00000
    -136.59        2     0.00000
    -136.45        2     0.00000
    -136.30        2     0.00000
    -136.15        2     0.00000
    -135.99        2     0.00000
    -135.84        2     0.00000
    -135.70        2     0.00000
    -135.55        2     0.00000
    -135.40        2     0.00000
    -135.24        2     0.00000
    -135.09        2     0.00000
    -134.95        2     0.00000
    -134.80        2     0.00000
    -134.65        2     0.00000
    -134.49        2     0.00000
    -134.34        2     0.00000
    -134.20        2     0.00000
    -134.05        2     0.00000
    -133.90        2     0.00000
    -133.74        2     0.00000
    -133.59        2     0.00000
    -133.45        2     0.00000
    -133.30        2     0.00000
    -133.15        2     0.00000
    -132.99        2     0.00000
    -132.84        2     0.00000
    -132.70        2     0.00000
    -132.55        2     0.00000
    -132.40        2     0.00000
    -132.24        2     0.00000
    -132.09        2     0.00000
    -131.95        2     0.00000
    -131.80        2     0.00000
    -131.65        2     0.00000
    -131.49        2     0.00000
    -131.34        2     0.00000
    -131.20        2     0.00000
    -131.05        2     0.00000
    -130.90        2     0.00000
    -130.74        2     0.00000
    -130.59        2     0.00000
    -130.45        2     0.00000
    -130.30        2     0.00000
    -130.15        2     0.00000
    -129.99        2     0.00000
    -129.84        2     0.00000
    -129.70        2     0.00000
    -129.55        2     0.00000
    -129.40        2     0.00000
    -129.24        2     0.00000
    -129.09        2     0.00000
    -128.95        2     0.00000
    -128.80        2     0.00000
    -128.65        2     0.00000
    -128.49        2     0.00000
    -128.34        2     0.00000
    -128.20        2     0.00000
    -128.05        2     0.00000
    -127.89        2     0.00000
    -127.75        2     0.00000
    -127.60        2     0.00000
    -127.44        2     0.00000
    -127.30        2     0.00000
    -127.14        2     0.00000
    -127.00        2     0.00000
    -126.85        2     0.00000
    -126.69        2     0.00000
    -126.55        2     0.00000
    -126.39        2     0.00000
    -126.25        2     0.00000
    -126.10        2     0.00000
    -125.94        2     0.00000
    -125.80        2     0.00000
    -125.64        2     0.00000
    -125.50        2     0.00000
    -125.35        2     0.00000
    -125.19        2     0.00000
    -125.05        2     0.00000
    -124.89        2     0.00000
    -124.75        2     0.00000
    -124.60        2     0.00000
    -124.44        2     0.00000
    -124.30        2     0.00000
    -124.14        2     0.00000
    -124.00        2     0.00000
    -123.85        2     0.00000
    -123.69        2     0.00000
    -123.55        2     0.00000
    -123.39        2     0.00000
    -123.25        2     0.00000
    -123.10        2     0.00000
    -122.94        2     0.00000
    -122.80        2     0.00000
    -122.64        2     0.00000
    -122.50        2     0.00000
    -122.35        2     0.00000
    -122.19        2     0.00000
    -122.05        2     0.00000
    -121.89        2     0.00000
    -121.75        2     0.00000
    -121.60        2     0.00000
    -121.44        2     0.00000
    -121.30        2     0.00000
    -121.14        2     0.00000
    -121.00        2     0.00000
    -120.85        2     0.00000
    -120.69        2     0.00000
    -120.55        2     0.00000
    -120.39        2     0.00000
    -120.25        2     0.00000
    -120.10        2     0.00000
    -119.94        2     0.00000
    -119.80        2     0.00000
    -119.64        2     0.00000
    -119.50        2     0.00000
    -119.35        2     0.00000
    -119.19        2     0.00000
    -119.05        2     0.00000
    -118.89        2     0.00000
    -118.75        2     0.00000
    -118.60        2     0.00000
    -118.44        2     0.00000
    -118.30        2     0.00000
    -118.14        2     0.00000
    -118.00        2     0.00000
    -117.85        2     0.00000
    -117.69        2     0.00000
    -117.55        2     0.00000
    -117.39        2     0.00000
    -117.25        2     0.00000
    -117.10        2     0.00000
    -116.94        2     0.00000
    -116.80        2     0.00000
    -116.64        2     0.00000
    -116.50        2     0.00000
    -116.35        2     0.00000
    -116.19        2     0.00000
    -116.05        2     0.00000
    -115.89        2     0.00000
    -115.75        2     0.00000
    -115.60        2     0.00000
    -115.44        2     0.00000
    -115.30        2     0.00000
    -115.14        2     0.00000
    -115.00        2     0.00000
    -114.85        2     0.00000
    -114.69        2     0.00000
    -114.55        2     0.00000
    -114.39        2     0.00000
    -114.25        2     0.00000
    -114.10        2     0.00000
    -113.94        2     0.00000
    -113.80        2     0.00000
    -113.64        2     0.00000
    -113.50        2     0.00000
    -113.35        2     0.00000
    -113.19        2     0.00000
    -113.05        2     0.00000
    -112.89        2     0.00000
    -112.75        2     0.00000
    -112.60        2     0.00000
    -112.44        2     0.00000
    -112.30        2     0.00000
    -112.14        2     0.00000
    -112.00        2     0.00000
    -111.85        2     0.00000
    -111.69        2     0.00000
    -111.55        2     0.00000
    -111.39        2     0.00000
    -111.25        2     0.00000
    -111.10        2     0.00000
    -110.94        2     0.00000
    -110.80        2     0.00000
    -110.64        2     0.00000
    -110.50        2     0.00000
    -110.35        2     0.00000
    -110.19        2     0.00000
    -110.05        2     0.00000
    -109.89        2     0.00000
    -109.75        2     0.00000
    -109.60        2     0.00000
    -109.44        2     0.00000
    -109.30        2     0.00000
    -109.14        2     0.00000
    -109.00        2     0.00000
    -108.85        2     0.00000
    -108.69        2     0.00000
    -108.55        2     0.00000
    -108.39        2     0.00000
    -108.25        2     0.00000
    -108.10        2     0.00000
    -107.94        2     0.00000
    -107.80        2     0.00000
    -107.64        2     0.00000
    -107.50        2     0.00000
    -107.35        2     0.00000
    -107.19        2     0.00000
    -107.05        2     0.00000
    -106.89        2     0.00000
    -106.75        2     0.00000
    -106.60        2     0.00000
    -106.44        2     0.00000
    -106.30        2     0.00000
    -106.14        2     0.00000
    -106.00        2     0.00000
    -105.85        2     0.00000
    -105.69        2     0.00000
    -105.55        2     0.00000
    -105.39        2     0.00000
    -105.25        2     0.00000
    -105.10        2     0.00000
    -104.94        2     0.00000
    -104.80        2     0.00000
    -104.64        2     0.00000
    -104.50        2     0.00000
    -104.35        2     0.00000
    -104.19        2     0.00000
    -104.05        2     0.00000
    -103.89        2     0.00000
    -103.75        2     0.00000
    -103.60        2     0.00000
    -103.44        2     0.00000
    -103.30        2     0.00000
    -103.14        2     0.00000
    -103.00        2     0.00000
    -102.85        2     0.00000
    -102.69        2     0.00000
    -102.55        2     0.00000
    -102.39        2     0.00000
    -102.25        2     0.00000
    -102.10        2     0.00000
    -101.94        2     0.00000
    -101.80        2     0.00000
    -101.64        2     0.00000
    -101.50        2     0.00000
    -101.35        2     0.00000
    -101.19        2     0.00000
    -101.05        2     0.00000
    -100.89        2     0.00000
    -100.75        2     0.00000
    -100.60        2     0.00000
    -100.44        2     0.00000
    -100.30        2     0.00000
    -100.14        2     0.00000
    -99.995        2     0.00000
    -99.845        2     0.00000
    -99.695        2     0.00000
    -99.545        2     0.00000
    -99.395        2     0.00000
    -99.245        2     0.00000
    -99.095        2     0.00000
    -98.945        2     0.00000
    -98.795        2     0.00000
    -98.645        2     0.00000
    -98.495        2     0.00000
    -98.345        2     0.00000
    -98.195        2     0.00000
    -98.045        2     0.00000
    -97.895        2     0.00000
    -97.745        2     0.00000
    -97.595        2     0.00000
    -97.445        2     0.00000
    -97.295        2     0.00000
    -97.145        2     0.00000
    -96.995        2     0.00000
    -96.845        2     0.00000
    -96.695        2     0.00000
    -96.545        2     0.00000
    -96.395        2     0.00000
    -96.245        2     0.00000
    -96.095        2     0.00000
    -95.945        2     0.00000
    -95.795        2     0.00000
    -95.645        2     0.00000
    -95.495        2     0.00000
    -95.345        2     0.00000
    -95.195        2     0.00000
    -95.045        2     0.00000
    -94.895        2     0.00000
    -94.745        2     0.00000
    -94.595        2     0.00000
    -94.445        2     0.00000
    -94.295        2     0.00000
    -94.145        2     0.00000
    -93.995        2     0.00000
    -93.845        2     0.00000
    -93.695        2     0.00000
    -93.545        2     0.00000
    -93.395        2     0.00000
    -93.245        2     0.00000
    -93.095        2     0.00000
    -92.945        2     0.00000
    -92.795        2     0.00000
    -92.645        2     0.00000
    -92.495        2     0.00000
    -92.345        2     0.00000
    -92.195        2     0.00000
    -92.045        2     0.00000
    -91.895        2     0.00000
    -91.745        2     0.00000
    -91.595        2     0.00000
    -91.445        2     0.00000
    -91.295        2     0.00000
    -91.145        2     0.00000
    -90.995        2     0.00000
    -90.845        2     0.00000
    -90.695        2     0.00000
    -90.545        2     0.00000
    -90.395        2     0.00000
    -90.245        2     0.00000
    -90.095        2     0.00000
    -89.945        2     0.00000
    -89.795        2     0.00000
    -89.645        2     0.00000
    -89.495        2     0.00000
    -89.345        2     0.00000
    -89.195        2     0.00000
    -89.045        2     0.00000
    -88.895        2     0.00000
    -88.745        2     0.00000
    -88.595        2     0.00000
    -88.445        2     0.00000
    -88.295        2     0.00000
    -88.145        2     0.00000
    -87.995        2     0.00000
    -87.845        2     0.00000
    -87.695        2     0.00000
    -87.545        2     0.00000
    -87.395        2     0.00000
    -87.245        2     0.00000
    -87.095        2     0.00000
    -86.945        2     0.00000
    -86.795        2     0.00000
    -86.645        2     0.00000
    -86.495        2     0.00000
    -86.345        2     0.00000
    -86.195        2     0.00000
    -86.045        2     0.00000
    -85.895        2     0.00000
    -85.745        2     0.00000
    -85.595        2     0.00000
    -85.445        2     0.00000
    -85.295        2     0.00000
    -85.145        2     0.00000
    -84.995        2     0.00000
    -84.845        2     0.00000
    -84.695        2     0.00000
    -84.545        2     0.00000
    -84.395        2     0.00000
    -84.245        2     0.00000
    -84.095        2     0.00000
    -83.945        2     0.00000
    -83.795        2     0.00000
    -83.645        2     0.00000
    -83.495        2     0.00000
    -83.345        2     0.00000
    -83.195        2     0.00000
    -83.045        2     0.00000
    -82.895        2     0.00000
    -82.745        2     0.00000
    -82.595        2     0.00000
    -82.445        2     0.00000
    -82.295        2     0.00000
    -82.145        2     0.00000
    -81.995        2     0.00000
    -81.845        2     0.00000
    -81.695        2     0.00000
    -81.545        2     0.00000
    -81.395        2     0.00000
    -81.245        2     0.00000
    -81.095        2     0.00000
    -80.945        2     0.00000
    -80.795        2     0.00000
    -80.645        2     0.00000
    -80.495        2     0.00000
    -80.345        2     0.00000
    -80.195        2     0.00000
    -80.045        2     0.00000
    -79.895        2     0.00000
    -79.745        2     0.00000
    -79.595        2     0.00000
    -79.445        2     0.00000
    -79.295        2     0.00000
    -79.145        2     0.00000
    -78.995        2     0.00000
    -78.845        2     0.00000
    -78.695        2     0.00000
    -78.545        2     0.00000
    -78.395        2     0.00000
    -78.245        2     0.00000
    -78.095        2     0.00000
    -77.945        2     0.00000
    -77.795        2     0.00000
    -77.645        2     0.00000
    -77.495        2     0.00000
    -77.345        2     0.00000
    -77.195        2     0.00000
    -77.045        2     0.00000
    -76.895        2     0.00000
    -76.745        2     0.00000
    -76.595        2     0.00000
    -76.445        2     0.00000
    -76.295        2     0.00000
    -76.145        2     0.00000
    -75.995        2     0.00000
    -75.845        2     0.00000
    -75.695        2     0.00000
    -75.545        2     0.00000
    -75.395        2     0.00000
    -75.245        2     0.00000
    -75.095        2     0.00000
    -74.945        2     0.00000
    -74.795        2     0.00000
    -74.645        2     0.00000
    -74.495        2     0.00000
    -74.345        2     0.00000
    -74.195        2     0.00000
    -74.045        2     0.00000
    -73.895        2     0.00000
    -73.745        2     0.00000
    -73.595        2     0.00000
    -73.445        2     0.00000
    -73.295        2     0.00000
    -73.145        2     0.00000
    -72.995        2     0.00000
    -72.845        2     0.00000
    -72.695        2     0.00000
    -72.545        2     0.00000
    -72.395        2     0.00000
    -72.245        2     0.00000
    -72.095        2     0.00000
    -71.945        2     0.00000
    -71.795        2     0.00000
    -71.645        2     0.00000
    -71.495        2     0.00000
    -71.345        2     0.00000
    -71.195        2     0.00000
    -71.045        2     0.00000
    -70.895        2     0.00000
    -70.745        2     0.00000
    -70.595        2     0.00000
    -70.445        2     0.00000
    -70.295        2     0.00000
    -70.145        2     0.00000
    -69.995        2     0.00000
    -69.845        2     0.00000
    -69.695        2     0.00000
    -69.545        2     0.00000
    -69.395        2     0.00000
    -69.245        2     0.00000
    -69.095        2     0.00000
    -68.945        2     0.00000
    -68.795        2     0.00000
    -68.645        2     0.00000
    -68.495        2     0.00000
    -68.345        2     0.00000
    -68.195        2     0.00000
    -68.045        2     0.00000
    -67.895        2     0.00000
    -67.745        2     0.00000
    -67.595        2     0.00000
    -67.445        2     0.00000
    -67.295        2     0.00000
    -67.145        2     0.00000
    -66.995        2     0.00000
    -66.845        2     0.00000
    -66.695        2     0.00000
    -66.545        2     0.00000
    -66.395        2     0.00000
    -66.245        2     0.00000
    -66.095        2     0.00000
    -65.945        2     0.00000
    -65.795        2     0.00000
    -65.645        2     0.00000
    -65.495        2     0.00000
    -65.345        2     0.00000
    -65.195        2     0.00000
    -65.045        2     0.00000
    -64.895        2     0.00000
    -64.745        2     0.00000
    -64.595        2     0.00000
    -64.445        2     0.00000
    -64.295        2     0.00000
    -64.145        2     0.00000
    -63.995        2     0.00000
    -63.845        2     0.00000
    -63.695        2     0.00000
    -63.545        2     0.00000
    -63.395        2     0.00000
    -63.245        2     0.00000
    -63.095        2     0.00000
    -62.945        2     0.00000
    -62.795        2     0.00000
    -62.645        2     0.00000
    -62.495        2     0.00000
    -62.345        2     0.00000
    -62.195        2     0.00000
    -62.045        2     0.00000
    -61.895        2     0.00000
    -61.745        2     0.00000
    -61.595        2     0.00000
    -61.445        2     0.00000
    -61.295        2     0.00000
    -61.145        2     0.00000
    -60.995        2     0.00000
    -60.845        2     0.00000
    -60.695        2     0.00000
    -60.545        2     0.00000
    -60.395        2     0.00000
    -60.245        2     0.00000
    -60.095        2     0.00000
    -59.945        2     0.00000
    -59.795        2     0.00000
    -59.645        2     0.00000
    -59.495        2     0.00000
    -59.345        2     0.00000
    -59.195        2     0.00000
    -59.045        2     0.00000
    -58.895        2     0.00000
    -58.745        2     0.00000
    -58.595        2     0.00000
    -58.445        2     0.00000
    -58.295        2     0.00000
    -58.145        2     0.00000
    -57.995        2     0.00000
    -57.845        2     0.00000
    -57.695        2     0.00000
    -57.545        2     0.00000
    -57.395        2     0.00000
    -57.245        2     0.00000
    -57.095        2     0.00000
    -56.945        2     0.00000
    -56.795        2     0.00000
    -56.645        2     0.00000
    -56.495        2     0.00000
    -56.345        2     0.00000
    -56.195        2     0.00000
    -56.045        2     0.00000
    -55.895        2     0.00000
    -55.745        2     0.00000
    -55.595        2     0.00000
    -55.445        2     0.00000
    -55.295        2     0.00000
    -55.145        2     0.00000
    -54.995        2     0.00000
    -54.845        2     0.00000
    -54.695        2     0.00000
    -54.545        2     0.00000
    -54.395        2     0.00000
    -54.245        2     0.00000
    -54.095        2     0.00000
    -53.945        2     0.00000
    -53.795        2     0.00000
    -53.645        2     0.00000
    -53.495        2     0.00000
    -53.345        2     0.00000
    -53.195        2     0.00000
    -53.045        2     0.00000
    -52.895        2     0.00000
    -52.745        2     0.00000
    -52.595        2     0.00000
    -52.445        2     0.00000
    -52.295        2     0.00000
    -52.145        2     0.00000
    -51.995        2     0.00000
    -51.845        2     0.00000
    -51.695        2     0.00000
    -51.545        2     0.00000
    -51.395        2     0.00000
    -51.245        2     0.00000
    -51.095        2     0.00000
    -50.945        2     0.00000
    -50.795        2     0.00000
    -50.645        2     0.00000
    -50.495        2     0.00000
    -50.345        2     0.00000
    -50.195        2     0.00000
    -50.045        2     0.00000
    -49.895        2     0.00000
    -49.745        2     0.00000
    -49.595        2     0.00000
    -49.445        2     0.00000
    -49.295        2     0.00000
    -49.145        2     0.00000
    -48.995        2     0.00000
    -48.845        2     0.00000
    -48.695        2     0.00000
    -48.545        2     0.00000
    -48.395        2     0.00000
    -48.245        2     0.00000
    -48.095        2     0.00000
    -47.945        2     0.00000
    -47.795        2     0.00000
    -47.645        2     0.00000
    -47.495        2     0.00000
    -47.345        2     0.00000
    -47.195        2     0.00000
    -47.045        2     0.00000
    -46.895        2     0.00000
    -46.745        2     0.00000
    -46.595        2     0.00000
    -46.445        2     0.00000
    -46.295        2     0.00000
    -46.145        2     0.00000
    -45.995        2     0.00000
    -45.845        2     0.00000
    -45.695        2     0.00000
    -45.545        2     0.00000
    -45.395        2     0.00000
    -45.245        2     0.00000
    -45.095        2     0.00000
    -44.945        2     0.00000
    -44.795        2     0.00000
    -44.645        2     0.00000
    -44.495        2     0.00000
    -44.345        2     0.00000
    -44.195        2     0.00000
    -44.045        2     0.00000
    -43.895        2     0.00000
    -43.745        2     0.00000
    -43.595        2     0.00000
    -43.445        2     0.00000
    -43.295        2     0.00000
    -43.145        2     0.00000
    -42.995        2     0.00000
    -42.845        2     0.00000
    -42.695        2     0.00000
    -42.545        2     0.00000
    -42.395        2     0.00000
    -42.245        2     0.00000
    -42.095        2     0.00000
    -41.945        2     0.00000
    -41.795        2     0.00000
    -41.645        2     0.00000
    -41.495        2     0.00000
    -41.345        2     0.00000
    -41.195        2     0.00000
    -41.045        2     0.00000
    -40.895        2     0.00000
    -40.745        2     0.00000
    -40.595        2     0.00000
    -40.445        2     0.00000
    -40.295        2     0.00000
    -40.145        2     0.00000
    -39.995        2     0.00000
    -39.845        2     0.00000
    -39.695        2     0.00000
    -39.545        2     0.00000
    -39.395        2     0.00000
    -39.245        2     0.00000
    -39.095        2     0.00000
    -38.945        2     0.00000
    -38.795        2     0.00000
    -38.645        2     0.00000
    -38.495        2     0.00000
    -38.345        2     0.00000
    -38.195        2     0.00000
    -38.045        2     0.00000
    -37.895        2     0.00000
    -37.745        2     0.00000
    -37.595        2     0.00000
    -37.445        2     0.00000
    -37.295        2     0.00000
    -37.145        2     0.00000
    -36.995        2     0.00000
    -36.845        2     0.00000
    -36.695        2     0.00000
    -36.545        2     0.00000
    -36.395        2     0.00000
    -36.245        2     0.00000
    -36.095        2     0.00000
    -35.945        2     0.00000
    -35.795        2     0.00000
    -35.645        2     0.00000
    -35.495        2     0.00000
    -35.345        2     0.00000
    -35.195        2     0.00000
    -35.045        2     0.00000
    -34.895        2     0.00000
    -34.745        2     0.00000
    -34.595        2     0.00000
    -34.445        2     0.00000
    -34.295        2     0.00000
    -34.145        2     0.00000
    -33.995        2     0.00000
    -33.845        2     0.00000
    -33.695        2     0.00000
    -33.545        2     0.00000
    -33.395        2     0.00000
    -33.245        2     0.00000
    -33.095        2     0.00000
    -32.945        2     0.00000
    -32.795        2     0.00000
    -32.645        2     0.00000
    -32.495        2     0.00000
    -32.345        2     0.00000
    -32.195        2     0.00000
    -32.045        2     0.00000
    -31.895        2     0.00000
    -31.745        2     0.00000
    -31.595        2     0.00000
    -31.445        2     0.00000
    -31.295        2     0.00000
    -31.145        2     0.00000
    -30.995        2     0.00000
    -30.845        2     0.00000
    -30.695        2     0.00000
    -30.545        2     0.00000
    -30.395        2     0.00000
    -30.245        2     0.00000
    -30.095        2     0.00000
    -29.945        2     0.00000
    -29.795        2     0.00000
    -29.645        2     0.00000
    -29.495        2     0.00000
    -29.345        2     0.00000
    -29.195        2     0.00000
    -29.045        2     0.00000
    -28.895        2     0.00000
    -28.745        2     0.00000
    -28.595        2     0.00000
    -28.445        2     0.00000
    -28.295        2     0.00000
    -28.145        2     0.00000
    -27.995        2     0.00000
    -27.845        2     0.00000
    -27.695        2     0.00000
    -27.545        2     0.00000
    -27.395        2     0.00000
    -27.245        2     0.00000
    -27.095        2     0.00000
    -26.945        2     0.00000
    -26.795        2     0.00000
    -26.645        2     0.00000
    -26.495        2     0.00000
    -26.345        2     0.00000
    -26.195        2     0.00000
    -26.045        2     0.00000
    -25.895        2     0.00000
    -25.745        2     0.00000
    -25.595        2     0.00000
    -25.445        2     0.00000
    -25.295        2     0.00000
    -25.145        2     0.00000
    -24.995        2     0.00000
    -24.845        2     0.00000
    -24.695        2     0.00000
    -24.545        2     0.00000
    -24.395        2     0.00000
    -24.245        2     0.00000
    -24.095        2     0.00000
    -23.945        2     0.00000
    -23.795        2     0.00000
    -23.645        2     0.00000
    -23.495        2     0.00000
    -23.345        2     0.00000
    -23.195        2     0.00000
    -23.045        2     0.00000
    -22.895        2     0.00000
    -22.745        2     0.00000
    -22.595        2     0.00000
    -22.445        2     0.00000
    -22.295        2     0.00000
    -22.145        2     0.00000
    -21.995        2     0.00000
    -21.845        2     0.00000
    -21.695        2     0.00000
    -21.545        2     0.00000
    -21.395        2     0.00000
    -21.245        2     0.00000
    -21.095        2     0.00000
    -20.945        2     0.00000
    -20.795        2     0.00000
    -20.645        2     0.00000
    -20.495        2     0.00000
    -20.345        2     0.00000
    -20.195        2     0.00000
    -20.045        2     0.00000
    -19.895        2     0.00000
    -19.745        2     0.00000
    -19.595        2     0.00000
    -19.445        2     0.00000
    -19.295        2     0.00000
    -19.145        2     0.00000
    -18.995        2     0.00000
    -18.845        2     0.00000
    -18.695        2     0.00000
    -18.545        2     0.00000
    -18.395        2     0.00000
    -18.245        2     0.00000
    -18.095        2     0.00000
    -17.945        2     0.00000
    -17.795        2     0.00000
    -17.645        2     0.00000
    -17.495        2     0.00000
    -17.345        2     0.00000
    -17.195        2     0.00000
    -17.045        2     0.00000
    -16.895        2    -0.00258
    -16.745        2    -0.02308
    -16.595        2    -0.09282
    -16.445        2    -0.22309
    -16.295        2    -0.41860
    -16.145        2    -0.67307
    -15.995        2    -0.95660
    -15.845        2    -1.26734
    -15.695        2    -1.59680
    -15.545        2    -1.92153
    -15.395        2    -2.24478
    -15.245        2    -2.56650
    -15.095        2    -2.88993
    -14.945        2    -3.21838
    -14.795        2    -3.57673
    -14.645        2    -3.98553
    -14.495        2    -4.46003
    -14.345        2    -4.99233
    -14.195        2    -5.58014
    -14.045        2    -6.21380
    -13.895        2    -6.86842
    -13.745        2    -7.56012
    -13.595        2    -8.30465
    -13.445        2    -9.07979
    -13.295        2    -9.88885
    -13.145        2   -10.74817
    -12.995        2   -11.64834
    -12.845        2   -12.60980
    -12.695        2   -13.64024
    -12.545        2   -14.73095
    -12.395        2   -15.86812
    -12.245        2   -17.04185
    -12.095        2   -18.22538
    -11.945        2   -19.43142
    -11.795        2   -20.64513
    -11.645        2   -21.88193
    -11.495        2   -23.13142
    -11.345        2   -24.41373
    -11.195        2   -25.67903
    -11.045        2   -26.94426
    -10.895        2   -28.22654
    -10.745        2   -29.48852
    -10.595        2   -30.74131
    -10.445        2   -31.98523
    -10.295        2   -33.17576
    -10.145        2   -34.35225
    -9.9950        2   -35.50555
    -9.8450        2   -36.65507
    -9.6950        2   -37.78736
    -9.5450        2   -38.91840
    -9.3950        2   -40.02750
    -9.2450        2   -41.15466
    -9.0950        2   -42.28136
    -8.9450        2   -43.42087
    -8.7950        2   -44.55927
    -8.6450        2   -45.70326
    -8.4950        2   -46.86679
    -8.3450        2   -48.04294
    -8.1950        2   -49.22518
    -8.0450        2   -50.44606
    -7.8950        2   -51.70548
    -7.7450        2   -52.99667
    -7.5950        2   -54.34391
    -7.4450        2   -55.73049
    -7.2950        2   -57.20000
    -7.1450        2   -58.72963
    -6.9950        2   -60.36407
    -6.8450        2   -62.08060
    -6.6950        2   -63.82700
    -6.5450        2   -65.65689
    -6.3950        2   -67.51102
    -6.2450        2   -69.42605
    -6.0950        2   -71.36399
    -5.9450        2   -73.32819
    -5.7950        2   -75.27895
    -5.6450        2   -77.22942
    -5.4950        2   -79.18806
    -5.3450        2   -81.13374
    -5.1950        2   -83.09806
    -5.0450        2   -85.08612
    -4.8950        2   -87.09410
    -4.7450        2   -89.14579
    -4.5950        2   -91.22896
    -4.4450        2   -93.38644
    -4.2950        2   -95.59242
    -4.1450        2   -97.85439
    -3.9950        2  -100.17062
    -3.8450        2  -102.57028
    -3.6950        2  -105.04970
    -3.5450        2  -107.59482
    -3.3950        2  -110.27597
    -3.2450        2  -113.05631
    -3.0950        2  -115.96120
    -2.9450        2  -119.02779
    -2.7950        2  -122.25690
    -2.6450        2  -125.69339
    -2.4950        2  -129.38376
    -2.3450        2  -133.42403
    -2.1950        2  -137.90711
    -2.0450        2  -142.95050
    -1.8950        2  -148.71653
    -1.7450        2  -155.30892
    -1.5950        2  -162.76424
    -1.4450        2  -171.10131
    -1.2950        2  -180.26593
    -1.1450        2  -190.14638
   -0.99500        2  -200.58670
   -0.84500        2  -211.50695
   -0.69500        2  -222.96661
   -0.54500        2  -235.33176
   -0.39500        2  -249.59229
   -0.25300        2  -260.58984
   -0.21500        2  -261.34616
   -0.20900        2  -262.11284
   -0.20300        2  -262.89023
   -0.19700        2  -263.68089
   -0.19100        2  -264.48351
   -0.18500        2  -265.29980
   -0.17900        2  -266.13129
   -0.17300        2  -266.97816
   -0.16700        2  -267.84096
   -0.16100        2  -268.72123
   -0.15500        2  -269.61912
   -0.14900        2  -270.53650
   -0.14300        2  -271.47339
   -0.13700        2  -272.43284
   -0.13100        2  -273.41672
   -0.12500        2  -274.42732
   -0.11900        2  -275.46719
   -0.11300        2  -276.53749
   -0.10700        2  -277.64117
   -0.10100        2  -278.78200
   -0.95000E-01    2  -279.96635
   -0.89000E-01    2  -281.19510
   -0.83000E-01    2  -282.47744
   -0.77000E-01    2  -283.82244
   -0.71000E-01    2  -285.23679
   -0.65000E-01    2  -286.73332
   -0.59000E-01    2  -288.32440
   -0.53000E-01    2  -290.03541
   -0.47000E-01    2  -291.89366
   -0.41000E-01    2  -293.93479
   -0.35000E-01    2  -296.21568
   -0.29000E-01    2  -298.82741
   -0.23000E-01    2  -301.94547
   -0.19700E-01    2  -302.29049
   -0.19100E-01    2  -302.64361
   -0.18500E-01    2  -303.00507
   -0.17900E-01    2  -303.37515
   -0.17300E-01    2  -303.75440
   -0.16700E-01    2  -304.14323
   -0.16100E-01    2  -304.54208
   -0.15500E-01    2  -304.95104
   -0.14900E-01    2  -305.37137
   -0.14300E-01    2  -305.80377
   -0.13700E-01    2  -306.24867
   -0.13100E-01    2  -306.70764
   -0.12500E-01    2  -307.18280
   -0.11900E-01    2  -307.67453
   -0.11300E-01    2  -308.18409
   -0.10700E-01    2  -308.71271
   -0.10100E-01    2  -309.26173
   -0.95000E-02    2  -309.83274
   -0.89000E-02    2  -310.42803
   -0.83000E-02    2  -311.05028
   -0.77000E-02    2  -311.70143
   -0.71000E-02    2  -312.38535
   -0.65000E-02    2  -313.10477
   -0.59000E-02    2  -313.86128
   -0.53000E-02    2  -314.65547
   -0.47000E-02    2  -315.49002
   -0.41000E-02    2  -316.36760
   -0.35000E-02    2  -317.27835
   -0.29000E-02    2  -318.18705
   -0.23000E-02    2  -319.04008
   -0.17000E-02    2  -319.76457
   -0.11000E-02    2  -320.28088
   -0.50000E-03    2  -320.54051
    0.10000E-03    2  -320.51300
    0.70000E-03    2  -320.18117
    0.13000E-02    2  -319.58766
    0.19000E-02    2  -318.81189
    0.25000E-02    2  -317.93334
    0.31000E-02    2  -317.02000
    0.37000E-02    2  -316.11843
    0.43000E-02    2  -315.25563
    0.49000E-02    2  -314.43567
    0.55000E-02    2  -313.65512
    0.61000E-02    2  -312.91164
    0.67000E-02    2  -312.20479
    0.73000E-02    2  -311.53279
    0.79000E-02    2  -310.89284
    0.85000E-02    2  -310.28136
    0.91000E-02    2  -309.69552
    0.97000E-02    2  -309.13330
    0.10300E-01    2  -308.59260
    0.10900E-01    2  -308.07183
    0.11500E-01    2  -307.56952
    0.12100E-01    2  -307.08464
    0.12700E-01    2  -306.61666
    0.13300E-01    2  -306.16385
    0.13900E-01    2  -305.72510
    0.14500E-01    2  -305.29835
    0.15100E-01    2  -304.88345
    0.15700E-01    2  -304.47993
    0.16300E-01    2  -304.08673
    0.16900E-01    2  -303.70315
    0.17500E-01    2  -303.32878
    0.18100E-01    2  -302.96369
    0.18700E-01    2  -302.60684
    0.19300E-01    2  -302.25849
    0.20200E-01    2  -300.97679
    0.25000E-01    2  -298.08092
    0.31000E-01    2  -295.62609
    0.37000E-01    2  -293.47534
    0.43000E-01    2  -291.55353
    0.49000E-01    2  -289.81589
    0.55000E-01    2  -288.22522
    0.61000E-01    2  -286.75612
    0.67000E-01    2  -285.39004
    0.73000E-01    2  -284.11363
    0.79000E-01    2  -282.91280
    0.85000E-01    2  -281.77965
    0.91000E-01    2  -280.70626
    0.97000E-01    2  -279.68590
    0.10300        2  -278.71478
    0.10900        2  -277.78676
    0.11500        2  -276.89746
    0.12100        2  -276.04655
    0.12700        2  -275.22722
    0.13300        2  -274.44034
    0.13900        2  -273.68243
    0.14500        2  -272.95021
    0.15100        2  -272.24302
    0.15700        2  -271.55921
    0.16300        2  -270.89823
    0.16900        2  -270.25727
    0.17500        2  -269.63833
    0.18100        2  -269.03672
    0.18700        2  -268.45336
    0.19300        2  -267.88684
    0.19900        2  -267.33391
    0.20500        2  -266.79677
    0.21100        2  -266.27530
    0.21700        2  -265.76624
    0.29500        2  -255.79680
    0.44500        2  -249.82486
    0.59500        2  -245.71727
    0.74500        2  -242.55889
    0.89500        2  -239.95515
     1.0450        2  -237.70772
     1.1950        2  -235.71117
     1.3450        2  -233.91369
     1.4950        2  -232.28020
     1.6450        2  -230.77643
     1.7950        2  -229.39248
     1.9450        2  -228.11477
     2.0950        2  -226.93789
     2.2450        2  -225.86312
     2.3950        2  -224.86346
     2.5450        2  -223.95191
     2.6950        2  -223.10242
     2.8450        2  -222.31986
     2.9950        2  -221.59656
     3.1450        2  -220.91896
     3.2950        2  -220.28772
     3.4450        2  -219.69050
     3.5950        2  -219.13061
     3.7450        2  -218.59242
     3.8950        2  -218.08813
     4.0450        2  -217.60728
     4.1950        2  -217.14361
     4.3450        2  -216.69287
     4.4950        2  -216.26436
     4.6450        2  -215.84692
     4.7950        2  -215.44708
     4.9450        2  -215.05603
     5.0950        2  -214.68090
     5.2450        2  -214.31682
     5.3950        2  -213.96193
     5.5450        2  -213.61984
     5.6950        2  -213.28525
     5.8450        2  -212.96053
     5.9950        2  -212.64103
     6.1450        2  -212.32922
     6.2950        2  -212.02400
     6.4450        2  -211.72902
     6.5950        2  -211.43912
     6.7450        2  -211.15454
     6.8950        2  -210.88054
     7.0450        2  -210.60912
     7.1950        2  -210.34643
     7.3450        2  -210.08865
     7.4950        2  -209.83788
     7.6450        2  -209.58952
     7.7950        2  -209.34510
     7.9450        2  -209.10512
     8.0950        2  -208.86902
     8.2450        2  -208.63782
     8.3950        2  -208.40912
     8.5450        2  -208.18504
     8.6950        2  -207.96511
     8.8450        2  -207.75144
     8.9950        2  -207.53912
     9.1450        2  -207.33021
     9.2950        2  -207.12251
     9.4450        2  -206.92050
     9.5950        2  -206.72205
     9.7450        2  -206.52529
     9.8950        2  -206.33293
     10.045        2  -206.14113
     10.195        2  -205.95383
     10.345        2  -205.76890
     10.495        2  -205.58612
     10.645        2  -205.40581
     10.795        2  -205.22641
     10.945        2  -205.05024
     11.095        2  -204.87504
     11.245        2  -204.70335
     11.395        2  -204.53310
     11.545        2  -204.36661
     11.695        2  -204.20107
     11.845        2  -204.03867
     11.995        2  -203.87812
     12.145        2  -203.71818
     12.295        2  -203.56248
     12.445        2  -203.40846
     12.595        2  -203.25724
     12.745        2  -203.10723
     12.895        2  -202.95892
     13.045        2  -202.81096
     13.195        2  -202.66567
     13.345        2  -202.52055
     13.495        2  -202.37662
     13.645        2  -202.23577
     13.795        2  -202.09425
     13.945        2  -201.95618
     14.095        2  -201.81912
     14.245        2  -201.68297
     14.395        2  -201.54823
     14.545        2  -201.41544
     14.695        2  -201.28301
     14.845        2  -201.15341
     14.995        2  -201.02461
     15.145        2  -200.89625
     15.295        2  -200.76980
     15.445        2  -200.64355
     15.595        2  -200.51946
     15.745        2  -200.39523
     15.895        2  -200.27221
     16.045        2  -200.15073
     16.195        2  -200.03016
     16.345        2  -199.90957
     16.495        2  -199.79188
     16.645        2  -199.67556
     16.795        2  -199.55900
     16.945        2  -199.44478
     17.095        2  -199.33153
     17.245        2  -199.21897
     17.395        2  -199.10845
     17.545        2  -198.99681
     17.695        2  -198.88736
     17.845        2  -198.77797
     17.995        2  -198.67025
     18.145        2  -198.56430
     18.295        2  -198.45694
     18.445        2  -198.35212
     18.595        2  -198.24697
     18.745        2  -198.14277
     18.895        2  -198.03957
     19.045        2  -197.93698
     19.195        2  -197.83780
     19.345        2  -197.73624
     19.495        2  -197.63488
     19.645        2  -197.53561
     19.795        2  -197.43736
     19.945        2  -197.34080
     20.095        2  -197.24468
     21.836        2  -194.29961
     30.068        2  -189.91474
     42.097        2  -185.53464
     58.937        2  -181.16181
     82.515        2  -176.81890
     115.53        2  -172.51209
     161.74        2  -168.25581
     226.45        2  -164.06443
     317.04        2  -159.94989
     443.87        2  -155.90647
     621.44        2  -151.93415
     870.05        2  -148.04925
     1218.1        2  -144.23919
     1705.4        2  -140.51124
     2387.7        2  -136.86594
     3342.9        2  -133.29813
     4680.2        2  -129.81710
     6552.5        2  -126.42068
     9173.8        2  -123.11483
     12844.        2  -119.90246
     17982.        2  -116.78777
     25176.        2  -113.76459
     35247.        2  -110.85698
     49348.        2  -108.06317
     69090.        2  -105.38069
     96729.        2  -102.82097
    0.13543E+06    2  -100.37666
    0.18960E+06    2   -98.04779
    0.26545E+06    2   -95.82921
    0.37165E+06    2   -93.71724
    0.52033E+06    2   -91.70512
    0.72849E+06    2   -89.78985
    0.10199E+07    2   -87.97068
    0.14279E+07    2   -86.23755
    0.19992E+07    2   -84.59031
    0.27990E+07    2   -83.02168
    0.39187E+07    2   -81.53021
    0.54864E+07    2   -80.11566
    0.76812E+07    2   -78.76912
    0.10754E+08    2   -77.49172
    0.15056E+08    2   -76.27562
    0.21080E+08    2   -75.12189
    0.29513E+08    2   -74.02616
    0.41319E+08    2   -72.99483
    0.57849E+08    2   -72.03226
    0.80991E+08    2   -71.14039
    0.11339E+09    2   -70.31271
    0.15875E+09    2   -69.54196
    0.22226E+09    2   -68.82241
    0.31118E+09    2   -68.15026
    0.43567E+09    2   -67.52159
    0.60996E+09    2   -66.94554
    0.85398E+09    2   -66.42485
    0.11956E+10    2   -65.94854
    0.16739E+10    2   -65.51138
    0.23436E+10    2   -65.11015
    0.32811E+10    2   -64.74183
    0.45937E+10    2   -64.40305
    0.64315E+10    2   -64.09245
    0.90044E+10    2   -63.80575
    0.12607E+11    2   -63.54249
    0.17650E+11    2   -63.30079
    0.24711E+11    2   -63.07795
    0.34596E+11    2   -62.87355
    0.48437E+11    2   -62.68470
    0.67814E+11    2   -62.51113
    0.10000E+12    2   -60.53509
