    -29.945        1     0.00000
    -29.795        1     0.00000
    -29.645        1     0.00000
    -29.495        1     0.00000
    -29.345        1     0.00000
    -29.195        1     0.00000
    -29.045        1     0.00000
    -28.895        1     0.00000
    -28.745        1     0.00000
    -28.595        1     0.00000
    -28.445        1     0.00000
    -28.295        1     0.00000
    -28.145        1     0.00000
    -27.995        1     0.00000
    -27.845        1     0.00000
    -27.695        1     0.00000
    -27.545        1     0.00000
    -27.395        1     0.00000
    -27.245        1     0.00000
    -27.095        1     0.00000
    -26.945        1     0.00000
    -26.795        1     0.00000
    -26.645        1     0.00000
    -26.495        1     0.00000
    -26.345        1     0.00000
    -26.195        1     0.00000
    -26.045        1     0.00000
    -25.895        1     0.00000
    -25.745        1     0.00000
    -25.595        1     0.00000
    -25.445        1     0.00000
    -25.295        1     0.00000
    -25.145        1     0.00000
    -24.995        1     0.00000
    -24.845        1     0.00000
    -24.695        1     0.00000
    -24.545        1     0.00000
    -24.395        1     0.00000
    -24.245        1     0.00000
    -24.095        1     0.00000
    -23.945        1     0.00000
    -23.795        1     0.00000
    -23.645        1     0.00000
    -23.495        1     0.00000
    -23.345        1     0.00000
    -23.195        1     0.00000
    -23.045        1    -0.00052
    -22.895        1    -0.00087
    -22.745        1    -0.00206
    -22.595        1    -0.00341
    -22.445        1    -0.00611
    -22.295        1    -0.01009
    -22.145        1    -0.02019
    -21.995        1    -0.03466
    -21.845        1    -0.05304
    -21.695        1    -0.07678
    -21.545        1    -0.11651
    -21.395        1    -0.16941
    -21.245        1    -0.23119
    -21.095        1    -0.30713
    -20.945        1    -0.39014
    -20.795        1    -0.49414
    -20.645        1    -0.60892
    -20.495        1    -0.72085
    -20.345        1    -0.85061
    -20.195        1    -0.98655
    -20.045        1    -1.13418
    -19.895        1    -1.28484
    -19.745        1    -1.43854
    -19.595        1    -1.59797
    -19.445        1    -1.75477
    -19.295        1    -1.91084
    -19.145        1    -2.06500
    -18.995        1    -2.22878
    -18.845        1    -2.41434
    -18.695        1    -2.61041
    -18.545        1    -2.81021
    -18.395        1    -3.04044
    -18.245        1    -3.29815
    -18.095        1    -3.56814
    -17.945        1    -3.88277
    -17.795        1    -4.18141
    -17.645        1    -4.50432
    -17.495        1    -4.84936
    -17.345        1    -5.21188
    -17.195        1    -5.56347
    -17.045        1    -5.91408
    -16.895        1    -6.27015
    -16.745        1    -6.61835
    -16.595        1    -6.96754
    -16.445        1    -7.29800
    -16.295        1    -7.62285
    -16.145        1    -7.95839
    -15.995        1    -8.29986
    -15.845        1    -8.63253
    -15.695        1    -8.97347
    -15.545        1    -9.32023
    -15.395        1    -9.64802
    -15.245        1   -10.00247
    -15.095        1   -10.36846
    -14.945        1   -10.73863
    -14.795        1   -11.11296
    -14.645        1   -11.50034
    -14.495        1   -11.89958
    -14.345        1   -12.30915
    -14.195        1   -12.73413
    -14.045        1   -13.16055
    -13.895        1   -13.61462
    -13.745        1   -14.06930
    -13.595        1   -14.53147
    -13.445        1   -15.01413
    -13.295        1   -15.50808
    -13.145        1   -16.01678
    -12.995        1   -16.53958
    -12.845        1   -17.06153
    -12.695        1   -17.62459
    -12.545        1   -18.19314
    -12.395        1   -18.79005
    -12.245        1   -19.40897
    -12.095        1   -20.02818
    -11.945        1   -20.64652
    -11.795        1   -21.28699
    -11.645        1   -21.93164
    -11.495        1   -22.57877
    -11.345        1   -23.22844
    -11.195        1   -23.90161
    -11.045        1   -24.55053
    -10.895        1   -25.19509
    -10.745        1   -25.81854
    -10.595        1   -26.43835
    -10.445        1   -27.04932
    -10.295        1   -27.65487
    -10.145        1   -28.24001
    -9.9950        1   -28.81605
    -9.8450        1   -29.37386
    -9.6950        1   -29.91930
    -9.5450        1   -30.45940
    -9.3950        1   -30.98757
    -9.2450        1   -31.50244
    -9.0950        1   -32.01114
    -8.9450        1   -32.51145
    -8.7950        1   -33.00502
    -8.6450        1   -33.47912
    -8.4950        1   -33.94682
    -8.3450        1   -34.40779
    -8.1950        1   -34.87388
    -8.0450        1   -35.33513
    -7.8950        1   -35.79753
    -7.7450        1   -36.25051
    -7.5950        1   -36.71502
    -7.4450        1   -37.18724
    -7.2950        1   -37.66699
    -7.1450        1   -38.15129
    -6.9950        1   -38.65008
    -6.8450        1   -39.16070
    -6.6950        1   -39.67921
    -6.5450        1   -40.21737
    -6.3950        1   -40.77016
    -6.2450        1   -41.35029
    -6.0950        1   -41.94634
    -5.9450        1   -42.56357
    -5.7950        1   -43.19724
    -5.6450        1   -43.84596
    -5.4950        1   -44.52089
    -5.3450        1   -45.22148
    -5.1950        1   -45.96126
    -5.0450        1   -46.72466
    -4.8950        1   -47.51128
    -4.7450        1   -48.34458
    -4.5950        1   -49.20909
    -4.4450        1   -50.13255
    -4.2950        1   -51.09842
    -4.1450        1   -52.12335
    -3.9950        1   -53.19852
    -3.8450        1   -54.34199
    -3.6950        1   -55.56009
    -3.5450        1   -56.85462
    -3.3950        1   -58.20474
    -3.2450        1   -59.63563
    -3.0950        1   -61.13906
    -2.9450        1   -62.72226
    -2.7950        1   -64.38916
    -2.6450        1   -66.12764
    -2.4950        1   -67.93732
    -2.3450        1   -69.80663
    -2.1950        1   -71.72580
    -2.0450        1   -73.68273
    -1.8950        1   -75.64923
    -1.7450        1   -77.63065
    -1.5950        1   -79.61900
    -1.4450        1   -81.61103
    -1.2950        1   -83.62061
    -1.1450        1   -85.66627
   -0.99500        1   -87.79074
   -0.84500        1   -90.04024
   -0.69500        1   -92.47849
   -0.54500        1   -95.22704
   -0.39500        1   -98.47273
   -0.25300        1  -100.98263
   -0.21500        1  -101.15518
   -0.20900        1  -101.33038
   -0.20300        1  -101.50769
   -0.19700        1  -101.68897
   -0.19100        1  -101.87412
   -0.18500        1  -102.06160
   -0.17900        1  -102.25368
   -0.17300        1  -102.44875
   -0.16700        1  -102.64864
   -0.16100        1  -102.85311
   -0.15500        1  -103.06165
   -0.14900        1  -103.27558
   -0.14300        1  -103.49540
   -0.13700        1  -103.72061
   -0.13100        1  -103.95238
   -0.12500        1  -104.19174
   -0.11900        1  -104.43903
   -0.11300        1  -104.69494
   -0.10700        1  -104.95934
   -0.10100        1  -105.23360
   -0.95000E-01    1  -105.51993
   -0.89000E-01    1  -105.81921
   -0.83000E-01    1  -106.13280
   -0.77000E-01    1  -106.46359
   -0.71000E-01    1  -106.81334
   -0.65000E-01    1  -107.18654
   -0.59000E-01    1  -107.58850
   -0.53000E-01    1  -108.02531
   -0.47000E-01    1  -108.50631
   -0.41000E-01    1  -109.04823
   -0.35000E-01    1  -109.67578
   -0.29000E-01    1  -110.41780
   -0.23000E-01    1  -111.30474
   -0.19700E-01    1  -111.40222
   -0.19100E-01    1  -111.50157
   -0.18500E-01    1  -111.60283
   -0.17900E-01    1  -111.70622
   -0.17300E-01    1  -111.81176
   -0.16700E-01    1  -111.91952
   -0.16100E-01    1  -112.02987
   -0.15500E-01    1  -112.14257
   -0.14900E-01    1  -112.25780
   -0.14300E-01    1  -112.37543
   -0.13700E-01    1  -112.49531
   -0.13100E-01    1  -112.61762
   -0.12500E-01    1  -112.74205
   -0.11900E-01    1  -112.86854
   -0.11300E-01    1  -112.99680
   -0.10700E-01    1  -113.12688
   -0.10100E-01    1  -113.25851
   -0.95000E-02    1  -113.39114
   -0.89000E-02    1  -113.52451
   -0.83000E-02    1  -113.65804
   -0.77000E-02    1  -113.79117
   -0.71000E-02    1  -113.92295
   -0.65000E-02    1  -114.05262
   -0.59000E-02    1  -114.17867
   -0.53000E-02    1  -114.30014
   -0.47000E-02    1  -114.41524
   -0.41000E-02    1  -114.52185
   -0.35000E-02    1  -114.61770
   -0.29000E-02    1  -114.70086
   -0.23000E-02    1  -114.76929
   -0.17000E-02    1  -114.82135
   -0.11000E-02    1  -114.85579
   -0.50000E-03    1  -114.87164
    0.10000E-03    1  -114.86847
    0.70000E-03    1  -114.84635
    0.13000E-02    1  -114.80590
    0.19000E-02    1  -114.74818
    0.25000E-02    1  -114.67464
    0.31000E-02    1  -114.58697
    0.37000E-02    1  -114.48722
    0.43000E-02    1  -114.37758
    0.49000E-02    1  -114.26019
    0.55000E-02    1  -114.13706
    0.61000E-02    1  -114.00977
    0.67000E-02    1  -113.87958
    0.73000E-02    1  -113.74758
    0.79000E-02    1  -113.61446
    0.85000E-02    1  -113.48109
    0.91000E-02    1  -113.34808
    0.97000E-02    1  -113.21586
    0.10300E-01    1  -113.08492
    0.10900E-01    1  -112.95559
    0.11500E-01    1  -112.82811
    0.12100E-01    1  -112.70244
    0.12700E-01    1  -112.57881
    0.13300E-01    1  -112.45751
    0.13900E-01    1  -112.33865
    0.14500E-01    1  -112.22222
    0.15100E-01    1  -112.10807
    0.15700E-01    1  -111.99638
    0.16300E-01    1  -111.88701
    0.16900E-01    1  -111.78002
    0.17500E-01    1  -111.67531
    0.18100E-01    1  -111.57283
    0.18700E-01    1  -111.47253
    0.19300E-01    1  -111.37419
    0.20200E-01    1  -111.00958
    0.25000E-01    1  -110.17918
    0.31000E-01    1  -109.48334
    0.37000E-01    1  -108.89409
    0.43000E-01    1  -108.38244
    0.49000E-01    1  -107.92662
    0.55000E-01    1  -107.51249
    0.61000E-01    1  -107.13235
    0.67000E-01    1  -106.78056
    0.73000E-01    1  -106.45197
    0.79000E-01    1  -106.14445
    0.85000E-01    1  -105.85538
    0.91000E-01    1  -105.58098
    0.97000E-01    1  -105.32197
    0.10300        1  -105.07569
    0.10900        1  -104.84104
    0.11500        1  -104.61685
    0.12100        1  -104.40268
    0.12700        1  -104.19822
    0.13300        1  -104.00218
    0.13900        1  -103.81340
    0.14500        1  -103.63225
    0.15100        1  -103.45846
    0.15700        1  -103.29167
    0.16300        1  -103.13075
    0.16900        1  -102.97612
    0.17500        1  -102.82679
    0.18100        1  -102.68215
    0.18700        1  -102.54252
    0.19300        1  -102.40783
    0.19900        1  -102.27794
    0.20500        1  -102.15205
    0.21100        1  -102.02970
    0.21700        1  -101.91078
    0.29500        1   -99.68346
    0.44500        1   -98.44217
    0.59500        1   -97.65516
    0.74500        1   -97.11006
    0.89500        1   -96.70067
     1.0450        1   -96.36728
     1.1950        1   -96.08337
     1.3450        1   -95.83348
     1.4950        1   -95.61207
     1.6450        1   -95.41187
     1.7950        1   -95.22948
     1.9450        1   -95.06149
     2.0950        1   -94.90866
     2.2450        1   -94.77139
     2.3950        1   -94.64051
     2.5450        1   -94.51931
     2.6950        1   -94.40388
     2.8450        1   -94.30053
     2.9950        1   -94.20599
     3.1450        1   -94.11846
     3.2950        1   -94.03280
     3.4450        1   -93.95475
     3.5950        1   -93.87904
     3.7450        1   -93.80748
     3.8950        1   -93.73949
     4.0450        1   -93.67469
     4.1950        1   -93.61266
     4.3450        1   -93.55358
     4.4950        1   -93.49565
     4.6450        1   -93.44095
     4.7950        1   -93.39079
     4.9450        1   -93.33929
     5.0950        1   -93.28841
     5.2450        1   -93.23827
     5.3950        1   -93.19119
     5.5450        1   -93.14561
     5.6950        1   -93.10212
     5.8450        1   -93.05777
     5.9950        1   -93.01540
     6.1450        1   -92.97577
     6.2950        1   -92.93546
     6.4450        1   -92.89625
     6.5950        1   -92.85870
     6.7450        1   -92.82174
     6.8950        1   -92.78355
     7.0450        1   -92.74816
     7.1950        1   -92.71249
     7.3450        1   -92.67865
     7.4950        1   -92.64546
     7.6450        1   -92.61258
     7.7950        1   -92.58072
     7.9450        1   -92.54912
     8.0950        1   -92.51729
     8.2450        1   -92.48603
     8.3950        1   -92.45691
     8.5450        1   -92.42701
     8.6950        1   -92.39681
     8.8450        1   -92.36762
     8.9950        1   -92.33950
     9.1450        1   -92.31084
     9.2950        1   -92.28432
     9.4450        1   -92.25742
     9.5950        1   -92.23030
     9.7450        1   -92.20371
     9.8950        1   -92.17707
     10.045        1   -92.15163
     10.195        1   -92.12589
     10.345        1   -92.10095
     10.495        1   -92.07647
     10.645        1   -92.05172
     10.795        1   -92.02719
     10.945        1   -92.00342
     11.095        1   -91.97986
     11.245        1   -91.95684
     11.395        1   -91.93376
     11.545        1   -91.91000
     11.695        1   -91.88783
     11.845        1   -91.86470
     11.995        1   -91.84310
     12.145        1   -91.82163
     12.295        1   -91.80008
     12.445        1   -91.77895
     12.595        1   -91.75866
     12.745        1   -91.73658
     12.895        1   -91.71647
     13.045        1   -91.69640
     13.195        1   -91.67595
     13.345        1   -91.65572
     13.495        1   -91.63588
     13.645        1   -91.61616
     13.795        1   -91.59682
     13.945        1   -91.57813
     14.095        1   -91.55912
     14.245        1   -91.54014
     14.395        1   -91.52060
     14.545        1   -91.50215
     14.695        1   -91.48280
     14.845        1   -91.46420
     14.995        1   -91.44606
     15.145        1   -91.42777
     15.295        1   -91.41024
     15.445        1   -91.39250
     15.595        1   -91.37540
     15.745        1   -91.35689
     15.895        1   -91.33951
     16.045        1   -91.32221
     16.195        1   -91.30486
     16.345        1   -91.28733
     16.495        1   -91.27085
     16.645        1   -91.25354
     16.795        1   -91.23668
     16.945        1   -91.22067
     17.095        1   -91.20460
     17.245        1   -91.18882
     17.395        1   -91.17260
     17.545        1   -91.15759
     17.695        1   -91.14223
     17.845        1   -91.12600
     17.995        1   -91.11101
     18.145        1   -91.09568
     18.295        1   -91.08014
     18.445        1   -91.06472
     18.595        1   -91.04933
     18.745        1   -91.03450
     18.895        1   -91.01969
     19.045        1   -91.00505
     19.195        1   -90.99071
     19.345        1   -90.97678
     19.495        1   -90.96254
     19.645        1   -90.94859
     19.795        1   -90.93423
     19.945        1   -90.92018
     20.095        1   -90.90622
     20.245        1   -90.89297
     20.395        1   -90.87914
     20.545        1   -90.86582
     20.695        1   -90.85252
     20.845        1   -90.83926
     20.995        1   -90.82596
     21.145        1   -90.81296
     21.295        1   -90.79964
     21.445        1   -90.78665
     21.595        1   -90.77294
     21.745        1   -90.76056
     21.895        1   -90.74714
     22.045        1   -90.73383
     22.195        1   -90.72075
     22.345        1   -90.70741
     22.495        1   -90.69467
     22.645        1   -90.68229
     22.795        1   -90.67012
     22.945        1   -90.65765
     23.095        1   -90.64513
     23.245        1   -90.63248
     23.395        1   -90.62020
     23.545        1   -90.60781
     23.695        1   -90.59621
     23.845        1   -90.58442
     23.995        1   -90.57270
     24.145        1   -90.56074
     24.295        1   -90.54856
     24.445        1   -90.53679
     24.595        1   -90.52536
     24.745        1   -90.51409
     24.895        1   -90.50274
     25.045        1   -90.49133
     25.195        1   -90.48056
     25.345        1   -90.46912
     25.495        1   -90.45799
     25.645        1   -90.44628
     25.795        1   -90.43512
     25.945        1   -90.42344
     26.095        1   -90.41214
     26.245        1   -90.40032
     26.395        1   -90.38935
     26.545        1   -90.37913
     26.695        1   -90.36846
     26.845        1   -90.35739
     26.995        1   -90.34610
     27.145        1   -90.33558
     27.295        1   -90.32530
     27.445        1   -90.31479
     27.595        1   -90.30393
     27.745        1   -90.29387
     27.895        1   -90.28360
     28.045        1   -90.27334
     28.195        1   -90.26341
     28.345        1   -90.25201
     28.495        1   -90.24215
     28.645        1   -90.23173
     28.795        1   -90.22173
     28.945        1   -90.21195
     29.095        1   -90.20223
     29.245        1   -90.19246
     29.395        1   -90.18251
     29.545        1   -90.17270
     29.695        1   -90.16255
     29.845        1   -90.15269
     29.995        1   -90.14319
     30.145        1   -90.13352
     30.295        1   -90.12378
     30.445        1   -90.11448
     30.595        1   -90.10533
     30.745        1   -90.09556
     30.895        1   -90.08655
     31.045        1   -90.07746
     31.195        1   -90.06821
     31.345        1   -90.05907
     31.495        1   -90.05003
     31.645        1   -90.04121
     31.795        1   -90.03202
     31.945        1   -90.02292
     32.095        1   -90.01358
     32.245        1   -90.00425
     32.395        1   -89.99492
     32.545        1   -89.98593
     32.695        1   -89.97725
     32.845        1   -89.96850
     32.995        1   -89.96013
     33.145        1   -89.95124
     33.295        1   -89.94239
     33.445        1   -89.93322
     33.595        1   -89.92467
     33.745        1   -89.91599
     33.895        1   -89.90702
     34.045        1   -89.89879
     34.195        1   -89.89034
     34.345        1   -89.88145
     34.495        1   -89.87273
     34.645        1   -89.86428
     34.795        1   -89.85574
     34.945        1   -89.84760
     35.095        1   -89.83958
     35.245        1   -89.83144
     35.395        1   -89.82299
     35.545        1   -89.81496
     35.695        1   -89.80678
     35.845        1   -89.79883
     35.995        1   -89.79069
     36.145        1   -89.78270
     36.295        1   -89.77459
     36.445        1   -89.76632
     36.595        1   -89.75839
     36.745        1   -89.75042
     36.895        1   -89.74281
     37.045        1   -89.73481
     37.195        1   -89.72704
     37.345        1   -89.71955
     37.495        1   -89.71104
     37.645        1   -89.70314
     37.795        1   -89.69538
     37.945        1   -89.68723
     38.095        1   -89.67963
     38.245        1   -89.67226
     38.395        1   -89.66453
     38.545        1   -89.65755
     38.695        1   -89.65016
     38.845        1   -89.64282
     38.995        1   -89.63519
     39.145        1   -89.62798
     39.295        1   -89.62050
     39.445        1   -89.61296
     39.595        1   -89.60520
     39.745        1   -89.59818
     39.895        1   -89.59093
     40.045        1   -89.58347
     40.195        1   -89.57615
     40.345        1   -89.56898
     40.495        1   -89.56185
     40.645        1   -89.55487
     40.795        1   -89.54807
     40.945        1   -89.54112
     41.095        1   -89.53384
     41.245        1   -89.52654
     41.395        1   -89.51963
     41.545        1   -89.51283
     41.695        1   -89.50607
     41.845        1   -89.49918
     41.995        1   -89.49215
     42.145        1   -89.48534
     42.295        1   -89.47797
     42.445        1   -89.47157
     42.595        1   -89.46456
     42.745        1   -89.45779
     42.895        1   -89.45106
     43.045        1   -89.44463
     43.195        1   -89.43806
     43.345        1   -89.43149
     43.495        1   -89.42485
     43.645        1   -89.41799
     43.795        1   -89.41074
     43.945        1   -89.40375
     44.095        1   -89.39739
     44.245        1   -89.39056
     44.395        1   -89.38408
     44.545        1   -89.37732
     44.695        1   -89.37075
     44.845        1   -89.36414
     44.995        1   -89.35768
     45.145        1   -89.35123
     45.295        1   -89.34491
     45.445        1   -89.33795
     45.595        1   -89.33175
     45.745        1   -89.32548
     45.895        1   -89.31911
     46.045        1   -89.31272
     46.195        1   -89.30599
     46.345        1   -89.29940
     46.495        1   -89.29252
     46.645        1   -89.28611
     46.795        1   -89.27980
     46.945        1   -89.27324
     47.095        1   -89.26714
     47.245        1   -89.26130
     47.395        1   -89.25525
     47.545        1   -89.24907
     47.695        1   -89.24289
     47.845        1   -89.23684
     47.995        1   -89.23051
     48.145        1   -89.22486
     48.295        1   -89.21875
     48.445        1   -89.21271
     48.595        1   -89.20661
     48.745        1   -89.20063
     48.895        1   -89.19451
     49.045        1   -89.18876
     49.195        1   -89.18288
     49.345        1   -89.17674
     49.495        1   -89.17052
     49.645        1   -89.16444
     49.795        1   -89.15848
     49.945        1   -89.15281
     50.095        1   -89.14700
     50.245        1   -89.14140
     50.395        1   -89.13547
     50.545        1   -89.12921
     50.695        1   -89.12316
     50.845        1   -89.11723
     50.995        1   -89.11161
     51.145        1   -89.10617
     51.295        1   -89.10062
     51.445        1   -89.09480
     51.595        1   -89.08903
     51.745        1   -89.08312
     51.895        1   -89.07765
     52.045        1   -89.07199
     52.195        1   -89.06628
     52.345        1   -89.06066
     52.495        1   -89.05459
     52.645        1   -89.04914
     52.795        1   -89.04359
     52.945        1   -89.03796
     53.095        1   -89.03196
     53.245        1   -89.02612
     53.395        1   -89.02047
     53.545        1   -89.01520
     53.695        1   -89.00970
     53.845        1   -89.00426
     53.995        1   -88.99827
     54.145        1   -88.99295
     54.295        1   -88.98763
     54.445        1   -88.98226
     54.595        1   -88.97681
     54.745        1   -88.97157
     54.895        1   -88.96620
     55.045        1   -88.96050
     55.195        1   -88.95518
     55.345        1   -88.94949
     55.495        1   -88.94411
     55.645        1   -88.93875
     55.795        1   -88.93340
     55.945        1   -88.92805
     56.095        1   -88.92304
     56.245        1   -88.91789
     56.395        1   -88.91261
     56.545        1   -88.90728
     56.695        1   -88.90227
     56.845        1   -88.89705
     56.995        1   -88.89102
     57.145        1   -88.88561
     57.295        1   -88.88098
     57.445        1   -88.87583
     57.595        1   -88.87086
     57.745        1   -88.86582
     57.895        1   -88.86065
     58.045        1   -88.85563
     58.195        1   -88.85050
     58.345        1   -88.84563
     58.495        1   -88.84058
     58.645        1   -88.83514
     58.795        1   -88.83020
     58.945        1   -88.82523
     59.095        1   -88.82008
     59.245        1   -88.81523
     59.395        1   -88.81026
     59.545        1   -88.80531
     59.695        1   -88.80040
     59.845        1   -88.79570
     59.995        1   -88.79094
     60.145        1   -88.78568
     70.939        1   -88.15203
     97.698        1   -87.51744
     134.55        1   -86.88416
     185.30        1   -86.25624
     255.20        1   -85.63229
     351.46        1   -85.01686
     484.04        1   -84.41106
     666.62        1   -83.81280
     918.07        1   -83.22906
     1264.4        1   -82.64916
     1741.3        1   -82.08044
     2398.1        1   -81.51928
     3302.7        1   -80.96914
     4548.5        1   -80.42759
     6264.3        1   -79.89572
     8627.2        1   -79.37568
     11881.        1   -78.86488
     16363.        1   -78.35892
     22535.        1   -77.86104
     31036.        1   -77.37135
     42743.        1   -76.89101
     58866.        1   -76.41724
     81070.        1   -75.95009
    0.11165E+06    1   -75.48978
    0.15377E+06    1   -75.03430
    0.21177E+06    1   -74.58388
    0.29165E+06    1   -74.13968
    0.40166E+06    1   -73.70071
    0.55317E+06    1   -73.26441
    0.76182E+06    1   -72.83026
    0.10492E+07    1   -72.39823
    0.14449E+07    1   -71.96961
    0.19900E+07    1   -71.54277
    0.27406E+07    1   -71.11464
    0.37744E+07    1   -70.68485
    0.51981E+07    1   -70.25344
    0.71589E+07    1   -69.82027
    0.98593E+07    1   -69.38660
    0.13578E+08    1   -68.95217
    0.18700E+08    1   -68.51458
    0.25754E+08    1   -68.07451
    0.35468E+08    1   -67.63825
    0.48847E+08    1   -67.20758
    0.67273E+08    1   -66.78881
    0.92648E+08    1   -66.38018
    0.12760E+09    1   -65.98154
    0.17573E+09    1   -65.59538
    0.24201E+09    1   -65.21925
    0.33330E+09    1   -64.85623
    0.45902E+09    1   -64.51032
    0.63217E+09    1   -64.18512
    0.87062E+09    1   -63.87942
    0.11990E+10    1   -63.59362
    0.16513E+10    1   -63.32844
    0.22742E+10    1   -63.08097
    0.31320E+10    1   -62.84955
    0.43134E+10    1   -62.63331
    0.59405E+10    1   -62.43238
    0.81813E+10    1   -62.24546
    0.11267E+11    1   -62.07164
    0.15517E+11    1   -61.90940
    0.21371E+11    1   -61.75932
    0.29432E+11    1   -61.61901
    0.40534E+11    1   -61.48894
    0.55823E+11    1   -61.36847
    0.10000E+12    1   -59.85599
    -149.95        2     0.00000
    -149.80        2     0.00000
    -149.65        2     0.00000
    -149.49        2     0.00000
    -149.34        2     0.00000
    -149.20        2     0.00000
    -149.05        2     0.00000
    -148.90        2     0.00000
    -148.74        2     0.00000
    -148.59        2     0.00000
    -148.45        2     0.00000
    -148.30        2     0.00000
    -148.15        2     0.00000
    -147.99        2     0.00000
    -147.84        2     0.00000
    -147.70        2     0.00000
    -147.55        2     0.00000
    -147.40        2     0.00000
    -147.24        2     0.00000
    -147.09        2     0.00000
    -146.95        2     0.00000
    -146.80        2     0.00000
    -146.65        2     0.00000
    -146.49        2     0.00000
    -146.34        2     0.00000
    -146.20        2     0.00000
    -146.05        2     0.00000
    -145.90        2     0.00000
    -145.74        2     0.00000
    -145.59        2     0.00000
    -145.45        2     0.00000
    -145.30        2     0.00000
    -145.15        2     0.00000
    -144.99        2     0.00000
    -144.84        2     0.00000
    -144.70        2     0.00000
    -144.55        2     0.00000
    -144.40        2     0.00000
    -144.24        2     0.00000
    -144.09        2     0.00000
    -143.95        2     0.00000
    -143.80        2     0.00000
    -143.65        2     0.00000
    -143.49        2     0.00000
    -143.34        2     0.00000
    -143.20        2     0.00000
    -143.05        2     0.00000
    -142.90        2     0.00000
    -142.74        2     0.00000
    -142.59        2     0.00000
    -142.45        2     0.00000
    -142.30        2     0.00000
    -142.15        2     0.00000
    -141.99        2     0.00000
    -141.84        2     0.00000
    -141.70        2     0.00000
    -141.55        2     0.00000
    -141.40        2     0.00000
    -141.24        2     0.00000
    -141.09        2     0.00000
    -140.95        2     0.00000
    -140.80        2     0.00000
    -140.65        2     0.00000
    -140.49        2     0.00000
    -140.34        2     0.00000
    -140.20        2     0.00000
    -140.05        2     0.00000
    -139.90        2     0.00000
    -139.74        2     0.00000
    -139.59        2     0.00000
    -139.45        2     0.00000
    -139.30        2     0.00000
    -139.15        2     0.00000
    -138.99        2     0.00000
    -138.84        2     0.00000
    -138.70        2     0.00000
    -138.55        2     0.00000
    -138.40        2     0.00000
    -138.24        2     0.00000
    -138.09        2     0.00000
    -137.95        2     0.00000
    -137.80        2     0.00000
    -137.65        2     0.00000
    -137.49        2     0.00000
    -137.34        2     0.00000
    -137.20        2     0.00000
    -137.05        2     0.00000
    -136.90        2     0.00000
    -136.74        2     0.00000
    -136.59        2     0.00000
    -136.45        2     0.00000
    -136.30        2     0.00000
    -136.15        2     0.00000
    -135.99        2     0.00000
    -135.84        2     0.00000
    -135.70        2     0.00000
    -135.55        2     0.00000
    -135.40        2     0.00000
    -135.24        2     0.00000
    -135.09        2     0.00000
    -134.95        2     0.00000
    -134.80        2     0.00000
    -134.65        2     0.00000
    -134.49        2     0.00000
    -134.34        2     0.00000
    -134.20        2     0.00000
    -134.05        2     0.00000
    -133.90        2     0.00000
    -133.74        2     0.00000
    -133.59        2     0.00000
    -133.45        2     0.00000
    -133.30        2     0.00000
    -133.15        2     0.00000
    -132.99        2     0.00000
    -132.84        2     0.00000
    -132.70        2     0.00000
    -132.55        2     0.00000
    -132.40        2     0.00000
    -132.24        2     0.00000
    -132.09        2     0.00000
    -131.95        2     0.00000
    -131.80        2     0.00000
    -131.65        2     0.00000
    -131.49        2     0.00000
    -131.34        2     0.00000
    -131.20        2     0.00000
    -131.05        2     0.00000
    -130.90        2     0.00000
    -130.74        2     0.00000
    -130.59        2     0.00000
    -130.45        2     0.00000
    -130.30        2     0.00000
    -130.15        2     0.00000
    -129.99        2     0.00000
    -129.84        2     0.00000
    -129.70        2     0.00000
    -129.55        2     0.00000
    -129.40        2     0.00000
    -129.24        2     0.00000
    -129.09        2     0.00000
    -128.95        2     0.00000
    -128.80        2     0.00000
    -128.65        2     0.00000
    -128.49        2     0.00000
    -128.34        2     0.00000
    -128.20        2     0.00000
    -128.05        2     0.00000
    -127.89        2     0.00000
    -127.75        2     0.00000
    -127.60        2     0.00000
    -127.44        2     0.00000
    -127.30        2     0.00000
    -127.14        2     0.00000
    -127.00        2     0.00000
    -126.85        2     0.00000
    -126.69        2     0.00000
    -126.55        2     0.00000
    -126.39        2     0.00000
    -126.25        2     0.00000
    -126.10        2     0.00000
    -125.94        2     0.00000
    -125.80        2     0.00000
    -125.64        2     0.00000
    -125.50        2     0.00000
    -125.35        2     0.00000
    -125.19        2     0.00000
    -125.05        2     0.00000
    -124.89        2     0.00000
    -124.75        2     0.00000
    -124.60        2     0.00000
    -124.44        2     0.00000
    -124.30        2     0.00000
    -124.14        2     0.00000
    -124.00        2     0.00000
    -123.85        2     0.00000
    -123.69        2     0.00000
    -123.55        2     0.00000
    -123.39        2     0.00000
    -123.25        2     0.00000
    -123.10        2     0.00000
    -122.94        2     0.00000
    -122.80        2     0.00000
    -122.64        2     0.00000
    -122.50        2     0.00000
    -122.35        2     0.00000
    -122.19        2     0.00000
    -122.05        2     0.00000
    -121.89        2     0.00000
    -121.75        2     0.00000
    -121.60        2     0.00000
    -121.44        2     0.00000
    -121.30        2     0.00000
    -121.14        2     0.00000
    -121.00        2     0.00000
    -120.85        2     0.00000
    -120.69        2     0.00000
    -120.55        2     0.00000
    -120.39        2     0.00000
    -120.25        2     0.00000
    -120.10        2     0.00000
    -119.94        2     0.00000
    -119.80        2     0.00000
    -119.64        2     0.00000
    -119.50        2     0.00000
    -119.35        2     0.00000
    -119.19        2     0.00000
    -119.05        2     0.00000
    -118.89        2     0.00000
    -118.75        2     0.00000
    -118.60        2     0.00000
    -118.44        2     0.00000
    -118.30        2     0.00000
    -118.14        2     0.00000
    -118.00        2     0.00000
    -117.85        2     0.00000
    -117.69        2     0.00000
    -117.55        2     0.00000
    -117.39        2     0.00000
    -117.25        2     0.00000
    -117.10        2     0.00000
    -116.94        2     0.00000
    -116.80        2     0.00000
    -116.64        2     0.00000
    -116.50        2     0.00000
    -116.35        2     0.00000
    -116.19        2     0.00000
    -116.05        2     0.00000
    -115.89        2     0.00000
    -115.75        2     0.00000
    -115.60        2     0.00000
    -115.44        2     0.00000
    -115.30        2     0.00000
    -115.14        2     0.00000
    -115.00        2     0.00000
    -114.85        2     0.00000
    -114.69        2     0.00000
    -114.55        2     0.00000
    -114.39        2     0.00000
    -114.25        2     0.00000
    -114.10        2     0.00000
    -113.94        2     0.00000
    -113.80        2     0.00000
    -113.64        2     0.00000
    -113.50        2     0.00000
    -113.35        2     0.00000
    -113.19        2     0.00000
    -113.05        2     0.00000
    -112.89        2     0.00000
    -112.75        2     0.00000
    -112.60        2     0.00000
    -112.44        2     0.00000
    -112.30        2     0.00000
    -112.14        2     0.00000
    -112.00        2     0.00000
    -111.85        2     0.00000
    -111.69        2     0.00000
    -111.55        2     0.00000
    -111.39        2     0.00000
    -111.25        2     0.00000
    -111.10        2     0.00000
    -110.94        2     0.00000
    -110.80        2     0.00000
    -110.64        2     0.00000
    -110.50        2     0.00000
    -110.35        2     0.00000
    -110.19        2     0.00000
    -110.05        2     0.00000
    -109.89        2     0.00000
    -109.75        2     0.00000
    -109.60        2     0.00000
    -109.44        2     0.00000
    -109.30        2     0.00000
    -109.14        2     0.00000
    -109.00        2     0.00000
    -108.85        2     0.00000
    -108.69        2     0.00000
    -108.55        2     0.00000
    -108.39        2     0.00000
    -108.25        2     0.00000
    -108.10        2     0.00000
    -107.94        2     0.00000
    -107.80        2     0.00000
    -107.64        2     0.00000
    -107.50        2     0.00000
    -107.35        2     0.00000
    -107.19        2     0.00000
    -107.05        2     0.00000
    -106.89        2     0.00000
    -106.75        2     0.00000
    -106.60        2     0.00000
    -106.44        2     0.00000
    -106.30        2     0.00000
    -106.14        2     0.00000
    -106.00        2     0.00000
    -105.85        2     0.00000
    -105.69        2     0.00000
    -105.55        2     0.00000
    -105.39        2     0.00000
    -105.25        2     0.00000
    -105.10        2     0.00000
    -104.94        2     0.00000
    -104.80        2     0.00000
    -104.64        2     0.00000
    -104.50        2     0.00000
    -104.35        2     0.00000
    -104.19        2     0.00000
    -104.05        2     0.00000
    -103.89        2     0.00000
    -103.75        2     0.00000
    -103.60        2     0.00000
    -103.44        2     0.00000
    -103.30        2     0.00000
    -103.14        2     0.00000
    -103.00        2     0.00000
    -102.85        2     0.00000
    -102.69        2     0.00000
    -102.55        2     0.00000
    -102.39        2     0.00000
    -102.25        2     0.00000
    -102.10        2     0.00000
    -101.94        2     0.00000
    -101.80        2     0.00000
    -101.64        2     0.00000
    -101.50        2     0.00000
    -101.35        2     0.00000
    -101.19        2     0.00000
    -101.05        2     0.00000
    -100.89        2     0.00000
    -100.75        2     0.00000
    -100.60        2     0.00000
    -100.44        2     0.00000
    -100.30        2     0.00000
    -100.14        2     0.00000
    -99.995        2     0.00000
    -99.845        2     0.00000
    -99.695        2     0.00000
    -99.545        2     0.00000
    -99.395        2     0.00000
    -99.245        2     0.00000
    -99.095        2     0.00000
    -98.945        2     0.00000
    -98.795        2     0.00000
    -98.645        2     0.00000
    -98.495        2     0.00000
    -98.345        2     0.00000
    -98.195        2     0.00000
    -98.045        2     0.00000
    -97.895        2     0.00000
    -97.745        2     0.00000
    -97.595        2     0.00000
    -97.445        2     0.00000
    -97.295        2     0.00000
    -97.145        2     0.00000
    -96.995        2     0.00000
    -96.845        2     0.00000
    -96.695        2     0.00000
    -96.545        2     0.00000
    -96.395        2     0.00000
    -96.245        2     0.00000
    -96.095        2     0.00000
    -95.945        2     0.00000
    -95.795        2     0.00000
    -95.645        2     0.00000
    -95.495        2     0.00000
    -95.345        2     0.00000
    -95.195        2     0.00000
    -95.045        2     0.00000
    -94.895        2     0.00000
    -94.745        2     0.00000
    -94.595        2     0.00000
    -94.445        2     0.00000
    -94.295        2     0.00000
    -94.145        2     0.00000
    -93.995        2     0.00000
    -93.845        2     0.00000
    -93.695        2     0.00000
    -93.545        2     0.00000
    -93.395        2     0.00000
    -93.245        2     0.00000
    -93.095        2     0.00000
    -92.945        2     0.00000
    -92.795        2     0.00000
    -92.645        2     0.00000
    -92.495        2     0.00000
    -92.345        2     0.00000
    -92.195        2     0.00000
    -92.045        2     0.00000
    -91.895        2     0.00000
    -91.745        2     0.00000
    -91.595        2     0.00000
    -91.445        2     0.00000
    -91.295        2     0.00000
    -91.145        2     0.00000
    -90.995        2     0.00000
    -90.845        2     0.00000
    -90.695        2     0.00000
    -90.545        2     0.00000
    -90.395        2     0.00000
    -90.245        2     0.00000
    -90.095        2     0.00000
    -89.945        2     0.00000
    -89.795        2     0.00000
    -89.645        2     0.00000
    -89.495        2     0.00000
    -89.345        2     0.00000
    -89.195        2     0.00000
    -89.045        2     0.00000
    -88.895        2     0.00000
    -88.745        2     0.00000
    -88.595        2     0.00000
    -88.445        2     0.00000
    -88.295        2     0.00000
    -88.145        2     0.00000
    -87.995        2     0.00000
    -87.845        2     0.00000
    -87.695        2     0.00000
    -87.545        2     0.00000
    -87.395        2     0.00000
    -87.245        2     0.00000
    -87.095        2     0.00000
    -86.945        2     0.00000
    -86.795        2     0.00000
    -86.645        2     0.00000
    -86.495        2     0.00000
    -86.345        2     0.00000
    -86.195        2     0.00000
    -86.045        2     0.00000
    -85.895        2     0.00000
    -85.745        2     0.00000
    -85.595        2     0.00000
    -85.445        2     0.00000
    -85.295        2     0.00000
    -85.145        2     0.00000
    -84.995        2     0.00000
    -84.845        2     0.00000
    -84.695        2     0.00000
    -84.545        2     0.00000
    -84.395        2     0.00000
    -84.245        2     0.00000
    -84.095        2     0.00000
    -83.945        2     0.00000
    -83.795        2     0.00000
    -83.645        2     0.00000
    -83.495        2     0.00000
    -83.345        2     0.00000
    -83.195        2     0.00000
    -83.045        2     0.00000
    -82.895        2     0.00000
    -82.745        2     0.00000
    -82.595        2     0.00000
    -82.445        2     0.00000
    -82.295        2     0.00000
    -82.145        2     0.00000
    -81.995        2     0.00000
    -81.845        2     0.00000
    -81.695        2     0.00000
    -81.545        2     0.00000
    -81.395        2     0.00000
    -81.245        2     0.00000
    -81.095        2     0.00000
    -80.945        2     0.00000
    -80.795        2     0.00000
    -80.645        2     0.00000
    -80.495        2     0.00000
    -80.345        2     0.00000
    -80.195        2     0.00000
    -80.045        2     0.00000
    -79.895        2     0.00000
    -79.745        2     0.00000
    -79.595        2     0.00000
    -79.445        2     0.00000
    -79.295        2     0.00000
    -79.145        2     0.00000
    -78.995        2     0.00000
    -78.845        2     0.00000
    -78.695        2     0.00000
    -78.545        2     0.00000
    -78.395        2     0.00000
    -78.245        2     0.00000
    -78.095        2     0.00000
    -77.945        2     0.00000
    -77.795        2     0.00000
    -77.645        2     0.00000
    -77.495        2     0.00000
    -77.345        2     0.00000
    -77.195        2     0.00000
    -77.045        2     0.00000
    -76.895        2     0.00000
    -76.745        2     0.00000
    -76.595        2     0.00000
    -76.445        2     0.00000
    -76.295        2     0.00000
    -76.145        2     0.00000
    -75.995        2     0.00000
    -75.845        2     0.00000
    -75.695        2     0.00000
    -75.545        2     0.00000
    -75.395        2     0.00000
    -75.245        2     0.00000
    -75.095        2     0.00000
    -74.945        2     0.00000
    -74.795        2     0.00000
    -74.645        2     0.00000
    -74.495        2     0.00000
    -74.345        2     0.00000
    -74.195        2     0.00000
    -74.045        2     0.00000
    -73.895        2     0.00000
    -73.745        2     0.00000
    -73.595        2     0.00000
    -73.445        2     0.00000
    -73.295        2     0.00000
    -73.145        2     0.00000
    -72.995        2     0.00000
    -72.845        2     0.00000
    -72.695        2     0.00000
    -72.545        2     0.00000
    -72.395        2     0.00000
    -72.245        2     0.00000
    -72.095        2     0.00000
    -71.945        2     0.00000
    -71.795        2     0.00000
    -71.645        2     0.00000
    -71.495        2     0.00000
    -71.345        2     0.00000
    -71.195        2     0.00000
    -71.045        2     0.00000
    -70.895        2     0.00000
    -70.745        2     0.00000
    -70.595        2     0.00000
    -70.445        2     0.00000
    -70.295        2     0.00000
    -70.145        2     0.00000
    -69.995        2     0.00000
    -69.845        2     0.00000
    -69.695        2     0.00000
    -69.545        2     0.00000
    -69.395        2     0.00000
    -69.245        2     0.00000
    -69.095        2     0.00000
    -68.945        2     0.00000
    -68.795        2     0.00000
    -68.645        2     0.00000
    -68.495        2     0.00000
    -68.345        2     0.00000
    -68.195        2     0.00000
    -68.045        2     0.00000
    -67.895        2     0.00000
    -67.745        2     0.00000
    -67.595        2     0.00000
    -67.445        2     0.00000
    -67.295        2     0.00000
    -67.145        2     0.00000
    -66.995        2     0.00000
    -66.845        2     0.00000
    -66.695        2     0.00000
    -66.545        2     0.00000
    -66.395        2     0.00000
    -66.245        2     0.00000
    -66.095        2     0.00000
    -65.945        2     0.00000
    -65.795        2     0.00000
    -65.645        2     0.00000
    -65.495        2     0.00000
    -65.345        2     0.00000
    -65.195        2     0.00000
    -65.045        2     0.00000
    -64.895        2     0.00000
    -64.745        2     0.00000
    -64.595        2     0.00000
    -64.445        2     0.00000
    -64.295        2     0.00000
    -64.145        2     0.00000
    -63.995        2     0.00000
    -63.845        2     0.00000
    -63.695        2     0.00000
    -63.545        2     0.00000
    -63.395        2     0.00000
    -63.245        2     0.00000
    -63.095        2     0.00000
    -62.945        2     0.00000
    -62.795        2     0.00000
    -62.645        2     0.00000
    -62.495        2     0.00000
    -62.345        2     0.00000
    -62.195        2     0.00000
    -62.045        2     0.00000
    -61.895        2     0.00000
    -61.745        2     0.00000
    -61.595        2     0.00000
    -61.445        2     0.00000
    -61.295        2     0.00000
    -61.145        2     0.00000
    -60.995        2     0.00000
    -60.845        2     0.00000
    -60.695        2     0.00000
    -60.545        2     0.00000
    -60.395        2     0.00000
    -60.245        2     0.00000
    -60.095        2     0.00000
    -59.945        2     0.00000
    -59.795        2     0.00000
    -59.645        2     0.00000
    -59.495        2     0.00000
    -59.345        2     0.00000
    -59.195        2     0.00000
    -59.045        2     0.00000
    -58.895        2     0.00000
    -58.745        2     0.00000
    -58.595        2     0.00000
    -58.445        2     0.00000
    -58.295        2     0.00000
    -58.145        2     0.00000
    -57.995        2     0.00000
    -57.845        2     0.00000
    -57.695        2     0.00000
    -57.545        2     0.00000
    -57.395        2     0.00000
    -57.245        2     0.00000
    -57.095        2     0.00000
    -56.945        2     0.00000
    -56.795        2     0.00000
    -56.645        2     0.00000
    -56.495        2     0.00000
    -56.345        2     0.00000
    -56.195        2     0.00000
    -56.045        2     0.00000
    -55.895        2     0.00000
    -55.745        2     0.00000
    -55.595        2     0.00000
    -55.445        2     0.00000
    -55.295        2     0.00000
    -55.145        2     0.00000
    -54.995        2     0.00000
    -54.845        2     0.00000
    -54.695        2     0.00000
    -54.545        2     0.00000
    -54.395        2     0.00000
    -54.245        2     0.00000
    -54.095        2     0.00000
    -53.945        2     0.00000
    -53.795        2     0.00000
    -53.645        2     0.00000
    -53.495        2     0.00000
    -53.345        2     0.00000
    -53.195        2     0.00000
    -53.045        2     0.00000
    -52.895        2     0.00000
    -52.745        2     0.00000
    -52.595        2     0.00000
    -52.445        2     0.00000
    -52.295        2     0.00000
    -52.145        2     0.00000
    -51.995        2     0.00000
    -51.845        2     0.00000
    -51.695        2     0.00000
    -51.545        2     0.00000
    -51.395        2     0.00000
    -51.245        2     0.00000
    -51.095        2     0.00000
    -50.945        2     0.00000
    -50.795        2     0.00000
    -50.645        2     0.00000
    -50.495        2     0.00000
    -50.345        2     0.00000
    -50.195        2     0.00000
    -50.045        2     0.00000
    -49.895        2     0.00000
    -49.745        2     0.00000
    -49.595        2     0.00000
    -49.445        2     0.00000
    -49.295        2     0.00000
    -49.145        2     0.00000
    -48.995        2     0.00000
    -48.845        2     0.00000
    -48.695        2     0.00000
    -48.545        2     0.00000
    -48.395        2     0.00000
    -48.245        2     0.00000
    -48.095        2     0.00000
    -47.945        2     0.00000
    -47.795        2     0.00000
    -47.645        2     0.00000
    -47.495        2     0.00000
    -47.345        2     0.00000
    -47.195        2     0.00000
    -47.045        2     0.00000
    -46.895        2     0.00000
    -46.745        2     0.00000
    -46.595        2     0.00000
    -46.445        2     0.00000
    -46.295        2     0.00000
    -46.145        2     0.00000
    -45.995        2     0.00000
    -45.845        2     0.00000
    -45.695        2     0.00000
    -45.545        2     0.00000
    -45.395        2     0.00000
    -45.245        2     0.00000
    -45.095        2     0.00000
    -44.945        2     0.00000
    -44.795        2     0.00000
    -44.645        2     0.00000
    -44.495        2     0.00000
    -44.345        2     0.00000
    -44.195        2     0.00000
    -44.045        2     0.00000
    -43.895        2     0.00000
    -43.745        2     0.00000
    -43.595        2     0.00000
    -43.445        2     0.00000
    -43.295        2     0.00000
    -43.145        2     0.00000
    -42.995        2     0.00000
    -42.845        2     0.00000
    -42.695        2     0.00000
    -42.545        2     0.00000
    -42.395        2     0.00000
    -42.245        2     0.00000
    -42.095        2     0.00000
    -41.945        2     0.00000
    -41.795        2     0.00000
    -41.645        2     0.00000
    -41.495        2     0.00000
    -41.345        2     0.00000
    -41.195        2     0.00000
    -41.045        2     0.00000
    -40.895        2     0.00000
    -40.745        2     0.00000
    -40.595        2     0.00000
    -40.445        2     0.00000
    -40.295        2     0.00000
    -40.145        2     0.00000
    -39.995        2     0.00000
    -39.845        2     0.00000
    -39.695        2     0.00000
    -39.545        2     0.00000
    -39.395        2     0.00000
    -39.245        2     0.00000
    -39.095        2     0.00000
    -38.945        2     0.00000
    -38.795        2     0.00000
    -38.645        2     0.00000
    -38.495        2     0.00000
    -38.345        2     0.00000
    -38.195        2     0.00000
    -38.045        2     0.00000
    -37.895        2     0.00000
    -37.745        2     0.00000
    -37.595        2     0.00000
    -37.445        2     0.00000
    -37.295        2     0.00000
    -37.145        2     0.00000
    -36.995        2     0.00000
    -36.845        2     0.00000
    -36.695        2     0.00000
    -36.545        2     0.00000
    -36.395        2     0.00000
    -36.245        2     0.00000
    -36.095        2     0.00000
    -35.945        2     0.00000
    -35.795        2     0.00000
    -35.645        2     0.00000
    -35.495        2     0.00000
    -35.345        2     0.00000
    -35.195        2     0.00000
    -35.045        2     0.00000
    -34.895        2     0.00000
    -34.745        2     0.00000
    -34.595        2     0.00000
    -34.445        2     0.00000
    -34.295        2     0.00000
    -34.145        2     0.00000
    -33.995        2     0.00000
    -33.845        2     0.00000
    -33.695        2     0.00000
    -33.545        2     0.00000
    -33.395        2     0.00000
    -33.245        2     0.00000
    -33.095        2     0.00000
    -32.945        2     0.00000
    -32.795        2     0.00000
    -32.645        2     0.00000
    -32.495        2     0.00000
    -32.345        2     0.00000
    -32.195        2     0.00000
    -32.045        2     0.00000
    -31.895        2     0.00000
    -31.745        2     0.00000
    -31.595        2     0.00000
    -31.445        2     0.00000
    -31.295        2     0.00000
    -31.145        2     0.00000
    -30.995        2     0.00000
    -30.845        2     0.00000
    -30.695        2     0.00000
    -30.545        2     0.00000
    -30.395        2     0.00000
    -30.245        2     0.00000
    -30.095        2     0.00000
    -29.945        2     0.00000
    -29.795        2     0.00000
    -29.645        2     0.00000
    -29.495        2     0.00000
    -29.345        2     0.00000
    -29.195        2     0.00000
    -29.045        2     0.00000
    -28.895        2     0.00000
    -28.745        2     0.00000
    -28.595        2     0.00000
    -28.445        2     0.00000
    -28.295        2     0.00000
    -28.145        2     0.00000
    -27.995        2     0.00000
    -27.845        2     0.00000
    -27.695        2     0.00000
    -27.545        2     0.00000
    -27.395        2     0.00000
    -27.245        2     0.00000
    -27.095        2     0.00000
    -26.945        2     0.00000
    -26.795        2     0.00000
    -26.645        2     0.00000
    -26.495        2     0.00000
    -26.345        2     0.00000
    -26.195        2     0.00000
    -26.045        2     0.00000
    -25.895        2     0.00000
    -25.745        2     0.00000
    -25.595        2     0.00000
    -25.445        2     0.00000
    -25.295        2     0.00000
    -25.145        2     0.00000
    -24.995        2     0.00000
    -24.845        2     0.00000
    -24.695        2     0.00000
    -24.545        2     0.00000
    -24.395        2     0.00000
    -24.245        2     0.00000
    -24.095        2     0.00000
    -23.945        2     0.00000
    -23.795        2     0.00000
    -23.645        2     0.00000
    -23.495        2     0.00000
    -23.345        2     0.00000
    -23.195        2     0.00000
    -23.045        2     0.00000
    -22.895        2     0.00000
    -22.745        2     0.00000
    -22.595        2     0.00000
    -22.445        2     0.00000
    -22.295        2     0.00000
    -22.145        2     0.00000
    -21.995        2     0.00000
    -21.845        2     0.00000
    -21.695        2     0.00000
    -21.545        2     0.00000
    -21.395        2     0.00000
    -21.245        2     0.00000
    -21.095        2     0.00000
    -20.945        2     0.00000
    -20.795        2     0.00000
    -20.645        2     0.00000
    -20.495        2     0.00000
    -20.345        2     0.00000
    -20.195        2     0.00000
    -20.045        2     0.00000
    -19.895        2     0.00000
    -19.745        2     0.00000
    -19.595        2     0.00000
    -19.445        2     0.00000
    -19.295        2     0.00000
    -19.145        2     0.00000
    -18.995        2     0.00000
    -18.845        2     0.00000
    -18.695        2     0.00000
    -18.545        2     0.00000
    -18.395        2     0.00000
    -18.245        2     0.00000
    -18.095        2     0.00000
    -17.945        2     0.00000
    -17.795        2     0.00000
    -17.645        2     0.00000
    -17.495        2     0.00000
    -17.345        2     0.00000
    -17.195        2     0.00000
    -17.045        2     0.00000
    -16.895        2     0.00000
    -16.745        2     0.00000
    -16.595        2     0.00000
    -16.445        2     0.00000
    -16.295        2     0.00000
    -16.145        2     0.00000
    -15.995        2     0.00000
    -15.845        2     0.00000
    -15.695        2     0.00000
    -15.545        2     0.00000
    -15.395        2     0.00000
    -15.245        2    -0.00160
    -15.095        2    -0.00945
    -14.945        2    -0.02991
    -14.795        2    -0.06404
    -14.645        2    -0.12128
    -14.495        2    -0.20635
    -14.345        2    -0.32334
    -14.195        2    -0.47920
    -14.045        2    -0.67760
    -13.895        2    -0.93445
    -13.745        2    -1.25990
    -13.595        2    -1.64807
    -13.445        2    -2.11794
    -13.295        2    -2.65156
    -13.145        2    -3.25347
    -12.995        2    -3.89522
    -12.845        2    -4.57892
    -12.695        2    -5.27754
    -12.545        2    -6.02149
    -12.395        2    -6.78933
    -12.245        2    -7.56880
    -12.095        2    -8.35795
    -11.945        2    -9.16656
    -11.795        2    -9.99902
    -11.645        2   -10.83188
    -11.495        2   -11.65528
    -11.345        2   -12.52077
    -11.195        2   -13.37301
    -11.045        2   -14.23441
    -10.895        2   -15.08944
    -10.745        2   -15.92447
    -10.595        2   -16.73931
    -10.445        2   -17.55642
    -10.295        2   -18.38368
    -10.145        2   -19.22113
    -9.9950        2   -20.07123
    -9.8450        2   -20.95968
    -9.6950        2   -21.88451
    -9.5450        2   -22.84496
    -9.3950        2   -23.83773
    -9.2450        2   -24.85743
    -9.0950        2   -25.88711
    -8.9450        2   -26.92921
    -8.7950        2   -27.96798
    -8.6450        2   -28.99974
    -8.4950        2   -30.04501
    -8.3450        2   -31.08416
    -8.1950        2   -32.12319
    -8.0450        2   -33.17062
    -7.8950        2   -34.23792
    -7.7450        2   -35.33234
    -7.5950        2   -36.43600
    -7.4450        2   -37.56499
    -7.2950        2   -38.72328
    -7.1450        2   -39.90064
    -6.9950        2   -41.11107
    -6.8450        2   -42.33899
    -6.6950        2   -43.60957
    -6.5450        2   -44.92577
    -6.3950        2   -46.24300
    -6.2450        2   -47.59436
    -6.0950        2   -48.98426
    -5.9450        2   -50.39850
    -5.7950        2   -51.85191
    -5.6450        2   -53.33053
    -5.4950        2   -54.85606
    -5.3450        2   -56.40623
    -5.1950        2   -57.97051
    -5.0450        2   -59.55687
    -4.8950        2   -61.16108
    -4.7450        2   -62.80861
    -4.5950        2   -64.48626
    -4.4450        2   -66.19026
    -4.2950        2   -67.91931
    -4.1450        2   -69.67792
    -3.9950        2   -71.47161
    -3.8450        2   -73.30004
    -3.6950        2   -75.17870
    -3.5450        2   -77.12433
    -3.3950        2   -79.14796
    -3.2450        2   -81.27443
    -3.0950        2   -83.51816
    -2.9450        2   -85.90688
    -2.7950        2   -88.47493
    -2.6450        2   -91.27270
    -2.4950        2   -94.36878
    -2.3450        2   -97.82954
    -2.1950        2  -101.76831
    -2.0450        2  -106.28158
    -1.8950        2  -111.45631
    -1.7450        2  -117.43060
    -1.5950        2  -124.27650
    -1.4450        2  -132.01947
    -1.2950        2  -140.57538
    -1.1450        2  -149.81960
   -0.99500        2  -159.70500
   -0.84500        2  -170.18708
   -0.69500        2  -181.35403
   -0.54500        2  -193.54611
   -0.39500        2  -207.64932
   -0.25300        2  -218.58660
   -0.21500        2  -219.34159
   -0.20900        2  -220.10831
   -0.20300        2  -220.88427
   -0.19700        2  -221.67303
   -0.19100        2  -222.47641
   -0.18500        2  -223.29361
   -0.17900        2  -224.12562
   -0.17300        2  -224.97311
   -0.16700        2  -225.83640
   -0.16100        2  -226.71665
   -0.15500        2  -227.61729
   -0.14900        2  -228.53802
   -0.14300        2  -229.47948
   -0.13700        2  -230.44450
   -0.13100        2  -231.43578
   -0.12500        2  -232.45368
   -0.11900        2  -233.50354
   -0.11300        2  -234.58811
   -0.10700        2  -235.70986
   -0.10100        2  -236.87453
   -0.95000E-01    2  -238.08759
   -0.89000E-01    2  -239.35467
   -0.83000E-01    2  -240.68115
   -0.77000E-01    2  -242.07637
   -0.71000E-01    2  -243.54883
   -0.65000E-01    2  -245.11166
   -0.59000E-01    2  -246.77928
   -0.53000E-01    2  -248.57497
   -0.47000E-01    2  -250.52757
   -0.41000E-01    2  -252.68125
   -0.35000E-01    2  -255.10248
   -0.29000E-01    2  -257.89952
   -0.23000E-01    2  -261.29494
   -0.19700E-01    2  -261.67837
   -0.19100E-01    2  -262.07302
   -0.18500E-01    2  -262.47952
   -0.17900E-01    2  -262.89873
   -0.17300E-01    2  -263.33135
   -0.16700E-01    2  -263.77838
   -0.16100E-01    2  -264.24040
   -0.15500E-01    2  -264.71768
   -0.14900E-01    2  -265.21151
   -0.14300E-01    2  -265.72174
   -0.13700E-01    2  -266.24995
   -0.13100E-01    2  -266.79621
   -0.12500E-01    2  -267.36212
   -0.11900E-01    2  -267.94873
   -0.11300E-01    2  -268.55673
   -0.10700E-01    2  -269.18799
   -0.10100E-01    2  -269.84373
   -0.95000E-02    2  -270.52606
   -0.89000E-02    2  -271.23725
   -0.83000E-02    2  -271.98068
   -0.77000E-02    2  -272.75717
   -0.71000E-02    2  -273.56630
   -0.65000E-02    2  -274.40694
   -0.59000E-02    2  -275.27567
   -0.53000E-02    2  -276.16773
   -0.47000E-02    2  -277.07625
   -0.41000E-02    2  -277.98851
   -0.35000E-02    2  -278.88449
   -0.29000E-02    2  -279.73767
   -0.23000E-02    2  -280.50936
   -0.17000E-02    2  -281.14409
   -0.11000E-02    2  -281.58777
   -0.50000E-03    2  -281.79909
    0.10000E-03    2  -281.75628
    0.70000E-03    2  -281.46393
    0.13000E-02    2  -280.95132
    0.19000E-02    2  -280.26496
    0.25000E-02    2  -279.46121
    0.31000E-02    2  -278.59119
    0.37000E-02    2  -277.68886
    0.43000E-02    2  -276.77793
    0.49000E-02    2  -275.87610
    0.55000E-02    2  -274.99309
    0.61000E-02    2  -274.13496
    0.67000E-02    2  -273.30659
    0.73000E-02    2  -272.51049
    0.79000E-02    2  -271.74738
    0.85000E-02    2  -271.01721
    0.91000E-02    2  -270.31832
    0.97000E-02    2  -269.64673
    0.10300E-01    2  -269.00085
    0.10900E-01    2  -268.37886
    0.11500E-01    2  -267.77969
    0.12100E-01    2  -267.20167
    0.12700E-01    2  -266.64395
    0.13300E-01    2  -266.10555
    0.13900E-01    2  -265.58492
    0.14500E-01    2  -265.08200
    0.15100E-01    2  -264.59575
    0.15700E-01    2  -264.12522
    0.16300E-01    2  -263.66999
    0.16900E-01    2  -263.22950
    0.17500E-01    2  -262.80304
    0.18100E-01    2  -262.39003
    0.18700E-01    2  -261.98971
    0.19300E-01    2  -261.60152
    0.20200E-01    2  -260.19005
    0.25000E-01    2  -257.06262
    0.31000E-01    2  -254.44736
    0.37000E-01    2  -252.17428
    0.43000E-01    2  -250.14970
    0.49000E-01    2  -248.31927
    0.55000E-01    2  -246.64438
    0.61000E-01    2  -245.09841
    0.67000E-01    2  -243.66272
    0.73000E-01    2  -242.32362
    0.79000E-01    2  -241.06973
    0.85000E-01    2  -239.89091
    0.91000E-01    2  -238.77947
    0.97000E-01    2  -237.72743
    0.10300        2  -236.72907
    0.10900        2  -235.77818
    0.11500        2  -234.86915
    0.12100        2  -233.99728
    0.12700        2  -233.16184
    0.13300        2  -232.35704
    0.13900        2  -231.58060
    0.14500        2  -230.83200
    0.15100        2  -230.11006
    0.15700        2  -229.41154
    0.16300        2  -228.73428
    0.16900        2  -228.07881
    0.17500        2  -227.44318
    0.18100        2  -226.82643
    0.18700        2  -226.22695
    0.19300        2  -225.64443
    0.19900        2  -225.07917
    0.20500        2  -224.52860
    0.21100        2  -223.99394
    0.21700        2  -223.47211
    0.29500        2  -213.17260
    0.44500        2  -206.85153
    0.59500        2  -202.48597
    0.74500        2  -199.17392
    0.89500        2  -196.50689
     1.0450        2  -194.25461
     1.1950        2  -192.30326
     1.3450        2  -190.56523
     1.4950        2  -188.99747
     1.6450        2  -187.57796
     1.7950        2  -186.28809
     1.9450        2  -185.12181
     2.0950        2  -184.06188
     2.2450        2  -183.09029
     2.3950        2  -182.20513
     2.5450        2  -181.39359
     2.6950        2  -180.64898
     2.8450        2  -179.96940
     2.9950        2  -179.33456
     3.1450        2  -178.74685
     3.2950        2  -178.19351
     3.4450        2  -177.67519
     3.5950        2  -177.19057
     3.7450        2  -176.73541
     3.8950        2  -176.29286
     4.0450        2  -175.87183
     4.1950        2  -175.47214
     4.3450        2  -175.08750
     4.4950        2  -174.71312
     4.6450        2  -174.35963
     4.7950        2  -174.01063
     4.9450        2  -173.67499
     5.0950        2  -173.34790
     5.2450        2  -173.03264
     5.3950        2  -172.72866
     5.5450        2  -172.43333
     5.6950        2  -172.14579
     5.8450        2  -171.86676
     5.9950        2  -171.59511
     6.1450        2  -171.32297
     6.2950        2  -171.06319
     6.4450        2  -170.81311
     6.5950        2  -170.56953
     6.7450        2  -170.32669
     6.8950        2  -170.08878
     7.0450        2  -169.85520
     7.1950        2  -169.62365
     7.3450        2  -169.40160
     7.4950        2  -169.18436
     7.6450        2  -168.96838
     7.7950        2  -168.75652
     7.9450        2  -168.55201
     8.0950        2  -168.35173
     8.2450        2  -168.15313
     8.3950        2  -167.95693
     8.5450        2  -167.76516
     8.6950        2  -167.58155
     8.8450        2  -167.39770
     8.9950        2  -167.22026
     9.1450        2  -167.04086
     9.2950        2  -166.86578
     9.4450        2  -166.69406
     9.5950        2  -166.52212
     9.7450        2  -166.35606
     9.8950        2  -166.19137
     10.045        2  -166.02630
     10.195        2  -165.86611
     10.345        2  -165.70861
     10.495        2  -165.55204
     10.645        2  -165.39773
     10.795        2  -165.24615
     10.945        2  -165.09268
     11.095        2  -164.94482
     11.245        2  -164.80151
     11.395        2  -164.66127
     11.545        2  -164.52112
     11.695        2  -164.38022
     11.845        2  -164.24014
     11.995        2  -164.10328
     12.145        2  -163.96411
     12.295        2  -163.83218
     12.445        2  -163.69969
     12.595        2  -163.56841
     12.745        2  -163.43962
     12.895        2  -163.31164
     13.045        2  -163.18594
     13.195        2  -163.06189
     13.345        2  -162.94119
     13.495        2  -162.82061
     13.645        2  -162.70022
     13.795        2  -162.58049
     13.945        2  -162.46498
     14.095        2  -162.34683
     14.245        2  -162.23209
     14.395        2  -162.11749
     14.545        2  -162.00650
     14.695        2  -161.89213
     14.845        2  -161.78389
     14.995        2  -161.67523
     15.145        2  -161.56771
     15.295        2  -161.46302
     15.445        2  -161.35593
     15.595        2  -161.25099
     15.745        2  -161.14713
     15.895        2  -161.04441
     16.045        2  -160.94288
     16.195        2  -160.84254
     16.345        2  -160.74291
     16.495        2  -160.64463
     16.645        2  -160.54499
     16.795        2  -160.44800
     16.945        2  -160.35035
     17.095        2  -160.25512
     17.245        2  -160.15877
     17.395        2  -160.06427
     17.545        2  -159.97282
     17.695        2  -159.88091
     17.845        2  -159.79027
     17.995        2  -159.69554
     18.145        2  -159.60212
     18.295        2  -159.51384
     18.445        2  -159.42711
     18.595        2  -159.33664
     18.745        2  -159.24888
     18.895        2  -159.16086
     19.045        2  -159.07445
     19.195        2  -158.98707
     19.345        2  -158.90330
     19.495        2  -158.82045
     19.645        2  -158.73870
     19.795        2  -158.65498
     19.945        2  -158.57276
     20.095        2  -158.48985
     21.836        2  -156.02233
     30.068        2  -152.37139
     42.097        2  -148.72564
     58.937        2  -145.13257
     82.515        2  -141.58670
     115.53        2  -138.10175
     161.74        2  -134.69230
     226.45        2  -131.35275
     317.04        2  -128.07993
     443.87        2  -124.87764
     621.44        2  -121.75010
     870.05        2  -118.70312
     1218.1        2  -115.73891
     1705.4        2  -112.85629
     2387.7        2  -110.05037
     3342.9        2  -107.30779
     4680.2        2  -104.63406
     6552.5        2  -102.02792
     9173.8        2   -99.49491
     12844.        2   -97.02950
     17982.        2   -94.62682
     25176.        2   -92.29871
     35247.        2   -90.05438
     49348.        2   -87.89724
     69090.        2   -85.82834
     96729.        2   -83.85347
    0.13543E+06    2   -81.96760
    0.18960E+06    2   -80.16892
    0.26545E+06    2   -78.45412
    0.37165E+06    2   -76.82455
    0.52033E+06    2   -75.26870
    0.72849E+06    2   -73.78704
    0.10199E+07    2   -72.38082
    0.14279E+07    2   -71.04096
    0.19992E+07    2   -69.76268
    0.27990E+07    2   -68.55018
    0.39187E+07    2   -67.39854
    0.54864E+07    2   -66.30094
    0.76812E+07    2   -65.25884
    0.10754E+08    2   -64.26890
    0.15056E+08    2   -63.32936
    0.21080E+08    2   -62.43497
    0.29513E+08    2   -61.58690
    0.41319E+08    2   -60.78399
    0.57849E+08    2   -60.03371
    0.80991E+08    2   -59.34080
    0.11339E+09    2   -58.69723
    0.15875E+09    2   -58.09694
    0.22226E+09    2   -57.53781
    0.31118E+09    2   -57.01579
    0.43567E+09    2   -56.52870
    0.60996E+09    2   -56.08121
    0.85398E+09    2   -55.67967
    0.11956E+10    2   -55.30955
    0.16739E+10    2   -54.96826
    0.23436E+10    2   -54.65490
    0.32811E+10    2   -54.36835
    0.45937E+10    2   -54.10526
    0.64315E+10    2   -53.86195
    0.90044E+10    2   -53.64047
    0.12607E+11    2   -53.43489
    0.17650E+11    2   -53.24654
    0.24711E+11    2   -53.07482
    0.34596E+11    2   -52.91507
    0.48437E+11    2   -52.76935
    0.67814E+11    2   -52.63416
    0.10000E+12    2   -51.09774
