    -29.945        1     0.00000
    -29.795        1     0.00000
    -29.645        1     0.00000
    -29.495        1     0.00000
    -29.345        1     0.00000
    -29.195        1     0.00000
    -29.045        1     0.00000
    -28.895        1     0.00000
    -28.745        1     0.00000
    -28.595        1     0.00000
    -28.445        1     0.00000
    -28.295        1     0.00000
    -28.145        1     0.00000
    -27.995        1     0.00000
    -27.845        1     0.00000
    -27.695        1     0.00000
    -27.545        1     0.00000
    -27.395        1     0.00000
    -27.245        1     0.00000
    -27.095        1     0.00000
    -26.945        1     0.00000
    -26.795        1     0.00000
    -26.645        1     0.00000
    -26.495        1     0.00000
    -26.345        1     0.00000
    -26.195        1     0.00000
    -26.045        1     0.00000
    -25.895        1     0.00000
    -25.745        1     0.00000
    -25.595        1     0.00000
    -25.445        1     0.00000
    -25.295        1     0.00000
    -25.145        1     0.00000
    -24.995        1     0.00000
    -24.845        1     0.00000
    -24.695        1     0.00000
    -24.545        1     0.00000
    -24.395        1     0.00000
    -24.245        1     0.00000
    -24.095        1     0.00000
    -23.945        1     0.00000
    -23.795        1     0.00000
    -23.645        1     0.00000
    -23.495        1     0.00000
    -23.345        1     0.00000
    -23.195        1     0.00000
    -23.045        1     0.00000
    -22.895        1     0.00000
    -22.745        1     0.00000
    -22.595        1    -0.00015
    -22.445        1    -0.00015
    -22.295        1    -0.00044
    -22.145        1    -0.00117
    -21.995        1    -0.00175
    -21.845        1    -0.00247
    -21.695        1    -0.00450
    -21.545        1    -0.00694
    -21.395        1    -0.01295
    -21.245        1    -0.02094
    -21.095        1    -0.03274
    -20.945        1    -0.04785
    -20.795        1    -0.06889
    -20.645        1    -0.09639
    -20.495        1    -0.13613
    -20.345        1    -0.18828
    -20.195        1    -0.25698
    -20.045        1    -0.33729
    -19.895        1    -0.43723
    -19.745        1    -0.54382
    -19.595        1    -0.67846
    -19.445        1    -0.85367
    -19.295        1    -1.03082
    -19.145        1    -1.25757
    -18.995        1    -1.51226
    -18.845        1    -1.77377
    -18.695        1    -2.07169
    -18.545        1    -2.39227
    -18.395        1    -2.72829
    -18.245        1    -3.06930
    -18.095        1    -3.42907
    -17.945        1    -3.80315
    -17.795        1    -4.17994
    -17.645        1    -4.57761
    -17.495        1    -4.97284
    -17.345        1    -5.37636
    -17.195        1    -5.79567
    -17.045        1    -6.21857
    -16.895        1    -6.64376
    -16.745        1    -7.06004
    -16.595        1    -7.48247
    -16.445        1    -7.91560
    -16.295        1    -8.34451
    -16.145        1    -8.78911
    -15.995        1    -9.24185
    -15.845        1    -9.70549
    -15.695        1   -10.18031
    -15.545        1   -10.67384
    -15.395        1   -11.19540
    -15.245        1   -11.73143
    -15.095        1   -12.28114
    -14.945        1   -12.83846
    -14.795        1   -13.40498
    -14.645        1   -13.98060
    -14.495        1   -14.55001
    -14.345        1   -15.13741
    -14.195        1   -15.69872
    -14.045        1   -16.27454
    -13.895        1   -16.84561
    -13.745        1   -17.42242
    -13.595        1   -17.97977
    -13.445        1   -18.53420
    -13.295        1   -19.09245
    -13.145        1   -19.63649
    -12.995        1   -20.18004
    -12.845        1   -20.73471
    -12.695        1   -21.29598
    -12.545        1   -21.86240
    -12.395        1   -22.43690
    -12.245        1   -23.01190
    -12.095        1   -23.59394
    -11.945        1   -24.18606
    -11.795        1   -24.78405
    -11.645        1   -25.39961
    -11.495        1   -26.02445
    -11.345        1   -26.63692
    -11.195        1   -27.26261
    -11.045        1   -27.90066
    -10.895        1   -28.54144
    -10.745        1   -29.18680
    -10.595        1   -29.83309
    -10.445        1   -30.49333
    -10.295        1   -31.13653
    -10.145        1   -31.77689
    -9.9950        1   -32.41833
    -9.8450        1   -33.04758
    -9.6950        1   -33.67686
    -9.5450        1   -34.28286
    -9.3950        1   -34.89764
    -9.2450        1   -35.50290
    -9.0950        1   -36.09969
    -8.9450        1   -36.66652
    -8.7950        1   -37.23339
    -8.6450        1   -37.77805
    -8.4950        1   -38.33085
    -8.3450        1   -38.87509
    -8.1950        1   -39.40744
    -8.0450        1   -39.94449
    -7.8950        1   -40.47367
    -7.7450        1   -41.01295
    -7.5950        1   -41.54036
    -7.4450        1   -42.07061
    -7.2950        1   -42.61032
    -7.1450        1   -43.15528
    -6.9950        1   -43.71509
    -6.8450        1   -44.27666
    -6.6950        1   -44.83871
    -6.5450        1   -45.41483
    -6.3950        1   -46.00365
    -6.2450        1   -46.60644
    -6.0950        1   -47.21330
    -5.9450        1   -47.83531
    -5.7950        1   -48.46434
    -5.6450        1   -49.10537
    -5.4950        1   -49.75607
    -5.3450        1   -50.42634
    -5.1950        1   -51.11025
    -5.0450        1   -51.79593
    -4.8950        1   -52.50540
    -4.7450        1   -53.23265
    -4.5950        1   -53.98960
    -4.4450        1   -54.76025
    -4.2950        1   -55.55750
    -4.1450        1   -56.39851
    -3.9950        1   -57.29148
    -3.8450        1   -58.24463
    -3.6950        1   -59.26123
    -3.5450        1   -60.34275
    -3.3950        1   -61.49283
    -3.2450        1   -62.72028
    -3.0950        1   -64.03630
    -2.9450        1   -65.44095
    -2.7950        1   -66.92662
    -2.6450        1   -68.48877
    -2.4950        1   -70.11391
    -2.3450        1   -71.79915
    -2.1950        1   -73.52442
    -2.0450        1   -75.27534
    -1.8950        1   -77.05769
    -1.7450        1   -78.83859
    -1.5950        1   -80.61085
    -1.4450        1   -82.39453
    -1.2950        1   -84.18905
    -1.1450        1   -86.01654
   -0.99500        1   -87.91148
   -0.84500        1   -89.91408
   -0.69500        1   -92.09333
   -0.54500        1   -94.55144
   -0.39500        1   -97.46038
   -0.25300        1   -99.68809
   -0.21500        1   -99.83989
   -0.20900        1   -99.99307
   -0.20300        1  -100.14860
   -0.19700        1  -100.30577
   -0.19100        1  -100.46524
   -0.18500        1  -100.62797
   -0.17900        1  -100.79346
   -0.17300        1  -100.96217
   -0.16700        1  -101.13350
   -0.16100        1  -101.30787
   -0.15500        1  -101.48555
   -0.14900        1  -101.66708
   -0.14300        1  -101.85270
   -0.13700        1  -102.04316
   -0.13100        1  -102.23701
   -0.12500        1  -102.43622
   -0.11900        1  -102.64072
   -0.11300        1  -102.85263
   -0.10700        1  -103.07080
   -0.10100        1  -103.29667
   -0.95000E-01    1  -103.53064
   -0.89000E-01    1  -103.77418
   -0.83000E-01    1  -104.02985
   -0.77000E-01    1  -104.29865
   -0.71000E-01    1  -104.58199
   -0.65000E-01    1  -104.88317
   -0.59000E-01    1  -105.20628
   -0.53000E-01    1  -105.55479
   -0.47000E-01    1  -105.93636
   -0.41000E-01    1  -106.36062
   -0.35000E-01    1  -106.84170
   -0.29000E-01    1  -107.40050
   -0.23000E-01    1  -108.07256
   -0.19700E-01    1  -108.14720
   -0.19100E-01    1  -108.22366
   -0.18500E-01    1  -108.30178
   -0.17900E-01    1  -108.38204
   -0.17300E-01    1  -108.46424
   -0.16700E-01    1  -108.54855
   -0.16100E-01    1  -108.63488
   -0.15500E-01    1  -108.72387
   -0.14900E-01    1  -108.81531
   -0.14300E-01    1  -108.90945
   -0.13700E-01    1  -109.00629
   -0.13100E-01    1  -109.10626
   -0.12500E-01    1  -109.20919
   -0.11900E-01    1  -109.31523
   -0.11300E-01    1  -109.42453
   -0.10700E-01    1  -109.53702
   -0.10100E-01    1  -109.65299
   -0.95000E-02    1  -109.77209
   -0.89000E-02    1  -109.89422
   -0.83000E-02    1  -110.01925
   -0.77000E-02    1  -110.14674
   -0.71000E-02    1  -110.27627
   -0.65000E-02    1  -110.40727
   -0.59000E-02    1  -110.53912
   -0.53000E-02    1  -110.67100
   -0.47000E-02    1  -110.80143
   -0.41000E-02    1  -110.92813
   -0.35000E-02    1  -111.04668
   -0.29000E-02    1  -111.15273
   -0.23000E-02    1  -111.24233
   -0.17000E-02    1  -111.31199
   -0.11000E-02    1  -111.35863
   -0.50000E-03    1  -111.38023
    0.10000E-03    1  -111.37589
    0.70000E-03    1  -111.34577
    0.13000E-02    1  -111.29116
    0.19000E-02    1  -111.21452
    0.25000E-02    1  -111.11902
    0.31000E-02    1  -111.00836
    0.37000E-02    1  -110.88640
    0.43000E-02    1  -110.75778
    0.49000E-02    1  -110.62664
    0.55000E-02    1  -110.49515
    0.61000E-02    1  -110.36449
    0.67000E-02    1  -110.23482
    0.73000E-02    1  -110.10697
    0.79000E-02    1  -109.98149
    0.85000E-02    1  -109.85841
    0.91000E-02    1  -109.73835
    0.97000E-02    1  -109.62141
    0.10300E-01    1  -109.50785
    0.10900E-01    1  -109.39753
    0.11500E-01    1  -109.29042
    0.12100E-01    1  -109.18654
    0.12700E-01    1  -109.08546
    0.13300E-01    1  -108.98730
    0.13900E-01    1  -108.89202
    0.14500E-01    1  -108.79933
    0.15100E-01    1  -108.70930
    0.15700E-01    1  -108.62182
    0.16300E-01    1  -108.53658
    0.16900E-01    1  -108.45343
    0.17500E-01    1  -108.37232
    0.18100E-01    1  -108.29325
    0.18700E-01    1  -108.21594
    0.19300E-01    1  -108.14054
    0.20200E-01    1  -107.86303
    0.25000E-01    1  -107.23833
    0.31000E-01    1  -106.71385
    0.37000E-01    1  -106.26013
    0.43000E-01    1  -105.85915
    0.49000E-01    1  -105.49825
    0.55000E-01    1  -105.17029
    0.61000E-01    1  -104.86811
    0.67000E-01    1  -104.58794
    0.73000E-01    1  -104.32533
    0.79000E-01    1  -104.07861
    0.85000E-01    1  -103.84647
    0.91000E-01    1  -103.62635
    0.97000E-01    1  -103.41625
    0.10300        1  -103.21664
    0.10900        1  -103.02594
    0.11500        1  -102.84371
    0.12100        1  -102.66974
    0.12700        1  -102.50233
    0.13300        1  -102.34191
    0.13900        1  -102.18858
    0.14500        1  -102.04069
    0.15100        1  -101.89857
    0.15700        1  -101.76224
    0.16300        1  -101.63109
    0.16900        1  -101.50337
    0.17500        1  -101.38056
    0.18100        1  -101.26156
    0.18700        1  -101.14672
    0.19300        1  -101.03529
    0.19900        1  -100.92712
    0.20500        1  -100.82250
    0.21100        1  -100.72082
    0.21700        1  -100.62248
    0.29500        1   -98.77618
    0.44500        1   -97.80625
    0.59500        1   -97.22072
    0.74500        1   -96.79778
    0.89500        1   -96.45637
     1.0450        1   -96.16820
     1.1950        1   -95.91665
     1.3450        1   -95.69116
     1.4950        1   -95.48576
     1.6450        1   -95.29579
     1.7950        1   -95.11801
     1.9450        1   -94.95127
     2.0950        1   -94.79611
     2.2450        1   -94.65155
     2.3950        1   -94.51265
     2.5450        1   -94.38324
     2.6950        1   -94.26154
     2.8450        1   -94.15229
     2.9950        1   -94.04992
     3.1450        1   -93.95103
     3.2950        1   -93.85829
     3.4450        1   -93.77171
     3.5950        1   -93.69172
     3.7450        1   -93.61629
     3.8950        1   -93.54453
     4.0450        1   -93.47392
     4.1950        1   -93.41041
     4.3450        1   -93.34927
     4.4950        1   -93.29389
     4.6450        1   -93.23734
     4.7950        1   -93.18706
     4.9450        1   -93.14077
     5.0950        1   -93.09517
     5.2450        1   -93.05028
     5.3950        1   -93.00545
     5.5450        1   -92.96229
     5.6950        1   -92.92034
     5.8450        1   -92.88090
     5.9950        1   -92.84303
     6.1450        1   -92.80402
     6.2950        1   -92.76755
     6.4450        1   -92.73070
     6.5950        1   -92.69540
     6.7450        1   -92.65925
     6.8950        1   -92.62583
     7.0450        1   -92.59292
     7.1950        1   -92.55987
     7.3450        1   -92.52909
     7.4950        1   -92.49654
     7.6450        1   -92.46668
     7.7950        1   -92.43557
     7.9450        1   -92.40603
     8.0950        1   -92.37752
     8.2450        1   -92.34871
     8.3950        1   -92.31988
     8.5450        1   -92.29181
     8.6950        1   -92.26380
     8.8450        1   -92.23594
     8.9950        1   -92.20821
     9.1450        1   -92.18084
     9.2950        1   -92.15513
     9.4450        1   -92.12903
     9.5950        1   -92.10281
     9.7450        1   -92.07876
     9.8950        1   -92.05207
     10.045        1   -92.02805
     10.195        1   -92.00472
     10.345        1   -91.97992
     10.495        1   -91.95685
     10.645        1   -91.93305
     10.795        1   -91.91088
     10.945        1   -91.88899
     11.095        1   -91.86631
     11.245        1   -91.84339
     11.395        1   -91.82230
     11.545        1   -91.80067
     11.695        1   -91.77939
     11.845        1   -91.75833
     11.995        1   -91.73748
     12.145        1   -91.71690
     12.295        1   -91.69678
     12.445        1   -91.67643
     12.595        1   -91.65639
     12.745        1   -91.63645
     12.895        1   -91.61743
     13.045        1   -91.59756
     13.195        1   -91.57827
     13.345        1   -91.55847
     13.495        1   -91.53947
     13.645        1   -91.52117
     13.795        1   -91.50351
     13.945        1   -91.48513
     14.095        1   -91.46745
     14.245        1   -91.44947
     14.395        1   -91.43155
     14.545        1   -91.41433
     14.695        1   -91.39658
     14.845        1   -91.37831
     14.995        1   -91.36175
     15.145        1   -91.34535
     15.295        1   -91.32847
     15.445        1   -91.31109
     15.595        1   -91.29489
     15.745        1   -91.27756
     15.895        1   -91.26171
     16.045        1   -91.24644
     16.195        1   -91.23004
     16.345        1   -91.21454
     16.495        1   -91.19885
     16.645        1   -91.18369
     16.795        1   -91.16908
     16.945        1   -91.15346
     17.095        1   -91.13863
     17.245        1   -91.12363
     17.395        1   -91.10908
     17.545        1   -91.09393
     17.695        1   -91.07870
     17.845        1   -91.06346
     17.995        1   -91.04825
     18.145        1   -91.03365
     18.295        1   -91.01963
     18.445        1   -91.00531
     18.595        1   -90.99110
     18.745        1   -90.97646
     18.895        1   -90.96301
     19.045        1   -90.94904
     19.195        1   -90.93561
     19.345        1   -90.92181
     19.495        1   -90.90820
     19.645        1   -90.89451
     19.795        1   -90.88173
     19.945        1   -90.86876
     20.095        1   -90.85580
     20.245        1   -90.84312
     20.395        1   -90.83016
     20.545        1   -90.81813
     20.695        1   -90.80465
     20.845        1   -90.79215
     20.995        1   -90.77984
     21.145        1   -90.76752
     21.295        1   -90.75544
     21.445        1   -90.74269
     21.595        1   -90.73060
     21.745        1   -90.71857
     21.895        1   -90.70708
     22.045        1   -90.69526
     22.195        1   -90.68324
     22.345        1   -90.67109
     22.495        1   -90.65912
     22.645        1   -90.64744
     22.795        1   -90.63570
     22.945        1   -90.62457
     23.095        1   -90.61346
     23.245        1   -90.60196
     23.395        1   -90.59062
     23.545        1   -90.57911
     23.695        1   -90.56707
     23.845        1   -90.55622
     23.995        1   -90.54528
     24.145        1   -90.53459
     24.295        1   -90.52374
     24.445        1   -90.51296
     24.595        1   -90.50234
     24.745        1   -90.49166
     24.895        1   -90.48118
     25.045        1   -90.47044
     25.195        1   -90.45958
     25.345        1   -90.44851
     25.495        1   -90.43838
     25.645        1   -90.42819
     25.795        1   -90.41756
     25.945        1   -90.40713
     26.095        1   -90.39657
     26.245        1   -90.38689
     26.395        1   -90.37591
     26.545        1   -90.36582
     26.695        1   -90.35594
     26.845        1   -90.34539
     26.995        1   -90.33539
     27.145        1   -90.32562
     27.295        1   -90.31582
     27.445        1   -90.30565
     27.595        1   -90.29635
     27.745        1   -90.28669
     27.895        1   -90.27717
     28.045        1   -90.26618
     28.195        1   -90.25649
     28.345        1   -90.24730
     28.495        1   -90.23793
     28.645        1   -90.22832
     28.795        1   -90.21857
     28.945        1   -90.20869
     29.095        1   -90.19921
     29.245        1   -90.19014
     29.395        1   -90.18104
     29.545        1   -90.17207
     29.695        1   -90.16320
     29.845        1   -90.15467
     29.995        1   -90.14564
     30.145        1   -90.13649
     30.295        1   -90.12772
     30.445        1   -90.11907
     30.595        1   -90.10977
     30.745        1   -90.09945
     30.895        1   -90.09117
     31.045        1   -90.08218
     31.195        1   -90.07355
     31.345        1   -90.06540
     31.495        1   -90.05678
     31.645        1   -90.04815
     31.795        1   -90.03972
     31.945        1   -90.03137
     32.095        1   -90.02294
     32.245        1   -90.01463
     32.395        1   -90.00548
     32.545        1   -89.99688
     32.695        1   -89.98852
     32.845        1   -89.98074
     32.995        1   -89.97260
     33.145        1   -89.96452
     33.295        1   -89.95643
     33.445        1   -89.94818
     33.595        1   -89.94074
     33.745        1   -89.93322
     33.895        1   -89.92508
     34.045        1   -89.91723
     34.195        1   -89.90982
     34.345        1   -89.90136
     34.495        1   -89.89361
     34.645        1   -89.88572
     34.795        1   -89.87794
     34.945        1   -89.87055
     35.095        1   -89.86255
     35.245        1   -89.85460
     35.395        1   -89.84660
     35.545        1   -89.83860
     35.695        1   -89.83121
     35.845        1   -89.82361
     35.995        1   -89.81581
     36.145        1   -89.80870
     36.295        1   -89.80048
     36.445        1   -89.79291
     36.595        1   -89.78551
     36.745        1   -89.77826
     36.895        1   -89.77085
     37.045        1   -89.76354
     37.195        1   -89.75630
     37.345        1   -89.74923
     37.495        1   -89.74168
     37.645        1   -89.73419
     37.795        1   -89.72726
     37.945        1   -89.71996
     38.095        1   -89.71316
     38.245        1   -89.70626
     38.395        1   -89.69857
     38.545        1   -89.69176
     38.695        1   -89.68445
     38.845        1   -89.67776
     38.995        1   -89.67051
     39.145        1   -89.66379
     39.295        1   -89.65703
     39.445        1   -89.65000
     39.595        1   -89.64308
     39.745        1   -89.63556
     39.895        1   -89.62892
     40.045        1   -89.62195
     40.195        1   -89.61516
     40.345        1   -89.60849
     40.495        1   -89.60173
     40.645        1   -89.59491
     40.795        1   -89.58838
     40.945        1   -89.58196
     41.095        1   -89.57515
     41.245        1   -89.56856
     41.395        1   -89.56129
     41.545        1   -89.55469
     41.695        1   -89.54818
     41.845        1   -89.54170
     41.995        1   -89.53478
     42.145        1   -89.52751
     42.295        1   -89.52080
     42.445        1   -89.51398
     42.595        1   -89.50739
     42.745        1   -89.50080
     42.895        1   -89.49464
     43.045        1   -89.48840
     43.195        1   -89.48173
     43.345        1   -89.47564
     43.495        1   -89.46940
     43.645        1   -89.46323
     43.795        1   -89.45673
     43.945        1   -89.45039
     44.095        1   -89.44443
     44.245        1   -89.43845
     44.395        1   -89.43221
     44.545        1   -89.42614
     44.695        1   -89.41952
     44.845        1   -89.41316
     44.995        1   -89.40668
     45.145        1   -89.40065
     45.295        1   -89.39469
     45.445        1   -89.38876
     45.595        1   -89.38256
     45.745        1   -89.37660
     45.895        1   -89.37072
     46.045        1   -89.36472
     46.195        1   -89.35855
     46.345        1   -89.35255
     46.495        1   -89.34682
     46.645        1   -89.34102
     46.795        1   -89.33534
     46.945        1   -89.32791
     47.095        1   -89.32224
     47.245        1   -89.31698
     47.395        1   -89.31092
     47.545        1   -89.30489
     47.695        1   -89.29961
     47.845        1   -89.29420
     47.995        1   -89.28857
     48.145        1   -89.28307
     48.295        1   -89.27743
     48.445        1   -89.27196
     48.595        1   -89.26654
     48.745        1   -89.26074
     48.895        1   -89.25503
     49.045        1   -89.24926
     49.195        1   -89.24392
     49.345        1   -89.23822
     49.495        1   -89.23283
     49.645        1   -89.22700
     49.795        1   -89.22138
     49.945        1   -89.21600
     50.095        1   -89.21054
     50.245        1   -89.20547
     50.395        1   -89.20027
     50.545        1   -89.19479
     50.695        1   -89.18944
     50.845        1   -89.18279
     50.995        1   -89.17768
     51.145        1   -89.17244
     51.295        1   -89.16709
     51.445        1   -89.16157
     51.595        1   -89.15596
     51.745        1   -89.15046
     51.895        1   -89.14520
     52.045        1   -89.13990
     52.195        1   -89.13437
     52.345        1   -89.12913
     52.495        1   -89.12400
     52.645        1   -89.11851
     52.795        1   -89.11361
     52.945        1   -89.10871
     53.095        1   -89.10341
     53.245        1   -89.09817
     53.395        1   -89.09317
     53.545        1   -89.08782
     53.695        1   -89.08269
     53.845        1   -89.07752
     53.995        1   -89.07254
     54.145        1   -89.06756
     54.295        1   -89.06267
     54.445        1   -89.05694
     54.595        1   -89.05145
     54.745        1   -89.04668
     54.895        1   -89.04163
     55.045        1   -89.03643
     55.195        1   -89.03132
     55.345        1   -89.02648
     55.495        1   -89.02160
     55.645        1   -89.01634
     55.795        1   -89.01132
     55.945        1   -89.00629
     56.095        1   -89.00133
     56.245        1   -88.99629
     56.395        1   -88.99121
     56.545        1   -88.98640
     56.695        1   -88.98110
     56.845        1   -88.97634
     56.995        1   -88.97161
     57.145        1   -88.96691
     57.295        1   -88.96232
     57.445        1   -88.95760
     57.595        1   -88.95301
     57.745        1   -88.94858
     57.895        1   -88.94389
     58.045        1   -88.93925
     58.195        1   -88.93444
     58.345        1   -88.92964
     58.495        1   -88.92490
     58.645        1   -88.92022
     58.795        1   -88.91518
     58.945        1   -88.91052
     59.095        1   -88.90581
     59.245        1   -88.90103
     59.395        1   -88.89647
     59.545        1   -88.89176
     59.695        1   -88.88723
     59.845        1   -88.88278
     59.995        1   -88.87820
     60.145        1   -88.87361
     70.939        1   -88.27358
     97.698        1   -87.67314
     134.55        1   -87.07285
     185.30        1   -86.48146
     255.20        1   -85.89097
     351.46        1   -85.30096
     484.04        1   -84.72946
     666.62        1   -84.16588
     918.07        1   -83.60578
     1264.4        1   -83.05079
     1741.3        1   -82.50340
     2398.1        1   -81.96639
     3302.7        1   -81.43500
     4548.5        1   -80.91294
     6264.3        1   -80.39331
     8627.2        1   -79.88313
     11881.        1   -79.38227
     16363.        1   -78.88423
     22535.        1   -78.39455
     31036.        1   -77.91336
     42743.        1   -77.43841
     58866.        1   -76.97019
     81070.        1   -76.50352
    0.11165E+06    1   -76.04409
    0.15377E+06    1   -75.59068
    0.21177E+06    1   -75.14190
    0.29165E+06    1   -74.69521
    0.40166E+06    1   -74.25444
    0.55317E+06    1   -73.81802
    0.76182E+06    1   -73.38302
    0.10492E+07    1   -72.94813
    0.14449E+07    1   -72.51736
    0.19900E+07    1   -72.08569
    0.27406E+07    1   -71.65563
    0.37744E+07    1   -71.22454
    0.51981E+07    1   -70.79229
    0.71589E+07    1   -70.35653
    0.98593E+07    1   -69.92163
    0.13578E+08    1   -69.48130
    0.18700E+08    1   -69.03993
    0.25754E+08    1   -68.59746
    0.35468E+08    1   -68.15717
    0.48847E+08    1   -67.72450
    0.67273E+08    1   -67.30311
    0.92648E+08    1   -66.89011
    0.12760E+09    1   -66.48951
    0.17573E+09    1   -66.10077
    0.24201E+09    1   -65.72419
    0.33330E+09    1   -65.35878
    0.45902E+09    1   -65.01165
    0.63217E+09    1   -64.68481
    0.87062E+09    1   -64.37611
    0.11990E+10    1   -64.08965
    0.16513E+10    1   -63.82225
    0.22742E+10    1   -63.57309
    0.31320E+10    1   -63.34094
    0.43134E+10    1   -63.12421
    0.59405E+10    1   -62.92320
    0.81813E+10    1   -62.73578
    0.11267E+11    1   -62.56166
    0.15517E+11    1   -62.39881
    0.21371E+11    1   -62.24732
    0.29432E+11    1   -62.10616
    0.40534E+11    1   -61.97561
    0.55823E+11    1   -61.85368
    0.10000E+12    1   -60.33584
    -149.95        2     0.00000
    -149.80        2     0.00000
    -149.65        2     0.00000
    -149.49        2     0.00000
    -149.34        2     0.00000
    -149.20        2     0.00000
    -149.05        2     0.00000
    -148.90        2     0.00000
    -148.74        2     0.00000
    -148.59        2     0.00000
    -148.45        2     0.00000
    -148.30        2     0.00000
    -148.15        2     0.00000
    -147.99        2     0.00000
    -147.84        2     0.00000
    -147.70        2     0.00000
    -147.55        2     0.00000
    -147.40        2     0.00000
    -147.24        2     0.00000
    -147.09        2     0.00000
    -146.95        2     0.00000
    -146.80        2     0.00000
    -146.65        2     0.00000
    -146.49        2     0.00000
    -146.34        2     0.00000
    -146.20        2     0.00000
    -146.05        2     0.00000
    -145.90        2     0.00000
    -145.74        2     0.00000
    -145.59        2     0.00000
    -145.45        2     0.00000
    -145.30        2     0.00000
    -145.15        2     0.00000
    -144.99        2     0.00000
    -144.84        2     0.00000
    -144.70        2     0.00000
    -144.55        2     0.00000
    -144.40        2     0.00000
    -144.24        2     0.00000
    -144.09        2     0.00000
    -143.95        2     0.00000
    -143.80        2     0.00000
    -143.65        2     0.00000
    -143.49        2     0.00000
    -143.34        2     0.00000
    -143.20        2     0.00000
    -143.05        2     0.00000
    -142.90        2     0.00000
    -142.74        2     0.00000
    -142.59        2     0.00000
    -142.45        2     0.00000
    -142.30        2     0.00000
    -142.15        2     0.00000
    -141.99        2     0.00000
    -141.84        2     0.00000
    -141.70        2     0.00000
    -141.55        2     0.00000
    -141.40        2     0.00000
    -141.24        2     0.00000
    -141.09        2     0.00000
    -140.95        2     0.00000
    -140.80        2     0.00000
    -140.65        2     0.00000
    -140.49        2     0.00000
    -140.34        2     0.00000
    -140.20        2     0.00000
    -140.05        2     0.00000
    -139.90        2     0.00000
    -139.74        2     0.00000
    -139.59        2     0.00000
    -139.45        2     0.00000
    -139.30        2     0.00000
    -139.15        2     0.00000
    -138.99        2     0.00000
    -138.84        2     0.00000
    -138.70        2     0.00000
    -138.55        2     0.00000
    -138.40        2     0.00000
    -138.24        2     0.00000
    -138.09        2     0.00000
    -137.95        2     0.00000
    -137.80        2     0.00000
    -137.65        2     0.00000
    -137.49        2     0.00000
    -137.34        2     0.00000
    -137.20        2     0.00000
    -137.05        2     0.00000
    -136.90        2     0.00000
    -136.74        2     0.00000
    -136.59        2     0.00000
    -136.45        2     0.00000
    -136.30        2     0.00000
    -136.15        2     0.00000
    -135.99        2     0.00000
    -135.84        2     0.00000
    -135.70        2     0.00000
    -135.55        2     0.00000
    -135.40        2     0.00000
    -135.24        2     0.00000
    -135.09        2     0.00000
    -134.95        2     0.00000
    -134.80        2     0.00000
    -134.65        2     0.00000
    -134.49        2     0.00000
    -134.34        2     0.00000
    -134.20        2     0.00000
    -134.05        2     0.00000
    -133.90        2     0.00000
    -133.74        2     0.00000
    -133.59        2     0.00000
    -133.45        2     0.00000
    -133.30        2     0.00000
    -133.15        2     0.00000
    -132.99        2     0.00000
    -132.84        2     0.00000
    -132.70        2     0.00000
    -132.55        2     0.00000
    -132.40        2     0.00000
    -132.24        2     0.00000
    -132.09        2     0.00000
    -131.95        2     0.00000
    -131.80        2     0.00000
    -131.65        2     0.00000
    -131.49        2     0.00000
    -131.34        2     0.00000
    -131.20        2     0.00000
    -131.05        2     0.00000
    -130.90        2     0.00000
    -130.74        2     0.00000
    -130.59        2     0.00000
    -130.45        2     0.00000
    -130.30        2     0.00000
    -130.15        2     0.00000
    -129.99        2     0.00000
    -129.84        2     0.00000
    -129.70        2     0.00000
    -129.55        2     0.00000
    -129.40        2     0.00000
    -129.24        2     0.00000
    -129.09        2     0.00000
    -128.95        2     0.00000
    -128.80        2     0.00000
    -128.65        2     0.00000
    -128.49        2     0.00000
    -128.34        2     0.00000
    -128.20        2     0.00000
    -128.05        2     0.00000
    -127.89        2     0.00000
    -127.75        2     0.00000
    -127.60        2     0.00000
    -127.44        2     0.00000
    -127.30        2     0.00000
    -127.14        2     0.00000
    -127.00        2     0.00000
    -126.85        2     0.00000
    -126.69        2     0.00000
    -126.55        2     0.00000
    -126.39        2     0.00000
    -126.25        2     0.00000
    -126.10        2     0.00000
    -125.94        2     0.00000
    -125.80        2     0.00000
    -125.64        2     0.00000
    -125.50        2     0.00000
    -125.35        2     0.00000
    -125.19        2     0.00000
    -125.05        2     0.00000
    -124.89        2     0.00000
    -124.75        2     0.00000
    -124.60        2     0.00000
    -124.44        2     0.00000
    -124.30        2     0.00000
    -124.14        2     0.00000
    -124.00        2     0.00000
    -123.85        2     0.00000
    -123.69        2     0.00000
    -123.55        2     0.00000
    -123.39        2     0.00000
    -123.25        2     0.00000
    -123.10        2     0.00000
    -122.94        2     0.00000
    -122.80        2     0.00000
    -122.64        2     0.00000
    -122.50        2     0.00000
    -122.35        2     0.00000
    -122.19        2     0.00000
    -122.05        2     0.00000
    -121.89        2     0.00000
    -121.75        2     0.00000
    -121.60        2     0.00000
    -121.44        2     0.00000
    -121.30        2     0.00000
    -121.14        2     0.00000
    -121.00        2     0.00000
    -120.85        2     0.00000
    -120.69        2     0.00000
    -120.55        2     0.00000
    -120.39        2     0.00000
    -120.25        2     0.00000
    -120.10        2     0.00000
    -119.94        2     0.00000
    -119.80        2     0.00000
    -119.64        2     0.00000
    -119.50        2     0.00000
    -119.35        2     0.00000
    -119.19        2     0.00000
    -119.05        2     0.00000
    -118.89        2     0.00000
    -118.75        2     0.00000
    -118.60        2     0.00000
    -118.44        2     0.00000
    -118.30        2     0.00000
    -118.14        2     0.00000
    -118.00        2     0.00000
    -117.85        2     0.00000
    -117.69        2     0.00000
    -117.55        2     0.00000
    -117.39        2     0.00000
    -117.25        2     0.00000
    -117.10        2     0.00000
    -116.94        2     0.00000
    -116.80        2     0.00000
    -116.64        2     0.00000
    -116.50        2     0.00000
    -116.35        2     0.00000
    -116.19        2     0.00000
    -116.05        2     0.00000
    -115.89        2     0.00000
    -115.75        2     0.00000
    -115.60        2     0.00000
    -115.44        2     0.00000
    -115.30        2     0.00000
    -115.14        2     0.00000
    -115.00        2     0.00000
    -114.85        2     0.00000
    -114.69        2     0.00000
    -114.55        2     0.00000
    -114.39        2     0.00000
    -114.25        2     0.00000
    -114.10        2     0.00000
    -113.94        2     0.00000
    -113.80        2     0.00000
    -113.64        2     0.00000
    -113.50        2     0.00000
    -113.35        2     0.00000
    -113.19        2     0.00000
    -113.05        2     0.00000
    -112.89        2     0.00000
    -112.75        2     0.00000
    -112.60        2     0.00000
    -112.44        2     0.00000
    -112.30        2     0.00000
    -112.14        2     0.00000
    -112.00        2     0.00000
    -111.85        2     0.00000
    -111.69        2     0.00000
    -111.55        2     0.00000
    -111.39        2     0.00000
    -111.25        2     0.00000
    -111.10        2     0.00000
    -110.94        2     0.00000
    -110.80        2     0.00000
    -110.64        2     0.00000
    -110.50        2     0.00000
    -110.35        2     0.00000
    -110.19        2     0.00000
    -110.05        2     0.00000
    -109.89        2     0.00000
    -109.75        2     0.00000
    -109.60        2     0.00000
    -109.44        2     0.00000
    -109.30        2     0.00000
    -109.14        2     0.00000
    -109.00        2     0.00000
    -108.85        2     0.00000
    -108.69        2     0.00000
    -108.55        2     0.00000
    -108.39        2     0.00000
    -108.25        2     0.00000
    -108.10        2     0.00000
    -107.94        2     0.00000
    -107.80        2     0.00000
    -107.64        2     0.00000
    -107.50        2     0.00000
    -107.35        2     0.00000
    -107.19        2     0.00000
    -107.05        2     0.00000
    -106.89        2     0.00000
    -106.75        2     0.00000
    -106.60        2     0.00000
    -106.44        2     0.00000
    -106.30        2     0.00000
    -106.14        2     0.00000
    -106.00        2     0.00000
    -105.85        2     0.00000
    -105.69        2     0.00000
    -105.55        2     0.00000
    -105.39        2     0.00000
    -105.25        2     0.00000
    -105.10        2     0.00000
    -104.94        2     0.00000
    -104.80        2     0.00000
    -104.64        2     0.00000
    -104.50        2     0.00000
    -104.35        2     0.00000
    -104.19        2     0.00000
    -104.05        2     0.00000
    -103.89        2     0.00000
    -103.75        2     0.00000
    -103.60        2     0.00000
    -103.44        2     0.00000
    -103.30        2     0.00000
    -103.14        2     0.00000
    -103.00        2     0.00000
    -102.85        2     0.00000
    -102.69        2     0.00000
    -102.55        2     0.00000
    -102.39        2     0.00000
    -102.25        2     0.00000
    -102.10        2     0.00000
    -101.94        2     0.00000
    -101.80        2     0.00000
    -101.64        2     0.00000
    -101.50        2     0.00000
    -101.35        2     0.00000
    -101.19        2     0.00000
    -101.05        2     0.00000
    -100.89        2     0.00000
    -100.75        2     0.00000
    -100.60        2     0.00000
    -100.44        2     0.00000
    -100.30        2     0.00000
    -100.14        2     0.00000
    -99.995        2     0.00000
    -99.845        2     0.00000
    -99.695        2     0.00000
    -99.545        2     0.00000
    -99.395        2     0.00000
    -99.245        2     0.00000
    -99.095        2     0.00000
    -98.945        2     0.00000
    -98.795        2     0.00000
    -98.645        2     0.00000
    -98.495        2     0.00000
    -98.345        2     0.00000
    -98.195        2     0.00000
    -98.045        2     0.00000
    -97.895        2     0.00000
    -97.745        2     0.00000
    -97.595        2     0.00000
    -97.445        2     0.00000
    -97.295        2     0.00000
    -97.145        2     0.00000
    -96.995        2     0.00000
    -96.845        2     0.00000
    -96.695        2     0.00000
    -96.545        2     0.00000
    -96.395        2     0.00000
    -96.245        2     0.00000
    -96.095        2     0.00000
    -95.945        2     0.00000
    -95.795        2     0.00000
    -95.645        2     0.00000
    -95.495        2     0.00000
    -95.345        2     0.00000
    -95.195        2     0.00000
    -95.045        2     0.00000
    -94.895        2     0.00000
    -94.745        2     0.00000
    -94.595        2     0.00000
    -94.445        2     0.00000
    -94.295        2     0.00000
    -94.145        2     0.00000
    -93.995        2     0.00000
    -93.845        2     0.00000
    -93.695        2     0.00000
    -93.545        2     0.00000
    -93.395        2     0.00000
    -93.245        2     0.00000
    -93.095        2     0.00000
    -92.945        2     0.00000
    -92.795        2     0.00000
    -92.645        2     0.00000
    -92.495        2     0.00000
    -92.345        2     0.00000
    -92.195        2     0.00000
    -92.045        2     0.00000
    -91.895        2     0.00000
    -91.745        2     0.00000
    -91.595        2     0.00000
    -91.445        2     0.00000
    -91.295        2     0.00000
    -91.145        2     0.00000
    -90.995        2     0.00000
    -90.845        2     0.00000
    -90.695        2     0.00000
    -90.545        2     0.00000
    -90.395        2     0.00000
    -90.245        2     0.00000
    -90.095        2     0.00000
    -89.945        2     0.00000
    -89.795        2     0.00000
    -89.645        2     0.00000
    -89.495        2     0.00000
    -89.345        2     0.00000
    -89.195        2     0.00000
    -89.045        2     0.00000
    -88.895        2     0.00000
    -88.745        2     0.00000
    -88.595        2     0.00000
    -88.445        2     0.00000
    -88.295        2     0.00000
    -88.145        2     0.00000
    -87.995        2     0.00000
    -87.845        2     0.00000
    -87.695        2     0.00000
    -87.545        2     0.00000
    -87.395        2     0.00000
    -87.245        2     0.00000
    -87.095        2     0.00000
    -86.945        2     0.00000
    -86.795        2     0.00000
    -86.645        2     0.00000
    -86.495        2     0.00000
    -86.345        2     0.00000
    -86.195        2     0.00000
    -86.045        2     0.00000
    -85.895        2     0.00000
    -85.745        2     0.00000
    -85.595        2     0.00000
    -85.445        2     0.00000
    -85.295        2     0.00000
    -85.145        2     0.00000
    -84.995        2     0.00000
    -84.845        2     0.00000
    -84.695        2     0.00000
    -84.545        2     0.00000
    -84.395        2     0.00000
    -84.245        2     0.00000
    -84.095        2     0.00000
    -83.945        2     0.00000
    -83.795        2     0.00000
    -83.645        2     0.00000
    -83.495        2     0.00000
    -83.345        2     0.00000
    -83.195        2     0.00000
    -83.045        2     0.00000
    -82.895        2     0.00000
    -82.745        2     0.00000
    -82.595        2     0.00000
    -82.445        2     0.00000
    -82.295        2     0.00000
    -82.145        2     0.00000
    -81.995        2     0.00000
    -81.845        2     0.00000
    -81.695        2     0.00000
    -81.545        2     0.00000
    -81.395        2     0.00000
    -81.245        2     0.00000
    -81.095        2     0.00000
    -80.945        2     0.00000
    -80.795        2     0.00000
    -80.645        2     0.00000
    -80.495        2     0.00000
    -80.345        2     0.00000
    -80.195        2     0.00000
    -80.045        2     0.00000
    -79.895        2     0.00000
    -79.745        2     0.00000
    -79.595        2     0.00000
    -79.445        2     0.00000
    -79.295        2     0.00000
    -79.145        2     0.00000
    -78.995        2     0.00000
    -78.845        2     0.00000
    -78.695        2     0.00000
    -78.545        2     0.00000
    -78.395        2     0.00000
    -78.245        2     0.00000
    -78.095        2     0.00000
    -77.945        2     0.00000
    -77.795        2     0.00000
    -77.645        2     0.00000
    -77.495        2     0.00000
    -77.345        2     0.00000
    -77.195        2     0.00000
    -77.045        2     0.00000
    -76.895        2     0.00000
    -76.745        2     0.00000
    -76.595        2     0.00000
    -76.445        2     0.00000
    -76.295        2     0.00000
    -76.145        2     0.00000
    -75.995        2     0.00000
    -75.845        2     0.00000
    -75.695        2     0.00000
    -75.545        2     0.00000
    -75.395        2     0.00000
    -75.245        2     0.00000
    -75.095        2     0.00000
    -74.945        2     0.00000
    -74.795        2     0.00000
    -74.645        2     0.00000
    -74.495        2     0.00000
    -74.345        2     0.00000
    -74.195        2     0.00000
    -74.045        2     0.00000
    -73.895        2     0.00000
    -73.745        2     0.00000
    -73.595        2     0.00000
    -73.445        2     0.00000
    -73.295        2     0.00000
    -73.145        2     0.00000
    -72.995        2     0.00000
    -72.845        2     0.00000
    -72.695        2     0.00000
    -72.545        2     0.00000
    -72.395        2     0.00000
    -72.245        2     0.00000
    -72.095        2     0.00000
    -71.945        2     0.00000
    -71.795        2     0.00000
    -71.645        2     0.00000
    -71.495        2     0.00000
    -71.345        2     0.00000
    -71.195        2     0.00000
    -71.045        2     0.00000
    -70.895        2     0.00000
    -70.745        2     0.00000
    -70.595        2     0.00000
    -70.445        2     0.00000
    -70.295        2     0.00000
    -70.145        2     0.00000
    -69.995        2     0.00000
    -69.845        2     0.00000
    -69.695        2     0.00000
    -69.545        2     0.00000
    -69.395        2     0.00000
    -69.245        2     0.00000
    -69.095        2     0.00000
    -68.945        2     0.00000
    -68.795        2     0.00000
    -68.645        2     0.00000
    -68.495        2     0.00000
    -68.345        2     0.00000
    -68.195        2     0.00000
    -68.045        2     0.00000
    -67.895        2     0.00000
    -67.745        2     0.00000
    -67.595        2     0.00000
    -67.445        2     0.00000
    -67.295        2     0.00000
    -67.145        2     0.00000
    -66.995        2     0.00000
    -66.845        2     0.00000
    -66.695        2     0.00000
    -66.545        2     0.00000
    -66.395        2     0.00000
    -66.245        2     0.00000
    -66.095        2     0.00000
    -65.945        2     0.00000
    -65.795        2     0.00000
    -65.645        2     0.00000
    -65.495        2     0.00000
    -65.345        2     0.00000
    -65.195        2     0.00000
    -65.045        2     0.00000
    -64.895        2     0.00000
    -64.745        2     0.00000
    -64.595        2     0.00000
    -64.445        2     0.00000
    -64.295        2     0.00000
    -64.145        2     0.00000
    -63.995        2     0.00000
    -63.845        2     0.00000
    -63.695        2     0.00000
    -63.545        2     0.00000
    -63.395        2     0.00000
    -63.245        2     0.00000
    -63.095        2     0.00000
    -62.945        2     0.00000
    -62.795        2     0.00000
    -62.645        2     0.00000
    -62.495        2     0.00000
    -62.345        2     0.00000
    -62.195        2     0.00000
    -62.045        2     0.00000
    -61.895        2     0.00000
    -61.745        2     0.00000
    -61.595        2     0.00000
    -61.445        2     0.00000
    -61.295        2     0.00000
    -61.145        2     0.00000
    -60.995        2     0.00000
    -60.845        2     0.00000
    -60.695        2     0.00000
    -60.545        2     0.00000
    -60.395        2     0.00000
    -60.245        2     0.00000
    -60.095        2     0.00000
    -59.945        2     0.00000
    -59.795        2     0.00000
    -59.645        2     0.00000
    -59.495        2     0.00000
    -59.345        2     0.00000
    -59.195        2     0.00000
    -59.045        2     0.00000
    -58.895        2     0.00000
    -58.745        2     0.00000
    -58.595        2     0.00000
    -58.445        2     0.00000
    -58.295        2     0.00000
    -58.145        2     0.00000
    -57.995        2     0.00000
    -57.845        2     0.00000
    -57.695        2     0.00000
    -57.545        2     0.00000
    -57.395        2     0.00000
    -57.245        2     0.00000
    -57.095        2     0.00000
    -56.945        2     0.00000
    -56.795        2     0.00000
    -56.645        2     0.00000
    -56.495        2     0.00000
    -56.345        2     0.00000
    -56.195        2     0.00000
    -56.045        2     0.00000
    -55.895        2     0.00000
    -55.745        2     0.00000
    -55.595        2     0.00000
    -55.445        2     0.00000
    -55.295        2     0.00000
    -55.145        2     0.00000
    -54.995        2     0.00000
    -54.845        2     0.00000
    -54.695        2     0.00000
    -54.545        2     0.00000
    -54.395        2     0.00000
    -54.245        2     0.00000
    -54.095        2     0.00000
    -53.945        2     0.00000
    -53.795        2     0.00000
    -53.645        2     0.00000
    -53.495        2     0.00000
    -53.345        2     0.00000
    -53.195        2     0.00000
    -53.045        2     0.00000
    -52.895        2     0.00000
    -52.745        2     0.00000
    -52.595        2     0.00000
    -52.445        2     0.00000
    -52.295        2     0.00000
    -52.145        2     0.00000
    -51.995        2     0.00000
    -51.845        2     0.00000
    -51.695        2     0.00000
    -51.545        2     0.00000
    -51.395        2     0.00000
    -51.245        2     0.00000
    -51.095        2     0.00000
    -50.945        2     0.00000
    -50.795        2     0.00000
    -50.645        2     0.00000
    -50.495        2     0.00000
    -50.345        2     0.00000
    -50.195        2     0.00000
    -50.045        2     0.00000
    -49.895        2     0.00000
    -49.745        2     0.00000
    -49.595        2     0.00000
    -49.445        2     0.00000
    -49.295        2     0.00000
    -49.145        2     0.00000
    -48.995        2     0.00000
    -48.845        2     0.00000
    -48.695        2     0.00000
    -48.545        2     0.00000
    -48.395        2     0.00000
    -48.245        2     0.00000
    -48.095        2     0.00000
    -47.945        2     0.00000
    -47.795        2     0.00000
    -47.645        2     0.00000
    -47.495        2     0.00000
    -47.345        2     0.00000
    -47.195        2     0.00000
    -47.045        2     0.00000
    -46.895        2     0.00000
    -46.745        2     0.00000
    -46.595        2     0.00000
    -46.445        2     0.00000
    -46.295        2     0.00000
    -46.145        2     0.00000
    -45.995        2     0.00000
    -45.845        2     0.00000
    -45.695        2     0.00000
    -45.545        2     0.00000
    -45.395        2     0.00000
    -45.245        2     0.00000
    -45.095        2     0.00000
    -44.945        2     0.00000
    -44.795        2     0.00000
    -44.645        2     0.00000
    -44.495        2     0.00000
    -44.345        2     0.00000
    -44.195        2     0.00000
    -44.045        2     0.00000
    -43.895        2     0.00000
    -43.745        2     0.00000
    -43.595        2     0.00000
    -43.445        2     0.00000
    -43.295        2     0.00000
    -43.145        2     0.00000
    -42.995        2     0.00000
    -42.845        2     0.00000
    -42.695        2     0.00000
    -42.545        2     0.00000
    -42.395        2     0.00000
    -42.245        2     0.00000
    -42.095        2     0.00000
    -41.945        2     0.00000
    -41.795        2     0.00000
    -41.645        2     0.00000
    -41.495        2     0.00000
    -41.345        2     0.00000
    -41.195        2     0.00000
    -41.045        2     0.00000
    -40.895        2     0.00000
    -40.745        2     0.00000
    -40.595        2     0.00000
    -40.445        2     0.00000
    -40.295        2     0.00000
    -40.145        2     0.00000
    -39.995        2     0.00000
    -39.845        2     0.00000
    -39.695        2     0.00000
    -39.545        2     0.00000
    -39.395        2     0.00000
    -39.245        2     0.00000
    -39.095        2     0.00000
    -38.945        2     0.00000
    -38.795        2     0.00000
    -38.645        2     0.00000
    -38.495        2     0.00000
    -38.345        2     0.00000
    -38.195        2     0.00000
    -38.045        2     0.00000
    -37.895        2     0.00000
    -37.745        2     0.00000
    -37.595        2     0.00000
    -37.445        2     0.00000
    -37.295        2     0.00000
    -37.145        2     0.00000
    -36.995        2     0.00000
    -36.845        2     0.00000
    -36.695        2     0.00000
    -36.545        2     0.00000
    -36.395        2     0.00000
    -36.245        2     0.00000
    -36.095        2     0.00000
    -35.945        2     0.00000
    -35.795        2     0.00000
    -35.645        2     0.00000
    -35.495        2     0.00000
    -35.345        2     0.00000
    -35.195        2     0.00000
    -35.045        2     0.00000
    -34.895        2     0.00000
    -34.745        2     0.00000
    -34.595        2     0.00000
    -34.445        2     0.00000
    -34.295        2     0.00000
    -34.145        2     0.00000
    -33.995        2     0.00000
    -33.845        2     0.00000
    -33.695        2     0.00000
    -33.545        2     0.00000
    -33.395        2     0.00000
    -33.245        2     0.00000
    -33.095        2     0.00000
    -32.945        2     0.00000
    -32.795        2     0.00000
    -32.645        2     0.00000
    -32.495        2     0.00000
    -32.345        2     0.00000
    -32.195        2     0.00000
    -32.045        2     0.00000
    -31.895        2     0.00000
    -31.745        2     0.00000
    -31.595        2     0.00000
    -31.445        2     0.00000
    -31.295        2     0.00000
    -31.145        2     0.00000
    -30.995        2     0.00000
    -30.845        2     0.00000
    -30.695        2     0.00000
    -30.545        2     0.00000
    -30.395        2     0.00000
    -30.245        2     0.00000
    -30.095        2     0.00000
    -29.945        2     0.00000
    -29.795        2     0.00000
    -29.645        2     0.00000
    -29.495        2     0.00000
    -29.345        2     0.00000
    -29.195        2     0.00000
    -29.045        2     0.00000
    -28.895        2     0.00000
    -28.745        2     0.00000
    -28.595        2     0.00000
    -28.445        2     0.00000
    -28.295        2     0.00000
    -28.145        2     0.00000
    -27.995        2     0.00000
    -27.845        2     0.00000
    -27.695        2     0.00000
    -27.545        2     0.00000
    -27.395        2     0.00000
    -27.245        2     0.00000
    -27.095        2     0.00000
    -26.945        2     0.00000
    -26.795        2     0.00000
    -26.645        2     0.00000
    -26.495        2     0.00000
    -26.345        2     0.00000
    -26.195        2     0.00000
    -26.045        2     0.00000
    -25.895        2     0.00000
    -25.745        2     0.00000
    -25.595        2     0.00000
    -25.445        2     0.00000
    -25.295        2     0.00000
    -25.145        2     0.00000
    -24.995        2     0.00000
    -24.845        2     0.00000
    -24.695        2     0.00000
    -24.545        2     0.00000
    -24.395        2     0.00000
    -24.245        2     0.00000
    -24.095        2     0.00000
    -23.945        2     0.00000
    -23.795        2     0.00000
    -23.645        2     0.00000
    -23.495        2     0.00000
    -23.345        2     0.00000
    -23.195        2     0.00000
    -23.045        2     0.00000
    -22.895        2     0.00000
    -22.745        2     0.00000
    -22.595        2     0.00000
    -22.445        2     0.00000
    -22.295        2     0.00000
    -22.145        2     0.00000
    -21.995        2     0.00000
    -21.845        2     0.00000
    -21.695        2     0.00000
    -21.545        2     0.00000
    -21.395        2     0.00000
    -21.245        2     0.00000
    -21.095        2     0.00000
    -20.945        2     0.00000
    -20.795        2     0.00000
    -20.645        2     0.00000
    -20.495        2     0.00000
    -20.345        2     0.00000
    -20.195        2     0.00000
    -20.045        2     0.00000
    -19.895        2     0.00000
    -19.745        2     0.00000
    -19.595        2     0.00000
    -19.445        2     0.00000
    -19.295        2     0.00000
    -19.145        2     0.00000
    -18.995        2     0.00000
    -18.845        2     0.00000
    -18.695        2     0.00000
    -18.545        2     0.00000
    -18.395        2     0.00000
    -18.245        2     0.00000
    -18.095        2     0.00000
    -17.945        2     0.00000
    -17.795        2     0.00000
    -17.645        2     0.00000
    -17.495        2     0.00000
    -17.345        2     0.00000
    -17.195        2     0.00000
    -17.045        2     0.00000
    -16.895        2     0.00000
    -16.745        2     0.00000
    -16.595        2     0.00000
    -16.445        2     0.00000
    -16.295        2     0.00000
    -16.145        2     0.00000
    -15.995        2     0.00000
    -15.845        2    -0.00055
    -15.695        2    -0.00598
    -15.545        2    -0.03918
    -15.395        2    -0.12848
    -15.245        2    -0.28145
    -15.095        2    -0.52017
    -14.945        2    -0.82034
    -14.795        2    -1.17114
    -14.645        2    -1.56491
    -14.495        2    -2.00801
    -14.345        2    -2.49029
    -14.195        2    -2.99991
    -14.045        2    -3.55903
    -13.895        2    -4.14089
    -13.745        2    -4.74887
    -13.595        2    -5.34505
    -13.445        2    -5.93770
    -13.295        2    -6.50518
    -13.145        2    -7.04827
    -12.995        2    -7.57311
    -12.845        2    -8.08865
    -12.695        2    -8.57997
    -12.545        2    -9.05413
    -12.395        2    -9.53934
    -12.245        2   -10.02758
    -12.095        2   -10.50565
    -11.945        2   -10.96709
    -11.795        2   -11.45040
    -11.645        2   -11.91543
    -11.495        2   -12.36707
    -11.345        2   -12.79375
    -11.195        2   -13.20884
    -11.045        2   -13.61929
    -10.895        2   -14.01419
    -10.745        2   -14.40438
    -10.595        2   -14.79941
    -10.445        2   -15.20699
    -10.295        2   -15.63022
    -10.145        2   -16.05790
    -9.9950        2   -16.50941
    -9.8450        2   -16.98483
    -9.6950        2   -17.48601
    -9.5450        2   -18.02329
    -9.3950        2   -18.57565
    -9.2450        2   -19.14479
    -9.0950        2   -19.77723
    -8.9450        2   -20.45020
    -8.7950        2   -21.17212
    -8.6450        2   -21.94885
    -8.4950        2   -22.80372
    -8.3450        2   -23.74271
    -8.1950        2   -24.75573
    -8.0450        2   -25.85905
    -7.8950        2   -27.06114
    -7.7450        2   -28.35966
    -7.5950        2   -29.76318
    -7.4450        2   -31.28128
    -7.2950        2   -32.89831
    -7.1450        2   -34.58163
    -6.9950        2   -36.34266
    -6.8450        2   -38.13562
    -6.6950        2   -39.99189
    -6.5450        2   -41.85224
    -6.3950        2   -43.71030
    -6.2450        2   -45.57346
    -6.0950        2   -47.40139
    -5.9450        2   -49.20910
    -5.7950        2   -50.97251
    -5.6450        2   -52.69219
    -5.4950        2   -54.36350
    -5.3450        2   -56.00961
    -5.1950        2   -57.62358
    -5.0450        2   -59.18719
    -4.8950        2   -60.72620
    -4.7450        2   -62.23809
    -4.5950        2   -63.72417
    -4.4450        2   -65.19675
    -4.2950        2   -66.66703
    -4.1450        2   -68.15103
    -3.9950        2   -69.67493
    -3.8450        2   -71.24061
    -3.6950        2   -72.89695
    -3.5450        2   -74.64090
    -3.3950        2   -76.50656
    -3.2450        2   -78.51050
    -3.0950        2   -80.67213
    -2.9450        2   -82.99169
    -2.7950        2   -85.51062
    -2.6450        2   -88.24202
    -2.4950        2   -91.23568
    -2.3450        2   -94.54532
    -2.1950        2   -98.27078
    -2.0450        2  -102.52574
    -1.8950        2  -107.46150
    -1.7450        2  -113.15288
    -1.5950        2  -119.69115
    -1.4450        2  -127.06287
    -1.2950        2  -135.21994
    -1.1450        2  -144.05470
   -0.99500        2  -153.40592
   -0.84500        2  -163.23660
   -0.69500        2  -173.59700
   -0.54500        2  -184.84914
   -0.39500        2  -197.80985
   -0.25300        2  -207.79206
   -0.21500        2  -208.47562
   -0.20900        2  -209.17069
   -0.20300        2  -209.87621
   -0.19700        2  -210.59430
   -0.19100        2  -211.32412
   -0.18500        2  -212.06759
   -0.17900        2  -212.82521
   -0.17300        2  -213.59687
   -0.16700        2  -214.38313
   -0.16100        2  -215.18464
   -0.15500        2  -216.00376
   -0.14900        2  -216.84047
   -0.14300        2  -217.69715
   -0.13700        2  -218.57393
   -0.13100        2  -219.47215
   -0.12500        2  -220.39520
   -0.11900        2  -221.34393
   -0.11300        2  -222.32139
   -0.10700        2  -223.32756
   -0.10100        2  -224.36726
   -0.95000E-01    2  -225.44301
   -0.89000E-01    2  -226.56021
   -0.83000E-01    2  -227.72124
   -0.77000E-01    2  -228.93288
   -0.71000E-01    2  -230.20370
   -0.65000E-01    2  -231.54226
   -0.59000E-01    2  -232.96291
   -0.53000E-01    2  -234.48034
   -0.47000E-01    2  -236.11761
   -0.41000E-01    2  -237.91037
   -0.35000E-01    2  -239.91168
   -0.29000E-01    2  -242.20349
   -0.23000E-01    2  -244.93730
   -0.19700E-01    2  -245.24188
   -0.19100E-01    2  -245.55416
   -0.18500E-01    2  -245.87458
   -0.17900E-01    2  -246.20354
   -0.17300E-01    2  -246.54092
   -0.16700E-01    2  -246.88783
   -0.16100E-01    2  -247.24483
   -0.15500E-01    2  -247.61213
   -0.14900E-01    2  -247.99055
   -0.14300E-01    2  -248.38134
   -0.13700E-01    2  -248.78447
   -0.13100E-01    2  -249.20170
   -0.12500E-01    2  -249.63410
   -0.11900E-01    2  -250.08340
   -0.11300E-01    2  -250.55084
   -0.10700E-01    2  -251.03847
   -0.10100E-01    2  -251.54790
   -0.95000E-02    2  -252.08101
   -0.89000E-02    2  -252.63952
   -0.83000E-02    2  -253.22665
   -0.77000E-02    2  -253.84587
   -0.71000E-02    2  -254.50097
   -0.65000E-02    2  -255.19601
   -0.59000E-02    2  -255.93318
   -0.53000E-02    2  -256.71419
   -0.47000E-02    2  -257.53832
   -0.41000E-02    2  -258.39974
   -0.35000E-02    2  -259.28862
   -0.29000E-02    2  -260.18663
   -0.23000E-02    2  -261.06563
   -0.17000E-02    2  -261.84589
   -0.11000E-02    2  -262.42090
   -0.50000E-03    2  -262.70298
    0.10000E-03    2  -262.64558
    0.70000E-03    2  -262.25796
    0.13000E-02    2  -261.60382
    0.19000E-02    2  -260.77777
    0.25000E-02    2  -259.88867
    0.31000E-02    2  -259.00095
    0.37000E-02    2  -258.13157
    0.43000E-02    2  -257.29163
    0.49000E-02    2  -256.49014
    0.55000E-02    2  -255.73289
    0.61000E-02    2  -255.01767
    0.67000E-02    2  -254.34199
    0.73000E-02    2  -253.70296
    0.79000E-02    2  -253.09764
    0.85000E-02    2  -252.52196
    0.91000E-02    2  -251.97361
    0.97000E-02    2  -251.45004
    0.10300E-01    2  -250.94936
    0.10900E-01    2  -250.46986
    0.11500E-01    2  -250.00993
    0.12100E-01    2  -249.56858
    0.12700E-01    2  -249.14339
    0.13300E-01    2  -248.73302
    0.13900E-01    2  -248.33638
    0.14500E-01    2  -247.95252
    0.15100E-01    2  -247.58035
    0.15700E-01    2  -247.21895
    0.16300E-01    2  -246.86783
    0.16900E-01    2  -246.52677
    0.17500E-01    2  -246.19481
    0.18100E-01    2  -245.87163
    0.18700E-01    2  -245.55683
    0.19300E-01    2  -245.25002
    0.20200E-01    2  -244.12664
    0.25000E-01    2  -241.59704
    0.31000E-01    2  -239.45619
    0.37000E-01    2  -237.58122
    0.43000E-01    2  -235.90189
    0.49000E-01    2  -234.37324
    0.55000E-01    2  -232.96839
    0.61000E-01    2  -231.66561
    0.67000E-01    2  -230.45146
    0.73000E-01    2  -229.31374
    0.79000E-01    2  -228.24336
    0.85000E-01    2  -227.23209
    0.91000E-01    2  -226.27218
    0.97000E-01    2  -225.35961
    0.10300        2  -224.49034
    0.10900        2  -223.66058
    0.11500        2  -222.86568
    0.12100        2  -222.10225
    0.12700        2  -221.36814
    0.13300        2  -220.66123
    0.13900        2  -219.97956
    0.14500        2  -219.31987
    0.15100        2  -218.68316
    0.15700        2  -218.06635
    0.16300        2  -217.47029
    0.16900        2  -216.89137
    0.17500        2  -216.33059
    0.18100        2  -215.78746
    0.18700        2  -215.25769
    0.19300        2  -214.74474
    0.19900        2  -214.24759
    0.20500        2  -213.76178
    0.21100        2  -213.29046
    0.21700        2  -212.83150
    0.29500        2  -203.89288
    0.44500        2  -198.50600
    0.59500        2  -194.74446
    0.74500        2  -191.83986
    0.89500        2  -189.43210
     1.0450        2  -187.33771
     1.1950        2  -185.45881
     1.3450        2  -183.74416
     1.4950        2  -182.15584
     1.6450        2  -180.69437
     1.7950        2  -179.34472
     1.9450        2  -178.09618
     2.0950        2  -176.94975
     2.2450        2  -175.90491
     2.3950        2  -174.95304
     2.5450        2  -174.07268
     2.6950        2  -173.29098
     2.8450        2  -172.57500
     2.9950        2  -171.91856
     3.1450        2  -171.32486
     3.2950        2  -170.76630
     3.4450        2  -170.24366
     3.5950        2  -169.75744
     3.7450        2  -169.31749
     3.8950        2  -168.89123
     4.0450        2  -168.49030
     4.1950        2  -168.10040
     4.3450        2  -167.73876
     4.4950        2  -167.38495
     4.6450        2  -167.03587
     4.7950        2  -166.71009
     4.9450        2  -166.39671
     5.0950        2  -166.08961
     5.2450        2  -165.78234
     5.3950        2  -165.49185
     5.5450        2  -165.20969
     5.6950        2  -164.93829
     5.8450        2  -164.66150
     5.9950        2  -164.39816
     6.1450        2  -164.14457
     6.2950        2  -163.89432
     6.4450        2  -163.64945
     6.5950        2  -163.41483
     6.7450        2  -163.18781
     6.8950        2  -162.96615
     7.0450        2  -162.74422
     7.1950        2  -162.52929
     7.3450        2  -162.31602
     7.4950        2  -162.11033
     7.6450        2  -161.90734
     7.7950        2  -161.70904
     7.9450        2  -161.51245
     8.0950        2  -161.32360
     8.2450        2  -161.13397
     8.3950        2  -160.94605
     8.5450        2  -160.76535
     8.6950        2  -160.59025
     8.8450        2  -160.41291
     8.9950        2  -160.23989
     9.1450        2  -160.06654
     9.2950        2  -159.89684
     9.4450        2  -159.73463
     9.5950        2  -159.57578
     9.7450        2  -159.41648
     9.8950        2  -159.25905
     10.045        2  -159.10481
     10.195        2  -158.94646
     10.345        2  -158.79812
     10.495        2  -158.64970
     10.645        2  -158.50509
     10.795        2  -158.36217
     10.945        2  -158.22242
     11.095        2  -158.08214
     11.245        2  -157.94560
     11.395        2  -157.80989
     11.545        2  -157.67333
     11.695        2  -157.54350
     11.845        2  -157.40834
     11.995        2  -157.27735
     12.145        2  -157.15097
     12.295        2  -157.02444
     12.445        2  -156.89646
     12.595        2  -156.77197
     12.745        2  -156.65040
     12.895        2  -156.53071
     13.045        2  -156.40899
     13.195        2  -156.28758
     13.345        2  -156.17081
     13.495        2  -156.05513
     13.645        2  -155.94333
     13.795        2  -155.82880
     13.945        2  -155.71743
     14.095        2  -155.60730
     14.245        2  -155.50025
     14.395        2  -155.39163
     14.545        2  -155.28445
     14.695        2  -155.17924
     14.845        2  -155.07012
     14.995        2  -154.96226
     15.145        2  -154.85597
     15.295        2  -154.75509
     15.445        2  -154.64974
     15.595        2  -154.54449
     15.745        2  -154.44497
     15.895        2  -154.34530
     16.045        2  -154.24981
     16.195        2  -154.15380
     16.345        2  -154.05421
     16.495        2  -153.96044
     16.645        2  -153.86613
     16.795        2  -153.76901
     16.945        2  -153.67236
     17.095        2  -153.58047
     17.245        2  -153.48995
     17.395        2  -153.39880
     17.545        2  -153.30932
     17.695        2  -153.21859
     17.845        2  -153.12843
     17.995        2  -153.04157
     18.145        2  -152.95563
     18.295        2  -152.87037
     18.445        2  -152.78529
     18.595        2  -152.69747
     18.745        2  -152.61319
     18.895        2  -152.53019
     19.045        2  -152.44908
     19.195        2  -152.36692
     19.345        2  -152.28534
     19.495        2  -152.20537
     19.645        2  -152.12401
     19.795        2  -152.04375
     19.945        2  -151.96493
     20.095        2  -151.88692
     21.836        2  -149.49926
     30.068        2  -145.95088
     42.097        2  -142.41287
     58.937        2  -138.91952
     82.515        2  -135.44217
     115.53        2  -132.01318
     161.74        2  -128.64902
     226.45        2  -125.30062
     317.04        2  -122.02670
     443.87        2  -118.82221
     621.44        2  -115.68311
     870.05        2  -112.61729
     1218.1        2  -109.62849
     1705.4        2  -106.70093
     2387.7        2  -103.85513
     3342.9        2  -101.08726
     4680.2        2   -98.38834
     6552.5        2   -95.75692
     9173.8        2   -93.19936
     12844.        2   -90.70986
     17982.        2   -88.29265
     25176.        2   -85.96704
     35247.        2   -83.71807
     49348.        2   -81.55900
     69090.        2   -79.48986
     96729.        2   -77.50592
    0.13543E+06    2   -75.61566
    0.18960E+06    2   -73.80682
    0.26545E+06    2   -72.08990
    0.37165E+06    2   -70.44919
    0.52033E+06    2   -68.88629
    0.72849E+06    2   -67.39442
    0.10199E+07    2   -65.98151
    0.14279E+07    2   -64.63509
    0.19992E+07    2   -63.34959
    0.27990E+07    2   -62.13417
    0.39187E+07    2   -60.97814
    0.54864E+07    2   -59.88005
    0.76812E+07    2   -58.83670
    0.10754E+08    2   -57.83935
    0.15056E+08    2   -56.89689
    0.21080E+08    2   -55.99874
    0.29513E+08    2   -55.14599
    0.41319E+08    2   -54.33748
    0.57849E+08    2   -53.58688
    0.80991E+08    2   -52.89128
    0.11339E+09    2   -52.24463
    0.15875E+09    2   -51.64454
    0.22226E+09    2   -51.08362
    0.31118E+09    2   -50.56207
    0.43567E+09    2   -50.07091
    0.60996E+09    2   -49.62499
    0.85398E+09    2   -49.21776
    0.11956E+10    2   -48.84783
    0.16739E+10    2   -48.50833
    0.23436E+10    2   -48.19556
    0.32811E+10    2   -47.90988
    0.45937E+10    2   -47.64390
    0.64315E+10    2   -47.40235
    0.90044E+10    2   -47.17749
    0.12607E+11    2   -46.97268
    0.17650E+11    2   -46.78405
    0.24711E+11    2   -46.61113
    0.34596E+11    2   -46.44990
    0.48437E+11    2   -46.30206
    0.67814E+11    2   -46.16588
    0.10000E+12    2   -44.62834
