    -29.945        1     0.00000
    -29.795        1     0.00000
    -29.645        1     0.00000
    -29.495        1     0.00000
    -29.345        1     0.00000
    -29.195        1     0.00000
    -29.045        1     0.00000
    -28.895        1     0.00000
    -28.745        1     0.00000
    -28.595        1     0.00000
    -28.445        1     0.00000
    -28.295        1     0.00000
    -28.145        1     0.00000
    -27.995        1     0.00000
    -27.845        1     0.00000
    -27.695        1     0.00000
    -27.545        1     0.00000
    -27.395        1     0.00000
    -27.245        1     0.00000
    -27.095        1     0.00000
    -26.945        1     0.00000
    -26.795        1     0.00000
    -26.645        1     0.00000
    -26.495        1     0.00000
    -26.345        1     0.00000
    -26.195        1     0.00000
    -26.045        1     0.00000
    -25.895        1     0.00000
    -25.745        1     0.00000
    -25.595        1     0.00000
    -25.445        1     0.00000
    -25.295        1     0.00000
    -25.145        1     0.00000
    -24.995        1     0.00000
    -24.845        1     0.00000
    -24.695        1     0.00000
    -24.545        1     0.00000
    -24.395        1     0.00000
    -24.245        1     0.00000
    -24.095        1     0.00000
    -23.945        1     0.00000
    -23.795        1     0.00000
    -23.645        1     0.00000
    -23.495        1     0.00000
    -23.345        1     0.00000
    -23.195        1     0.00000
    -23.045        1     0.00000
    -22.895        1     0.00000
    -22.745        1     0.00000
    -22.595        1     0.00000
    -22.445        1     0.00000
    -22.295        1     0.00000
    -22.145        1     0.00000
    -21.995        1     0.00000
    -21.845        1    -0.00031
    -21.695        1    -0.00077
    -21.545        1    -0.00199
    -21.395        1    -0.00368
    -21.245        1    -0.00580
    -21.095        1    -0.00852
    -20.945        1    -0.01411
    -20.795        1    -0.01995
    -20.645        1    -0.03201
    -20.495        1    -0.04459
    -20.345        1    -0.06274
    -20.195        1    -0.08813
    -20.045        1    -0.12051
    -19.895        1    -0.16048
    -19.745        1    -0.21451
    -19.595        1    -0.27804
    -19.445        1    -0.35612
    -19.295        1    -0.45284
    -19.145        1    -0.55818
    -18.995        1    -0.69529
    -18.845        1    -0.84397
    -18.695        1    -1.00999
    -18.545        1    -1.19603
    -18.395        1    -1.40151
    -18.245        1    -1.60953
    -18.095        1    -1.84712
    -17.945        1    -2.09504
    -17.795        1    -2.34490
    -17.645        1    -2.59500
    -17.495        1    -2.85452
    -17.345        1    -3.10821
    -17.195        1    -3.36663
    -17.045        1    -3.63781
    -16.895        1    -3.90132
    -16.745        1    -4.16186
    -16.595        1    -4.42222
    -16.445        1    -4.68334
    -16.295        1    -4.94490
    -16.145        1    -5.20428
    -15.995        1    -5.47284
    -15.845        1    -5.73507
    -15.695        1    -6.00633
    -15.545        1    -6.28442
    -15.395        1    -6.56966
    -15.245        1    -6.85904
    -15.095        1    -7.15127
    -14.945        1    -7.45018
    -14.795        1    -7.74515
    -14.645        1    -8.04894
    -14.495        1    -8.37183
    -14.345        1    -8.72570
    -14.195        1    -9.09567
    -14.045        1    -9.48914
    -13.895        1    -9.90018
    -13.745        1   -10.34772
    -13.595        1   -10.82297
    -13.445        1   -11.33359
    -13.295        1   -11.87715
    -13.145        1   -12.44120
    -12.995        1   -13.02951
    -12.845        1   -13.64901
    -12.695        1   -14.30237
    -12.545        1   -14.99126
    -12.395        1   -15.68790
    -12.245        1   -16.39666
    -12.095        1   -17.11844
    -11.945        1   -17.83994
    -11.795        1   -18.57168
    -11.645        1   -19.30651
    -11.495        1   -20.03619
    -11.345        1   -20.77422
    -11.195        1   -21.49860
    -11.045        1   -22.21330
    -10.895        1   -22.90207
    -10.745        1   -23.60734
    -10.595        1   -24.29310
    -10.445        1   -24.96141
    -10.295        1   -25.60427
    -10.145        1   -26.22550
    -9.9950        1   -26.84396
    -9.8450        1   -27.45956
    -9.6950        1   -28.03934
    -9.5450        1   -28.61743
    -9.3950        1   -29.18225
    -9.2450        1   -29.73095
    -9.0950        1   -30.26866
    -8.9450        1   -30.79508
    -8.7950        1   -31.31667
    -8.6450        1   -31.84361
    -8.4950        1   -32.35452
    -8.3450        1   -32.86662
    -8.1950        1   -33.37939
    -8.0450        1   -33.90789
    -7.8950        1   -34.43731
    -7.7450        1   -34.97822
    -7.5950        1   -35.52141
    -7.4450        1   -36.07471
    -7.2950        1   -36.63521
    -7.1450        1   -37.20279
    -6.9950        1   -37.78919
    -6.8450        1   -38.37941
    -6.6950        1   -38.99168
    -6.5450        1   -39.60098
    -6.3950        1   -40.23341
    -6.2450        1   -40.87911
    -6.0950        1   -41.52500
    -5.9450        1   -42.19761
    -5.7950        1   -42.88253
    -5.6450        1   -43.57347
    -5.4950        1   -44.27817
    -5.3450        1   -45.00139
    -5.1950        1   -45.73577
    -5.0450        1   -46.48729
    -4.8950        1   -47.26179
    -4.7450        1   -48.05884
    -4.5950        1   -48.88857
    -4.4450        1   -49.76120
    -4.2950        1   -50.66775
    -4.1450        1   -51.61823
    -3.9950        1   -52.62056
    -3.8450        1   -53.67582
    -3.6950        1   -54.78092
    -3.5450        1   -55.95035
    -3.3950        1   -57.19873
    -3.2450        1   -58.52439
    -3.0950        1   -59.93634
    -2.9450        1   -61.41973
    -2.7950        1   -62.99639
    -2.6450        1   -64.65767
    -2.4950        1   -66.39929
    -2.3450        1   -68.20710
    -2.1950        1   -70.06567
    -2.0450        1   -71.96470
    -1.8950        1   -73.88906
    -1.7450        1   -75.82087
    -1.5950        1   -77.76725
    -1.4450        1   -79.72986
    -1.2950        1   -81.71188
    -1.1450        1   -83.72458
   -0.99500        1   -85.79902
   -0.84500        1   -88.00012
   -0.69500        1   -90.40596
   -0.54500        1   -93.15358
   -0.39500        1   -96.43201
   -0.25300        1   -99.00162
   -0.21500        1   -99.17937
   -0.20900        1   -99.35963
   -0.20300        1   -99.54244
   -0.19700        1   -99.72819
   -0.19100        1   -99.91748
   -0.18500        1  -100.10979
   -0.17900        1  -100.30590
   -0.17300        1  -100.50660
   -0.16700        1  -100.71180
   -0.16100        1  -100.92183
   -0.15500        1  -101.13534
   -0.14900        1  -101.35418
   -0.14300        1  -101.57898
   -0.13700        1  -101.81019
   -0.13100        1  -102.04892
   -0.12500        1  -102.29453
   -0.11900        1  -102.54743
   -0.11300        1  -102.80915
   -0.10700        1  -103.08109
   -0.10100        1  -103.36484
   -0.95000E-01    1  -103.66088
   -0.89000E-01    1  -103.97144
   -0.83000E-01    1  -104.29851
   -0.77000E-01    1  -104.64410
   -0.71000E-01    1  -105.01252
   -0.65000E-01    1  -105.40832
   -0.59000E-01    1  -105.83481
   -0.53000E-01    1  -106.29976
   -0.47000E-01    1  -106.81491
   -0.41000E-01    1  -107.39251
   -0.35000E-01    1  -108.05493
   -0.29000E-01    1  -108.83401
   -0.23000E-01    1  -109.78645
   -0.19700E-01    1  -109.89158
   -0.19100E-01    1  -109.99871
   -0.18500E-01    1  -110.10798
   -0.17900E-01    1  -110.21954
   -0.17300E-01    1  -110.33292
   -0.16700E-01    1  -110.44853
   -0.16100E-01    1  -110.56607
   -0.15500E-01    1  -110.68574
   -0.14900E-01    1  -110.80745
   -0.14300E-01    1  -110.93116
   -0.13700E-01    1  -111.05694
   -0.13100E-01    1  -111.18474
   -0.12500E-01    1  -111.31433
   -0.11900E-01    1  -111.44573
   -0.11300E-01    1  -111.57881
   -0.10700E-01    1  -111.71305
   -0.10100E-01    1  -111.84842
   -0.95000E-02    1  -111.98484
   -0.89000E-02    1  -112.12186
   -0.83000E-02    1  -112.25944
   -0.77000E-02    1  -112.39664
   -0.71000E-02    1  -112.53195
   -0.65000E-02    1  -112.66405
   -0.59000E-02    1  -112.79124
   -0.53000E-02    1  -112.91232
   -0.47000E-02    1  -113.02510
   -0.41000E-02    1  -113.12755
   -0.35000E-02    1  -113.21793
   -0.29000E-02    1  -113.29495
   -0.23000E-02    1  -113.35736
   -0.17000E-02    1  -113.40429
   -0.11000E-02    1  -113.43498
   -0.50000E-03    1  -113.44901
    0.10000E-03    1  -113.44620
    0.70000E-03    1  -113.42658
    0.13000E-02    1  -113.39043
    0.19000E-02    1  -113.33828
    0.25000E-02    1  -113.27093
    0.31000E-02    1  -113.18929
    0.37000E-02    1  -113.09463
    0.43000E-02    1  -112.98853
    0.49000E-02    1  -112.87273
    0.55000E-02    1  -112.74944
    0.61000E-02    1  -112.62037
    0.67000E-02    1  -112.48727
    0.73000E-02    1  -112.35124
    0.79000E-02    1  -112.21389
    0.85000E-02    1  -112.07654
    0.91000E-02    1  -111.94010
    0.97000E-02    1  -111.80461
    0.10300E-01    1  -111.67020
    0.10900E-01    1  -111.53684
    0.11500E-01    1  -111.40509
    0.12100E-01    1  -111.27474
    0.12700E-01    1  -111.14626
    0.13300E-01    1  -111.01956
    0.13900E-01    1  -110.89486
    0.14500E-01    1  -110.77236
    0.15100E-01    1  -110.65160
    0.15700E-01    1  -110.53263
    0.16300E-01    1  -110.41588
    0.16900E-01    1  -110.30112
    0.17500E-01    1  -110.18862
    0.18100E-01    1  -110.07801
    0.18700E-01    1  -109.96945
    0.19300E-01    1  -109.86300
    0.20200E-01    1  -109.46928
    0.25000E-01    1  -108.58360
    0.31000E-01    1  -107.85390
    0.37000E-01    1  -107.22768
    0.43000E-01    1  -106.67961
    0.49000E-01    1  -106.18983
    0.55000E-01    1  -105.74632
    0.61000E-01    1  -105.34056
    0.67000E-01    1  -104.96645
    0.73000E-01    1  -104.61850
    0.79000E-01    1  -104.29370
    0.85000E-01    1  -103.98912
    0.91000E-01    1  -103.70182
    0.97000E-01    1  -103.43067
    0.10300        1  -103.17333
    0.10900        1  -102.92847
    0.11500        1  -102.69551
    0.12100        1  -102.47319
    0.12700        1  -102.26000
    0.13300        1  -102.05603
    0.13900        1  -101.86064
    0.14500        1  -101.67387
    0.15100        1  -101.49365
    0.15700        1  -101.32153
    0.16300        1  -101.15604
    0.16900        1  -100.99728
    0.17500        1  -100.84414
    0.18100        1  -100.69620
    0.18700        1  -100.55421
    0.19300        1  -100.41737
    0.19900        1  -100.28476
    0.20500        1  -100.15776
    0.21100        1  -100.03490
    0.21700        1   -99.91640
    0.29500        1   -97.76060
    0.44500        1   -96.68001
    0.59500        1   -96.04128
    0.74500        1   -95.58242
    0.89500        1   -95.21214
     1.0450        1   -94.89620
     1.1950        1   -94.61792
     1.3450        1   -94.36947
     1.4950        1   -94.14741
     1.6450        1   -93.94118
     1.7950        1   -93.74657
     1.9450        1   -93.56996
     2.0950        1   -93.40318
     2.2450        1   -93.24911
     2.3950        1   -93.10393
     2.5450        1   -92.96632
     2.6950        1   -92.83651
     2.8450        1   -92.71812
     2.9950        1   -92.60424
     3.1450        1   -92.50240
     3.2950        1   -92.40827
     3.4450        1   -92.32125
     3.5950        1   -92.23828
     3.7450        1   -92.15782
     3.8950        1   -92.08550
     4.0450        1   -92.01507
     4.1950        1   -91.95072
     4.3450        1   -91.88865
     4.4950        1   -91.82934
     4.6450        1   -91.77209
     4.7950        1   -91.71741
     4.9450        1   -91.66298
     5.0950        1   -91.61277
     5.2450        1   -91.56532
     5.3950        1   -91.51953
     5.5450        1   -91.47306
     5.6950        1   -91.42920
     5.8450        1   -91.38523
     5.9950        1   -91.34323
     6.1450        1   -91.30292
     6.2950        1   -91.26296
     6.4450        1   -91.22462
     6.5950        1   -91.18779
     6.7450        1   -91.15036
     6.8950        1   -91.11296
     7.0450        1   -91.07861
     7.1950        1   -91.04450
     7.3450        1   -91.01014
     7.4950        1   -90.97628
     7.6450        1   -90.94337
     7.7950        1   -90.91127
     7.9450        1   -90.88101
     8.0950        1   -90.84972
     8.2450        1   -90.81886
     8.3950        1   -90.78848
     8.5450        1   -90.75968
     8.6950        1   -90.73019
     8.8450        1   -90.70166
     8.9950        1   -90.67320
     9.1450        1   -90.64510
     9.2950        1   -90.61784
     9.4450        1   -90.59155
     9.5950        1   -90.56531
     9.7450        1   -90.53940
     9.8950        1   -90.51301
     10.045        1   -90.48729
     10.195        1   -90.46190
     10.345        1   -90.43691
     10.495        1   -90.41234
     10.645        1   -90.38771
     10.795        1   -90.36320
     10.945        1   -90.34009
     11.095        1   -90.31653
     11.245        1   -90.29338
     11.395        1   -90.26989
     11.545        1   -90.24699
     11.695        1   -90.22443
     11.845        1   -90.20237
     11.995        1   -90.18123
     12.145        1   -90.15964
     12.295        1   -90.13714
     12.445        1   -90.11594
     12.595        1   -90.09533
     12.745        1   -90.07431
     12.895        1   -90.05327
     13.045        1   -90.03271
     13.195        1   -90.01218
     13.345        1   -89.99185
     13.495        1   -89.97182
     13.645        1   -89.95292
     13.795        1   -89.93352
     13.945        1   -89.91381
     14.095        1   -89.89462
     14.245        1   -89.87550
     14.395        1   -89.85608
     14.545        1   -89.83817
     14.695        1   -89.82006
     14.845        1   -89.80232
     14.995        1   -89.78405
     15.145        1   -89.76575
     15.295        1   -89.74855
     15.445        1   -89.73104
     15.595        1   -89.71320
     15.745        1   -89.69586
     15.895        1   -89.67900
     16.045        1   -89.66182
     16.195        1   -89.64521
     16.345        1   -89.62809
     16.495        1   -89.61153
     16.645        1   -89.59486
     16.795        1   -89.57825
     16.945        1   -89.56231
     17.095        1   -89.54632
     17.245        1   -89.53065
     17.395        1   -89.51497
     17.545        1   -89.49921
     17.695        1   -89.48399
     17.845        1   -89.46823
     17.995        1   -89.45287
     18.145        1   -89.43729
     18.295        1   -89.42219
     18.445        1   -89.40704
     18.595        1   -89.39268
     18.745        1   -89.37829
     18.895        1   -89.36395
     19.045        1   -89.34906
     19.195        1   -89.33407
     19.345        1   -89.31959
     19.495        1   -89.30537
     19.645        1   -89.29119
     19.795        1   -89.27761
     19.945        1   -89.26329
     20.095        1   -89.24942
     20.245        1   -89.23590
     20.395        1   -89.22265
     20.545        1   -89.20837
     20.695        1   -89.19490
     20.845        1   -89.18141
     20.995        1   -89.16840
     21.145        1   -89.15587
     21.295        1   -89.14245
     21.445        1   -89.12990
     21.595        1   -89.11694
     21.745        1   -89.10452
     21.895        1   -89.09191
     22.045        1   -89.07967
     22.195        1   -89.06701
     22.345        1   -89.05438
     22.495        1   -89.04241
     22.645        1   -89.03005
     22.795        1   -89.01776
     22.945        1   -89.00497
     23.095        1   -88.99201
     23.245        1   -88.98020
     23.395        1   -88.96820
     23.545        1   -88.95632
     23.695        1   -88.94454
     23.845        1   -88.93255
     23.995        1   -88.92062
     24.145        1   -88.90944
     24.295        1   -88.89717
     24.445        1   -88.88543
     24.595        1   -88.87426
     24.745        1   -88.86289
     24.895        1   -88.85174
     25.045        1   -88.84060
     25.195        1   -88.82900
     25.345        1   -88.81814
     25.495        1   -88.80755
     25.645        1   -88.79624
     25.795        1   -88.78507
     25.945        1   -88.77460
     26.095        1   -88.76390
     26.245        1   -88.75322
     26.395        1   -88.74225
     26.545        1   -88.73187
     26.695        1   -88.72157
     26.845        1   -88.71104
     26.995        1   -88.70045
     27.145        1   -88.68970
     27.295        1   -88.67960
     27.445        1   -88.66934
     27.595        1   -88.65927
     27.745        1   -88.64904
     27.895        1   -88.63849
     28.045        1   -88.62884
     28.195        1   -88.61887
     28.345        1   -88.60888
     28.495        1   -88.59910
     28.645        1   -88.58901
     28.795        1   -88.57895
     28.945        1   -88.56912
     29.095        1   -88.55943
     29.245        1   -88.54950
     29.395        1   -88.53995
     29.545        1   -88.53011
     29.695        1   -88.52046
     29.845        1   -88.51116
     29.995        1   -88.50127
     30.145        1   -88.49143
     30.295        1   -88.48189
     30.445        1   -88.47240
     30.595        1   -88.46326
     30.745        1   -88.45417
     30.895        1   -88.44481
     31.045        1   -88.43590
     31.195        1   -88.42682
     31.345        1   -88.41783
     31.495        1   -88.40945
     31.645        1   -88.40031
     31.795        1   -88.39095
     31.945        1   -88.38209
     32.095        1   -88.37326
     32.245        1   -88.36446
     32.395        1   -88.35567
     32.545        1   -88.34716
     32.695        1   -88.33826
     32.845        1   -88.32951
     32.995        1   -88.32058
     33.145        1   -88.31216
     33.295        1   -88.30386
     33.445        1   -88.29519
     33.595        1   -88.28703
     33.745        1   -88.27823
     33.895        1   -88.27017
     34.045        1   -88.26170
     34.195        1   -88.25315
     34.345        1   -88.24478
     34.495        1   -88.23642
     34.645        1   -88.22793
     34.795        1   -88.21989
     34.945        1   -88.21161
     35.095        1   -88.20343
     35.245        1   -88.19524
     35.395        1   -88.18729
     35.545        1   -88.17925
     35.695        1   -88.17052
     35.845        1   -88.16216
     35.995        1   -88.15466
     36.145        1   -88.14672
     36.295        1   -88.13895
     36.445        1   -88.13110
     36.595        1   -88.12331
     36.745        1   -88.11577
     36.895        1   -88.10784
     37.045        1   -88.09982
     37.195        1   -88.09201
     37.345        1   -88.08429
     37.495        1   -88.07691
     37.645        1   -88.06938
     37.795        1   -88.06151
     37.945        1   -88.05375
     38.095        1   -88.04616
     38.245        1   -88.03849
     38.395        1   -88.03103
     38.545        1   -88.02376
     38.695        1   -88.01630
     38.845        1   -88.00902
     38.995        1   -88.00136
     39.145        1   -87.99412
     39.295        1   -87.98652
     39.445        1   -87.97889
     39.595        1   -87.97156
     39.745        1   -87.96444
     39.895        1   -87.95755
     40.045        1   -87.95061
     40.195        1   -87.94373
     40.345        1   -87.93634
     40.495        1   -87.92886
     40.645        1   -87.92190
     40.795        1   -87.91478
     40.945        1   -87.90753
     41.095        1   -87.90025
     41.245        1   -87.89321
     41.395        1   -87.88615
     41.545        1   -87.87919
     41.695        1   -87.87239
     41.845        1   -87.86553
     41.995        1   -87.85887
     42.145        1   -87.85237
     42.295        1   -87.84558
     42.445        1   -87.83833
     42.595        1   -87.83143
     42.745        1   -87.82460
     42.895        1   -87.81833
     43.045        1   -87.81162
     43.195        1   -87.80503
     43.345        1   -87.79787
     43.495        1   -87.79104
     43.645        1   -87.78441
     43.795        1   -87.77829
     43.945        1   -87.77182
     44.095        1   -87.76528
     44.245        1   -87.75865
     44.395        1   -87.75223
     44.545        1   -87.74575
     44.695        1   -87.73913
     44.845        1   -87.73262
     44.995        1   -87.72606
     45.145        1   -87.71952
     45.295        1   -87.71320
     45.445        1   -87.70679
     45.595        1   -87.70067
     45.745        1   -87.69420
     45.895        1   -87.68782
     46.045        1   -87.68125
     46.195        1   -87.67515
     46.345        1   -87.66883
     46.495        1   -87.66289
     46.645        1   -87.65655
     46.795        1   -87.65023
     46.945        1   -87.64384
     47.095        1   -87.63729
     47.245        1   -87.63101
     47.395        1   -87.62468
     47.545        1   -87.61860
     47.695        1   -87.61266
     47.845        1   -87.60674
     47.995        1   -87.60036
     48.145        1   -87.59458
     48.295        1   -87.58861
     48.445        1   -87.58244
     48.595        1   -87.57644
     48.745        1   -87.57030
     48.895        1   -87.56434
     49.045        1   -87.55824
     49.195        1   -87.55242
     49.345        1   -87.54646
     49.495        1   -87.54050
     49.645        1   -87.53444
     49.795        1   -87.52864
     49.945        1   -87.52299
     50.095        1   -87.51740
     50.245        1   -87.51170
     50.395        1   -87.50572
     50.545        1   -87.50007
     50.695        1   -87.49434
     50.845        1   -87.48858
     50.995        1   -87.48286
     51.145        1   -87.47708
     51.295        1   -87.47160
     51.445        1   -87.46578
     51.595        1   -87.45992
     51.745        1   -87.45460
     51.895        1   -87.44902
     52.045        1   -87.44346
     52.195        1   -87.43770
     52.345        1   -87.43221
     52.495        1   -87.42636
     52.645        1   -87.42066
     52.795        1   -87.41509
     52.945        1   -87.40966
     53.095        1   -87.40454
     53.245        1   -87.39941
     53.395        1   -87.39410
     53.545        1   -87.38895
     53.695        1   -87.38338
     53.845        1   -87.37772
     53.995        1   -87.37259
     54.145        1   -87.36739
     54.295        1   -87.36225
     54.445        1   -87.35696
     54.595        1   -87.35138
     54.745        1   -87.34600
     54.895        1   -87.34108
     55.045        1   -87.33598
     55.195        1   -87.33077
     55.345        1   -87.32557
     55.495        1   -87.32029
     55.645        1   -87.31498
     55.795        1   -87.30943
     55.945        1   -87.30426
     56.095        1   -87.29883
     56.245        1   -87.29371
     56.395        1   -87.28841
     56.545        1   -87.28340
     56.695        1   -87.27796
     56.845        1   -87.27264
     56.995        1   -87.26750
     57.145        1   -87.26254
     57.295        1   -87.25738
     57.445        1   -87.25247
     57.595        1   -87.24771
     57.745        1   -87.24273
     57.895        1   -87.23778
     58.045        1   -87.23286
     58.195        1   -87.22796
     58.345        1   -87.22314
     58.495        1   -87.21805
     58.645        1   -87.21315
     58.795        1   -87.20821
     58.945        1   -87.20335
     59.095        1   -87.19844
     59.245        1   -87.19339
     59.395        1   -87.18840
     59.545        1   -87.18340
     59.695        1   -87.17852
     59.845        1   -87.17381
     59.995        1   -87.16884
     60.145        1   -87.16402
     70.939        1   -86.53845
     97.698        1   -85.91449
     134.55        1   -85.29169
     185.30        1   -84.67927
     255.20        1   -84.06457
     351.46        1   -83.45946
     484.04        1   -82.86305
     666.62        1   -82.27480
     918.07        1   -81.69093
     1264.4        1   -81.11661
     1741.3        1   -80.55326
     2398.1        1   -79.99438
     3302.7        1   -79.44578
     4548.5        1   -78.90612
     6264.3        1   -78.37578
     8627.2        1   -77.85282
     11881.        1   -77.33807
     16363.        1   -76.83229
     22535.        1   -76.33440
     31036.        1   -75.84461
     42743.        1   -75.35869
     58866.        1   -74.88190
     81070.        1   -74.41130
    0.11165E+06    1   -73.94858
    0.15377E+06    1   -73.49009
    0.21177E+06    1   -73.03593
    0.29165E+06    1   -72.58931
    0.40166E+06    1   -72.14633
    0.55317E+06    1   -71.70492
    0.76182E+06    1   -71.26783
    0.10492E+07    1   -70.83277
    0.14449E+07    1   -70.40059
    0.19900E+07    1   -69.97029
    0.27406E+07    1   -69.53876
    0.37744E+07    1   -69.10664
    0.51981E+07    1   -68.67227
    0.71589E+07    1   -68.23661
    0.98593E+07    1   -67.80011
    0.13578E+08    1   -67.36198
    0.18700E+08    1   -66.92238
    0.25754E+08    1   -66.48190
    0.35468E+08    1   -66.04229
    0.48847E+08    1   -65.61050
    0.67273E+08    1   -65.18941
    0.92648E+08    1   -64.77903
    0.12760E+09    1   -64.37920
    0.17573E+09    1   -63.98974
    0.24201E+09    1   -63.61193
    0.33330E+09    1   -63.24873
    0.45902E+09    1   -62.90167
    0.63217E+09    1   -62.57502
    0.87062E+09    1   -62.26742
    0.11990E+10    1   -61.98068
    0.16513E+10    1   -61.71356
    0.22742E+10    1   -61.46488
    0.31320E+10    1   -61.23374
    0.43134E+10    1   -61.01805
    0.59405E+10    1   -60.81639
    0.81813E+10    1   -60.62939
    0.11267E+11    1   -60.45561
    0.15517E+11    1   -60.29341
    0.21371E+11    1   -60.14223
    0.29432E+11    1   -60.00191
    0.40534E+11    1   -59.87207
    0.55823E+11    1   -59.75103
    0.10000E+12    1   -58.23810
    -149.95        2     0.00000
    -149.80        2     0.00000
    -149.65        2     0.00000
    -149.49        2     0.00000
    -149.34        2     0.00000
    -149.20        2     0.00000
    -149.05        2     0.00000
    -148.90        2     0.00000
    -148.74        2     0.00000
    -148.59        2     0.00000
    -148.45        2     0.00000
    -148.30        2     0.00000
    -148.15        2     0.00000
    -147.99        2     0.00000
    -147.84        2     0.00000
    -147.70        2     0.00000
    -147.55        2     0.00000
    -147.40        2     0.00000
    -147.24        2     0.00000
    -147.09        2     0.00000
    -146.95        2     0.00000
    -146.80        2     0.00000
    -146.65        2     0.00000
    -146.49        2     0.00000
    -146.34        2     0.00000
    -146.20        2     0.00000
    -146.05        2     0.00000
    -145.90        2     0.00000
    -145.74        2     0.00000
    -145.59        2     0.00000
    -145.45        2     0.00000
    -145.30        2     0.00000
    -145.15        2     0.00000
    -144.99        2     0.00000
    -144.84        2     0.00000
    -144.70        2     0.00000
    -144.55        2     0.00000
    -144.40        2     0.00000
    -144.24        2     0.00000
    -144.09        2     0.00000
    -143.95        2     0.00000
    -143.80        2     0.00000
    -143.65        2     0.00000
    -143.49        2     0.00000
    -143.34        2     0.00000
    -143.20        2     0.00000
    -143.05        2     0.00000
    -142.90        2     0.00000
    -142.74        2     0.00000
    -142.59        2     0.00000
    -142.45        2     0.00000
    -142.30        2     0.00000
    -142.15        2     0.00000
    -141.99        2     0.00000
    -141.84        2     0.00000
    -141.70        2     0.00000
    -141.55        2     0.00000
    -141.40        2     0.00000
    -141.24        2     0.00000
    -141.09        2     0.00000
    -140.95        2     0.00000
    -140.80        2     0.00000
    -140.65        2     0.00000
    -140.49        2     0.00000
    -140.34        2     0.00000
    -140.20        2     0.00000
    -140.05        2     0.00000
    -139.90        2     0.00000
    -139.74        2     0.00000
    -139.59        2     0.00000
    -139.45        2     0.00000
    -139.30        2     0.00000
    -139.15        2     0.00000
    -138.99        2     0.00000
    -138.84        2     0.00000
    -138.70        2     0.00000
    -138.55        2     0.00000
    -138.40        2     0.00000
    -138.24        2     0.00000
    -138.09        2     0.00000
    -137.95        2     0.00000
    -137.80        2     0.00000
    -137.65        2     0.00000
    -137.49        2     0.00000
    -137.34        2     0.00000
    -137.20        2     0.00000
    -137.05        2     0.00000
    -136.90        2     0.00000
    -136.74        2     0.00000
    -136.59        2     0.00000
    -136.45        2     0.00000
    -136.30        2     0.00000
    -136.15        2     0.00000
    -135.99        2     0.00000
    -135.84        2     0.00000
    -135.70        2     0.00000
    -135.55        2     0.00000
    -135.40        2     0.00000
    -135.24        2     0.00000
    -135.09        2     0.00000
    -134.95        2     0.00000
    -134.80        2     0.00000
    -134.65        2     0.00000
    -134.49        2     0.00000
    -134.34        2     0.00000
    -134.20        2     0.00000
    -134.05        2     0.00000
    -133.90        2     0.00000
    -133.74        2     0.00000
    -133.59        2     0.00000
    -133.45        2     0.00000
    -133.30        2     0.00000
    -133.15        2     0.00000
    -132.99        2     0.00000
    -132.84        2     0.00000
    -132.70        2     0.00000
    -132.55        2     0.00000
    -132.40        2     0.00000
    -132.24        2     0.00000
    -132.09        2     0.00000
    -131.95        2     0.00000
    -131.80        2     0.00000
    -131.65        2     0.00000
    -131.49        2     0.00000
    -131.34        2     0.00000
    -131.20        2     0.00000
    -131.05        2     0.00000
    -130.90        2     0.00000
    -130.74        2     0.00000
    -130.59        2     0.00000
    -130.45        2     0.00000
    -130.30        2     0.00000
    -130.15        2     0.00000
    -129.99        2     0.00000
    -129.84        2     0.00000
    -129.70        2     0.00000
    -129.55        2     0.00000
    -129.40        2     0.00000
    -129.24        2     0.00000
    -129.09        2     0.00000
    -128.95        2     0.00000
    -128.80        2     0.00000
    -128.65        2     0.00000
    -128.49        2     0.00000
    -128.34        2     0.00000
    -128.20        2     0.00000
    -128.05        2     0.00000
    -127.89        2     0.00000
    -127.75        2     0.00000
    -127.60        2     0.00000
    -127.44        2     0.00000
    -127.30        2     0.00000
    -127.14        2     0.00000
    -127.00        2     0.00000
    -126.85        2     0.00000
    -126.69        2     0.00000
    -126.55        2     0.00000
    -126.39        2     0.00000
    -126.25        2     0.00000
    -126.10        2     0.00000
    -125.94        2     0.00000
    -125.80        2     0.00000
    -125.64        2     0.00000
    -125.50        2     0.00000
    -125.35        2     0.00000
    -125.19        2     0.00000
    -125.05        2     0.00000
    -124.89        2     0.00000
    -124.75        2     0.00000
    -124.60        2     0.00000
    -124.44        2     0.00000
    -124.30        2     0.00000
    -124.14        2     0.00000
    -124.00        2     0.00000
    -123.85        2     0.00000
    -123.69        2     0.00000
    -123.55        2     0.00000
    -123.39        2     0.00000
    -123.25        2     0.00000
    -123.10        2     0.00000
    -122.94        2     0.00000
    -122.80        2     0.00000
    -122.64        2     0.00000
    -122.50        2     0.00000
    -122.35        2     0.00000
    -122.19        2     0.00000
    -122.05        2     0.00000
    -121.89        2     0.00000
    -121.75        2     0.00000
    -121.60        2     0.00000
    -121.44        2     0.00000
    -121.30        2     0.00000
    -121.14        2     0.00000
    -121.00        2     0.00000
    -120.85        2     0.00000
    -120.69        2     0.00000
    -120.55        2     0.00000
    -120.39        2     0.00000
    -120.25        2     0.00000
    -120.10        2     0.00000
    -119.94        2     0.00000
    -119.80        2     0.00000
    -119.64        2     0.00000
    -119.50        2     0.00000
    -119.35        2     0.00000
    -119.19        2     0.00000
    -119.05        2     0.00000
    -118.89        2     0.00000
    -118.75        2     0.00000
    -118.60        2     0.00000
    -118.44        2     0.00000
    -118.30        2     0.00000
    -118.14        2     0.00000
    -118.00        2     0.00000
    -117.85        2     0.00000
    -117.69        2     0.00000
    -117.55        2     0.00000
    -117.39        2     0.00000
    -117.25        2     0.00000
    -117.10        2     0.00000
    -116.94        2     0.00000
    -116.80        2     0.00000
    -116.64        2     0.00000
    -116.50        2     0.00000
    -116.35        2     0.00000
    -116.19        2     0.00000
    -116.05        2     0.00000
    -115.89        2     0.00000
    -115.75        2     0.00000
    -115.60        2     0.00000
    -115.44        2     0.00000
    -115.30        2     0.00000
    -115.14        2     0.00000
    -115.00        2     0.00000
    -114.85        2     0.00000
    -114.69        2     0.00000
    -114.55        2     0.00000
    -114.39        2     0.00000
    -114.25        2     0.00000
    -114.10        2     0.00000
    -113.94        2     0.00000
    -113.80        2     0.00000
    -113.64        2     0.00000
    -113.50        2     0.00000
    -113.35        2     0.00000
    -113.19        2     0.00000
    -113.05        2     0.00000
    -112.89        2     0.00000
    -112.75        2     0.00000
    -112.60        2     0.00000
    -112.44        2     0.00000
    -112.30        2     0.00000
    -112.14        2     0.00000
    -112.00        2     0.00000
    -111.85        2     0.00000
    -111.69        2     0.00000
    -111.55        2     0.00000
    -111.39        2     0.00000
    -111.25        2     0.00000
    -111.10        2     0.00000
    -110.94        2     0.00000
    -110.80        2     0.00000
    -110.64        2     0.00000
    -110.50        2     0.00000
    -110.35        2     0.00000
    -110.19        2     0.00000
    -110.05        2     0.00000
    -109.89        2     0.00000
    -109.75        2     0.00000
    -109.60        2     0.00000
    -109.44        2     0.00000
    -109.30        2     0.00000
    -109.14        2     0.00000
    -109.00        2     0.00000
    -108.85        2     0.00000
    -108.69        2     0.00000
    -108.55        2     0.00000
    -108.39        2     0.00000
    -108.25        2     0.00000
    -108.10        2     0.00000
    -107.94        2     0.00000
    -107.80        2     0.00000
    -107.64        2     0.00000
    -107.50        2     0.00000
    -107.35        2     0.00000
    -107.19        2     0.00000
    -107.05        2     0.00000
    -106.89        2     0.00000
    -106.75        2     0.00000
    -106.60        2     0.00000
    -106.44        2     0.00000
    -106.30        2     0.00000
    -106.14        2     0.00000
    -106.00        2     0.00000
    -105.85        2     0.00000
    -105.69        2     0.00000
    -105.55        2     0.00000
    -105.39        2     0.00000
    -105.25        2     0.00000
    -105.10        2     0.00000
    -104.94        2     0.00000
    -104.80        2     0.00000
    -104.64        2     0.00000
    -104.50        2     0.00000
    -104.35        2     0.00000
    -104.19        2     0.00000
    -104.05        2     0.00000
    -103.89        2     0.00000
    -103.75        2     0.00000
    -103.60        2     0.00000
    -103.44        2     0.00000
    -103.30        2     0.00000
    -103.14        2     0.00000
    -103.00        2     0.00000
    -102.85        2     0.00000
    -102.69        2     0.00000
    -102.55        2     0.00000
    -102.39        2     0.00000
    -102.25        2     0.00000
    -102.10        2     0.00000
    -101.94        2     0.00000
    -101.80        2     0.00000
    -101.64        2     0.00000
    -101.50        2     0.00000
    -101.35        2     0.00000
    -101.19        2     0.00000
    -101.05        2     0.00000
    -100.89        2     0.00000
    -100.75        2     0.00000
    -100.60        2     0.00000
    -100.44        2     0.00000
    -100.30        2     0.00000
    -100.14        2     0.00000
    -99.995        2     0.00000
    -99.845        2     0.00000
    -99.695        2     0.00000
    -99.545        2     0.00000
    -99.395        2     0.00000
    -99.245        2     0.00000
    -99.095        2     0.00000
    -98.945        2     0.00000
    -98.795        2     0.00000
    -98.645        2     0.00000
    -98.495        2     0.00000
    -98.345        2     0.00000
    -98.195        2     0.00000
    -98.045        2     0.00000
    -97.895        2     0.00000
    -97.745        2     0.00000
    -97.595        2     0.00000
    -97.445        2     0.00000
    -97.295        2     0.00000
    -97.145        2     0.00000
    -96.995        2     0.00000
    -96.845        2     0.00000
    -96.695        2     0.00000
    -96.545        2     0.00000
    -96.395        2     0.00000
    -96.245        2     0.00000
    -96.095        2     0.00000
    -95.945        2     0.00000
    -95.795        2     0.00000
    -95.645        2     0.00000
    -95.495        2     0.00000
    -95.345        2     0.00000
    -95.195        2     0.00000
    -95.045        2     0.00000
    -94.895        2     0.00000
    -94.745        2     0.00000
    -94.595        2     0.00000
    -94.445        2     0.00000
    -94.295        2     0.00000
    -94.145        2     0.00000
    -93.995        2     0.00000
    -93.845        2     0.00000
    -93.695        2     0.00000
    -93.545        2     0.00000
    -93.395        2     0.00000
    -93.245        2     0.00000
    -93.095        2     0.00000
    -92.945        2     0.00000
    -92.795        2     0.00000
    -92.645        2     0.00000
    -92.495        2     0.00000
    -92.345        2     0.00000
    -92.195        2     0.00000
    -92.045        2     0.00000
    -91.895        2     0.00000
    -91.745        2     0.00000
    -91.595        2     0.00000
    -91.445        2     0.00000
    -91.295        2     0.00000
    -91.145        2     0.00000
    -90.995        2     0.00000
    -90.845        2     0.00000
    -90.695        2     0.00000
    -90.545        2     0.00000
    -90.395        2     0.00000
    -90.245        2     0.00000
    -90.095        2     0.00000
    -89.945        2     0.00000
    -89.795        2     0.00000
    -89.645        2     0.00000
    -89.495        2     0.00000
    -89.345        2     0.00000
    -89.195        2     0.00000
    -89.045        2     0.00000
    -88.895        2     0.00000
    -88.745        2     0.00000
    -88.595        2     0.00000
    -88.445        2     0.00000
    -88.295        2     0.00000
    -88.145        2     0.00000
    -87.995        2     0.00000
    -87.845        2     0.00000
    -87.695        2     0.00000
    -87.545        2     0.00000
    -87.395        2     0.00000
    -87.245        2     0.00000
    -87.095        2     0.00000
    -86.945        2     0.00000
    -86.795        2     0.00000
    -86.645        2     0.00000
    -86.495        2     0.00000
    -86.345        2     0.00000
    -86.195        2     0.00000
    -86.045        2     0.00000
    -85.895        2     0.00000
    -85.745        2     0.00000
    -85.595        2     0.00000
    -85.445        2     0.00000
    -85.295        2     0.00000
    -85.145        2     0.00000
    -84.995        2     0.00000
    -84.845        2     0.00000
    -84.695        2     0.00000
    -84.545        2     0.00000
    -84.395        2     0.00000
    -84.245        2     0.00000
    -84.095        2     0.00000
    -83.945        2     0.00000
    -83.795        2     0.00000
    -83.645        2     0.00000
    -83.495        2     0.00000
    -83.345        2     0.00000
    -83.195        2     0.00000
    -83.045        2     0.00000
    -82.895        2     0.00000
    -82.745        2     0.00000
    -82.595        2     0.00000
    -82.445        2     0.00000
    -82.295        2     0.00000
    -82.145        2     0.00000
    -81.995        2     0.00000
    -81.845        2     0.00000
    -81.695        2     0.00000
    -81.545        2     0.00000
    -81.395        2     0.00000
    -81.245        2     0.00000
    -81.095        2     0.00000
    -80.945        2     0.00000
    -80.795        2     0.00000
    -80.645        2     0.00000
    -80.495        2     0.00000
    -80.345        2     0.00000
    -80.195        2     0.00000
    -80.045        2     0.00000
    -79.895        2     0.00000
    -79.745        2     0.00000
    -79.595        2     0.00000
    -79.445        2     0.00000
    -79.295        2     0.00000
    -79.145        2     0.00000
    -78.995        2     0.00000
    -78.845        2     0.00000
    -78.695        2     0.00000
    -78.545        2     0.00000
    -78.395        2     0.00000
    -78.245        2     0.00000
    -78.095        2     0.00000
    -77.945        2     0.00000
    -77.795        2     0.00000
    -77.645        2     0.00000
    -77.495        2     0.00000
    -77.345        2     0.00000
    -77.195        2     0.00000
    -77.045        2     0.00000
    -76.895        2     0.00000
    -76.745        2     0.00000
    -76.595        2     0.00000
    -76.445        2     0.00000
    -76.295        2     0.00000
    -76.145        2     0.00000
    -75.995        2     0.00000
    -75.845        2     0.00000
    -75.695        2     0.00000
    -75.545        2     0.00000
    -75.395        2     0.00000
    -75.245        2     0.00000
    -75.095        2     0.00000
    -74.945        2     0.00000
    -74.795        2     0.00000
    -74.645        2     0.00000
    -74.495        2     0.00000
    -74.345        2     0.00000
    -74.195        2     0.00000
    -74.045        2     0.00000
    -73.895        2     0.00000
    -73.745        2     0.00000
    -73.595        2     0.00000
    -73.445        2     0.00000
    -73.295        2     0.00000
    -73.145        2     0.00000
    -72.995        2     0.00000
    -72.845        2     0.00000
    -72.695        2     0.00000
    -72.545        2     0.00000
    -72.395        2     0.00000
    -72.245        2     0.00000
    -72.095        2     0.00000
    -71.945        2     0.00000
    -71.795        2     0.00000
    -71.645        2     0.00000
    -71.495        2     0.00000
    -71.345        2     0.00000
    -71.195        2     0.00000
    -71.045        2     0.00000
    -70.895        2     0.00000
    -70.745        2     0.00000
    -70.595        2     0.00000
    -70.445        2     0.00000
    -70.295        2     0.00000
    -70.145        2     0.00000
    -69.995        2     0.00000
    -69.845        2     0.00000
    -69.695        2     0.00000
    -69.545        2     0.00000
    -69.395        2     0.00000
    -69.245        2     0.00000
    -69.095        2     0.00000
    -68.945        2     0.00000
    -68.795        2     0.00000
    -68.645        2     0.00000
    -68.495        2     0.00000
    -68.345        2     0.00000
    -68.195        2     0.00000
    -68.045        2     0.00000
    -67.895        2     0.00000
    -67.745        2     0.00000
    -67.595        2     0.00000
    -67.445        2     0.00000
    -67.295        2     0.00000
    -67.145        2     0.00000
    -66.995        2     0.00000
    -66.845        2     0.00000
    -66.695        2     0.00000
    -66.545        2     0.00000
    -66.395        2     0.00000
    -66.245        2     0.00000
    -66.095        2     0.00000
    -65.945        2     0.00000
    -65.795        2     0.00000
    -65.645        2     0.00000
    -65.495        2     0.00000
    -65.345        2     0.00000
    -65.195        2     0.00000
    -65.045        2     0.00000
    -64.895        2     0.00000
    -64.745        2     0.00000
    -64.595        2     0.00000
    -64.445        2     0.00000
    -64.295        2     0.00000
    -64.145        2     0.00000
    -63.995        2     0.00000
    -63.845        2     0.00000
    -63.695        2     0.00000
    -63.545        2     0.00000
    -63.395        2     0.00000
    -63.245        2     0.00000
    -63.095        2     0.00000
    -62.945        2     0.00000
    -62.795        2     0.00000
    -62.645        2     0.00000
    -62.495        2     0.00000
    -62.345        2     0.00000
    -62.195        2     0.00000
    -62.045        2     0.00000
    -61.895        2     0.00000
    -61.745        2     0.00000
    -61.595        2     0.00000
    -61.445        2     0.00000
    -61.295        2     0.00000
    -61.145        2     0.00000
    -60.995        2     0.00000
    -60.845        2     0.00000
    -60.695        2     0.00000
    -60.545        2     0.00000
    -60.395        2     0.00000
    -60.245        2     0.00000
    -60.095        2     0.00000
    -59.945        2     0.00000
    -59.795        2     0.00000
    -59.645        2     0.00000
    -59.495        2     0.00000
    -59.345        2     0.00000
    -59.195        2     0.00000
    -59.045        2     0.00000
    -58.895        2     0.00000
    -58.745        2     0.00000
    -58.595        2     0.00000
    -58.445        2     0.00000
    -58.295        2     0.00000
    -58.145        2     0.00000
    -57.995        2     0.00000
    -57.845        2     0.00000
    -57.695        2     0.00000
    -57.545        2     0.00000
    -57.395        2     0.00000
    -57.245        2     0.00000
    -57.095        2     0.00000
    -56.945        2     0.00000
    -56.795        2     0.00000
    -56.645        2     0.00000
    -56.495        2     0.00000
    -56.345        2     0.00000
    -56.195        2     0.00000
    -56.045        2     0.00000
    -55.895        2     0.00000
    -55.745        2     0.00000
    -55.595        2     0.00000
    -55.445        2     0.00000
    -55.295        2     0.00000
    -55.145        2     0.00000
    -54.995        2     0.00000
    -54.845        2     0.00000
    -54.695        2     0.00000
    -54.545        2     0.00000
    -54.395        2     0.00000
    -54.245        2     0.00000
    -54.095        2     0.00000
    -53.945        2     0.00000
    -53.795        2     0.00000
    -53.645        2     0.00000
    -53.495        2     0.00000
    -53.345        2     0.00000
    -53.195        2     0.00000
    -53.045        2     0.00000
    -52.895        2     0.00000
    -52.745        2     0.00000
    -52.595        2     0.00000
    -52.445        2     0.00000
    -52.295        2     0.00000
    -52.145        2     0.00000
    -51.995        2     0.00000
    -51.845        2     0.00000
    -51.695        2     0.00000
    -51.545        2     0.00000
    -51.395        2     0.00000
    -51.245        2     0.00000
    -51.095        2     0.00000
    -50.945        2     0.00000
    -50.795        2     0.00000
    -50.645        2     0.00000
    -50.495        2     0.00000
    -50.345        2     0.00000
    -50.195        2     0.00000
    -50.045        2     0.00000
    -49.895        2     0.00000
    -49.745        2     0.00000
    -49.595        2     0.00000
    -49.445        2     0.00000
    -49.295        2     0.00000
    -49.145        2     0.00000
    -48.995        2     0.00000
    -48.845        2     0.00000
    -48.695        2     0.00000
    -48.545        2     0.00000
    -48.395        2     0.00000
    -48.245        2     0.00000
    -48.095        2     0.00000
    -47.945        2     0.00000
    -47.795        2     0.00000
    -47.645        2     0.00000
    -47.495        2     0.00000
    -47.345        2     0.00000
    -47.195        2     0.00000
    -47.045        2     0.00000
    -46.895        2     0.00000
    -46.745        2     0.00000
    -46.595        2     0.00000
    -46.445        2     0.00000
    -46.295        2     0.00000
    -46.145        2     0.00000
    -45.995        2     0.00000
    -45.845        2     0.00000
    -45.695        2     0.00000
    -45.545        2     0.00000
    -45.395        2     0.00000
    -45.245        2     0.00000
    -45.095        2     0.00000
    -44.945        2     0.00000
    -44.795        2     0.00000
    -44.645        2     0.00000
    -44.495        2     0.00000
    -44.345        2     0.00000
    -44.195        2     0.00000
    -44.045        2     0.00000
    -43.895        2     0.00000
    -43.745        2     0.00000
    -43.595        2     0.00000
    -43.445        2     0.00000
    -43.295        2     0.00000
    -43.145        2     0.00000
    -42.995        2     0.00000
    -42.845        2     0.00000
    -42.695        2     0.00000
    -42.545        2     0.00000
    -42.395        2     0.00000
    -42.245        2     0.00000
    -42.095        2     0.00000
    -41.945        2     0.00000
    -41.795        2     0.00000
    -41.645        2     0.00000
    -41.495        2     0.00000
    -41.345        2     0.00000
    -41.195        2     0.00000
    -41.045        2     0.00000
    -40.895        2     0.00000
    -40.745        2     0.00000
    -40.595        2     0.00000
    -40.445        2     0.00000
    -40.295        2     0.00000
    -40.145        2     0.00000
    -39.995        2     0.00000
    -39.845        2     0.00000
    -39.695        2     0.00000
    -39.545        2     0.00000
    -39.395        2     0.00000
    -39.245        2     0.00000
    -39.095        2     0.00000
    -38.945        2     0.00000
    -38.795        2     0.00000
    -38.645        2     0.00000
    -38.495        2     0.00000
    -38.345        2     0.00000
    -38.195        2     0.00000
    -38.045        2     0.00000
    -37.895        2     0.00000
    -37.745        2     0.00000
    -37.595        2     0.00000
    -37.445        2     0.00000
    -37.295        2     0.00000
    -37.145        2     0.00000
    -36.995        2     0.00000
    -36.845        2     0.00000
    -36.695        2     0.00000
    -36.545        2     0.00000
    -36.395        2     0.00000
    -36.245        2     0.00000
    -36.095        2     0.00000
    -35.945        2     0.00000
    -35.795        2     0.00000
    -35.645        2     0.00000
    -35.495        2     0.00000
    -35.345        2     0.00000
    -35.195        2     0.00000
    -35.045        2     0.00000
    -34.895        2     0.00000
    -34.745        2     0.00000
    -34.595        2     0.00000
    -34.445        2     0.00000
    -34.295        2     0.00000
    -34.145        2     0.00000
    -33.995        2     0.00000
    -33.845        2     0.00000
    -33.695        2     0.00000
    -33.545        2     0.00000
    -33.395        2     0.00000
    -33.245        2     0.00000
    -33.095        2     0.00000
    -32.945        2     0.00000
    -32.795        2     0.00000
    -32.645        2     0.00000
    -32.495        2     0.00000
    -32.345        2     0.00000
    -32.195        2     0.00000
    -32.045        2     0.00000
    -31.895        2     0.00000
    -31.745        2     0.00000
    -31.595        2     0.00000
    -31.445        2     0.00000
    -31.295        2     0.00000
    -31.145        2     0.00000
    -30.995        2     0.00000
    -30.845        2     0.00000
    -30.695        2     0.00000
    -30.545        2     0.00000
    -30.395        2     0.00000
    -30.245        2     0.00000
    -30.095        2     0.00000
    -29.945        2     0.00000
    -29.795        2     0.00000
    -29.645        2     0.00000
    -29.495        2     0.00000
    -29.345        2     0.00000
    -29.195        2     0.00000
    -29.045        2     0.00000
    -28.895        2     0.00000
    -28.745        2     0.00000
    -28.595        2     0.00000
    -28.445        2     0.00000
    -28.295        2     0.00000
    -28.145        2     0.00000
    -27.995        2     0.00000
    -27.845        2     0.00000
    -27.695        2     0.00000
    -27.545        2     0.00000
    -27.395        2     0.00000
    -27.245        2     0.00000
    -27.095        2     0.00000
    -26.945        2     0.00000
    -26.795        2     0.00000
    -26.645        2     0.00000
    -26.495        2     0.00000
    -26.345        2     0.00000
    -26.195        2     0.00000
    -26.045        2     0.00000
    -25.895        2     0.00000
    -25.745        2     0.00000
    -25.595        2     0.00000
    -25.445        2     0.00000
    -25.295        2     0.00000
    -25.145        2     0.00000
    -24.995        2     0.00000
    -24.845        2     0.00000
    -24.695        2     0.00000
    -24.545        2     0.00000
    -24.395        2     0.00000
    -24.245        2     0.00000
    -24.095        2     0.00000
    -23.945        2     0.00000
    -23.795        2     0.00000
    -23.645        2     0.00000
    -23.495        2     0.00000
    -23.345        2     0.00000
    -23.195        2     0.00000
    -23.045        2     0.00000
    -22.895        2     0.00000
    -22.745        2     0.00000
    -22.595        2     0.00000
    -22.445        2     0.00000
    -22.295        2     0.00000
    -22.145        2     0.00000
    -21.995        2     0.00000
    -21.845        2     0.00000
    -21.695        2     0.00000
    -21.545        2     0.00000
    -21.395        2     0.00000
    -21.245        2     0.00000
    -21.095        2     0.00000
    -20.945        2     0.00000
    -20.795        2     0.00000
    -20.645        2     0.00000
    -20.495        2     0.00000
    -20.345        2     0.00000
    -20.195        2     0.00000
    -20.045        2     0.00000
    -19.895        2     0.00000
    -19.745        2     0.00000
    -19.595        2     0.00000
    -19.445        2     0.00000
    -19.295        2     0.00000
    -19.145        2     0.00000
    -18.995        2     0.00000
    -18.845        2     0.00000
    -18.695        2     0.00000
    -18.545        2     0.00000
    -18.395        2     0.00000
    -18.245        2     0.00000
    -18.095        2     0.00000
    -17.945        2     0.00000
    -17.795        2     0.00000
    -17.645        2     0.00000
    -17.495        2     0.00000
    -17.345        2     0.00000
    -17.195        2     0.00000
    -17.045        2     0.00000
    -16.895        2     0.00000
    -16.745        2     0.00000
    -16.595        2     0.00000
    -16.445        2     0.00000
    -16.295        2     0.00000
    -16.145        2     0.00000
    -15.995        2     0.00000
    -15.845        2     0.00000
    -15.695        2    -0.00113
    -15.545        2    -0.00916
    -15.395        2    -0.03520
    -15.245        2    -0.09412
    -15.095        2    -0.18252
    -14.945        2    -0.31795
    -14.795        2    -0.47910
    -14.645        2    -0.66286
    -14.495        2    -0.87796
    -14.345        2    -1.12939
    -14.195        2    -1.41253
    -14.045        2    -1.73733
    -13.895        2    -2.10689
    -13.745        2    -2.52174
    -13.595        2    -2.98860
    -13.445        2    -3.50212
    -13.295        2    -4.07727
    -13.145        2    -4.70765
    -12.995        2    -5.37501
    -12.845        2    -6.09452
    -12.695        2    -6.81853
    -12.545        2    -7.56010
    -12.395        2    -8.28962
    -12.245        2    -9.02815
    -12.095        2    -9.76639
    -11.945        2   -10.48803
    -11.795        2   -11.19496
    -11.645        2   -11.88320
    -11.495        2   -12.54982
    -11.345        2   -13.20466
    -11.195        2   -13.83922
    -11.045        2   -14.43018
    -10.895        2   -15.02970
    -10.745        2   -15.61292
    -10.595        2   -16.18124
    -10.445        2   -16.73565
    -10.295        2   -17.28993
    -10.145        2   -17.85072
    -9.9950        2   -18.41215
    -9.8450        2   -18.99222
    -9.6950        2   -19.59080
    -9.5450        2   -20.23315
    -9.3950        2   -20.90936
    -9.2450        2   -21.64847
    -9.0950        2   -22.43553
    -8.9450        2   -23.29615
    -8.7950        2   -24.19075
    -8.6450        2   -25.13037
    -8.4950        2   -26.13334
    -8.3450        2   -27.18050
    -8.1950        2   -28.29678
    -8.0450        2   -29.46283
    -7.8950        2   -30.66648
    -7.7450        2   -31.94438
    -7.5950        2   -33.27647
    -7.4450        2   -34.65409
    -7.2950        2   -36.06761
    -7.1450        2   -37.52016
    -6.9950        2   -39.01596
    -6.8450        2   -40.55299
    -6.6950        2   -42.13583
    -6.5450        2   -43.76436
    -6.3950        2   -45.47698
    -6.2450        2   -47.22851
    -6.0950        2   -49.01276
    -5.9450        2   -50.80149
    -5.7950        2   -52.59644
    -5.6450        2   -54.40548
    -5.4950        2   -56.18377
    -5.3450        2   -57.94511
    -5.1950        2   -59.69254
    -5.0450        2   -61.42660
    -4.8950        2   -63.13101
    -4.7450        2   -64.81232
    -4.5950        2   -66.49020
    -4.4450        2   -68.15542
    -4.2950        2   -69.85390
    -4.1450        2   -71.54294
    -3.9950        2   -73.26439
    -3.8450        2   -75.00754
    -3.6950        2   -76.81356
    -3.5450        2   -78.68267
    -3.3950        2   -80.64258
    -3.2450        2   -82.70828
    -3.0950        2   -84.92316
    -2.9450        2   -87.28296
    -2.7950        2   -89.81195
    -2.6450        2   -92.53304
    -2.4950        2   -95.48781
    -2.3450        2   -98.74061
    -2.1950        2  -102.37946
    -2.0450        2  -106.57304
    -1.8950        2  -111.48048
    -1.7450        2  -117.23485
    -1.5950        2  -123.92228
    -1.4450        2  -131.52905
    -1.2950        2  -140.02096
    -1.1450        2  -149.26545
   -0.99500        2  -159.13272
   -0.84500        2  -169.55216
   -0.69500        2  -180.54223
   -0.54500        2  -192.46608
   -0.39500        2  -206.31780
   -0.25300        2  -217.15884
   -0.21500        2  -217.90787
   -0.20900        2  -218.67053
   -0.20300        2  -219.44671
   -0.19700        2  -220.23744
   -0.19100        2  -221.04107
   -0.18500        2  -221.85903
   -0.17900        2  -222.69449
   -0.17300        2  -223.54714
   -0.16700        2  -224.41807
   -0.16100        2  -225.30848
   -0.15500        2  -226.21872
   -0.14900        2  -227.15208
   -0.14300        2  -228.10832
   -0.13700        2  -229.09046
   -0.13100        2  -230.09996
   -0.12500        2  -231.13897
   -0.11900        2  -232.21290
   -0.11300        2  -233.32183
   -0.10700        2  -234.47178
   -0.10100        2  -235.66537
   -0.95000E-01    2  -236.90992
   -0.89000E-01    2  -238.20819
   -0.83000E-01    2  -239.56836
   -0.77000E-01    2  -241.00102
   -0.71000E-01    2  -242.51508
   -0.65000E-01    2  -244.12507
   -0.59000E-01    2  -245.84937
   -0.53000E-01    2  -247.71384
   -0.47000E-01    2  -249.75293
   -0.41000E-01    2  -252.01496
   -0.35000E-01    2  -254.58029
   -0.29000E-01    2  -257.57364
   -0.23000E-01    2  -261.22397
   -0.19700E-01    2  -261.63460
   -0.19100E-01    2  -262.05655
   -0.18500E-01    2  -262.49021
   -0.17900E-01    2  -262.93620
   -0.17300E-01    2  -263.39501
   -0.16700E-01    2  -263.86812
   -0.16100E-01    2  -264.35549
   -0.15500E-01    2  -264.85878
   -0.14900E-01    2  -265.37939
   -0.14300E-01    2  -265.91927
   -0.13700E-01    2  -266.48026
   -0.13100E-01    2  -267.06416
   -0.12500E-01    2  -267.67202
   -0.11900E-01    2  -268.30515
   -0.11300E-01    2  -268.96380
   -0.10700E-01    2  -269.65005
   -0.10100E-01    2  -270.36368
   -0.95000E-02    2  -271.10510
   -0.89000E-02    2  -271.87442
   -0.83000E-02    2  -272.67128
   -0.77000E-02    2  -273.49550
   -0.71000E-02    2  -274.34683
   -0.65000E-02    2  -275.22451
   -0.59000E-02    2  -276.12565
   -0.53000E-02    2  -277.04538
   -0.47000E-02    2  -277.97790
   -0.41000E-02    2  -278.91641
   -0.35000E-02    2  -279.83295
   -0.29000E-02    2  -280.68937
   -0.23000E-02    2  -281.43910
   -0.17000E-02    2  -282.03264
   -0.11000E-02    2  -282.43452
   -0.50000E-03    2  -282.62181
    0.10000E-03    2  -282.58413
    0.70000E-03    2  -282.32363
    0.13000E-02    2  -281.85514
    0.19000E-02    2  -281.20581
    0.25000E-02    2  -280.41559
    0.31000E-02    2  -279.53641
    0.37000E-02    2  -278.60940
    0.43000E-02    2  -277.67352
    0.49000E-02    2  -276.74968
    0.55000E-02    2  -275.84132
    0.61000E-02    2  -274.95182
    0.67000E-02    2  -274.08597
    0.73000E-02    2  -273.24679
    0.79000E-02    2  -272.43401
    0.85000E-02    2  -271.64906
    0.91000E-02    2  -270.89205
    0.97000E-02    2  -270.16275
    0.10300E-01    2  -269.46155
    0.10900E-01    2  -268.78775
    0.11500E-01    2  -268.14083
    0.12100E-01    2  -267.51939
    0.12700E-01    2  -266.92289
    0.13300E-01    2  -266.34975
    0.13900E-01    2  -265.79873
    0.14500E-01    2  -265.26841
    0.15100E-01    2  -264.75621
    0.15700E-01    2  -264.26105
    0.16300E-01    2  -263.78136
    0.16900E-01    2  -263.31576
    0.17500E-01    2  -262.86410
    0.18100E-01    2  -262.42544
    0.18700E-01    2  -261.99876
    0.19300E-01    2  -261.58357
    0.20200E-01    2  -260.06719
    0.25000E-01    2  -256.70666
    0.31000E-01    2  -253.91248
    0.37000E-01    2  -251.50407
    0.43000E-01    2  -249.37725
    0.49000E-01    2  -247.46515
    0.55000E-01    2  -245.72556
    0.61000E-01    2  -244.12656
    0.67000E-01    2  -242.64725
    0.73000E-01    2  -241.26890
    0.79000E-01    2  -239.98158
    0.85000E-01    2  -238.77575
    0.91000E-01    2  -237.63854
    0.97000E-01    2  -236.56451
    0.10300        2  -235.54740
    0.10900        2  -234.58087
    0.11500        2  -233.65935
    0.12100        2  -232.78141
    0.12700        2  -231.94095
    0.13300        2  -231.13520
    0.13900        2  -230.36104
    0.14500        2  -229.61753
    0.15100        2  -228.90103
    0.15700        2  -228.21046
    0.16300        2  -227.54056
    0.16900        2  -226.89530
    0.17500        2  -226.27070
    0.18100        2  -225.66610
    0.18700        2  -225.08068
    0.19300        2  -224.51349
    0.19900        2  -223.96162
    0.20500        2  -223.42614
    0.21100        2  -222.90559
    0.21700        2  -222.40061
    0.29500        2  -212.70979
    0.44500        2  -207.00554
    0.59500        2  -202.99620
    0.74500        2  -199.89475
    0.89500        2  -197.32885
     1.0450        2  -195.10508
     1.1950        2  -193.12149
     1.3450        2  -191.32370
     1.4950        2  -189.68943
     1.6450        2  -188.18667
     1.7950        2  -186.80521
     1.9450        2  -185.52702
     2.0950        2  -184.36303
     2.2450        2  -183.30061
     2.3950        2  -182.32902
     2.5450        2  -181.43107
     2.6950        2  -180.61854
     2.8450        2  -179.86937
     2.9950        2  -179.18186
     3.1450        2  -178.55651
     3.2950        2  -177.98032
     3.4450        2  -177.43635
     3.5950        2  -176.92229
     3.7450        2  -176.44235
     3.8950        2  -175.98821
     4.0450        2  -175.55980
     4.1950        2  -175.14759
     4.3450        2  -174.75153
     4.4950        2  -174.37581
     4.6450        2  -174.01707
     4.7950        2  -173.67228
     4.9450        2  -173.33957
     5.0950        2  -173.01203
     5.2450        2  -172.70100
     5.3950        2  -172.40261
     5.5450        2  -172.11068
     5.6950        2  -171.82735
     5.8450        2  -171.54719
     5.9950        2  -171.27904
     6.1450        2  -171.01837
     6.2950        2  -170.76249
     6.4450        2  -170.50835
     6.5950        2  -170.26650
     6.7450        2  -170.02460
     6.8950        2  -169.78960
     7.0450        2  -169.55714
     7.1950        2  -169.33084
     7.3450        2  -169.11060
     7.4950        2  -168.89548
     7.6450        2  -168.68669
     7.7950        2  -168.47713
     7.9450        2  -168.27618
     8.0950        2  -168.07867
     8.2450        2  -167.88326
     8.3950        2  -167.69047
     8.5450        2  -167.50115
     8.6950        2  -167.31435
     8.8450        2  -167.13010
     8.9950        2  -166.94654
     9.1450        2  -166.76905
     9.2950        2  -166.59457
     9.4450        2  -166.42417
     9.5950        2  -166.25467
     9.7450        2  -166.08928
     9.8950        2  -165.92324
     10.045        2  -165.76140
     10.195        2  -165.59984
     10.345        2  -165.44290
     10.495        2  -165.28621
     10.645        2  -165.13405
     10.795        2  -164.98096
     10.945        2  -164.83356
     11.095        2  -164.68692
     11.245        2  -164.54395
     11.395        2  -164.40185
     11.545        2  -164.26210
     11.695        2  -164.12145
     11.845        2  -163.98314
     11.995        2  -163.84825
     12.145        2  -163.71267
     12.295        2  -163.57788
     12.445        2  -163.44830
     12.595        2  -163.31989
     12.745        2  -163.19020
     12.895        2  -163.06310
     13.045        2  -162.93810
     13.195        2  -162.81678
     13.345        2  -162.69517
     13.495        2  -162.57424
     13.645        2  -162.45561
     13.795        2  -162.33759
     13.945        2  -162.22331
     14.095        2  -162.10628
     14.245        2  -161.99248
     14.395        2  -161.87768
     14.545        2  -161.76471
     14.695        2  -161.65268
     14.845        2  -161.54149
     14.995        2  -161.43328
     15.145        2  -161.32349
     15.295        2  -161.21548
     15.445        2  -161.10868
     15.595        2  -161.00329
     15.745        2  -160.89851
     15.895        2  -160.79489
     16.045        2  -160.69229
     16.195        2  -160.59204
     16.345        2  -160.49158
     16.495        2  -160.38979
     16.645        2  -160.29193
     16.795        2  -160.19256
     16.945        2  -160.09621
     17.095        2  -160.00110
     17.245        2  -159.90734
     17.395        2  -159.81365
     17.545        2  -159.72112
     17.695        2  -159.62821
     17.845        2  -159.53551
     17.995        2  -159.44482
     18.145        2  -159.35652
     18.295        2  -159.26632
     18.445        2  -159.17780
     18.595        2  -159.08933
     18.745        2  -159.00086
     18.895        2  -158.91571
     19.045        2  -158.82918
     19.195        2  -158.74314
     19.345        2  -158.65616
     19.495        2  -158.57392
     19.645        2  -158.48882
     19.795        2  -158.40477
     19.945        2  -158.32240
     20.095        2  -158.24228
     21.836        2  -155.76181
     30.068        2  -152.10791
     42.097        2  -148.45435
     58.937        2  -144.85177
     82.515        2  -141.29818
     115.53        2  -137.80994
     161.74        2  -134.38174
     226.45        2  -131.01027
     317.04        2  -127.71038
     443.87        2  -124.48459
     621.44        2  -121.32779
     870.05        2  -118.24902
     1218.1        2  -115.24533
     1705.4        2  -112.32643
     2387.7        2  -109.47943
     3342.9        2  -106.70889
     4680.2        2  -104.01433
     6552.5        2  -101.39260
     9173.8        2   -98.84710
     12844.        2   -96.36883
     17982.        2   -93.96504
     25176.        2   -91.63578
     35247.        2   -89.39338
     49348.        2   -87.23143
     69090.        2   -85.15953
     96729.        2   -83.18261
    0.13543E+06    2   -81.29663
    0.18960E+06    2   -79.49169
    0.26545E+06    2   -77.77405
    0.37165E+06    2   -76.13977
    0.52033E+06    2   -74.58116
    0.72849E+06    2   -73.10002
    0.10199E+07    2   -71.68985
    0.14279E+07    2   -70.34548
    0.19992E+07    2   -69.07111
    0.27990E+07    2   -67.85751
    0.39187E+07    2   -66.70395
    0.54864E+07    2   -65.60718
    0.76812E+07    2   -64.56627
    0.10754E+08    2   -63.57551
    0.15056E+08    2   -62.63119
    0.21080E+08    2   -61.73745
    0.29513E+08    2   -60.88597
    0.41319E+08    2   -60.08347
    0.57849E+08    2   -59.33412
    0.80991E+08    2   -58.64062
    0.11339E+09    2   -57.99956
    0.15875E+09    2   -57.39945
    0.22226E+09    2   -56.84021
    0.31118E+09    2   -56.31829
    0.43567E+09    2   -55.82975
    0.60996E+09    2   -55.38432
    0.85398E+09    2   -54.97965
    0.11956E+10    2   -54.61067
    0.16739E+10    2   -54.26927
    0.23436E+10    2   -53.95730
    0.32811E+10    2   -53.67056
    0.45937E+10    2   -53.40706
    0.64315E+10    2   -53.16298
    0.90044E+10    2   -52.94087
    0.12607E+11    2   -52.73698
    0.17650E+11    2   -52.54769
    0.24711E+11    2   -52.37389
    0.34596E+11    2   -52.21379
    0.48437E+11    2   -52.06740
    0.67814E+11    2   -51.93256
    0.10000E+12    2   -50.39727
