    -29.945         0.00000
    -29.795         0.00000
    -29.645         0.00000
    -29.495         0.00000
    -29.345         0.00000
    -29.195         0.00000
    -29.045         0.00000
    -28.895         0.00000
    -28.745         0.00000
    -28.595         0.00000
    -28.445         0.00000
    -28.295         0.00000
    -28.145         0.00000
    -27.995         0.00000
    -27.845         0.00000
    -27.695         0.00000
    -27.545         0.00000
    -27.395         0.00000
    -27.245         0.00000
    -27.095         0.00000
    -26.945         0.00000
    -26.795         0.00000
    -26.645         0.00000
    -26.495         0.00000
    -26.345         0.00000
    -26.195         0.00000
    -26.045         0.00000
    -25.895         0.00000
    -25.745         0.00000
    -25.595         0.00000
    -25.445         0.00000
    -25.295         0.00000
    -25.145         0.00000
    -24.995         0.00000
    -24.845         0.00000
    -24.695         0.00000
    -24.545         0.00000
    -24.395         0.00000
    -24.245         0.00000
    -24.095         0.00000
    -23.945         0.00000
    -23.795         0.00000
    -23.645         0.00000
    -23.495         0.00000
    -23.345         0.00000
    -23.195         0.00000
    -23.045         0.00000
    -22.895         0.00000
    -22.745         0.00000
    -22.595         0.00000
    -22.445         0.00000
    -22.295         0.00000
    -22.145         0.00000
    -21.995         0.00000
    -21.845         0.00000
    -21.695         0.00000
    -21.545         0.00000
    -21.395         0.00000
    -21.245         0.00000
    -21.095         0.00000
    -20.945         0.00000
    -20.795         0.00000
    -20.645         0.00000
    -20.495         0.00000
    -20.345         0.00000
    -20.195         0.00000
    -20.045         0.00000
    -19.895         0.00000
    -19.745         0.00000
    -19.595         0.00000
    -19.445         0.00000
    -19.295         0.00000
    -19.145         0.00000
    -18.995         0.00000
    -18.845         0.00000
    -18.695         0.00000
    -18.545         0.00000
    -18.395         0.00000
    -18.245         0.00000
    -18.095         0.00000
    -17.945         0.00000
    -17.795         0.00000
    -17.645         0.00000
    -17.495         0.00000
    -17.345         0.00000
    -17.195         0.00000
    -17.045         0.00000
    -16.895         0.00000
    -16.745         0.00000
    -16.595         0.00000
    -16.445         0.00000
    -16.295         0.00000
    -16.145         0.00000
    -15.995         0.00000
    -15.845         0.00000
    -15.695        -0.00080
    -15.545        -0.00446
    -15.395        -0.02268
    -15.245        -0.06809
    -15.095        -0.17645
    -14.945        -0.36021
    -14.795        -0.64554
    -14.645        -1.02779
    -14.495        -1.51920
    -14.345        -2.11837
    -14.195        -2.80188
    -14.045        -3.55422
    -13.895        -4.37048
    -13.745        -5.25407
    -13.595        -6.18041
    -13.445        -7.14525
    -13.295        -8.12478
    -13.145        -9.10277
    -12.995       -10.08560
    -12.845       -11.03371
    -12.695       -11.98211
    -12.545       -12.90763
    -12.395       -13.84420
    -12.245       -14.76553
    -12.095       -15.67592
    -11.945       -16.56563
    -11.795       -17.45601
    -11.645       -18.33190
    -11.495       -19.18891
    -11.345       -20.04576
    -11.195       -20.90439
    -11.045       -21.74388
    -10.895       -22.59734
    -10.745       -23.48051
    -10.595       -24.38681
    -10.445       -25.31225
    -10.295       -26.28623
    -10.145       -27.32777
    -9.9950       -28.45937
    -9.8450       -29.71039
    -9.6950       -31.03476
    -9.5450       -32.43044
    -9.3950       -33.89273
    -9.2450       -35.39492
    -9.0950       -36.94566
    -8.9450       -38.55720
    -8.7950       -40.21478
    -8.6450       -41.93028
    -8.4950       -43.70487
    -8.3450       -45.58614
    -8.1950       -47.56471
    -8.0450       -49.65279
    -7.8950       -51.86415
    -7.7450       -54.21577
    -7.5950       -56.71765
    -7.4450       -59.38392
    -7.2950       -62.19640
    -7.1450       -65.12570
    -6.9950       -68.16985
    -6.8450       -71.33058
    -6.6950       -74.51850
    -6.5450       -77.77067
    -6.3950       -81.06037
    -6.2450       -84.34230
    -6.0950       -87.63384
    -5.9450       -90.88641
    -5.7950       -94.09061
    -5.6450       -97.21594
    -5.4950      -100.29676
    -5.3450      -103.29253
    -5.1950      -106.21655
    -5.0450      -109.07457
    -4.8950      -111.87540
    -4.7450      -114.64243
    -4.5950      -117.38147
    -4.4450      -120.14290
    -4.2950      -122.90898
    -4.1450      -125.70069
    -3.9950      -128.53524
    -3.8450      -131.40730
    -3.6950      -134.36352
    -3.5450      -137.40419
    -3.3950      -140.54827
    -3.2450      -143.85063
    -3.0950      -147.31574
    -2.9450      -150.97670
    -2.7950      -154.88592
    -2.6450      -159.10198
    -2.4950      -163.66991
    -2.3450      -168.69829
    -2.1950      -174.26376
    -2.0450      -180.44549
    -1.8950      -187.38655
    -1.7450      -195.20924
    -1.5950      -203.99216
    -1.4450      -213.73933
    -1.2950      -224.30855
    -1.1450      -235.54838
   -0.99500      -247.29483
   -0.84500      -259.42686
   -0.69500      -271.97145
   -0.54500      -285.25026
   -0.39500      -300.15586
   -0.25300      -311.33282
   -0.21500      -312.09032
   -0.20900      -312.86156
   -0.20300      -313.64081
   -0.19700      -314.43450
   -0.19100      -315.24039
   -0.18500      -316.05900
   -0.17900      -316.89338
   -0.17300      -317.74242
   -0.16700      -318.60825
   -0.16100      -319.49288
   -0.15500      -320.39416
   -0.14900      -321.31556
   -0.14300      -322.25772
   -0.13700      -323.22483
   -0.13100      -324.21739
   -0.12500      -325.23629
   -0.11900      -326.28661
   -0.11300      -327.36646
   -0.10700      -328.48373
   -0.10100      -329.64102
   -0.95000E-01  -330.84315
   -0.89000E-01  -332.09747
   -0.83000E-01  -333.41218
   -0.77000E-01  -334.79409
   -0.71000E-01  -336.25647
   -0.65000E-01  -337.81414
   -0.59000E-01  -339.48468
   -0.53000E-01  -341.29348
   -0.47000E-01  -343.27763
   -0.41000E-01  -345.48745
   -0.35000E-01  -348.00146
   -0.29000E-01  -350.95422
   -0.23000E-01  -354.63081
   -0.19700E-01  -355.05294
   -0.19100E-01  -355.48914
   -0.18500E-01  -355.94061
   -0.17900E-01  -356.40830
   -0.17300E-01  -356.89318
   -0.16700E-01  -357.39614
   -0.16100E-01  -357.91837
   -0.15500E-01  -358.46016
   -0.14900E-01  -359.02217
   -0.14300E-01  -359.60600
   -0.13700E-01  -360.21235
   -0.13100E-01  -360.84303
   -0.12500E-01  -361.49936
   -0.11900E-01  -362.18194
   -0.11300E-01  -362.89117
   -0.10700E-01  -363.62673
   -0.10100E-01  -364.38934
   -0.95000E-02  -365.17962
   -0.89000E-02  -365.99825
   -0.83000E-02  -366.84477
   -0.77000E-02  -367.71883
   -0.71000E-02  -368.61879
   -0.65000E-02  -369.54294
   -0.59000E-02  -370.49074
   -0.53000E-02  -371.46091
   -0.47000E-02  -372.43473
   -0.41000E-02  -373.38969
   -0.35000E-02  -374.30011
   -0.29000E-02  -375.12577
   -0.23000E-02  -375.83061
   -0.17000E-02  -376.38565
   -0.11000E-02  -376.76395
   -0.50000E-03  -376.94645
    0.10000E-03  -376.92369
    0.70000E-03  -376.69479
    0.13000E-02  -376.27040
    0.19000E-02  -375.67143
    0.25000E-02  -374.92478
    0.31000E-02  -374.06700
    0.37000E-02  -373.13896
    0.43000E-02  -372.17599
    0.49000E-02  -371.20190
    0.55000E-02  -370.23983
    0.61000E-02  -369.30165
    0.67000E-02  -368.38697
    0.73000E-02  -367.49746
    0.79000E-02  -366.63430
    0.85000E-02  -365.79950
    0.91000E-02  -364.99274
    0.97000E-02  -364.21375
    0.10300E-01  -363.46231
    0.10900E-01  -362.73806
    0.11500E-01  -362.04058
    0.12100E-01  -361.36949
    0.12700E-01  -360.72471
    0.13300E-01  -360.10500
    0.13900E-01  -359.50875
    0.14500E-01  -358.93452
    0.15100E-01  -358.38152
    0.15700E-01  -357.84876
    0.16300E-01  -357.33582
    0.16900E-01  -356.84148
    0.17500E-01  -356.36511
    0.18100E-01  -355.90581
    0.18700E-01  -355.46213
    0.19300E-01  -355.03322
    0.20200E-01  -353.49039
    0.25000E-01  -350.14004
    0.31000E-01  -347.39331
    0.37000E-01  -345.04397
    0.43000E-01  -342.98262
    0.49000E-01  -341.14308
    0.55000E-01  -339.48206
    0.61000E-01  -337.96842
    0.67000E-01  -336.57500
    0.73000E-01  -335.28528
    0.79000E-01  -334.08159
    0.85000E-01  -332.95532
    0.91000E-01  -331.89564
    0.97000E-01  -330.89592
    0.10300      -329.94878
    0.10900      -329.04977
    0.11500      -328.19341
    0.12100      -327.37400
    0.12700      -326.59195
    0.13300      -325.84328
    0.13900      -325.12399
    0.14500      -324.43236
    0.15100      -323.76565
    0.15700      -323.12458
    0.16300      -322.50480
    0.16900      -321.90516
    0.17500      -321.32436
    0.18100      -320.76108
    0.18700      -320.21550
    0.19300      -319.68720
    0.19900      -319.17323
    0.20500      -318.67394
    0.21100      -318.18748
    0.21700      -317.71388
    0.29500      -308.49752
    0.44500      -302.83084
    0.59500      -298.67979
    0.74500      -295.28739
    0.89500      -292.33568
     1.0450      -289.67963
     1.1950      -287.23544
     1.3450      -284.98162
     1.4950      -282.89186
     1.6450      -280.93291
     1.7950      -279.12216
     1.9450      -277.44039
     2.0950      -275.89604
     2.2450      -274.47913
     2.3950      -273.17965
     2.5450      -271.98939
     2.6950      -270.90185
     2.8450      -269.90092
     2.9950      -268.98848
     3.1450      -268.14841
     3.2950      -267.36576
     3.4450      -266.63558
     3.5950      -265.95405
     3.7450      -265.31223
     3.8950      -264.70712
     4.0450      -264.12902
     4.1950      -263.57708
     4.3450      -263.04426
     4.4950      -262.53807
     4.6450      -262.04927
     4.7950      -261.57953
     4.9450      -261.12663
     5.0950      -260.68612
     5.2450      -260.26009
     5.3950      -259.84762
     5.5450      -259.44867
     5.6950      -259.05875
     5.8450      -258.67932
     5.9950      -258.30829
     6.1450      -257.94573
     6.2950      -257.59288
     6.4450      -257.24916
     6.5950      -256.91067
     6.7450      -256.58267
     6.8950      -256.25932
     7.0450      -255.94333
     7.1950      -255.63577
     7.3450      -255.33340
     7.4950      -255.03576
     7.6450      -254.74610
     7.7950      -254.46203
     7.9450      -254.18275
     8.0950      -253.90842
     8.2450      -253.63932
     8.3950      -253.37385
     8.5450      -253.11413
     8.6950      -252.85985
     8.8450      -252.61043
     8.9950      -252.36306
     9.1450      -252.12000
     9.2950      -251.88025
     9.4450      -251.64477
     9.5950      -251.41405
     9.7450      -251.18633
     9.8950      -250.96137
     10.045      -250.73979
     10.195      -250.52040
     10.345      -250.30488
     10.495      -250.09308
     10.645      -249.88435
     10.795      -249.67749
     10.945      -249.47310
     11.095      -249.27186
     11.245      -249.07433
     11.395      -248.87916
     11.545      -248.68576
     11.695      -248.49538
     11.845      -248.30508
     11.995      -248.11970
     12.145      -247.93499
     12.295      -247.75346
     12.445      -247.57480
     12.595      -247.39768
     12.745      -247.22354
     12.895      -247.05111
     13.045      -246.87937
     13.195      -246.71015
     13.345      -246.54241
     13.495      -246.37612
     13.645      -246.21185
     13.795      -246.05035
     13.945      -245.88862
     14.095      -245.73004
     14.245      -245.57338
     14.395      -245.41740
     14.545      -245.26427
     14.695      -245.11324
     14.845      -244.96309
     14.995      -244.81421
     15.145      -244.66706
     15.295      -244.52083
     15.445      -244.37551
     15.595      -244.23100
     15.745      -244.08893
     15.895      -243.94895
     16.045      -243.81013
     16.195      -243.67304
     16.345      -243.53712
     16.495      -243.40183
     16.645      -243.26726
     16.795      -243.13434
     16.945      -243.00275
     17.095      -242.87164
     17.245      -242.74203
     17.395      -242.61381
     17.545      -242.48648
     17.695      -242.35979
     17.845      -242.23469
     17.995      -242.11016
     18.145      -241.98674
     18.295      -241.86423
     18.445      -241.74191
     18.595      -241.62166
     18.745      -241.50246
     18.895      -241.38450
     19.045      -241.26681
     19.195      -241.14999
     19.345      -241.03391
     19.495      -240.91935
     19.645      -240.80540
     19.795      -240.69218
     19.945      -240.58051
     20.095      -240.46901
     20.245      -240.35821
     20.395      -240.24760
     20.545      -240.13766
     20.695      -240.02939
     20.845      -239.92230
     20.995      -239.81547
     21.145      -239.70957
     21.295      -239.60462
     21.445      -239.49994
     21.595      -239.39530
     21.745      -239.29165
     21.895      -239.18896
     22.045      -239.08798
     22.195      -238.98718
     22.345      -238.88588
     22.495      -238.78565
     22.645      -238.68654
     22.795      -238.58916
     22.945      -238.49054
     23.095      -238.39288
     23.245      -238.29603
     23.395      -238.19963
     23.545      -238.10479
     23.695      -238.01026
     23.845      -237.91757
     23.995      -237.82449
     24.145      -237.73145
     24.295      -237.63861
     24.445      -237.54711
     24.595      -237.45653
     24.745      -237.36524
     24.895      -237.27415
     25.045      -237.18476
     25.195      -237.09638
     25.345      -237.00717
     25.495      -236.91902
     25.645      -236.83148
     25.795      -236.74446
     25.945      -236.65872
     26.095      -236.57275
     26.245      -236.48808
     26.395      -236.40372
     26.545      -236.31938
     26.695      -236.23539
     26.845      -236.15142
     26.995      -236.06808
     27.145      -235.98535
     27.295      -235.90313
     27.445      -235.82101
     27.595      -235.74037
     27.745      -235.65945
     27.895      -235.57865
     28.045      -235.49870
     28.195      -235.41858
     28.345      -235.34029
     28.495      -235.26186
     28.645      -235.18291
     28.795      -235.10496
     28.945      -235.02811
     29.095      -234.95087
     29.245      -234.87436
     29.395      -234.79790
     29.545      -234.72281
     29.695      -234.64791
     29.845      -234.57218
     29.995      -234.49677
     30.145      -234.42215
     30.295      -234.34931
     30.445      -234.27636
     30.595      -234.20303
     30.745      -234.13052
     30.895      -234.05774
     31.045      -233.98558
     31.195      -233.91382
     31.345      -233.84179
     31.495      -233.77011
     31.645      -233.69892
     31.795      -233.62860
     31.945      -233.55837
     32.095      -233.48842
     32.245      -233.41906
     32.395      -233.35004
     32.545      -233.28169
     32.695      -233.21339
     32.845      -233.14536
     32.995      -233.07734
     33.145      -233.00985
     33.295      -232.94277
     33.445      -232.87507
     33.595      -232.80780
     33.745      -232.74142
     33.895      -232.67515
     34.045      -232.61029
     34.195      -232.54452
     34.345      -232.47882
     34.495      -232.41358
     34.645      -232.34919
     34.795      -232.28540
     34.945      -232.22114
     35.095      -232.15785
     35.245      -232.09475
     35.395      -232.03170
     35.545      -231.96859
     35.695      -231.90576
     35.845      -231.84310
     35.995      -231.78049
     36.145      -231.71863
     36.295      -231.65658
     36.445      -231.59471
     36.595      -231.53341
     36.745      -231.47241
     36.895      -231.41144
     37.045      -231.35165
     37.195      -231.29171
     37.345      -231.23153
     37.495      -231.17247
     37.645      -231.11237
     37.795      -231.05299
     37.945      -230.99360
     38.095      -230.93486
     38.245      -230.87694
     38.395      -230.81890
     38.545      -230.76013
     38.695      -230.70206
     38.845      -230.64422
     38.995      -230.58740
     39.145      -230.53026
     39.295      -230.47340
     39.445      -230.41690
     39.595      -230.36019
     39.745      -230.30394
     39.895      -230.24770
     40.045      -230.19170
     40.195      -230.13605
     40.345      -230.08106
     40.495      -230.02580
     40.645      -229.97098
     40.795      -229.91608
     40.945      -229.86123
     41.095      -229.80715
     41.245      -229.75285
     41.395      -229.69923
     41.545      -229.64524
     41.695      -229.59215
     41.845      -229.53890
     41.995      -229.48552
     42.145      -229.43251
     42.295      -229.37915
     42.445      -229.32635
     42.595      -229.27403
     42.745      -229.22203
     42.895      -229.16979
     43.045      -229.11812
     43.195      -229.06711
     43.345      -229.01598
     43.495      -228.96509
     43.645      -228.91370
     43.795      -228.86276
     43.945      -228.81198
     44.095      -228.76177
     44.245      -228.71133
     44.395      -228.66136
     44.545      -228.61097
     44.695      -228.56125
     44.845      -228.51129
     44.995      -228.46167
     45.145      -228.41232
     45.295      -228.36322
     45.445      -228.31377
     45.595      -228.26511
     45.745      -228.21638
     45.895      -228.16800
     46.045      -228.12004
     46.195      -228.07140
     46.345      -228.02328
     46.495      -227.97559
     46.645      -227.92780
     46.795      -227.88006
     46.945      -227.83270
     47.095      -227.78536
     47.245      -227.73757
     47.395      -227.69052
     47.545      -227.64377
     47.695      -227.59710
     47.845      -227.55104
     47.995      -227.50462
     48.145      -227.45849
     48.295      -227.41228
     48.445      -227.36600
     48.595      -227.32025
     48.745      -227.27477
     48.895      -227.22967
     49.045      -227.18431
     49.195      -227.13899
     49.345      -227.09385
     49.495      -227.04853
     49.645      -227.00378
     49.795      -226.95944
     49.945      -226.91462
     50.095      -226.87041
     50.245      -226.82659
     50.395      -226.78208
     50.545      -226.73790
     50.695      -226.69413
     50.845      -226.65065
     50.995      -226.60712
     51.145      -226.56368
     51.295      -226.52016
     51.445      -226.47721
     51.595      -226.43420
     51.745      -226.39139
     51.895      -226.34830
     52.045      -226.30557
     52.195      -226.26288
     52.345      -226.22059
     52.495      -226.17875
     52.645      -226.13641
     52.795      -226.09452
     52.945      -226.05323
     53.095      -226.01145
     53.245      -225.96967
     53.395      -225.92808
     53.545      -225.88641
     53.695      -225.84520
     53.845      -225.80338
     53.995      -225.76242
     54.145      -225.72104
     54.295      -225.68037
     54.445      -225.63944
     54.595      -225.59864
     54.745      -225.55877
     54.895      -225.51876
     55.045      -225.47885
     55.195      -225.43883
     55.345      -225.39902
     55.495      -225.35891
     55.645      -225.31877
     55.795      -225.27879
     55.945      -225.23879
     56.095      -225.19905
     56.245      -225.15926
     56.395      -225.11943
     56.545      -225.08036
     56.695      -225.04126
     56.845      -225.00200
     56.995      -224.96280
     57.145      -224.92392
     57.295      -224.88527
     57.445      -224.84660
     57.595      -224.80833
     57.745      -224.77034
     57.895      -224.73255
     58.045      -224.69453
     58.195      -224.65640
     58.345      -224.61846
     58.495      -224.58093
     58.645      -224.54305
     58.795      -224.50532
     58.945      -224.46789
     59.095      -224.43074
     59.245      -224.39320
     59.395      -224.35579
     59.545      -224.31891
     59.695      -224.28178
     59.845      -224.24462
     59.995      -224.20779
     60.145      -224.17084
     70.939      -219.45968
     97.698      -214.80334
     134.55      -210.21762
     185.30      -205.70739
     255.20      -201.27574
     351.46      -196.91522
     484.04      -192.63274
     666.62      -188.43514
     918.07      -184.31709
     1264.4      -180.28007
     1741.3      -176.32608
     2398.1      -172.46522
     3302.7      -168.69923
     4548.5      -165.02548
     6264.3      -161.44039
     8627.2      -157.94347
     11881.      -154.53723
     16363.      -151.22422
     22535.      -148.00897
     31036.      -144.90217
     42743.      -141.91023
     58866.      -139.03682
     81070.      -136.27676
    0.11165E+06  -133.63654
    0.15377E+06  -131.11060
    0.21177E+06  -128.69315
    0.29165E+06  -126.38544
    0.40166E+06  -124.18235
    0.55317E+06  -122.07917
    0.76182E+06  -120.07422
    0.10492E+07  -118.16045
    0.14449E+07  -116.33652
    0.19900E+07  -114.59717
    0.27406E+07  -112.94127
    0.37744E+07  -111.36210
    0.51981E+07  -109.85580
    0.71589E+07  -108.42150
    0.98593E+07  -107.05535
    0.13578E+08  -105.75375
    0.18700E+08  -104.51330
    0.25754E+08  -103.33227
    0.35468E+08  -102.21242
    0.48847E+08  -101.15767
    0.67273E+08  -100.17447
    0.92648E+08   -99.26104
    0.12760E+09   -98.40861
    0.17573E+09   -97.61078
    0.24201E+09   -96.86396
    0.33330E+09   -96.16315
    0.45902E+09   -95.50631
    0.63217E+09   -94.90589
    0.87062E+09   -94.35845
    0.11990E+10   -93.85507
    0.16513E+10   -93.39169
    0.22742E+10   -92.96442
    0.31320E+10   -92.57089
    0.43134E+10   -92.20688
    0.59405E+10   -91.87074
    0.81813E+10   -91.56103
    0.11267E+11   -91.27505
    0.15517E+11   -91.01077
    0.21371E+11   -90.76724
    0.29432E+11   -90.54215
    0.40534E+11   -90.33387
    0.55823E+11   -90.14204
    0.10000E+12   -87.83363
