    -29.945        1     0.00000
    -29.795        1     0.00000
    -29.645        1     0.00000
    -29.495        1     0.00000
    -29.345        1     0.00000
    -29.195        1     0.00000
    -29.045        1     0.00000
    -28.895        1     0.00000
    -28.745        1     0.00000
    -28.595        1     0.00000
    -28.445        1     0.00000
    -28.295        1     0.00000
    -28.145        1     0.00000
    -27.995        1     0.00000
    -27.845        1     0.00000
    -27.695        1     0.00000
    -27.545        1     0.00000
    -27.395        1     0.00000
    -27.245        1     0.00000
    -27.095        1     0.00000
    -26.945        1     0.00000
    -26.795        1     0.00000
    -26.645        1     0.00000
    -26.495        1     0.00000
    -26.345        1     0.00000
    -26.195        1     0.00000
    -26.045        1     0.00000
    -25.895        1     0.00000
    -25.745        1     0.00000
    -25.595        1     0.00000
    -25.445        1     0.00000
    -25.295        1     0.00000
    -25.145        1     0.00000
    -24.995        1     0.00000
    -24.845        1     0.00000
    -24.695        1     0.00000
    -24.545        1     0.00000
    -24.395        1     0.00000
    -24.245        1     0.00000
    -24.095        1     0.00000
    -23.945        1     0.00000
    -23.795        1     0.00000
    -23.645        1     0.00000
    -23.495        1     0.00000
    -23.345        1     0.00000
    -23.195        1     0.00000
    -23.045        1     0.00000
    -22.895        1     0.00000
    -22.745        1     0.00000
    -22.595        1     0.00000
    -22.445        1     0.00000
    -22.295        1     0.00000
    -22.145        1     0.00000
    -21.995        1     0.00000
    -21.845        1     0.00000
    -21.695        1     0.00000
    -21.545        1     0.00000
    -21.395        1     0.00000
    -21.245        1     0.00000
    -21.095        1     0.00000
    -20.945        1    -0.00016
    -20.795        1    -0.00016
    -20.645        1    -0.00016
    -20.495        1    -0.00031
    -20.345        1    -0.00031
    -20.195        1    -0.00031
    -20.045        1    -0.00031
    -19.895        1    -0.00031
    -19.745        1    -0.00062
    -19.595        1    -0.00077
    -19.445        1    -0.00180
    -19.295        1    -0.00267
    -19.145        1    -0.00468
    -18.995        1    -0.00691
    -18.845        1    -0.01006
    -18.695        1    -0.01711
    -18.545        1    -0.02543
    -18.395        1    -0.03639
    -18.245        1    -0.04988
    -18.095        1    -0.06746
    -17.945        1    -0.08891
    -17.795        1    -0.11687
    -17.645        1    -0.14965
    -17.495        1    -0.19080
    -17.345        1    -0.23838
    -17.195        1    -0.29590
    -17.045        1    -0.35910
    -16.895        1    -0.43842
    -16.745        1    -0.52077
    -16.595        1    -0.62028
    -16.445        1    -0.72937
    -16.295        1    -0.85103
    -16.145        1    -0.98300
    -15.995        1    -1.12763
    -15.845        1    -1.27805
    -15.695        1    -1.43219
    -15.545        1    -1.59718
    -15.395        1    -1.78099
    -15.245        1    -1.96891
    -15.095        1    -2.16627
    -14.945        1    -2.37288
    -14.795        1    -2.59847
    -14.645        1    -2.83737
    -14.495        1    -3.08609
    -14.345        1    -3.34349
    -14.195        1    -3.61776
    -14.045        1    -3.90225
    -13.895        1    -4.19070
    -13.745        1    -4.49259
    -13.595        1    -4.79313
    -13.445        1    -5.09663
    -13.295        1    -5.40329
    -13.145        1    -5.71554
    -12.995        1    -6.03218
    -12.845        1    -6.35018
    -12.695        1    -6.66705
    -12.545        1    -6.98118
    -12.395        1    -7.28902
    -12.245        1    -7.60623
    -12.095        1    -7.92438
    -11.945        1    -8.24131
    -11.795        1    -8.54522
    -11.645        1    -8.85235
    -11.495        1    -9.16393
    -11.345        1    -9.47619
    -11.195        1    -9.77375
    -11.045        1   -10.08553
    -10.895        1   -10.39125
    -10.745        1   -10.70446
    -10.595        1   -11.02133
    -10.445        1   -11.32966
    -10.295        1   -11.64323
    -10.145        1   -11.94890
    -9.9950        1   -12.24830
    -9.8450        1   -12.55064
    -9.6950        1   -12.85165
    -9.5450        1   -13.14796
    -9.3950        1   -13.44512
    -9.2450        1   -13.73535
    -9.0950        1   -14.00886
    -8.9450        1   -14.29091
    -8.7950        1   -14.57496
    -8.6450        1   -14.84378
    -8.4950        1   -15.11199
    -8.3450        1   -15.37774
    -8.1950        1   -15.63914
    -8.0450        1   -15.90643
    -7.8950        1   -16.16421
    -7.7450        1   -16.42824
    -7.5950        1   -16.69472
    -7.4450        1   -16.96434
    -7.2950        1   -17.22546
    -7.1450        1   -17.49359
    -6.9950        1   -17.76082
    -6.8450        1   -18.02855
    -6.6950        1   -18.29813
    -6.5450        1   -18.57503
    -6.3950        1   -18.85604
    -6.2450        1   -19.12856
    -6.0950        1   -19.40965
    -5.9450        1   -19.68641
    -5.7950        1   -19.96783
    -5.6450        1   -20.25686
    -5.4950        1   -20.54207
    -5.3450        1   -20.82745
    -5.1950        1   -21.12561
    -5.0450        1   -21.42352
    -4.8950        1   -21.72562
    -4.7450        1   -22.02122
    -4.5950        1   -22.32355
    -4.4450        1   -22.63501
    -4.2950        1   -22.96120
    -4.1450        1   -23.29995
    -3.9950        1   -23.65772
    -3.8450        1   -24.02880
    -3.6950        1   -24.41869
    -3.5450        1   -24.82648
    -3.3950        1   -25.25046
    -3.2450        1   -25.69993
    -3.0950        1   -26.17087
    -2.9450        1   -26.66875
    -2.7950        1   -27.19011
    -2.6450        1   -27.73431
    -2.4950        1   -28.28944
    -2.3450        1   -28.85886
    -2.1950        1   -29.43550
    -2.0450        1   -30.01898
    -1.8950        1   -30.59917
    -1.7450        1   -31.17606
    -1.5950        1   -31.74645
    -1.4450        1   -32.31240
    -1.2950        1   -32.87477
    -1.1450        1   -33.43894
   -0.99500        1   -34.01547
   -0.84500        1   -34.61596
   -0.69500        1   -35.25683
   -0.54500        1   -35.96862
   -0.39500        1   -36.80505
   -0.25300        1   -37.46192
   -0.21500        1   -37.50780
   -0.20900        1   -37.55474
   -0.20300        1   -37.60198
   -0.19700        1   -37.64996
   -0.19100        1   -37.69886
   -0.18500        1   -37.74865
   -0.17900        1   -37.79946
   -0.17300        1   -37.85121
   -0.16700        1   -37.90447
   -0.16100        1   -37.95911
   -0.15500        1   -38.01522
   -0.14900        1   -38.07247
   -0.14300        1   -38.13149
   -0.13700        1   -38.19264
   -0.13100        1   -38.25550
   -0.12500        1   -38.32048
   -0.11900        1   -38.38763
   -0.11300        1   -38.45723
   -0.10700        1   -38.52983
   -0.10100        1   -38.60537
   -0.95000E-01    1   -38.68436
   -0.89000E-01    1   -38.76724
   -0.83000E-01    1   -38.85473
   -0.77000E-01    1   -38.94757
   -0.71000E-01    1   -39.04674
   -0.65000E-01    1   -39.15386
   -0.59000E-01    1   -39.27120
   -0.53000E-01    1   -39.40202
   -0.47000E-01    1   -39.54969
   -0.41000E-01    1   -39.71611
   -0.35000E-01    1   -39.90710
   -0.29000E-01    1   -40.12839
   -0.23000E-01    1   -40.38690
   -0.19700E-01    1   -40.41490
   -0.19100E-01    1   -40.44327
   -0.18500E-01    1   -40.47202
   -0.17900E-01    1   -40.50133
   -0.17300E-01    1   -40.53120
   -0.16700E-01    1   -40.56165
   -0.16100E-01    1   -40.59265
   -0.15500E-01    1   -40.62440
   -0.14900E-01    1   -40.65679
   -0.14300E-01    1   -40.68988
   -0.13700E-01    1   -40.72392
   -0.13100E-01    1   -40.75859
   -0.12500E-01    1   -40.79385
   -0.11900E-01    1   -40.82965
   -0.11300E-01    1   -40.86584
   -0.10700E-01    1   -40.90233
   -0.10100E-01    1   -40.93915
   -0.95000E-02    1   -40.97591
   -0.89000E-02    1   -41.01258
   -0.83000E-02    1   -41.04891
   -0.77000E-02    1   -41.08470
   -0.71000E-02    1   -41.11963
   -0.65000E-02    1   -41.15308
   -0.59000E-02    1   -41.18462
   -0.53000E-02    1   -41.21392
   -0.47000E-02    1   -41.24062
   -0.41000E-02    1   -41.26449
   -0.35000E-02    1   -41.28525
   -0.29000E-02    1   -41.30271
   -0.23000E-02    1   -41.31676
   -0.17000E-02    1   -41.32724
   -0.11000E-02    1   -41.33406
   -0.50000E-03    1   -41.33719
    0.10000E-03    1   -41.33658
    0.70000E-03    1   -41.33224
    0.13000E-02    1   -41.32422
    0.19000E-02    1   -41.31257
    0.25000E-02    1   -41.29740
    0.31000E-02    1   -41.27880
    0.37000E-02    1   -41.25701
    0.43000E-02    1   -41.23222
    0.49000E-02    1   -41.20466
    0.55000E-02    1   -41.17460
    0.61000E-02    1   -41.14240
    0.67000E-02    1   -41.10845
    0.73000E-02    1   -41.07310
    0.79000E-02    1   -41.03710
    0.85000E-02    1   -41.00071
    0.91000E-02    1   -40.96406
    0.97000E-02    1   -40.92735
    0.10300E-01    1   -40.89073
    0.10900E-01    1   -40.85436
    0.11500E-01    1   -40.81833
    0.12100E-01    1   -40.78272
    0.12700E-01    1   -40.74764
    0.13300E-01    1   -40.71336
    0.13900E-01    1   -40.67975
    0.14500E-01    1   -40.64695
    0.15100E-01    1   -40.61502
    0.15700E-01    1   -40.58380
    0.16300E-01    1   -40.55311
    0.16900E-01    1   -40.52304
    0.17500E-01    1   -40.49348
    0.18100E-01    1   -40.46451
    0.18700E-01    1   -40.43593
    0.19300E-01    1   -40.40798
    0.20200E-01    1   -40.30312
    0.25000E-01    1   -40.06029
    0.31000E-01    1   -39.85261
    0.37000E-01    1   -39.67274
    0.43000E-01    1   -39.51591
    0.49000E-01    1   -39.37787
    0.55000E-01    1   -39.25530
    0.61000E-01    1   -39.14588
    0.67000E-01    1   -39.04662
    0.73000E-01    1   -38.95498
    0.79000E-01    1   -38.86981
    0.85000E-01    1   -38.79048
    0.91000E-01    1   -38.71522
    0.97000E-01    1   -38.64505
    0.10300        1   -38.57806
    0.10900        1   -38.51494
    0.11500        1   -38.45477
    0.12100        1   -38.39729
    0.12700        1   -38.34216
    0.13300        1   -38.28931
    0.13900        1   -38.23901
    0.14500        1   -38.19026
    0.15100        1   -38.14380
    0.15700        1   -38.09910
    0.16300        1   -38.05602
    0.16900        1   -38.01437
    0.17500        1   -37.97413
    0.18100        1   -37.93528
    0.18700        1   -37.89757
    0.19300        1   -37.86130
    0.19900        1   -37.82610
    0.20500        1   -37.79224
    0.21100        1   -37.75915
    0.21700        1   -37.72712
    0.29500        1   -37.12798
    0.44500        1   -36.80820
    0.59500        1   -36.61554
    0.74500        1   -36.48473
    0.89500        1   -36.37908
     1.0450        1   -36.28823
     1.1950        1   -36.20864
     1.3450        1   -36.13633
     1.4950        1   -36.07024
     1.6450        1   -36.00873
     1.7950        1   -35.95126
     1.9450        1   -35.89884
     2.0950        1   -35.85046
     2.2450        1   -35.80364
     2.3950        1   -35.75975
     2.5450        1   -35.71955
     2.6950        1   -35.68164
     2.8450        1   -35.64612
     2.9950        1   -35.61143
     3.1450        1   -35.58011
     3.2950        1   -35.54998
     3.4450        1   -35.52139
     3.5950        1   -35.49406
     3.7450        1   -35.46846
     3.8950        1   -35.44480
     4.0450        1   -35.42268
     4.1950        1   -35.40018
     4.3450        1   -35.37955
     4.4950        1   -35.35878
     4.6450        1   -35.33963
     4.7950        1   -35.32097
     4.9450        1   -35.30508
     5.0950        1   -35.28887
     5.2450        1   -35.27286
     5.3950        1   -35.25791
     5.5450        1   -35.24361
     5.6950        1   -35.22933
     5.8450        1   -35.21597
     5.9950        1   -35.20291
     6.1450        1   -35.19000
     6.2950        1   -35.17761
     6.4450        1   -35.16560
     6.5950        1   -35.15354
     6.7450        1   -35.14143
     6.8950        1   -35.13047
     7.0450        1   -35.11964
     7.1950        1   -35.10838
     7.3450        1   -35.09805
     7.4950        1   -35.08770
     7.6450        1   -35.07731
     7.7950        1   -35.06704
     7.9450        1   -35.05717
     8.0950        1   -35.04731
     8.2450        1   -35.03780
     8.3950        1   -35.02825
     8.5450        1   -35.01883
     8.6950        1   -35.00997
     8.8450        1   -35.00094
     8.9950        1   -34.99201
     9.1450        1   -34.98349
     9.2950        1   -34.97476
     9.4450        1   -34.96620
     9.5950        1   -34.95759
     9.7450        1   -34.94920
     9.8950        1   -34.94101
     10.045        1   -34.93292
     10.195        1   -34.92487
     10.345        1   -34.91695
     10.495        1   -34.90904
     10.645        1   -34.90124
     10.795        1   -34.89341
     10.945        1   -34.88566
     11.095        1   -34.87815
     11.245        1   -34.87065
     11.395        1   -34.86337
     11.545        1   -34.85613
     11.695        1   -34.84910
     11.845        1   -34.84202
     11.995        1   -34.83496
     12.145        1   -34.82811
     12.295        1   -34.82100
     12.445        1   -34.81447
     12.595        1   -34.80762
     12.745        1   -34.80064
     12.895        1   -34.79402
     13.045        1   -34.78745
     13.195        1   -34.78109
     13.345        1   -34.77479
     13.495        1   -34.76857
     13.645        1   -34.76233
     13.795        1   -34.75604
     13.945        1   -34.75015
     14.095        1   -34.74395
     14.245        1   -34.73786
     14.395        1   -34.73181
     14.545        1   -34.72588
     14.695        1   -34.72014
     14.845        1   -34.71429
     14.995        1   -34.70846
     15.145        1   -34.70278
     15.295        1   -34.69709
     15.445        1   -34.69130
     15.595        1   -34.68540
     15.745        1   -34.67974
     15.895        1   -34.67409
     16.045        1   -34.66864
     16.195        1   -34.66331
     16.345        1   -34.65802
     16.495        1   -34.65258
     16.645        1   -34.64720
     16.795        1   -34.64176
     16.945        1   -34.63634
     17.095        1   -34.63123
     17.245        1   -34.62603
     17.395        1   -34.62099
     17.545        1   -34.61616
     17.695        1   -34.61117
     17.845        1   -34.60621
     17.995        1   -34.60101
     18.145        1   -34.59623
     18.295        1   -34.59129
     18.445        1   -34.58662
     18.595        1   -34.58191
     18.745        1   -34.57730
     18.895        1   -34.57278
     19.045        1   -34.56792
     19.195        1   -34.56320
     19.345        1   -34.55871
     19.495        1   -34.55409
     19.645        1   -34.54927
     19.795        1   -34.54464
     19.945        1   -34.54028
     20.095        1   -34.53588
     20.245        1   -34.53133
     20.395        1   -34.52685
     20.545        1   -34.52236
     20.695        1   -34.51799
     20.845        1   -34.51372
     20.995        1   -34.50953
     21.145        1   -34.50512
     21.295        1   -34.50089
     21.445        1   -34.49673
     21.595        1   -34.49268
     21.745        1   -34.48841
     21.895        1   -34.48420
     22.045        1   -34.47992
     22.195        1   -34.47590
     22.345        1   -34.47183
     22.495        1   -34.46779
     22.645        1   -34.46361
     22.795        1   -34.45953
     22.945        1   -34.45554
     23.095        1   -34.45169
     23.245        1   -34.44763
     23.395        1   -34.44366
     23.545        1   -34.43976
     23.695        1   -34.43588
     23.845        1   -34.43209
     23.995        1   -34.42825
     24.145        1   -34.42453
     24.295        1   -34.42073
     24.445        1   -34.41688
     24.595        1   -34.41310
     24.745        1   -34.40935
     24.895        1   -34.40580
     25.045        1   -34.40217
     25.195        1   -34.39843
     25.345        1   -34.39489
     25.495        1   -34.39127
     25.645        1   -34.38759
     25.795        1   -34.38402
     25.945        1   -34.38038
     26.095        1   -34.37678
     26.245        1   -34.37320
     26.395        1   -34.36968
     26.545        1   -34.36603
     26.695        1   -34.36262
     26.845        1   -34.35930
     26.995        1   -34.35573
     27.145        1   -34.35221
     27.295        1   -34.34894
     27.445        1   -34.34558
     27.595        1   -34.34223
     27.745        1   -34.33888
     27.895        1   -34.33563
     28.045        1   -34.33232
     28.195        1   -34.32896
     28.345        1   -34.32567
     28.495        1   -34.32246
     28.645        1   -34.31937
     28.795        1   -34.31615
     28.945        1   -34.31289
     29.095        1   -34.30979
     29.245        1   -34.30663
     29.395        1   -34.30337
     29.545        1   -34.30016
     29.695        1   -34.29700
     29.845        1   -34.29385
     29.995        1   -34.29077
     30.145        1   -34.28769
     30.295        1   -34.28470
     30.445        1   -34.28152
     30.595        1   -34.27845
     30.745        1   -34.27540
     30.895        1   -34.27229
     31.045        1   -34.26938
     31.195        1   -34.26631
     31.345        1   -34.26334
     31.495        1   -34.26033
     31.645        1   -34.25735
     31.795        1   -34.25440
     31.945        1   -34.25161
     32.095        1   -34.24864
     32.245        1   -34.24574
     32.395        1   -34.24283
     32.545        1   -34.23993
     32.695        1   -34.23703
     32.845        1   -34.23415
     32.995        1   -34.23128
     33.145        1   -34.22838
     33.295        1   -34.22559
     33.445        1   -34.22267
     33.595        1   -34.21991
     33.745        1   -34.21711
     33.895        1   -34.21428
     34.045        1   -34.21157
     34.195        1   -34.20888
     34.345        1   -34.20616
     34.495        1   -34.20345
     34.645        1   -34.20080
     34.795        1   -34.19811
     34.945        1   -34.19537
     35.095        1   -34.19266
     35.245        1   -34.18997
     35.395        1   -34.18736
     35.545        1   -34.18464
     35.695        1   -34.18198
     35.845        1   -34.17939
     35.995        1   -34.17673
     36.145        1   -34.17405
     36.295        1   -34.17146
     36.445        1   -34.16889
     36.595        1   -34.16632
     36.745        1   -34.16372
     36.895        1   -34.16111
     37.045        1   -34.15855
     37.195        1   -34.15609
     37.345        1   -34.15360
     37.495        1   -34.15096
     37.645        1   -34.14834
     37.795        1   -34.14585
     37.945        1   -34.14327
     38.095        1   -34.14085
     38.245        1   -34.13838
     38.395        1   -34.13592
     38.545        1   -34.13347
     38.695        1   -34.13108
     38.845        1   -34.12869
     38.995        1   -34.12632
     39.145        1   -34.12396
     39.295        1   -34.12154
     39.445        1   -34.11926
     39.595        1   -34.11691
     39.745        1   -34.11454
     39.895        1   -34.11216
     40.045        1   -34.10980
     40.195        1   -34.10745
     40.345        1   -34.10509
     40.495        1   -34.10277
     40.645        1   -34.10047
     40.795        1   -34.09815
     40.945        1   -34.09585
     41.095        1   -34.09353
     41.245        1   -34.09123
     41.395        1   -34.08891
     41.545        1   -34.08654
     41.695        1   -34.08416
     41.845        1   -34.08194
     41.995        1   -34.07975
     42.145        1   -34.07735
     42.295        1   -34.07516
     42.445        1   -34.07290
     42.595        1   -34.07059
     42.745        1   -34.06851
     42.895        1   -34.06631
     43.045        1   -34.06410
     43.195        1   -34.06186
     43.345        1   -34.05959
     43.495        1   -34.05743
     43.645        1   -34.05517
     43.795        1   -34.05298
     43.945        1   -34.05081
     44.095        1   -34.04859
     44.245        1   -34.04630
     44.395        1   -34.04411
     44.545        1   -34.04189
     44.695        1   -34.03973
     44.845        1   -34.03755
     44.995        1   -34.03543
     45.145        1   -34.03332
     45.295        1   -34.03120
     45.445        1   -34.02909
     45.595        1   -34.02685
     45.745        1   -34.02474
     45.895        1   -34.02269
     46.045        1   -34.02068
     46.195        1   -34.01869
     46.345        1   -34.01663
     46.495        1   -34.01452
     46.645        1   -34.01261
     46.795        1   -34.01057
     46.945        1   -34.00856
     47.095        1   -34.00648
     47.245        1   -34.00443
     47.395        1   -34.00241
     47.545        1   -34.00045
     47.695        1   -33.99845
     47.845        1   -33.99637
     47.995        1   -33.99434
     48.145        1   -33.99245
     48.295        1   -33.99043
     48.445        1   -33.98842
     48.595        1   -33.98639
     48.745        1   -33.98443
     48.895        1   -33.98235
     49.045        1   -33.98042
     49.195        1   -33.97840
     49.345        1   -33.97641
     49.495        1   -33.97447
     49.645        1   -33.97251
     49.795        1   -33.97052
     49.945        1   -33.96843
     50.095        1   -33.96653
     50.245        1   -33.96455
     50.395        1   -33.96261
     50.545        1   -33.96070
     50.695        1   -33.95879
     50.845        1   -33.95683
     50.995        1   -33.95490
     51.145        1   -33.95303
     51.295        1   -33.95124
     51.445        1   -33.94938
     51.595        1   -33.94750
     51.745        1   -33.94563
     51.895        1   -33.94369
     52.045        1   -33.94188
     52.195        1   -33.94004
     52.345        1   -33.93820
     52.495        1   -33.93635
     52.645        1   -33.93466
     52.795        1   -33.93287
     52.945        1   -33.93103
     53.095        1   -33.92921
     53.245        1   -33.92747
     53.395        1   -33.92574
     53.545        1   -33.92395
     53.695        1   -33.92211
     53.845        1   -33.92035
     53.995        1   -33.91861
     54.145        1   -33.91681
     54.295        1   -33.91503
     54.445        1   -33.91319
     54.595        1   -33.91144
     54.745        1   -33.90968
     54.895        1   -33.90786
     55.045        1   -33.90614
     55.195        1   -33.90436
     55.345        1   -33.90259
     55.495        1   -33.90084
     55.645        1   -33.89896
     55.795        1   -33.89723
     55.945        1   -33.89547
     56.095        1   -33.89366
     56.245        1   -33.89201
     56.395        1   -33.89026
     56.545        1   -33.88863
     56.695        1   -33.88696
     56.845        1   -33.88525
     56.995        1   -33.88352
     57.145        1   -33.88175
     57.295        1   -33.88003
     57.445        1   -33.87838
     57.595        1   -33.87669
     57.745        1   -33.87508
     57.895        1   -33.87330
     58.045        1   -33.87166
     58.195        1   -33.87004
     58.345        1   -33.86841
     58.495        1   -33.86676
     58.645        1   -33.86503
     58.795        1   -33.86333
     58.945        1   -33.86167
     59.095        1   -33.86002
     59.245        1   -33.85825
     59.395        1   -33.85659
     59.545        1   -33.85496
     59.695        1   -33.85334
     59.845        1   -33.85177
     59.995        1   -33.85015
     60.145        1   -33.84849
     70.939        1   -33.64009
     97.698        1   -33.43053
     134.55        1   -33.22138
     185.30        1   -33.01265
     255.20        1   -32.80647
     351.46        1   -32.60245
     484.04        1   -32.40078
     666.62        1   -32.20259
     918.07        1   -32.00718
     1264.4        1   -31.81513
     1741.3        1   -31.62655
     2398.1        1   -31.44152
     3302.7        1   -31.25879
     4548.5        1   -31.07945
     6264.3        1   -30.90322
     8627.2        1   -30.72996
     11881.        1   -30.55998
     16363.        1   -30.39272
     22535.        1   -30.22810
     31036.        1   -30.06586
     42743.        1   -29.90695
     58866.        1   -29.74980
     81070.        1   -29.59573
    0.11165E+06    1   -29.44361
    0.15377E+06    1   -29.29349
    0.21177E+06    1   -29.14529
    0.29165E+06    1   -28.99917
    0.40166E+06    1   -28.85375
    0.55317E+06    1   -28.70996
    0.76182E+06    1   -28.56656
    0.10492E+07    1   -28.42444
    0.14449E+07    1   -28.28338
    0.19900E+07    1   -28.14284
    0.27406E+07    1   -28.00234
    0.37744E+07    1   -27.86092
    0.51981E+07    1   -27.71898
    0.71589E+07    1   -27.57676
    0.98593E+07    1   -27.43402
    0.13578E+08    1   -27.29082
    0.18700E+08    1   -27.14732
    0.25754E+08    1   -27.00335
    0.35468E+08    1   -26.85997
    0.48847E+08    1   -26.71896
    0.67273E+08    1   -26.58148
    0.92648E+08    1   -26.44748
    0.12760E+09    1   -26.31683
    0.17573E+09    1   -26.18990
    0.24201E+09    1   -26.06666
    0.33330E+09    1   -25.94787
    0.45902E+09    1   -25.83431
    0.63217E+09    1   -25.72774
    0.87062E+09    1   -25.62739
    0.11990E+10    1   -25.53391
    0.16513E+10    1   -25.44670
    0.22742E+10    1   -25.36552
    0.31320E+10    1   -25.28995
    0.43134E+10    1   -25.21938
    0.59405E+10    1   -25.15371
    0.81813E+10    1   -25.09243
    0.11267E+11    1   -25.03552
    0.15517E+11    1   -24.98256
    0.21371E+11    1   -24.93312
    0.29432E+11    1   -24.88721
    0.40534E+11    1   -24.84475
    0.55823E+11    1   -24.80514
    0.10000E+12    1   -24.31164
    -149.95        2     0.00000
    -149.80        2     0.00000
    -149.65        2     0.00000
    -149.49        2     0.00000
    -149.34        2     0.00000
    -149.20        2     0.00000
    -149.05        2     0.00000
    -148.90        2     0.00000
    -148.74        2     0.00000
    -148.59        2     0.00000
    -148.45        2     0.00000
    -148.30        2     0.00000
    -148.15        2     0.00000
    -147.99        2     0.00000
    -147.84        2     0.00000
    -147.70        2     0.00000
    -147.55        2     0.00000
    -147.40        2     0.00000
    -147.24        2     0.00000
    -147.09        2     0.00000
    -146.95        2     0.00000
    -146.80        2     0.00000
    -146.65        2     0.00000
    -146.49        2     0.00000
    -146.34        2     0.00000
    -146.20        2     0.00000
    -146.05        2     0.00000
    -145.90        2     0.00000
    -145.74        2     0.00000
    -145.59        2     0.00000
    -145.45        2     0.00000
    -145.30        2     0.00000
    -145.15        2     0.00000
    -144.99        2     0.00000
    -144.84        2     0.00000
    -144.70        2     0.00000
    -144.55        2     0.00000
    -144.40        2     0.00000
    -144.24        2     0.00000
    -144.09        2     0.00000
    -143.95        2     0.00000
    -143.80        2     0.00000
    -143.65        2     0.00000
    -143.49        2     0.00000
    -143.34        2     0.00000
    -143.20        2     0.00000
    -143.05        2     0.00000
    -142.90        2     0.00000
    -142.74        2     0.00000
    -142.59        2     0.00000
    -142.45        2     0.00000
    -142.30        2     0.00000
    -142.15        2     0.00000
    -141.99        2     0.00000
    -141.84        2     0.00000
    -141.70        2     0.00000
    -141.55        2     0.00000
    -141.40        2     0.00000
    -141.24        2     0.00000
    -141.09        2     0.00000
    -140.95        2     0.00000
    -140.80        2     0.00000
    -140.65        2     0.00000
    -140.49        2     0.00000
    -140.34        2     0.00000
    -140.20        2     0.00000
    -140.05        2     0.00000
    -139.90        2     0.00000
    -139.74        2     0.00000
    -139.59        2     0.00000
    -139.45        2     0.00000
    -139.30        2     0.00000
    -139.15        2     0.00000
    -138.99        2     0.00000
    -138.84        2     0.00000
    -138.70        2     0.00000
    -138.55        2     0.00000
    -138.40        2     0.00000
    -138.24        2     0.00000
    -138.09        2     0.00000
    -137.95        2     0.00000
    -137.80        2     0.00000
    -137.65        2     0.00000
    -137.49        2     0.00000
    -137.34        2     0.00000
    -137.20        2     0.00000
    -137.05        2     0.00000
    -136.90        2     0.00000
    -136.74        2     0.00000
    -136.59        2     0.00000
    -136.45        2     0.00000
    -136.30        2     0.00000
    -136.15        2     0.00000
    -135.99        2     0.00000
    -135.84        2     0.00000
    -135.70        2     0.00000
    -135.55        2     0.00000
    -135.40        2     0.00000
    -135.24        2     0.00000
    -135.09        2     0.00000
    -134.95        2     0.00000
    -134.80        2     0.00000
    -134.65        2     0.00000
    -134.49        2     0.00000
    -134.34        2     0.00000
    -134.20        2     0.00000
    -134.05        2     0.00000
    -133.90        2     0.00000
    -133.74        2     0.00000
    -133.59        2     0.00000
    -133.45        2     0.00000
    -133.30        2     0.00000
    -133.15        2     0.00000
    -132.99        2     0.00000
    -132.84        2     0.00000
    -132.70        2     0.00000
    -132.55        2     0.00000
    -132.40        2     0.00000
    -132.24        2     0.00000
    -132.09        2     0.00000
    -131.95        2     0.00000
    -131.80        2     0.00000
    -131.65        2     0.00000
    -131.49        2     0.00000
    -131.34        2     0.00000
    -131.20        2     0.00000
    -131.05        2     0.00000
    -130.90        2     0.00000
    -130.74        2     0.00000
    -130.59        2     0.00000
    -130.45        2     0.00000
    -130.30        2     0.00000
    -130.15        2     0.00000
    -129.99        2     0.00000
    -129.84        2     0.00000
    -129.70        2     0.00000
    -129.55        2     0.00000
    -129.40        2     0.00000
    -129.24        2     0.00000
    -129.09        2     0.00000
    -128.95        2     0.00000
    -128.80        2     0.00000
    -128.65        2     0.00000
    -128.49        2     0.00000
    -128.34        2     0.00000
    -128.20        2     0.00000
    -128.05        2     0.00000
    -127.89        2     0.00000
    -127.75        2     0.00000
    -127.60        2     0.00000
    -127.44        2     0.00000
    -127.30        2     0.00000
    -127.14        2     0.00000
    -127.00        2     0.00000
    -126.85        2     0.00000
    -126.69        2     0.00000
    -126.55        2     0.00000
    -126.39        2     0.00000
    -126.25        2     0.00000
    -126.10        2     0.00000
    -125.94        2     0.00000
    -125.80        2     0.00000
    -125.64        2     0.00000
    -125.50        2     0.00000
    -125.35        2     0.00000
    -125.19        2     0.00000
    -125.05        2     0.00000
    -124.89        2     0.00000
    -124.75        2     0.00000
    -124.60        2     0.00000
    -124.44        2     0.00000
    -124.30        2     0.00000
    -124.14        2     0.00000
    -124.00        2     0.00000
    -123.85        2     0.00000
    -123.69        2     0.00000
    -123.55        2     0.00000
    -123.39        2     0.00000
    -123.25        2     0.00000
    -123.10        2     0.00000
    -122.94        2     0.00000
    -122.80        2     0.00000
    -122.64        2     0.00000
    -122.50        2     0.00000
    -122.35        2     0.00000
    -122.19        2     0.00000
    -122.05        2     0.00000
    -121.89        2     0.00000
    -121.75        2     0.00000
    -121.60        2     0.00000
    -121.44        2     0.00000
    -121.30        2     0.00000
    -121.14        2     0.00000
    -121.00        2     0.00000
    -120.85        2     0.00000
    -120.69        2     0.00000
    -120.55        2     0.00000
    -120.39        2     0.00000
    -120.25        2     0.00000
    -120.10        2     0.00000
    -119.94        2     0.00000
    -119.80        2     0.00000
    -119.64        2     0.00000
    -119.50        2     0.00000
    -119.35        2     0.00000
    -119.19        2     0.00000
    -119.05        2     0.00000
    -118.89        2     0.00000
    -118.75        2     0.00000
    -118.60        2     0.00000
    -118.44        2     0.00000
    -118.30        2     0.00000
    -118.14        2     0.00000
    -118.00        2     0.00000
    -117.85        2     0.00000
    -117.69        2     0.00000
    -117.55        2     0.00000
    -117.39        2     0.00000
    -117.25        2     0.00000
    -117.10        2     0.00000
    -116.94        2     0.00000
    -116.80        2     0.00000
    -116.64        2     0.00000
    -116.50        2     0.00000
    -116.35        2     0.00000
    -116.19        2     0.00000
    -116.05        2     0.00000
    -115.89        2     0.00000
    -115.75        2     0.00000
    -115.60        2     0.00000
    -115.44        2     0.00000
    -115.30        2     0.00000
    -115.14        2     0.00000
    -115.00        2     0.00000
    -114.85        2     0.00000
    -114.69        2     0.00000
    -114.55        2     0.00000
    -114.39        2     0.00000
    -114.25        2     0.00000
    -114.10        2     0.00000
    -113.94        2     0.00000
    -113.80        2     0.00000
    -113.64        2     0.00000
    -113.50        2     0.00000
    -113.35        2     0.00000
    -113.19        2     0.00000
    -113.05        2     0.00000
    -112.89        2     0.00000
    -112.75        2     0.00000
    -112.60        2     0.00000
    -112.44        2     0.00000
    -112.30        2     0.00000
    -112.14        2     0.00000
    -112.00        2     0.00000
    -111.85        2     0.00000
    -111.69        2     0.00000
    -111.55        2     0.00000
    -111.39        2     0.00000
    -111.25        2     0.00000
    -111.10        2     0.00000
    -110.94        2     0.00000
    -110.80        2     0.00000
    -110.64        2     0.00000
    -110.50        2     0.00000
    -110.35        2     0.00000
    -110.19        2     0.00000
    -110.05        2     0.00000
    -109.89        2     0.00000
    -109.75        2     0.00000
    -109.60        2     0.00000
    -109.44        2     0.00000
    -109.30        2     0.00000
    -109.14        2     0.00000
    -109.00        2     0.00000
    -108.85        2     0.00000
    -108.69        2     0.00000
    -108.55        2     0.00000
    -108.39        2     0.00000
    -108.25        2     0.00000
    -108.10        2     0.00000
    -107.94        2     0.00000
    -107.80        2     0.00000
    -107.64        2     0.00000
    -107.50        2     0.00000
    -107.35        2     0.00000
    -107.19        2     0.00000
    -107.05        2     0.00000
    -106.89        2     0.00000
    -106.75        2     0.00000
    -106.60        2     0.00000
    -106.44        2     0.00000
    -106.30        2     0.00000
    -106.14        2     0.00000
    -106.00        2     0.00000
    -105.85        2     0.00000
    -105.69        2     0.00000
    -105.55        2     0.00000
    -105.39        2     0.00000
    -105.25        2     0.00000
    -105.10        2     0.00000
    -104.94        2     0.00000
    -104.80        2     0.00000
    -104.64        2     0.00000
    -104.50        2     0.00000
    -104.35        2     0.00000
    -104.19        2     0.00000
    -104.05        2     0.00000
    -103.89        2     0.00000
    -103.75        2     0.00000
    -103.60        2     0.00000
    -103.44        2     0.00000
    -103.30        2     0.00000
    -103.14        2     0.00000
    -103.00        2     0.00000
    -102.85        2     0.00000
    -102.69        2     0.00000
    -102.55        2     0.00000
    -102.39        2     0.00000
    -102.25        2     0.00000
    -102.10        2     0.00000
    -101.94        2     0.00000
    -101.80        2     0.00000
    -101.64        2     0.00000
    -101.50        2     0.00000
    -101.35        2     0.00000
    -101.19        2     0.00000
    -101.05        2     0.00000
    -100.89        2     0.00000
    -100.75        2     0.00000
    -100.60        2     0.00000
    -100.44        2     0.00000
    -100.30        2     0.00000
    -100.14        2     0.00000
    -99.995        2     0.00000
    -99.845        2     0.00000
    -99.695        2     0.00000
    -99.545        2     0.00000
    -99.395        2     0.00000
    -99.245        2     0.00000
    -99.095        2     0.00000
    -98.945        2     0.00000
    -98.795        2     0.00000
    -98.645        2     0.00000
    -98.495        2     0.00000
    -98.345        2     0.00000
    -98.195        2     0.00000
    -98.045        2     0.00000
    -97.895        2     0.00000
    -97.745        2     0.00000
    -97.595        2     0.00000
    -97.445        2     0.00000
    -97.295        2     0.00000
    -97.145        2     0.00000
    -96.995        2     0.00000
    -96.845        2     0.00000
    -96.695        2     0.00000
    -96.545        2     0.00000
    -96.395        2     0.00000
    -96.245        2     0.00000
    -96.095        2     0.00000
    -95.945        2     0.00000
    -95.795        2     0.00000
    -95.645        2     0.00000
    -95.495        2     0.00000
    -95.345        2     0.00000
    -95.195        2     0.00000
    -95.045        2     0.00000
    -94.895        2     0.00000
    -94.745        2     0.00000
    -94.595        2     0.00000
    -94.445        2     0.00000
    -94.295        2     0.00000
    -94.145        2     0.00000
    -93.995        2     0.00000
    -93.845        2     0.00000
    -93.695        2     0.00000
    -93.545        2     0.00000
    -93.395        2     0.00000
    -93.245        2     0.00000
    -93.095        2     0.00000
    -92.945        2     0.00000
    -92.795        2     0.00000
    -92.645        2     0.00000
    -92.495        2     0.00000
    -92.345        2     0.00000
    -92.195        2     0.00000
    -92.045        2     0.00000
    -91.895        2     0.00000
    -91.745        2     0.00000
    -91.595        2     0.00000
    -91.445        2     0.00000
    -91.295        2     0.00000
    -91.145        2     0.00000
    -90.995        2     0.00000
    -90.845        2     0.00000
    -90.695        2     0.00000
    -90.545        2     0.00000
    -90.395        2     0.00000
    -90.245        2     0.00000
    -90.095        2     0.00000
    -89.945        2     0.00000
    -89.795        2     0.00000
    -89.645        2     0.00000
    -89.495        2     0.00000
    -89.345        2     0.00000
    -89.195        2     0.00000
    -89.045        2     0.00000
    -88.895        2     0.00000
    -88.745        2     0.00000
    -88.595        2     0.00000
    -88.445        2     0.00000
    -88.295        2     0.00000
    -88.145        2     0.00000
    -87.995        2     0.00000
    -87.845        2     0.00000
    -87.695        2     0.00000
    -87.545        2     0.00000
    -87.395        2     0.00000
    -87.245        2     0.00000
    -87.095        2     0.00000
    -86.945        2     0.00000
    -86.795        2     0.00000
    -86.645        2     0.00000
    -86.495        2     0.00000
    -86.345        2     0.00000
    -86.195        2     0.00000
    -86.045        2     0.00000
    -85.895        2     0.00000
    -85.745        2     0.00000
    -85.595        2     0.00000
    -85.445        2     0.00000
    -85.295        2     0.00000
    -85.145        2     0.00000
    -84.995        2     0.00000
    -84.845        2     0.00000
    -84.695        2     0.00000
    -84.545        2     0.00000
    -84.395        2     0.00000
    -84.245        2     0.00000
    -84.095        2     0.00000
    -83.945        2     0.00000
    -83.795        2     0.00000
    -83.645        2     0.00000
    -83.495        2     0.00000
    -83.345        2     0.00000
    -83.195        2     0.00000
    -83.045        2     0.00000
    -82.895        2     0.00000
    -82.745        2     0.00000
    -82.595        2     0.00000
    -82.445        2     0.00000
    -82.295        2     0.00000
    -82.145        2     0.00000
    -81.995        2     0.00000
    -81.845        2     0.00000
    -81.695        2     0.00000
    -81.545        2     0.00000
    -81.395        2     0.00000
    -81.245        2     0.00000
    -81.095        2     0.00000
    -80.945        2     0.00000
    -80.795        2     0.00000
    -80.645        2     0.00000
    -80.495        2     0.00000
    -80.345        2     0.00000
    -80.195        2     0.00000
    -80.045        2     0.00000
    -79.895        2     0.00000
    -79.745        2     0.00000
    -79.595        2     0.00000
    -79.445        2     0.00000
    -79.295        2     0.00000
    -79.145        2     0.00000
    -78.995        2     0.00000
    -78.845        2     0.00000
    -78.695        2     0.00000
    -78.545        2     0.00000
    -78.395        2     0.00000
    -78.245        2     0.00000
    -78.095        2     0.00000
    -77.945        2     0.00000
    -77.795        2     0.00000
    -77.645        2     0.00000
    -77.495        2     0.00000
    -77.345        2     0.00000
    -77.195        2     0.00000
    -77.045        2     0.00000
    -76.895        2     0.00000
    -76.745        2     0.00000
    -76.595        2     0.00000
    -76.445        2     0.00000
    -76.295        2     0.00000
    -76.145        2     0.00000
    -75.995        2     0.00000
    -75.845        2     0.00000
    -75.695        2     0.00000
    -75.545        2     0.00000
    -75.395        2     0.00000
    -75.245        2     0.00000
    -75.095        2     0.00000
    -74.945        2     0.00000
    -74.795        2     0.00000
    -74.645        2     0.00000
    -74.495        2     0.00000
    -74.345        2     0.00000
    -74.195        2     0.00000
    -74.045        2     0.00000
    -73.895        2     0.00000
    -73.745        2     0.00000
    -73.595        2     0.00000
    -73.445        2     0.00000
    -73.295        2     0.00000
    -73.145        2     0.00000
    -72.995        2     0.00000
    -72.845        2     0.00000
    -72.695        2     0.00000
    -72.545        2     0.00000
    -72.395        2     0.00000
    -72.245        2     0.00000
    -72.095        2     0.00000
    -71.945        2     0.00000
    -71.795        2     0.00000
    -71.645        2     0.00000
    -71.495        2     0.00000
    -71.345        2     0.00000
    -71.195        2     0.00000
    -71.045        2     0.00000
    -70.895        2     0.00000
    -70.745        2     0.00000
    -70.595        2     0.00000
    -70.445        2     0.00000
    -70.295        2     0.00000
    -70.145        2     0.00000
    -69.995        2     0.00000
    -69.845        2     0.00000
    -69.695        2     0.00000
    -69.545        2     0.00000
    -69.395        2     0.00000
    -69.245        2     0.00000
    -69.095        2     0.00000
    -68.945        2     0.00000
    -68.795        2     0.00000
    -68.645        2     0.00000
    -68.495        2     0.00000
    -68.345        2     0.00000
    -68.195        2     0.00000
    -68.045        2     0.00000
    -67.895        2     0.00000
    -67.745        2     0.00000
    -67.595        2     0.00000
    -67.445        2     0.00000
    -67.295        2     0.00000
    -67.145        2     0.00000
    -66.995        2     0.00000
    -66.845        2     0.00000
    -66.695        2     0.00000
    -66.545        2     0.00000
    -66.395        2     0.00000
    -66.245        2     0.00000
    -66.095        2     0.00000
    -65.945        2     0.00000
    -65.795        2     0.00000
    -65.645        2     0.00000
    -65.495        2     0.00000
    -65.345        2     0.00000
    -65.195        2     0.00000
    -65.045        2     0.00000
    -64.895        2     0.00000
    -64.745        2     0.00000
    -64.595        2     0.00000
    -64.445        2     0.00000
    -64.295        2     0.00000
    -64.145        2     0.00000
    -63.995        2     0.00000
    -63.845        2     0.00000
    -63.695        2     0.00000
    -63.545        2     0.00000
    -63.395        2     0.00000
    -63.245        2     0.00000
    -63.095        2     0.00000
    -62.945        2     0.00000
    -62.795        2     0.00000
    -62.645        2     0.00000
    -62.495        2     0.00000
    -62.345        2     0.00000
    -62.195        2     0.00000
    -62.045        2     0.00000
    -61.895        2     0.00000
    -61.745        2     0.00000
    -61.595        2     0.00000
    -61.445        2     0.00000
    -61.295        2     0.00000
    -61.145        2     0.00000
    -60.995        2     0.00000
    -60.845        2     0.00000
    -60.695        2     0.00000
    -60.545        2     0.00000
    -60.395        2     0.00000
    -60.245        2     0.00000
    -60.095        2     0.00000
    -59.945        2     0.00000
    -59.795        2     0.00000
    -59.645        2     0.00000
    -59.495        2     0.00000
    -59.345        2     0.00000
    -59.195        2     0.00000
    -59.045        2     0.00000
    -58.895        2     0.00000
    -58.745        2     0.00000
    -58.595        2     0.00000
    -58.445        2     0.00000
    -58.295        2     0.00000
    -58.145        2     0.00000
    -57.995        2     0.00000
    -57.845        2     0.00000
    -57.695        2     0.00000
    -57.545        2     0.00000
    -57.395        2     0.00000
    -57.245        2     0.00000
    -57.095        2     0.00000
    -56.945        2     0.00000
    -56.795        2     0.00000
    -56.645        2     0.00000
    -56.495        2     0.00000
    -56.345        2     0.00000
    -56.195        2     0.00000
    -56.045        2     0.00000
    -55.895        2     0.00000
    -55.745        2     0.00000
    -55.595        2     0.00000
    -55.445        2     0.00000
    -55.295        2     0.00000
    -55.145        2     0.00000
    -54.995        2     0.00000
    -54.845        2     0.00000
    -54.695        2     0.00000
    -54.545        2     0.00000
    -54.395        2     0.00000
    -54.245        2     0.00000
    -54.095        2     0.00000
    -53.945        2     0.00000
    -53.795        2     0.00000
    -53.645        2     0.00000
    -53.495        2     0.00000
    -53.345        2     0.00000
    -53.195        2     0.00000
    -53.045        2     0.00000
    -52.895        2     0.00000
    -52.745        2     0.00000
    -52.595        2     0.00000
    -52.445        2     0.00000
    -52.295        2     0.00000
    -52.145        2     0.00000
    -51.995        2     0.00000
    -51.845        2     0.00000
    -51.695        2     0.00000
    -51.545        2     0.00000
    -51.395        2     0.00000
    -51.245        2     0.00000
    -51.095        2     0.00000
    -50.945        2     0.00000
    -50.795        2     0.00000
    -50.645        2     0.00000
    -50.495        2     0.00000
    -50.345        2     0.00000
    -50.195        2     0.00000
    -50.045        2     0.00000
    -49.895        2     0.00000
    -49.745        2     0.00000
    -49.595        2     0.00000
    -49.445        2     0.00000
    -49.295        2     0.00000
    -49.145        2     0.00000
    -48.995        2     0.00000
    -48.845        2     0.00000
    -48.695        2     0.00000
    -48.545        2     0.00000
    -48.395        2     0.00000
    -48.245        2     0.00000
    -48.095        2     0.00000
    -47.945        2     0.00000
    -47.795        2     0.00000
    -47.645        2     0.00000
    -47.495        2     0.00000
    -47.345        2     0.00000
    -47.195        2     0.00000
    -47.045        2     0.00000
    -46.895        2     0.00000
    -46.745        2     0.00000
    -46.595        2     0.00000
    -46.445        2     0.00000
    -46.295        2     0.00000
    -46.145        2     0.00000
    -45.995        2     0.00000
    -45.845        2     0.00000
    -45.695        2     0.00000
    -45.545        2     0.00000
    -45.395        2     0.00000
    -45.245        2     0.00000
    -45.095        2     0.00000
    -44.945        2     0.00000
    -44.795        2     0.00000
    -44.645        2     0.00000
    -44.495        2     0.00000
    -44.345        2     0.00000
    -44.195        2     0.00000
    -44.045        2     0.00000
    -43.895        2     0.00000
    -43.745        2     0.00000
    -43.595        2     0.00000
    -43.445        2     0.00000
    -43.295        2     0.00000
    -43.145        2     0.00000
    -42.995        2     0.00000
    -42.845        2     0.00000
    -42.695        2     0.00000
    -42.545        2     0.00000
    -42.395        2     0.00000
    -42.245        2     0.00000
    -42.095        2     0.00000
    -41.945        2     0.00000
    -41.795        2     0.00000
    -41.645        2     0.00000
    -41.495        2     0.00000
    -41.345        2     0.00000
    -41.195        2     0.00000
    -41.045        2     0.00000
    -40.895        2     0.00000
    -40.745        2     0.00000
    -40.595        2     0.00000
    -40.445        2     0.00000
    -40.295        2     0.00000
    -40.145        2     0.00000
    -39.995        2     0.00000
    -39.845        2     0.00000
    -39.695        2     0.00000
    -39.545        2     0.00000
    -39.395        2     0.00000
    -39.245        2     0.00000
    -39.095        2     0.00000
    -38.945        2     0.00000
    -38.795        2     0.00000
    -38.645        2     0.00000
    -38.495        2     0.00000
    -38.345        2     0.00000
    -38.195        2     0.00000
    -38.045        2     0.00000
    -37.895        2     0.00000
    -37.745        2     0.00000
    -37.595        2     0.00000
    -37.445        2     0.00000
    -37.295        2     0.00000
    -37.145        2     0.00000
    -36.995        2     0.00000
    -36.845        2     0.00000
    -36.695        2     0.00000
    -36.545        2     0.00000
    -36.395        2     0.00000
    -36.245        2     0.00000
    -36.095        2     0.00000
    -35.945        2     0.00000
    -35.795        2     0.00000
    -35.645        2     0.00000
    -35.495        2     0.00000
    -35.345        2     0.00000
    -35.195        2     0.00000
    -35.045        2     0.00000
    -34.895        2     0.00000
    -34.745        2     0.00000
    -34.595        2     0.00000
    -34.445        2     0.00000
    -34.295        2     0.00000
    -34.145        2     0.00000
    -33.995        2     0.00000
    -33.845        2     0.00000
    -33.695        2     0.00000
    -33.545        2     0.00000
    -33.395        2     0.00000
    -33.245        2     0.00000
    -33.095        2     0.00000
    -32.945        2     0.00000
    -32.795        2     0.00000
    -32.645        2     0.00000
    -32.495        2     0.00000
    -32.345        2     0.00000
    -32.195        2     0.00000
    -32.045        2     0.00000
    -31.895        2     0.00000
    -31.745        2     0.00000
    -31.595        2     0.00000
    -31.445        2     0.00000
    -31.295        2     0.00000
    -31.145        2     0.00000
    -30.995        2     0.00000
    -30.845        2     0.00000
    -30.695        2     0.00000
    -30.545        2     0.00000
    -30.395        2     0.00000
    -30.245        2     0.00000
    -30.095        2     0.00000
    -29.945        2     0.00000
    -29.795        2     0.00000
    -29.645        2     0.00000
    -29.495        2     0.00000
    -29.345        2     0.00000
    -29.195        2     0.00000
    -29.045        2     0.00000
    -28.895        2     0.00000
    -28.745        2     0.00000
    -28.595        2     0.00000
    -28.445        2     0.00000
    -28.295        2     0.00000
    -28.145        2     0.00000
    -27.995        2     0.00000
    -27.845        2     0.00000
    -27.695        2     0.00000
    -27.545        2     0.00000
    -27.395        2     0.00000
    -27.245        2     0.00000
    -27.095        2     0.00000
    -26.945        2     0.00000
    -26.795        2     0.00000
    -26.645        2     0.00000
    -26.495        2     0.00000
    -26.345        2     0.00000
    -26.195        2     0.00000
    -26.045        2     0.00000
    -25.895        2     0.00000
    -25.745        2     0.00000
    -25.595        2     0.00000
    -25.445        2     0.00000
    -25.295        2     0.00000
    -25.145        2     0.00000
    -24.995        2     0.00000
    -24.845        2     0.00000
    -24.695        2     0.00000
    -24.545        2     0.00000
    -24.395        2     0.00000
    -24.245        2     0.00000
    -24.095        2     0.00000
    -23.945        2     0.00000
    -23.795        2     0.00000
    -23.645        2     0.00000
    -23.495        2     0.00000
    -23.345        2     0.00000
    -23.195        2     0.00000
    -23.045        2     0.00000
    -22.895        2     0.00000
    -22.745        2     0.00000
    -22.595        2     0.00000
    -22.445        2     0.00000
    -22.295        2     0.00000
    -22.145        2     0.00000
    -21.995        2     0.00000
    -21.845        2     0.00000
    -21.695        2     0.00000
    -21.545        2     0.00000
    -21.395        2     0.00000
    -21.245        2     0.00000
    -21.095        2     0.00000
    -20.945        2     0.00000
    -20.795        2     0.00000
    -20.645        2     0.00000
    -20.495        2     0.00000
    -20.345        2     0.00000
    -20.195        2     0.00000
    -20.045        2     0.00000
    -19.895        2     0.00000
    -19.745        2     0.00000
    -19.595        2     0.00000
    -19.445        2     0.00000
    -19.295        2     0.00000
    -19.145        2     0.00000
    -18.995        2     0.00000
    -18.845        2     0.00000
    -18.695        2     0.00000
    -18.545        2     0.00000
    -18.395        2     0.00000
    -18.245        2     0.00000
    -18.095        2     0.00000
    -17.945        2     0.00000
    -17.795        2     0.00000
    -17.645        2     0.00000
    -17.495        2     0.00000
    -17.345        2     0.00000
    -17.195        2     0.00000
    -17.045        2     0.00000
    -16.895        2     0.00000
    -16.745        2     0.00000
    -16.595        2     0.00000
    -16.445        2     0.00000
    -16.295        2    -0.00129
    -16.145        2    -0.00574
    -15.995        2    -0.03293
    -15.845        2    -0.08439
    -15.695        2    -0.17142
    -15.545        2    -0.29468
    -15.395        2    -0.46309
    -15.245        2    -0.67459
    -15.095        2    -0.93381
    -14.945        2    -1.22664
    -14.795        2    -1.55452
    -14.645        2    -1.91030
    -14.495        2    -2.30085
    -14.345        2    -2.69449
    -14.195        2    -3.11346
    -14.045        2    -3.58242
    -13.895        2    -4.11385
    -13.745        2    -4.71835
    -13.595        2    -5.35899
    -13.445        2    -6.04597
    -13.295        2    -6.77922
    -13.145        2    -7.51914
    -12.995        2    -8.26295
    -12.845        2    -9.01042
    -12.695        2    -9.75146
    -12.545        2   -10.46376
    -12.395        2   -11.14218
    -12.245        2   -11.81009
    -12.095        2   -12.45848
    -11.945        2   -13.07898
    -11.795        2   -13.69356
    -11.645        2   -14.29166
    -11.495        2   -14.87497
    -11.345        2   -15.44078
    -11.195        2   -15.99213
    -11.045        2   -16.52470
    -10.895        2   -17.04680
    -10.745        2   -17.57529
    -10.595        2   -18.13614
    -10.445        2   -18.71725
    -10.295        2   -19.33232
    -10.145        2   -19.98133
    -9.9950        2   -20.66296
    -9.8450        2   -21.38110
    -9.6950        2   -22.12632
    -9.5450        2   -22.92757
    -9.3950        2   -23.79449
    -9.2450        2   -24.73768
    -9.0950        2   -25.76743
    -8.9450        2   -26.91671
    -8.7950        2   -28.18011
    -8.6450        2   -29.58909
    -8.4950        2   -31.11954
    -8.3450        2   -32.81019
    -8.1950        2   -34.60178
    -8.0450        2   -36.48362
    -7.8950        2   -38.47181
    -7.7450        2   -40.52956
    -7.5950        2   -42.66218
    -7.4450        2   -44.85282
    -7.2950        2   -47.09951
    -7.1450        2   -49.40327
    -6.9950        2   -51.77010
    -6.8450        2   -54.22613
    -6.6950        2   -56.73130
    -6.5450        2   -59.28382
    -6.3950        2   -61.88089
    -6.2450        2   -64.50334
    -6.0950        2   -67.15040
    -5.9450        2   -69.78423
    -5.7950        2   -72.43509
    -5.6450        2   -75.07733
    -5.4950        2   -77.69846
    -5.3450        2   -80.28684
    -5.1950        2   -82.89777
    -5.0450        2   -85.50193
    -4.8950        2   -88.10702
    -4.7450        2   -90.71647
    -4.5950        2   -93.37041
    -4.4450        2   -96.05967
    -4.2950        2   -98.79197
    -4.1450        2  -101.59523
    -3.9950        2  -104.46546
    -3.8450        2  -107.43151
    -3.6950        2  -110.46373
    -3.5450        2  -113.60894
    -3.3950        2  -116.86329
    -3.2450        2  -120.25915
    -3.0950        2  -123.79117
    -2.9450        2  -127.49647
    -2.7950        2  -131.39999
    -2.6450        2  -135.53406
    -2.4950        2  -139.93062
    -2.3450        2  -144.65647
    -2.1950        2  -149.80158
    -2.0450        2  -155.47429
    -1.8950        2  -161.79803
    -1.7450        2  -168.93809
    -1.5950        2  -177.00415
    -1.4450        2  -186.01117
    -1.2950        2  -195.80475
    -1.1450        2  -206.29388
   -0.99500        2  -217.33614
   -0.84500        2  -228.86292
   -0.69500        2  -240.97718
   -0.54500        2  -253.98325
   -0.39500        2  -268.83491
   -0.25300        2  -280.26827
   -0.21500        2  -281.05609
   -0.20900        2  -281.85542
   -0.20300        2  -282.66821
   -0.19700        2  -283.49598
   -0.19100        2  -284.33850
   -0.18500        2  -285.19667
   -0.17900        2  -286.06993
   -0.17300        2  -286.96471
   -0.16700        2  -287.87547
   -0.16100        2  -288.80714
   -0.15500        2  -289.76196
   -0.14900        2  -290.74007
   -0.14300        2  -291.74221
   -0.13700        2  -292.77005
   -0.13100        2  -293.82904
   -0.12500        2  -294.91996
   -0.11900        2  -296.04542
   -0.11300        2  -297.21021
   -0.10700        2  -298.41754
   -0.10100        2  -299.67301
   -0.95000E-01    2  -300.98071
   -0.89000E-01    2  -302.34525
   -0.83000E-01    2  -303.77740
   -0.77000E-01    2  -305.28584
   -0.71000E-01    2  -306.88309
   -0.65000E-01    2  -308.58302
   -0.59000E-01    2  -310.40676
   -0.53000E-01    2  -312.38042
   -0.47000E-01    2  -314.54503
   -0.41000E-01    2  -316.95721
   -0.35000E-01    2  -319.71228
   -0.29000E-01    2  -323.00761
   -0.23000E-01    2  -327.15669
   -0.19700E-01    2  -327.62563
   -0.19100E-01    2  -328.10676
   -0.18500E-01    2  -328.60071
   -0.17900E-01    2  -329.10792
   -0.17300E-01    2  -329.62983
   -0.16700E-01    2  -330.16634
   -0.16100E-01    2  -330.71806
   -0.15500E-01    2  -331.28589
   -0.14900E-01    2  -331.87015
   -0.14300E-01    2  -332.47091
   -0.13700E-01    2  -333.08930
   -0.13100E-01    2  -333.72567
   -0.12500E-01    2  -334.38145
   -0.11900E-01    2  -335.05771
   -0.11300E-01    2  -335.75528
   -0.10700E-01    2  -336.47465
   -0.10100E-01    2  -337.21685
   -0.95000E-02    2  -337.98320
   -0.89000E-02    2  -338.77507
   -0.83000E-02    2  -339.59546
   -0.77000E-02    2  -340.44940
   -0.71000E-02    2  -341.34275
   -0.65000E-02    2  -342.27160
   -0.59000E-02    2  -343.22712
   -0.53000E-02    2  -344.19829
   -0.47000E-02    2  -345.16992
   -0.41000E-02    2  -346.12532
   -0.35000E-02    2  -347.03510
   -0.29000E-02    2  -347.84847
   -0.23000E-02    2  -348.53083
   -0.17000E-02    2  -349.05630
   -0.11000E-02    2  -349.40553
   -0.50000E-03    2  -349.56662
    0.10000E-03    2  -349.53429
    0.70000E-03    2  -349.30964
    0.13000E-02    2  -348.90018
    0.19000E-02    2  -348.32027
    0.25000E-02    2  -347.59151
    0.31000E-02    2  -346.74233
    0.37000E-02    2  -345.81301
    0.43000E-02    2  -344.85167
    0.49000E-02    2  -343.88012
    0.55000E-02    2  -342.91450
    0.61000E-02    2  -341.96934
    0.67000E-02    2  -341.05388
    0.73000E-02    2  -340.17606
    0.79000E-02    2  -339.33634
    0.85000E-02    2  -338.52841
    0.91000E-02    2  -337.74718
    0.97000E-02    2  -336.99163
    0.10300E-01    2  -336.25952
    0.10900E-01    2  -335.55068
    0.11500E-01    2  -334.86335
    0.12100E-01    2  -334.19713
    0.12700E-01    2  -333.55060
    0.13300E-01    2  -332.92326
    0.13900E-01    2  -332.31371
    0.14500E-01    2  -331.72183
    0.15100E-01    2  -331.14620
    0.15700E-01    2  -330.58669
    0.16300E-01    2  -330.04302
    0.16900E-01    2  -329.51449
    0.17500E-01    2  -329.00089
    0.18100E-01    2  -328.50157
    0.18700E-01    2  -328.01531
    0.19300E-01    2  -327.54203
    0.20200E-01    2  -325.81391
    0.25000E-01    2  -322.02897
    0.31000E-01    2  -318.99809
    0.37000E-01    2  -316.43222
    0.43000E-01    2  -314.17968
    0.49000E-01    2  -312.16248
    0.55000E-01    2  -310.32918
    0.61000E-01    2  -308.64614
    0.67000E-01    2  -307.08556
    0.73000E-01    2  -305.63311
    0.79000E-01    2  -304.27316
    0.85000E-01    2  -302.99495
    0.91000E-01    2  -301.78895
    0.97000E-01    2  -300.64769
    0.10300        2  -299.56428
    0.10900        2  -298.53331
    0.11500        2  -297.54960
    0.12100        2  -296.60949
    0.12700        2  -295.70897
    0.13300        2  -294.84455
    0.13900        2  -294.01469
    0.14500        2  -293.21591
    0.15100        2  -292.44702
    0.15700        2  -291.70366
    0.16300        2  -290.98625
    0.16900        2  -290.29336
    0.17500        2  -289.62177
    0.18100        2  -288.97092
    0.18700        2  -288.33887
    0.19300        2  -287.72488
    0.19900        2  -287.13008
    0.20500        2  -286.55108
    0.21100        2  -285.98756
    0.21700        2  -285.43861
    0.29500        2  -274.70220
    0.44500        2  -268.27072
    0.59500        2  -263.83680
    0.74500        2  -260.34917
    0.89500        2  -257.40356
     1.0450        2  -254.78463
     1.1950        2  -252.40681
     1.3450        2  -250.21721
     1.4950        2  -248.18897
     1.6450        2  -246.31294
     1.7950        2  -244.56884
     1.9450        2  -242.95585
     2.0950        2  -241.46469
     2.2450        2  -240.08553
     2.3950        2  -238.82687
     2.5450        2  -237.66385
     2.6950        2  -236.59786
     2.8450        2  -235.60866
     2.9950        2  -234.70349
     3.1450        2  -233.87002
     3.2950        2  -233.09993
     3.4450        2  -232.37869
     3.5950        2  -231.72331
     3.7450        2  -231.10747
     3.8950        2  -230.52403
     4.0450        2  -229.97994
     4.1950        2  -229.45893
     4.3450        2  -228.96085
     4.4950        2  -228.47967
     4.6450        2  -228.02169
     4.7950        2  -227.57734
     4.9450        2  -227.14745
     5.0950        2  -226.73580
     5.2450        2  -226.33681
     5.3950        2  -225.94698
     5.5450        2  -225.57093
     5.6950        2  -225.20478
     5.8450        2  -224.84889
     5.9950        2  -224.50455
     6.1450        2  -224.16623
     6.2950        2  -223.83720
     6.4450        2  -223.51526
     6.5950        2  -223.20091
     6.7450        2  -222.89159
     6.8950        2  -222.59196
     7.0450        2  -222.29595
     7.1950        2  -222.00821
     7.3450        2  -221.72785
     7.4950        2  -221.44919
     7.6450        2  -221.17818
     7.7950        2  -220.91035
     7.9450        2  -220.65073
     8.0950        2  -220.39516
     8.2450        2  -220.14371
     8.3950        2  -219.89638
     8.5450        2  -219.65400
     8.6950        2  -219.41456
     8.8450        2  -219.18074
     8.9950        2  -218.94990
     9.1450        2  -218.72259
     9.2950        2  -218.49951
     9.4450        2  -218.27875
     9.5950        2  -218.06285
     9.7450        2  -217.84929
     9.8950        2  -217.63880
     10.045        2  -217.43149
     10.195        2  -217.22756
     10.345        2  -217.02491
     10.495        2  -216.82755
     10.645        2  -216.63185
     10.795        2  -216.43891
     10.945        2  -216.24964
     11.095        2  -216.06319
     11.245        2  -215.87842
     11.395        2  -215.69721
     11.545        2  -215.51457
     11.695        2  -215.33561
     11.845        2  -215.15943
     11.995        2  -214.98499
     12.145        2  -214.81437
     12.295        2  -214.64605
     12.445        2  -214.47718
     12.595        2  -214.31152
     12.745        2  -214.14784
     12.895        2  -213.98581
     13.045        2  -213.82577
     13.195        2  -213.66788
     13.345        2  -213.51185
     13.495        2  -213.35746
     13.645        2  -213.20495
     13.795        2  -213.05365
     13.945        2  -212.90501
     14.095        2  -212.75704
     14.245        2  -212.61042
     14.395        2  -212.46705
     14.545        2  -212.32299
     14.695        2  -212.17978
     14.845        2  -212.03801
     14.995        2  -211.89767
     15.145        2  -211.75829
     15.295        2  -211.62106
     15.445        2  -211.48658
     15.595        2  -211.35135
     15.745        2  -211.21918
     15.895        2  -211.08824
     16.045        2  -210.95822
     16.195        2  -210.82912
     16.345        2  -210.70066
     16.495        2  -210.57465
     16.645        2  -210.44835
     16.795        2  -210.32253
     16.945        2  -210.19854
     17.095        2  -210.07637
     17.245        2  -209.95601
     17.395        2  -209.83573
     17.545        2  -209.71702
     17.695        2  -209.59854
     17.845        2  -209.47987
     17.995        2  -209.36359
     18.145        2  -209.24769
     18.295        2  -209.13215
     18.445        2  -209.01850
     18.595        2  -208.90601
     18.745        2  -208.79479
     18.895        2  -208.68476
     19.045        2  -208.57458
     19.195        2  -208.46574
     19.345        2  -208.35688
     19.495        2  -208.25011
     19.645        2  -208.14473
     19.795        2  -208.03876
     19.945        2  -207.93318
     20.095        2  -207.82844
     21.836        2  -204.66163
     30.068        2  -199.97679
     42.097        2  -195.32017
     58.937        2  -190.70915
     82.515        2  -186.15221
     115.53        2  -181.66591
     161.74        2  -177.26262
     226.45        2  -172.94751
     317.04        2  -168.73099
     443.87        2  -164.61260
     621.44        2  -160.58660
     870.05        2  -156.65956
     1218.1        2  -152.83464
     1705.4        2  -149.10906
     2387.7        2  -145.47771
     3342.9        2  -141.93525
     4680.2        2  -138.48438
     6552.5        2  -135.11783
     9173.8        2  -131.84067
     12844.        2  -128.65670
     17982.        2  -125.56663
     25176.        2  -122.58458
     35247.        2  -119.70235
     49348.        2  -116.93259
     69090.        2  -114.27872
     96729.        2  -111.74592
    0.13543E+06    2  -109.32618
    0.18960E+06    2  -107.01651
    0.26545E+06    2  -104.81541
    0.37165E+06    2  -102.71710
    0.52033E+06    2  -100.72024
    0.72849E+06    2   -98.81835
    0.10199E+07    2   -97.00862
    0.14279E+07    2   -95.28917
    0.19992E+07    2   -93.65237
    0.27990E+07    2   -92.09481
    0.39187E+07    2   -90.61504
    0.54864E+07    2   -89.20673
    0.76812E+07    2   -87.87081
    0.10754E+08    2   -86.59888
    0.15056E+08    2   -85.38980
    0.21080E+08    2   -84.24185
    0.29513E+08    2   -83.15175
    0.41319E+08    2   -82.12511
    0.57849E+08    2   -81.16697
    0.80991E+08    2   -80.27955
    0.11339E+09    2   -79.45504
    0.15875E+09    2   -78.68734
    0.22226E+09    2   -77.97108
    0.31118E+09    2   -77.30326
    0.43567E+09    2   -76.67772
    0.60996E+09    2   -76.10440
    0.85398E+09    2   -75.58580
    0.11956E+10    2   -75.11196
    0.16739E+10    2   -74.67670
    0.23436E+10    2   -74.27803
    0.32811E+10    2   -73.90957
    0.45937E+10    2   -73.57229
    0.64315E+10    2   -73.26252
    0.90044E+10    2   -72.97721
    0.12607E+11    2   -72.71495
    0.17650E+11    2   -72.47364
    0.24711E+11    2   -72.25256
    0.34596E+11    2   -72.04904
    0.48437E+11    2   -71.86134
    0.67814E+11    2   -71.68940
    0.10000E+12    2   -69.72439
