    -29.945        1     0.00000
    -29.795        1     0.00000
    -29.645        1     0.00000
    -29.495        1     0.00000
    -29.345        1     0.00000
    -29.195        1     0.00000
    -29.045        1     0.00000
    -28.895        1     0.00000
    -28.745        1     0.00000
    -28.595        1     0.00000
    -28.445        1     0.00000
    -28.295        1     0.00000
    -28.145        1     0.00000
    -27.995        1     0.00000
    -27.845        1     0.00000
    -27.695        1     0.00000
    -27.545        1     0.00000
    -27.395        1     0.00000
    -27.245        1     0.00000
    -27.095        1     0.00000
    -26.945        1     0.00000
    -26.795        1     0.00000
    -26.645        1     0.00000
    -26.495        1     0.00000
    -26.345        1     0.00000
    -26.195        1     0.00000
    -26.045        1     0.00000
    -25.895        1     0.00000
    -25.745        1     0.00000
    -25.595        1     0.00000
    -25.445        1     0.00000
    -25.295        1     0.00000
    -25.145        1     0.00000
    -24.995        1     0.00000
    -24.845        1     0.00000
    -24.695        1     0.00000
    -24.545        1     0.00000
    -24.395        1     0.00000
    -24.245        1     0.00000
    -24.095        1     0.00000
    -23.945        1     0.00000
    -23.795        1     0.00000
    -23.645        1     0.00000
    -23.495        1     0.00000
    -23.345        1     0.00000
    -23.195        1     0.00000
    -23.045        1     0.00000
    -22.895        1     0.00000
    -22.745        1     0.00000
    -22.595        1     0.00000
    -22.445        1     0.00000
    -22.295        1     0.00000
    -22.145        1     0.00000
    -21.995        1     0.00000
    -21.845        1     0.00000
    -21.695        1     0.00000
    -21.545        1    -0.00015
    -21.395        1    -0.00015
    -21.245        1    -0.00030
    -21.095        1    -0.00046
    -20.945        1    -0.00061
    -20.795        1    -0.00076
    -20.645        1    -0.00120
    -20.495        1    -0.00226
    -20.345        1    -0.00366
    -20.195        1    -0.00531
    -20.045        1    -0.00723
    -19.895        1    -0.01144
    -19.745        1    -0.01770
    -19.595        1    -0.02632
    -19.445        1    -0.03728
    -19.295        1    -0.05407
    -19.145        1    -0.07345
    -18.995        1    -0.09992
    -18.845        1    -0.13103
    -18.695        1    -0.16449
    -18.545        1    -0.20582
    -18.395        1    -0.24630
    -18.245        1    -0.28851
    -18.095        1    -0.33767
    -17.945        1    -0.38987
    -17.795        1    -0.44681
    -17.645        1    -0.50931
    -17.495        1    -0.57436
    -17.345        1    -0.64012
    -17.195        1    -0.71957
    -17.045        1    -0.79675
    -16.895        1    -0.87530
    -16.745        1    -0.96812
    -16.595        1    -1.06979
    -16.445        1    -1.17084
    -16.295        1    -1.28760
    -16.145        1    -1.41056
    -15.995        1    -1.54900
    -15.845        1    -1.70627
    -15.695        1    -1.86703
    -15.545        1    -2.04300
    -15.395        1    -2.23821
    -15.245        1    -2.45362
    -15.095        1    -2.68730
    -14.945        1    -2.93788
    -14.795        1    -3.20089
    -14.645        1    -3.47618
    -14.495        1    -3.77033
    -14.345        1    -4.08251
    -14.195        1    -4.41238
    -14.045        1    -4.75130
    -13.895        1    -5.10013
    -13.745        1    -5.45286
    -13.595        1    -5.82680
    -13.445        1    -6.19206
    -13.295        1    -6.55451
    -13.145        1    -6.91288
    -12.995        1    -7.28217
    -12.845        1    -7.65429
    -12.695        1    -8.03010
    -12.545        1    -8.39961
    -12.395        1    -8.75445
    -12.245        1    -9.11533
    -12.095        1    -9.46696
    -11.945        1    -9.81377
    -11.795        1   -10.14064
    -11.645        1   -10.46740
    -11.495        1   -10.79474
    -11.345        1   -11.12321
    -11.195        1   -11.44990
    -11.045        1   -11.77025
    -10.895        1   -12.08804
    -10.745        1   -12.40062
    -10.595        1   -12.70615
    -10.445        1   -13.02045
    -10.295        1   -13.31545
    -10.145        1   -13.61869
    -9.9950        1   -13.91217
    -9.8450        1   -14.20210
    -9.6950        1   -14.49075
    -9.5450        1   -14.77847
    -9.3950        1   -15.06370
    -9.2450        1   -15.34991
    -9.0950        1   -15.62601
    -8.9450        1   -15.89723
    -8.7950        1   -16.16975
    -8.6450        1   -16.44136
    -8.4950        1   -16.71008
    -8.3450        1   -16.97913
    -8.1950        1   -17.24744
    -8.0450        1   -17.51437
    -7.8950        1   -17.78912
    -7.7450        1   -18.05529
    -7.5950        1   -18.31727
    -7.4450        1   -18.58555
    -7.2950        1   -18.84841
    -7.1450        1   -19.11842
    -6.9950        1   -19.38170
    -6.8450        1   -19.65324
    -6.6950        1   -19.92355
    -6.5450        1   -20.19640
    -6.3950        1   -20.46304
    -6.2450        1   -20.73571
    -6.0950        1   -21.01520
    -5.9450        1   -21.29070
    -5.7950        1   -21.56480
    -5.6450        1   -21.84393
    -5.4950        1   -22.12206
    -5.3450        1   -22.40228
    -5.1950        1   -22.69205
    -5.0450        1   -22.98232
    -4.8950        1   -23.27570
    -4.7450        1   -23.57622
    -4.5950        1   -23.88008
    -4.4450        1   -24.19651
    -4.2950        1   -24.52535
    -4.1450        1   -24.86733
    -3.9950        1   -25.22153
    -3.8450        1   -25.59038
    -3.6950        1   -25.97670
    -3.5450        1   -26.38468
    -3.3950        1   -26.80716
    -3.2450        1   -27.26044
    -3.0950        1   -27.73504
    -2.9450        1   -28.24051
    -2.7950        1   -28.77718
    -2.6450        1   -29.35430
    -2.4950        1   -29.96354
    -2.3450        1   -30.60113
    -2.1950        1   -31.25986
    -2.0450        1   -31.91899
    -1.8950        1   -32.58894
    -1.7450        1   -33.25229
    -1.5950        1   -33.91035
    -1.4450        1   -34.56384
    -1.2950        1   -35.21145
    -1.1450        1   -35.85598
   -0.99500        1   -36.50752
   -0.84500        1   -37.17641
   -0.69500        1   -37.88890
   -0.54500        1   -38.68331
   -0.39500        1   -39.62410
   -0.25300        1   -40.35239
   -0.21500        1   -40.40197
   -0.20900        1   -40.45204
   -0.20300        1   -40.50296
   -0.19700        1   -40.55471
   -0.19100        1   -40.60725
   -0.18500        1   -40.66071
   -0.17900        1   -40.71491
   -0.17300        1   -40.76991
   -0.16700        1   -40.82601
   -0.16100        1   -40.88293
   -0.15500        1   -40.94094
   -0.14900        1   -41.00062
   -0.14300        1   -41.06161
   -0.13700        1   -41.12402
   -0.13100        1   -41.18760
   -0.12500        1   -41.25310
   -0.11900        1   -41.32018
   -0.11300        1   -41.38952
   -0.10700        1   -41.46106
   -0.10100        1   -41.53476
   -0.95000E-01    1   -41.61095
   -0.89000E-01    1   -41.68990
   -0.83000E-01    1   -41.77226
   -0.77000E-01    1   -41.85821
   -0.71000E-01    1   -41.94832
   -0.65000E-01    1   -42.04330
   -0.59000E-01    1   -42.14374
   -0.53000E-01    1   -42.25137
   -0.47000E-01    1   -42.36800
   -0.41000E-01    1   -42.49573
   -0.35000E-01    1   -42.63930
   -0.29000E-01    1   -42.80524
   -0.23000E-01    1   -43.00598
   -0.19700E-01    1   -43.02832
   -0.19100E-01    1   -43.05121
   -0.18500E-01    1   -43.07460
   -0.17900E-01    1   -43.09848
   -0.17300E-01    1   -43.12292
   -0.16700E-01    1   -43.14795
   -0.16100E-01    1   -43.17353
   -0.15500E-01    1   -43.19987
   -0.14900E-01    1   -43.22673
   -0.14300E-01    1   -43.25429
   -0.13700E-01    1   -43.28248
   -0.13100E-01    1   -43.31121
   -0.12500E-01    1   -43.34059
   -0.11900E-01    1   -43.37062
   -0.11300E-01    1   -43.40123
   -0.10700E-01    1   -43.43243
   -0.10100E-01    1   -43.46415
   -0.95000E-02    1   -43.49634
   -0.89000E-02    1   -43.52895
   -0.83000E-02    1   -43.56182
   -0.77000E-02    1   -43.59476
   -0.71000E-02    1   -43.62769
   -0.65000E-02    1   -43.66046
   -0.59000E-02    1   -43.69283
   -0.53000E-02    1   -43.72466
   -0.47000E-02    1   -43.75559
   -0.41000E-02    1   -43.78487
   -0.35000E-02    1   -43.81172
   -0.29000E-02    1   -43.83527
   -0.23000E-02    1   -43.85479
   -0.17000E-02    1   -43.86974
   -0.11000E-02    1   -43.87971
   -0.50000E-03    1   -43.88433
    0.10000E-03    1   -43.88340
    0.70000E-03    1   -43.87697
    0.13000E-02    1   -43.86531
    0.19000E-02    1   -43.84879
    0.25000E-02    1   -43.82791
    0.31000E-02    1   -43.80316
    0.37000E-02    1   -43.77539
    0.43000E-02    1   -43.74544
    0.49000E-02    1   -43.71415
    0.55000E-02    1   -43.68212
    0.61000E-02    1   -43.64970
    0.67000E-02    1   -43.61720
    0.73000E-02    1   -43.58478
    0.79000E-02    1   -43.55271
    0.85000E-02    1   -43.52095
    0.91000E-02    1   -43.48989
    0.97000E-02    1   -43.45934
    0.10300E-01    1   -43.42955
    0.10900E-01    1   -43.40063
    0.11500E-01    1   -43.37240
    0.12100E-01    1   -43.34512
    0.12700E-01    1   -43.31849
    0.13300E-01    1   -43.29262
    0.13900E-01    1   -43.26766
    0.14500E-01    1   -43.24328
    0.15100E-01    1   -43.21947
    0.15700E-01    1   -43.19614
    0.16300E-01    1   -43.17363
    0.16900E-01    1   -43.15146
    0.17500E-01    1   -43.12954
    0.18100E-01    1   -43.10799
    0.18700E-01    1   -43.08701
    0.19300E-01    1   -43.06623
    0.20200E-01    1   -42.98971
    0.25000E-01    1   -42.81337
    0.31000E-01    1   -42.66267
    0.37000E-01    1   -42.52982
    0.43000E-01    1   -42.41069
    0.49000E-01    1   -42.30210
    0.55000E-01    1   -42.20221
    0.61000E-01    1   -42.10975
    0.67000E-01    1   -42.02333
    0.73000E-01    1   -41.94273
    0.79000E-01    1   -41.86691
    0.85000E-01    1   -41.79542
    0.91000E-01    1   -41.72792
    0.97000E-01    1   -41.66404
    0.10300        1   -41.60363
    0.10900        1   -41.54603
    0.11500        1   -41.49103
    0.12100        1   -41.43874
    0.12700        1   -41.38930
    0.13300        1   -41.34213
    0.13900        1   -41.29703
    0.14500        1   -41.25383
    0.15100        1   -41.21283
    0.15700        1   -41.17303
    0.16300        1   -41.13517
    0.16900        1   -41.09853
    0.17500        1   -41.06364
    0.18100        1   -41.03008
    0.18700        1   -40.99742
    0.19300        1   -40.96589
    0.19900        1   -40.93528
    0.20500        1   -40.90622
    0.21100        1   -40.87811
    0.21700        1   -40.85055
    0.29500        1   -40.34161
    0.44500        1   -40.08213
    0.59500        1   -39.92258
    0.74500        1   -39.80348
    0.89500        1   -39.70292
     1.0450        1   -39.61602
     1.1950        1   -39.53629
     1.3450        1   -39.46239
     1.4950        1   -39.39374
     1.6450        1   -39.32971
     1.7950        1   -39.26723
     1.9450        1   -39.20708
     2.0950        1   -39.15206
     2.2450        1   -39.09840
     2.3950        1   -39.04688
     2.5450        1   -38.99929
     2.6950        1   -38.95330
     2.8450        1   -38.91101
     2.9950        1   -38.87160
     3.1450        1   -38.83303
     3.2950        1   -38.79818
     3.4450        1   -38.76440
     3.5950        1   -38.73310
     3.7450        1   -38.70459
     3.8950        1   -38.67700
     4.0450        1   -38.65222
     4.1950        1   -38.62718
     4.3450        1   -38.60490
     4.4950        1   -38.58369
     4.6450        1   -38.56413
     4.7950        1   -38.54457
     4.9450        1   -38.52702
     5.0950        1   -38.50914
     5.2450        1   -38.49261
     5.3950        1   -38.47638
     5.5450        1   -38.46116
     5.6950        1   -38.44633
     5.8450        1   -38.43112
     5.9950        1   -38.41727
     6.1450        1   -38.40380
     6.2950        1   -38.39065
     6.4450        1   -38.37824
     6.5950        1   -38.36605
     6.7450        1   -38.35404
     6.8950        1   -38.34222
     7.0450        1   -38.33042
     7.1950        1   -38.31876
     7.3450        1   -38.30729
     7.4950        1   -38.29593
     7.6450        1   -38.28517
     7.7950        1   -38.27463
     7.9450        1   -38.26392
     8.0950        1   -38.25361
     8.2450        1   -38.24343
     8.3950        1   -38.23332
     8.5450        1   -38.22379
     8.6950        1   -38.21390
     8.8450        1   -38.20419
     8.9950        1   -38.19481
     9.1450        1   -38.18500
     9.2950        1   -38.17565
     9.4450        1   -38.16636
     9.5950        1   -38.15737
     9.7450        1   -38.14825
     9.8950        1   -38.13959
     10.045        1   -38.13073
     10.195        1   -38.12220
     10.345        1   -38.11408
     10.495        1   -38.10570
     10.645        1   -38.09758
     10.795        1   -38.08941
     10.945        1   -38.08159
     11.095        1   -38.07352
     11.245        1   -38.06573
     11.395        1   -38.05779
     11.545        1   -38.05003
     11.695        1   -38.04225
     11.845        1   -38.03472
     11.995        1   -38.02741
     12.145        1   -38.02000
     12.295        1   -38.01292
     12.445        1   -38.00568
     12.595        1   -37.99840
     12.745        1   -37.99143
     12.895        1   -37.98460
     13.045        1   -37.97782
     13.195        1   -37.97076
     13.345        1   -37.96414
     13.495        1   -37.95735
     13.645        1   -37.95069
     13.795        1   -37.94417
     13.945        1   -37.93768
     14.095        1   -37.93109
     14.245        1   -37.92480
     14.395        1   -37.91865
     14.545        1   -37.91261
     14.695        1   -37.90644
     14.845        1   -37.90058
     14.995        1   -37.89467
     15.145        1   -37.88860
     15.295        1   -37.88271
     15.445        1   -37.87682
     15.595        1   -37.87096
     15.745        1   -37.86516
     15.895        1   -37.85948
     16.045        1   -37.85389
     16.195        1   -37.84837
     16.345        1   -37.84280
     16.495        1   -37.83734
     16.645        1   -37.83193
     16.795        1   -37.82647
     16.945        1   -37.82110
     17.095        1   -37.81585
     17.245        1   -37.81070
     17.395        1   -37.80537
     17.545        1   -37.80052
     17.695        1   -37.79558
     17.845        1   -37.79042
     17.995        1   -37.78526
     18.145        1   -37.78003
     18.295        1   -37.77486
     18.445        1   -37.76973
     18.595        1   -37.76462
     18.745        1   -37.75964
     18.895        1   -37.75443
     19.045        1   -37.74965
     19.195        1   -37.74490
     19.345        1   -37.74008
     19.495        1   -37.73525
     19.645        1   -37.73053
     19.795        1   -37.72593
     19.945        1   -37.72151
     20.095        1   -37.71657
     20.245        1   -37.71181
     20.395        1   -37.70726
     20.545        1   -37.70259
     20.695        1   -37.69815
     20.845        1   -37.69358
     20.995        1   -37.68926
     21.145        1   -37.68483
     21.295        1   -37.68049
     21.445        1   -37.67615
     21.595        1   -37.67169
     21.745        1   -37.66723
     21.895        1   -37.66274
     22.045        1   -37.65839
     22.195        1   -37.65418
     22.345        1   -37.64991
     22.495        1   -37.64562
     22.645        1   -37.64142
     22.795        1   -37.63725
     22.945        1   -37.63320
     23.095        1   -37.62908
     23.245        1   -37.62501
     23.395        1   -37.62118
     23.545        1   -37.61729
     23.695        1   -37.61325
     23.845        1   -37.60927
     23.995        1   -37.60532
     24.145        1   -37.60155
     24.295        1   -37.59766
     24.445        1   -37.59375
     24.595        1   -37.58990
     24.745        1   -37.58585
     24.895        1   -37.58184
     25.045        1   -37.57804
     25.195        1   -37.57423
     25.345        1   -37.57043
     25.495        1   -37.56672
     25.645        1   -37.56315
     25.795        1   -37.55941
     25.945        1   -37.55571
     26.095        1   -37.55175
     26.245        1   -37.54785
     26.395        1   -37.54426
     26.545        1   -37.54071
     26.695        1   -37.53726
     26.845        1   -37.53374
     26.995        1   -37.53019
     27.145        1   -37.52677
     27.295        1   -37.52337
     27.445        1   -37.51979
     27.595        1   -37.51654
     27.745        1   -37.51306
     27.895        1   -37.50960
     28.045        1   -37.50612
     28.195        1   -37.50272
     28.345        1   -37.49924
     28.495        1   -37.49584
     28.645        1   -37.49249
     28.795        1   -37.48918
     28.945        1   -37.48586
     29.095        1   -37.48261
     29.245        1   -37.47936
     29.395        1   -37.47614
     29.545        1   -37.47291
     29.695        1   -37.46972
     29.845        1   -37.46664
     29.995        1   -37.46347
     30.145        1   -37.46045
     30.295        1   -37.45739
     30.445        1   -37.45412
     30.595        1   -37.45110
     30.745        1   -37.44791
     30.895        1   -37.44483
     31.045        1   -37.44193
     31.195        1   -37.43882
     31.345        1   -37.43579
     31.495        1   -37.43270
     31.645        1   -37.42965
     31.795        1   -37.42660
     31.945        1   -37.42358
     32.095        1   -37.42071
     32.245        1   -37.41769
     32.395        1   -37.41486
     32.545        1   -37.41192
     32.695        1   -37.40888
     32.845        1   -37.40599
     32.995        1   -37.40304
     33.145        1   -37.39995
     33.295        1   -37.39705
     33.445        1   -37.39419
     33.595        1   -37.39121
     33.745        1   -37.38834
     33.895        1   -37.38537
     34.045        1   -37.38243
     34.195        1   -37.37957
     34.345        1   -37.37676
     34.495        1   -37.37406
     34.645        1   -37.37125
     34.795        1   -37.36849
     34.945        1   -37.36558
     35.095        1   -37.36281
     35.245        1   -37.35992
     35.395        1   -37.35715
     35.545        1   -37.35424
     35.695        1   -37.35155
     35.845        1   -37.34896
     35.995        1   -37.34626
     36.145        1   -37.34360
     36.295        1   -37.34084
     36.445        1   -37.33816
     36.595        1   -37.33544
     36.745        1   -37.33279
     36.895        1   -37.33011
     37.045        1   -37.32750
     37.195        1   -37.32480
     37.345        1   -37.32234
     37.495        1   -37.31978
     37.645        1   -37.31704
     37.795        1   -37.31450
     37.945        1   -37.31183
     38.095        1   -37.30927
     38.245        1   -37.30689
     38.395        1   -37.30434
     38.545        1   -37.30178
     38.695        1   -37.29925
     38.845        1   -37.29675
     38.995        1   -37.29432
     39.145        1   -37.29183
     39.295        1   -37.28933
     39.445        1   -37.28693
     39.595        1   -37.28452
     39.745        1   -37.28206
     39.895        1   -37.27969
     40.045        1   -37.27709
     40.195        1   -37.27473
     40.345        1   -37.27229
     40.495        1   -37.26995
     40.645        1   -37.26752
     40.795        1   -37.26509
     40.945        1   -37.26274
     41.095        1   -37.26044
     41.245        1   -37.25811
     41.395        1   -37.25584
     41.545        1   -37.25341
     41.695        1   -37.25104
     41.845        1   -37.24872
     41.995        1   -37.24647
     42.145        1   -37.24402
     42.295        1   -37.24160
     42.445        1   -37.23936
     42.595        1   -37.23716
     42.745        1   -37.23486
     42.895        1   -37.23261
     43.045        1   -37.23036
     43.195        1   -37.22811
     43.345        1   -37.22575
     43.495        1   -37.22353
     43.645        1   -37.22130
     43.795        1   -37.21904
     43.945        1   -37.21689
     44.095        1   -37.21465
     44.245        1   -37.21249
     44.395        1   -37.21031
     44.545        1   -37.20811
     44.695        1   -37.20591
     44.845        1   -37.20380
     44.995        1   -37.20177
     45.145        1   -37.19959
     45.295        1   -37.19740
     45.445        1   -37.19525
     45.595        1   -37.19314
     45.745        1   -37.19100
     45.895        1   -37.18899
     46.045        1   -37.18693
     46.195        1   -37.18484
     46.345        1   -37.18283
     46.495        1   -37.18064
     46.645        1   -37.17865
     46.795        1   -37.17651
     46.945        1   -37.17451
     47.095        1   -37.17247
     47.245        1   -37.17027
     47.395        1   -37.16825
     47.545        1   -37.16620
     47.695        1   -37.16410
     47.845        1   -37.16218
     47.995        1   -37.16018
     48.145        1   -37.15814
     48.295        1   -37.15618
     48.445        1   -37.15414
     48.595        1   -37.15217
     48.745        1   -37.15027
     48.895        1   -37.14829
     49.045        1   -37.14628
     49.195        1   -37.14420
     49.345        1   -37.14230
     49.495        1   -37.14036
     49.645        1   -37.13843
     49.795        1   -37.13649
     49.945        1   -37.13450
     50.095        1   -37.13248
     50.245        1   -37.13052
     50.395        1   -37.12855
     50.545        1   -37.12656
     50.695        1   -37.12474
     50.845        1   -37.12283
     50.995        1   -37.12090
     51.145        1   -37.11907
     51.295        1   -37.11706
     51.445        1   -37.11509
     51.595        1   -37.11315
     51.745        1   -37.11119
     51.895        1   -37.10943
     52.045        1   -37.10746
     52.195        1   -37.10551
     52.345        1   -37.10363
     52.495        1   -37.10181
     52.645        1   -37.10006
     52.795        1   -37.09818
     52.945        1   -37.09619
     53.095        1   -37.09427
     53.245        1   -37.09235
     53.395        1   -37.09055
     53.545        1   -37.08877
     53.695        1   -37.08696
     53.845        1   -37.08510
     53.995        1   -37.08313
     54.145        1   -37.08135
     54.295        1   -37.07964
     54.445        1   -37.07783
     54.595        1   -37.07616
     54.745        1   -37.07442
     54.895        1   -37.07262
     55.045        1   -37.07094
     55.195        1   -37.06912
     55.345        1   -37.06733
     55.495        1   -37.06555
     55.645        1   -37.06378
     55.795        1   -37.06211
     55.945        1   -37.06045
     56.095        1   -37.05880
     56.245        1   -37.05707
     56.395        1   -37.05531
     56.545        1   -37.05365
     56.695        1   -37.05204
     56.845        1   -37.05029
     56.995        1   -37.04862
     57.145        1   -37.04682
     57.295        1   -37.04510
     57.445        1   -37.04341
     57.595        1   -37.04163
     57.745        1   -37.03982
     57.895        1   -37.03818
     58.045        1   -37.03650
     58.195        1   -37.03486
     58.345        1   -37.03321
     58.495        1   -37.03160
     58.645        1   -37.02987
     58.795        1   -37.02822
     58.945        1   -37.02649
     59.095        1   -37.02477
     59.245        1   -37.02312
     59.395        1   -37.02151
     59.545        1   -37.01983
     59.695        1   -37.01827
     59.845        1   -37.01662
     59.995        1   -37.01496
     60.145        1   -37.01330
     70.939        1   -36.80262
     97.698        1   -36.59196
     134.55        1   -36.38201
     185.30        1   -36.17375
     255.20        1   -35.96758
     351.46        1   -35.76461
     484.04        1   -35.56393
     666.62        1   -35.36513
     918.07        1   -35.17065
     1264.4        1   -34.97882
     1741.3        1   -34.78991
     2398.1        1   -34.60352
     3302.7        1   -34.42121
     4548.5        1   -34.24099
     6264.3        1   -34.06371
     8627.2        1   -33.89072
     11881.        1   -33.72012
     16363.        1   -33.55224
     22535.        1   -33.38675
     31036.        1   -33.22342
     42743.        1   -33.06276
     58866.        1   -32.90547
     81070.        1   -32.75028
    0.11165E+06    1   -32.59709
    0.15377E+06    1   -32.44569
    0.21177E+06    1   -32.29611
    0.29165E+06    1   -32.14825
    0.40166E+06    1   -32.00176
    0.55317E+06    1   -31.85648
    0.76182E+06    1   -31.71191
    0.10492E+07    1   -31.56762
    0.14449E+07    1   -31.42488
    0.19900E+07    1   -31.28276
    0.27406E+07    1   -31.14104
    0.37744E+07    1   -30.99843
    0.51981E+07    1   -30.85483
    0.71589E+07    1   -30.71099
    0.98593E+07    1   -30.56723
    0.13578E+08    1   -30.42232
    0.18700E+08    1   -30.27719
    0.25754E+08    1   -30.13159
    0.35468E+08    1   -29.98678
    0.48847E+08    1   -29.84420
    0.67273E+08    1   -29.70545
    0.92648E+08    1   -29.57017
    0.12760E+09    1   -29.43832
    0.17573E+09    1   -29.31027
    0.24201E+09    1   -29.18645
    0.33330E+09    1   -29.06665
    0.45902E+09    1   -28.95261
    0.63217E+09    1   -28.84514
    0.87062E+09    1   -28.74442
    0.11990E+10    1   -28.65023
    0.16513E+10    1   -28.56236
    0.22742E+10    1   -28.48040
    0.31320E+10    1   -28.40411
    0.43134E+10    1   -28.33313
    0.59405E+10    1   -28.26685
    0.81813E+10    1   -28.20509
    0.11267E+11    1   -28.14745
    0.15517E+11    1   -28.09416
    0.21371E+11    1   -28.04440
    0.29432E+11    1   -27.99819
    0.40534E+11    1   -27.95509
    0.55823E+11    1   -27.91545
    0.10000E+12    1   -27.41761
    -149.95        2     0.00000
    -149.80        2     0.00000
    -149.65        2     0.00000
    -149.49        2     0.00000
    -149.34        2     0.00000
    -149.20        2     0.00000
    -149.05        2     0.00000
    -148.90        2     0.00000
    -148.74        2     0.00000
    -148.59        2     0.00000
    -148.45        2     0.00000
    -148.30        2     0.00000
    -148.15        2     0.00000
    -147.99        2     0.00000
    -147.84        2     0.00000
    -147.70        2     0.00000
    -147.55        2     0.00000
    -147.40        2     0.00000
    -147.24        2     0.00000
    -147.09        2     0.00000
    -146.95        2     0.00000
    -146.80        2     0.00000
    -146.65        2     0.00000
    -146.49        2     0.00000
    -146.34        2     0.00000
    -146.20        2     0.00000
    -146.05        2     0.00000
    -145.90        2     0.00000
    -145.74        2     0.00000
    -145.59        2     0.00000
    -145.45        2     0.00000
    -145.30        2     0.00000
    -145.15        2     0.00000
    -144.99        2     0.00000
    -144.84        2     0.00000
    -144.70        2     0.00000
    -144.55        2     0.00000
    -144.40        2     0.00000
    -144.24        2     0.00000
    -144.09        2     0.00000
    -143.95        2     0.00000
    -143.80        2     0.00000
    -143.65        2     0.00000
    -143.49        2     0.00000
    -143.34        2     0.00000
    -143.20        2     0.00000
    -143.05        2     0.00000
    -142.90        2     0.00000
    -142.74        2     0.00000
    -142.59        2     0.00000
    -142.45        2     0.00000
    -142.30        2     0.00000
    -142.15        2     0.00000
    -141.99        2     0.00000
    -141.84        2     0.00000
    -141.70        2     0.00000
    -141.55        2     0.00000
    -141.40        2     0.00000
    -141.24        2     0.00000
    -141.09        2     0.00000
    -140.95        2     0.00000
    -140.80        2     0.00000
    -140.65        2     0.00000
    -140.49        2     0.00000
    -140.34        2     0.00000
    -140.20        2     0.00000
    -140.05        2     0.00000
    -139.90        2     0.00000
    -139.74        2     0.00000
    -139.59        2     0.00000
    -139.45        2     0.00000
    -139.30        2     0.00000
    -139.15        2     0.00000
    -138.99        2     0.00000
    -138.84        2     0.00000
    -138.70        2     0.00000
    -138.55        2     0.00000
    -138.40        2     0.00000
    -138.24        2     0.00000
    -138.09        2     0.00000
    -137.95        2     0.00000
    -137.80        2     0.00000
    -137.65        2     0.00000
    -137.49        2     0.00000
    -137.34        2     0.00000
    -137.20        2     0.00000
    -137.05        2     0.00000
    -136.90        2     0.00000
    -136.74        2     0.00000
    -136.59        2     0.00000
    -136.45        2     0.00000
    -136.30        2     0.00000
    -136.15        2     0.00000
    -135.99        2     0.00000
    -135.84        2     0.00000
    -135.70        2     0.00000
    -135.55        2     0.00000
    -135.40        2     0.00000
    -135.24        2     0.00000
    -135.09        2     0.00000
    -134.95        2     0.00000
    -134.80        2     0.00000
    -134.65        2     0.00000
    -134.49        2     0.00000
    -134.34        2     0.00000
    -134.20        2     0.00000
    -134.05        2     0.00000
    -133.90        2     0.00000
    -133.74        2     0.00000
    -133.59        2     0.00000
    -133.45        2     0.00000
    -133.30        2     0.00000
    -133.15        2     0.00000
    -132.99        2     0.00000
    -132.84        2     0.00000
    -132.70        2     0.00000
    -132.55        2     0.00000
    -132.40        2     0.00000
    -132.24        2     0.00000
    -132.09        2     0.00000
    -131.95        2     0.00000
    -131.80        2     0.00000
    -131.65        2     0.00000
    -131.49        2     0.00000
    -131.34        2     0.00000
    -131.20        2     0.00000
    -131.05        2     0.00000
    -130.90        2     0.00000
    -130.74        2     0.00000
    -130.59        2     0.00000
    -130.45        2     0.00000
    -130.30        2     0.00000
    -130.15        2     0.00000
    -129.99        2     0.00000
    -129.84        2     0.00000
    -129.70        2     0.00000
    -129.55        2     0.00000
    -129.40        2     0.00000
    -129.24        2     0.00000
    -129.09        2     0.00000
    -128.95        2     0.00000
    -128.80        2     0.00000
    -128.65        2     0.00000
    -128.49        2     0.00000
    -128.34        2     0.00000
    -128.20        2     0.00000
    -128.05        2     0.00000
    -127.89        2     0.00000
    -127.75        2     0.00000
    -127.60        2     0.00000
    -127.44        2     0.00000
    -127.30        2     0.00000
    -127.14        2     0.00000
    -127.00        2     0.00000
    -126.85        2     0.00000
    -126.69        2     0.00000
    -126.55        2     0.00000
    -126.39        2     0.00000
    -126.25        2     0.00000
    -126.10        2     0.00000
    -125.94        2     0.00000
    -125.80        2     0.00000
    -125.64        2     0.00000
    -125.50        2     0.00000
    -125.35        2     0.00000
    -125.19        2     0.00000
    -125.05        2     0.00000
    -124.89        2     0.00000
    -124.75        2     0.00000
    -124.60        2     0.00000
    -124.44        2     0.00000
    -124.30        2     0.00000
    -124.14        2     0.00000
    -124.00        2     0.00000
    -123.85        2     0.00000
    -123.69        2     0.00000
    -123.55        2     0.00000
    -123.39        2     0.00000
    -123.25        2     0.00000
    -123.10        2     0.00000
    -122.94        2     0.00000
    -122.80        2     0.00000
    -122.64        2     0.00000
    -122.50        2     0.00000
    -122.35        2     0.00000
    -122.19        2     0.00000
    -122.05        2     0.00000
    -121.89        2     0.00000
    -121.75        2     0.00000
    -121.60        2     0.00000
    -121.44        2     0.00000
    -121.30        2     0.00000
    -121.14        2     0.00000
    -121.00        2     0.00000
    -120.85        2     0.00000
    -120.69        2     0.00000
    -120.55        2     0.00000
    -120.39        2     0.00000
    -120.25        2     0.00000
    -120.10        2     0.00000
    -119.94        2     0.00000
    -119.80        2     0.00000
    -119.64        2     0.00000
    -119.50        2     0.00000
    -119.35        2     0.00000
    -119.19        2     0.00000
    -119.05        2     0.00000
    -118.89        2     0.00000
    -118.75        2     0.00000
    -118.60        2     0.00000
    -118.44        2     0.00000
    -118.30        2     0.00000
    -118.14        2     0.00000
    -118.00        2     0.00000
    -117.85        2     0.00000
    -117.69        2     0.00000
    -117.55        2     0.00000
    -117.39        2     0.00000
    -117.25        2     0.00000
    -117.10        2     0.00000
    -116.94        2     0.00000
    -116.80        2     0.00000
    -116.64        2     0.00000
    -116.50        2     0.00000
    -116.35        2     0.00000
    -116.19        2     0.00000
    -116.05        2     0.00000
    -115.89        2     0.00000
    -115.75        2     0.00000
    -115.60        2     0.00000
    -115.44        2     0.00000
    -115.30        2     0.00000
    -115.14        2     0.00000
    -115.00        2     0.00000
    -114.85        2     0.00000
    -114.69        2     0.00000
    -114.55        2     0.00000
    -114.39        2     0.00000
    -114.25        2     0.00000
    -114.10        2     0.00000
    -113.94        2     0.00000
    -113.80        2     0.00000
    -113.64        2     0.00000
    -113.50        2     0.00000
    -113.35        2     0.00000
    -113.19        2     0.00000
    -113.05        2     0.00000
    -112.89        2     0.00000
    -112.75        2     0.00000
    -112.60        2     0.00000
    -112.44        2     0.00000
    -112.30        2     0.00000
    -112.14        2     0.00000
    -112.00        2     0.00000
    -111.85        2     0.00000
    -111.69        2     0.00000
    -111.55        2     0.00000
    -111.39        2     0.00000
    -111.25        2     0.00000
    -111.10        2     0.00000
    -110.94        2     0.00000
    -110.80        2     0.00000
    -110.64        2     0.00000
    -110.50        2     0.00000
    -110.35        2     0.00000
    -110.19        2     0.00000
    -110.05        2     0.00000
    -109.89        2     0.00000
    -109.75        2     0.00000
    -109.60        2     0.00000
    -109.44        2     0.00000
    -109.30        2     0.00000
    -109.14        2     0.00000
    -109.00        2     0.00000
    -108.85        2     0.00000
    -108.69        2     0.00000
    -108.55        2     0.00000
    -108.39        2     0.00000
    -108.25        2     0.00000
    -108.10        2     0.00000
    -107.94        2     0.00000
    -107.80        2     0.00000
    -107.64        2     0.00000
    -107.50        2     0.00000
    -107.35        2     0.00000
    -107.19        2     0.00000
    -107.05        2     0.00000
    -106.89        2     0.00000
    -106.75        2     0.00000
    -106.60        2     0.00000
    -106.44        2     0.00000
    -106.30        2     0.00000
    -106.14        2     0.00000
    -106.00        2     0.00000
    -105.85        2     0.00000
    -105.69        2     0.00000
    -105.55        2     0.00000
    -105.39        2     0.00000
    -105.25        2     0.00000
    -105.10        2     0.00000
    -104.94        2     0.00000
    -104.80        2     0.00000
    -104.64        2     0.00000
    -104.50        2     0.00000
    -104.35        2     0.00000
    -104.19        2     0.00000
    -104.05        2     0.00000
    -103.89        2     0.00000
    -103.75        2     0.00000
    -103.60        2     0.00000
    -103.44        2     0.00000
    -103.30        2     0.00000
    -103.14        2     0.00000
    -103.00        2     0.00000
    -102.85        2     0.00000
    -102.69        2     0.00000
    -102.55        2     0.00000
    -102.39        2     0.00000
    -102.25        2     0.00000
    -102.10        2     0.00000
    -101.94        2     0.00000
    -101.80        2     0.00000
    -101.64        2     0.00000
    -101.50        2     0.00000
    -101.35        2     0.00000
    -101.19        2     0.00000
    -101.05        2     0.00000
    -100.89        2     0.00000
    -100.75        2     0.00000
    -100.60        2     0.00000
    -100.44        2     0.00000
    -100.30        2     0.00000
    -100.14        2     0.00000
    -99.995        2     0.00000
    -99.845        2     0.00000
    -99.695        2     0.00000
    -99.545        2     0.00000
    -99.395        2     0.00000
    -99.245        2     0.00000
    -99.095        2     0.00000
    -98.945        2     0.00000
    -98.795        2     0.00000
    -98.645        2     0.00000
    -98.495        2     0.00000
    -98.345        2     0.00000
    -98.195        2     0.00000
    -98.045        2     0.00000
    -97.895        2     0.00000
    -97.745        2     0.00000
    -97.595        2     0.00000
    -97.445        2     0.00000
    -97.295        2     0.00000
    -97.145        2     0.00000
    -96.995        2     0.00000
    -96.845        2     0.00000
    -96.695        2     0.00000
    -96.545        2     0.00000
    -96.395        2     0.00000
    -96.245        2     0.00000
    -96.095        2     0.00000
    -95.945        2     0.00000
    -95.795        2     0.00000
    -95.645        2     0.00000
    -95.495        2     0.00000
    -95.345        2     0.00000
    -95.195        2     0.00000
    -95.045        2     0.00000
    -94.895        2     0.00000
    -94.745        2     0.00000
    -94.595        2     0.00000
    -94.445        2     0.00000
    -94.295        2     0.00000
    -94.145        2     0.00000
    -93.995        2     0.00000
    -93.845        2     0.00000
    -93.695        2     0.00000
    -93.545        2     0.00000
    -93.395        2     0.00000
    -93.245        2     0.00000
    -93.095        2     0.00000
    -92.945        2     0.00000
    -92.795        2     0.00000
    -92.645        2     0.00000
    -92.495        2     0.00000
    -92.345        2     0.00000
    -92.195        2     0.00000
    -92.045        2     0.00000
    -91.895        2     0.00000
    -91.745        2     0.00000
    -91.595        2     0.00000
    -91.445        2     0.00000
    -91.295        2     0.00000
    -91.145        2     0.00000
    -90.995        2     0.00000
    -90.845        2     0.00000
    -90.695        2     0.00000
    -90.545        2     0.00000
    -90.395        2     0.00000
    -90.245        2     0.00000
    -90.095        2     0.00000
    -89.945        2     0.00000
    -89.795        2     0.00000
    -89.645        2     0.00000
    -89.495        2     0.00000
    -89.345        2     0.00000
    -89.195        2     0.00000
    -89.045        2     0.00000
    -88.895        2     0.00000
    -88.745        2     0.00000
    -88.595        2     0.00000
    -88.445        2     0.00000
    -88.295        2     0.00000
    -88.145        2     0.00000
    -87.995        2     0.00000
    -87.845        2     0.00000
    -87.695        2     0.00000
    -87.545        2     0.00000
    -87.395        2     0.00000
    -87.245        2     0.00000
    -87.095        2     0.00000
    -86.945        2     0.00000
    -86.795        2     0.00000
    -86.645        2     0.00000
    -86.495        2     0.00000
    -86.345        2     0.00000
    -86.195        2     0.00000
    -86.045        2     0.00000
    -85.895        2     0.00000
    -85.745        2     0.00000
    -85.595        2     0.00000
    -85.445        2     0.00000
    -85.295        2     0.00000
    -85.145        2     0.00000
    -84.995        2     0.00000
    -84.845        2     0.00000
    -84.695        2     0.00000
    -84.545        2     0.00000
    -84.395        2     0.00000
    -84.245        2     0.00000
    -84.095        2     0.00000
    -83.945        2     0.00000
    -83.795        2     0.00000
    -83.645        2     0.00000
    -83.495        2     0.00000
    -83.345        2     0.00000
    -83.195        2     0.00000
    -83.045        2     0.00000
    -82.895        2     0.00000
    -82.745        2     0.00000
    -82.595        2     0.00000
    -82.445        2     0.00000
    -82.295        2     0.00000
    -82.145        2     0.00000
    -81.995        2     0.00000
    -81.845        2     0.00000
    -81.695        2     0.00000
    -81.545        2     0.00000
    -81.395        2     0.00000
    -81.245        2     0.00000
    -81.095        2     0.00000
    -80.945        2     0.00000
    -80.795        2     0.00000
    -80.645        2     0.00000
    -80.495        2     0.00000
    -80.345        2     0.00000
    -80.195        2     0.00000
    -80.045        2     0.00000
    -79.895        2     0.00000
    -79.745        2     0.00000
    -79.595        2     0.00000
    -79.445        2     0.00000
    -79.295        2     0.00000
    -79.145        2     0.00000
    -78.995        2     0.00000
    -78.845        2     0.00000
    -78.695        2     0.00000
    -78.545        2     0.00000
    -78.395        2     0.00000
    -78.245        2     0.00000
    -78.095        2     0.00000
    -77.945        2     0.00000
    -77.795        2     0.00000
    -77.645        2     0.00000
    -77.495        2     0.00000
    -77.345        2     0.00000
    -77.195        2     0.00000
    -77.045        2     0.00000
    -76.895        2     0.00000
    -76.745        2     0.00000
    -76.595        2     0.00000
    -76.445        2     0.00000
    -76.295        2     0.00000
    -76.145        2     0.00000
    -75.995        2     0.00000
    -75.845        2     0.00000
    -75.695        2     0.00000
    -75.545        2     0.00000
    -75.395        2     0.00000
    -75.245        2     0.00000
    -75.095        2     0.00000
    -74.945        2     0.00000
    -74.795        2     0.00000
    -74.645        2     0.00000
    -74.495        2     0.00000
    -74.345        2     0.00000
    -74.195        2     0.00000
    -74.045        2     0.00000
    -73.895        2     0.00000
    -73.745        2     0.00000
    -73.595        2     0.00000
    -73.445        2     0.00000
    -73.295        2     0.00000
    -73.145        2     0.00000
    -72.995        2     0.00000
    -72.845        2     0.00000
    -72.695        2     0.00000
    -72.545        2     0.00000
    -72.395        2     0.00000
    -72.245        2     0.00000
    -72.095        2     0.00000
    -71.945        2     0.00000
    -71.795        2     0.00000
    -71.645        2     0.00000
    -71.495        2     0.00000
    -71.345        2     0.00000
    -71.195        2     0.00000
    -71.045        2     0.00000
    -70.895        2     0.00000
    -70.745        2     0.00000
    -70.595        2     0.00000
    -70.445        2     0.00000
    -70.295        2     0.00000
    -70.145        2     0.00000
    -69.995        2     0.00000
    -69.845        2     0.00000
    -69.695        2     0.00000
    -69.545        2     0.00000
    -69.395        2     0.00000
    -69.245        2     0.00000
    -69.095        2     0.00000
    -68.945        2     0.00000
    -68.795        2     0.00000
    -68.645        2     0.00000
    -68.495        2     0.00000
    -68.345        2     0.00000
    -68.195        2     0.00000
    -68.045        2     0.00000
    -67.895        2     0.00000
    -67.745        2     0.00000
    -67.595        2     0.00000
    -67.445        2     0.00000
    -67.295        2     0.00000
    -67.145        2     0.00000
    -66.995        2     0.00000
    -66.845        2     0.00000
    -66.695        2     0.00000
    -66.545        2     0.00000
    -66.395        2     0.00000
    -66.245        2     0.00000
    -66.095        2     0.00000
    -65.945        2     0.00000
    -65.795        2     0.00000
    -65.645        2     0.00000
    -65.495        2     0.00000
    -65.345        2     0.00000
    -65.195        2     0.00000
    -65.045        2     0.00000
    -64.895        2     0.00000
    -64.745        2     0.00000
    -64.595        2     0.00000
    -64.445        2     0.00000
    -64.295        2     0.00000
    -64.145        2     0.00000
    -63.995        2     0.00000
    -63.845        2     0.00000
    -63.695        2     0.00000
    -63.545        2     0.00000
    -63.395        2     0.00000
    -63.245        2     0.00000
    -63.095        2     0.00000
    -62.945        2     0.00000
    -62.795        2     0.00000
    -62.645        2     0.00000
    -62.495        2     0.00000
    -62.345        2     0.00000
    -62.195        2     0.00000
    -62.045        2     0.00000
    -61.895        2     0.00000
    -61.745        2     0.00000
    -61.595        2     0.00000
    -61.445        2     0.00000
    -61.295        2     0.00000
    -61.145        2     0.00000
    -60.995        2     0.00000
    -60.845        2     0.00000
    -60.695        2     0.00000
    -60.545        2     0.00000
    -60.395        2     0.00000
    -60.245        2     0.00000
    -60.095        2     0.00000
    -59.945        2     0.00000
    -59.795        2     0.00000
    -59.645        2     0.00000
    -59.495        2     0.00000
    -59.345        2     0.00000
    -59.195        2     0.00000
    -59.045        2     0.00000
    -58.895        2     0.00000
    -58.745        2     0.00000
    -58.595        2     0.00000
    -58.445        2     0.00000
    -58.295        2     0.00000
    -58.145        2     0.00000
    -57.995        2     0.00000
    -57.845        2     0.00000
    -57.695        2     0.00000
    -57.545        2     0.00000
    -57.395        2     0.00000
    -57.245        2     0.00000
    -57.095        2     0.00000
    -56.945        2     0.00000
    -56.795        2     0.00000
    -56.645        2     0.00000
    -56.495        2     0.00000
    -56.345        2     0.00000
    -56.195        2     0.00000
    -56.045        2     0.00000
    -55.895        2     0.00000
    -55.745        2     0.00000
    -55.595        2     0.00000
    -55.445        2     0.00000
    -55.295        2     0.00000
    -55.145        2     0.00000
    -54.995        2     0.00000
    -54.845        2     0.00000
    -54.695        2     0.00000
    -54.545        2     0.00000
    -54.395        2     0.00000
    -54.245        2     0.00000
    -54.095        2     0.00000
    -53.945        2     0.00000
    -53.795        2     0.00000
    -53.645        2     0.00000
    -53.495        2     0.00000
    -53.345        2     0.00000
    -53.195        2     0.00000
    -53.045        2     0.00000
    -52.895        2     0.00000
    -52.745        2     0.00000
    -52.595        2     0.00000
    -52.445        2     0.00000
    -52.295        2     0.00000
    -52.145        2     0.00000
    -51.995        2     0.00000
    -51.845        2     0.00000
    -51.695        2     0.00000
    -51.545        2     0.00000
    -51.395        2     0.00000
    -51.245        2     0.00000
    -51.095        2     0.00000
    -50.945        2     0.00000
    -50.795        2     0.00000
    -50.645        2     0.00000
    -50.495        2     0.00000
    -50.345        2     0.00000
    -50.195        2     0.00000
    -50.045        2     0.00000
    -49.895        2     0.00000
    -49.745        2     0.00000
    -49.595        2     0.00000
    -49.445        2     0.00000
    -49.295        2     0.00000
    -49.145        2     0.00000
    -48.995        2     0.00000
    -48.845        2     0.00000
    -48.695        2     0.00000
    -48.545        2     0.00000
    -48.395        2     0.00000
    -48.245        2     0.00000
    -48.095        2     0.00000
    -47.945        2     0.00000
    -47.795        2     0.00000
    -47.645        2     0.00000
    -47.495        2     0.00000
    -47.345        2     0.00000
    -47.195        2     0.00000
    -47.045        2     0.00000
    -46.895        2     0.00000
    -46.745        2     0.00000
    -46.595        2     0.00000
    -46.445        2     0.00000
    -46.295        2     0.00000
    -46.145        2     0.00000
    -45.995        2     0.00000
    -45.845        2     0.00000
    -45.695        2     0.00000
    -45.545        2     0.00000
    -45.395        2     0.00000
    -45.245        2     0.00000
    -45.095        2     0.00000
    -44.945        2     0.00000
    -44.795        2     0.00000
    -44.645        2     0.00000
    -44.495        2     0.00000
    -44.345        2     0.00000
    -44.195        2     0.00000
    -44.045        2     0.00000
    -43.895        2     0.00000
    -43.745        2     0.00000
    -43.595        2     0.00000
    -43.445        2     0.00000
    -43.295        2     0.00000
    -43.145        2     0.00000
    -42.995        2     0.00000
    -42.845        2     0.00000
    -42.695        2     0.00000
    -42.545        2     0.00000
    -42.395        2     0.00000
    -42.245        2     0.00000
    -42.095        2     0.00000
    -41.945        2     0.00000
    -41.795        2     0.00000
    -41.645        2     0.00000
    -41.495        2     0.00000
    -41.345        2     0.00000
    -41.195        2     0.00000
    -41.045        2     0.00000
    -40.895        2     0.00000
    -40.745        2     0.00000
    -40.595        2     0.00000
    -40.445        2     0.00000
    -40.295        2     0.00000
    -40.145        2     0.00000
    -39.995        2     0.00000
    -39.845        2     0.00000
    -39.695        2     0.00000
    -39.545        2     0.00000
    -39.395        2     0.00000
    -39.245        2     0.00000
    -39.095        2     0.00000
    -38.945        2     0.00000
    -38.795        2     0.00000
    -38.645        2     0.00000
    -38.495        2     0.00000
    -38.345        2     0.00000
    -38.195        2     0.00000
    -38.045        2     0.00000
    -37.895        2     0.00000
    -37.745        2     0.00000
    -37.595        2     0.00000
    -37.445        2     0.00000
    -37.295        2     0.00000
    -37.145        2     0.00000
    -36.995        2     0.00000
    -36.845        2     0.00000
    -36.695        2     0.00000
    -36.545        2     0.00000
    -36.395        2     0.00000
    -36.245        2     0.00000
    -36.095        2     0.00000
    -35.945        2     0.00000
    -35.795        2     0.00000
    -35.645        2     0.00000
    -35.495        2     0.00000
    -35.345        2     0.00000
    -35.195        2     0.00000
    -35.045        2     0.00000
    -34.895        2     0.00000
    -34.745        2     0.00000
    -34.595        2     0.00000
    -34.445        2     0.00000
    -34.295        2     0.00000
    -34.145        2     0.00000
    -33.995        2     0.00000
    -33.845        2     0.00000
    -33.695        2     0.00000
    -33.545        2     0.00000
    -33.395        2     0.00000
    -33.245        2     0.00000
    -33.095        2     0.00000
    -32.945        2     0.00000
    -32.795        2     0.00000
    -32.645        2     0.00000
    -32.495        2     0.00000
    -32.345        2     0.00000
    -32.195        2     0.00000
    -32.045        2     0.00000
    -31.895        2     0.00000
    -31.745        2     0.00000
    -31.595        2     0.00000
    -31.445        2     0.00000
    -31.295        2     0.00000
    -31.145        2     0.00000
    -30.995        2     0.00000
    -30.845        2     0.00000
    -30.695        2     0.00000
    -30.545        2     0.00000
    -30.395        2     0.00000
    -30.245        2     0.00000
    -30.095        2     0.00000
    -29.945        2     0.00000
    -29.795        2     0.00000
    -29.645        2     0.00000
    -29.495        2     0.00000
    -29.345        2     0.00000
    -29.195        2     0.00000
    -29.045        2     0.00000
    -28.895        2     0.00000
    -28.745        2     0.00000
    -28.595        2     0.00000
    -28.445        2     0.00000
    -28.295        2     0.00000
    -28.145        2     0.00000
    -27.995        2     0.00000
    -27.845        2     0.00000
    -27.695        2     0.00000
    -27.545        2     0.00000
    -27.395        2     0.00000
    -27.245        2     0.00000
    -27.095        2     0.00000
    -26.945        2     0.00000
    -26.795        2     0.00000
    -26.645        2     0.00000
    -26.495        2     0.00000
    -26.345        2     0.00000
    -26.195        2     0.00000
    -26.045        2     0.00000
    -25.895        2     0.00000
    -25.745        2     0.00000
    -25.595        2     0.00000
    -25.445        2     0.00000
    -25.295        2     0.00000
    -25.145        2     0.00000
    -24.995        2     0.00000
    -24.845        2     0.00000
    -24.695        2     0.00000
    -24.545        2     0.00000
    -24.395        2     0.00000
    -24.245        2     0.00000
    -24.095        2     0.00000
    -23.945        2     0.00000
    -23.795        2     0.00000
    -23.645        2     0.00000
    -23.495        2     0.00000
    -23.345        2     0.00000
    -23.195        2     0.00000
    -23.045        2     0.00000
    -22.895        2     0.00000
    -22.745        2     0.00000
    -22.595        2     0.00000
    -22.445        2     0.00000
    -22.295        2     0.00000
    -22.145        2     0.00000
    -21.995        2     0.00000
    -21.845        2     0.00000
    -21.695        2     0.00000
    -21.545        2     0.00000
    -21.395        2     0.00000
    -21.245        2     0.00000
    -21.095        2     0.00000
    -20.945        2     0.00000
    -20.795        2     0.00000
    -20.645        2     0.00000
    -20.495        2     0.00000
    -20.345        2     0.00000
    -20.195        2     0.00000
    -20.045        2     0.00000
    -19.895        2     0.00000
    -19.745        2     0.00000
    -19.595        2     0.00000
    -19.445        2     0.00000
    -19.295        2     0.00000
    -19.145        2     0.00000
    -18.995        2     0.00000
    -18.845        2     0.00000
    -18.695        2     0.00000
    -18.545        2     0.00000
    -18.395        2     0.00000
    -18.245        2     0.00000
    -18.095        2     0.00000
    -17.945        2     0.00000
    -17.795        2     0.00000
    -17.645        2     0.00000
    -17.495        2     0.00000
    -17.345        2     0.00000
    -17.195        2     0.00000
    -17.045        2     0.00000
    -16.895        2     0.00000
    -16.745        2     0.00000
    -16.595        2     0.00000
    -16.445        2     0.00000
    -16.295        2     0.00000
    -16.145        2     0.00000
    -15.995        2     0.00000
    -15.845        2     0.00000
    -15.695        2     0.00000
    -15.545        2     0.00000
    -15.395        2     0.00000
    -15.245        2     0.00000
    -15.095        2     0.00000
    -14.945        2    -0.00010
    -14.795        2    -0.00269
    -14.645        2    -0.02134
    -14.495        2    -0.07744
    -14.345        2    -0.20072
    -14.195        2    -0.40346
    -14.045        2    -0.72313
    -13.895        2    -1.18380
    -13.745        2    -1.77195
    -13.595        2    -2.48221
    -13.445        2    -3.30361
    -13.295        2    -4.22929
    -13.145        2    -5.22488
    -12.995        2    -6.30826
    -12.845        2    -7.42133
    -12.695        2    -8.56587
    -12.545        2    -9.71997
    -12.395        2   -10.85648
    -12.245        2   -11.98601
    -12.095        2   -13.08951
    -11.945        2   -14.15017
    -11.795        2   -15.19075
    -11.645        2   -16.20106
    -11.495        2   -17.18730
    -11.345        2   -18.13798
    -11.195        2   -19.06749
    -11.045        2   -19.99030
    -10.895        2   -20.89077
    -10.745        2   -21.78950
    -10.595        2   -22.65589
    -10.445        2   -23.50719
    -10.295        2   -24.35276
    -10.145        2   -25.22600
    -9.9950        2   -26.08954
    -9.8450        2   -27.01495
    -9.6950        2   -27.98003
    -9.5450        2   -28.98259
    -9.3950        2   -30.04528
    -9.2450        2   -31.16253
    -9.0950        2   -32.34823
    -8.9450        2   -33.57584
    -8.7950        2   -34.86379
    -8.6450        2   -36.23653
    -8.4950        2   -37.70607
    -8.3450        2   -39.28900
    -8.1950        2   -40.97814
    -8.0450        2   -42.78888
    -7.8950        2   -44.72506
    -7.7450        2   -46.75262
    -7.5950        2   -48.85989
    -7.4450        2   -51.06144
    -7.2950        2   -53.32431
    -7.1450        2   -55.65814
    -6.9950        2   -58.04695
    -6.8450        2   -60.52618
    -6.6950        2   -63.04723
    -6.5450        2   -65.61056
    -6.3950        2   -68.17050
    -6.2450        2   -70.76871
    -6.0950        2   -73.33508
    -5.9450        2   -75.88720
    -5.7950        2   -78.41420
    -5.6450        2   -80.90487
    -5.4950        2   -83.35093
    -5.3450        2   -85.75433
    -5.1950        2   -88.12481
    -5.0450        2   -90.44840
    -4.8950        2   -92.72260
    -4.7450        2   -94.98325
    -4.5950        2   -97.23290
    -4.4450        2   -99.49770
    -4.2950        2  -101.77142
    -4.1450        2  -104.09070
    -3.9950        2  -106.47564
    -3.8450        2  -108.97662
    -3.6950        2  -111.61965
    -3.5450        2  -114.39876
    -3.3950        2  -117.34904
    -3.2450        2  -120.48524
    -3.0950        2  -123.80752
    -2.9450        2  -127.33180
    -2.7950        2  -131.07362
    -2.6450        2  -135.05717
    -2.4950        2  -139.32829
    -2.3450        2  -143.95005
    -2.1950        2  -149.02004
    -2.0450        2  -154.68792
    -1.8950        2  -161.06973
    -1.7450        2  -168.30386
    -1.5950        2  -176.54234
    -1.4450        2  -185.87400
    -1.2950        2  -196.23456
    -1.1450        2  -207.42197
   -0.99500        2  -219.26668
   -0.84500        2  -231.64692
   -0.69500        2  -244.56161
   -0.54500        2  -258.31737
   -0.39500        2  -273.89338
   -0.25300        2  -285.76859
   -0.21500        2  -286.58478
   -0.20900        2  -287.41450
   -0.20300        2  -288.25579
   -0.19700        2  -289.11395
   -0.19100        2  -289.98614
   -0.18500        2  -290.87385
   -0.17900        2  -291.77872
   -0.17300        2  -292.70133
   -0.16700        2  -293.64377
   -0.16100        2  -294.60393
   -0.15500        2  -295.58650
   -0.14900        2  -296.59269
   -0.14300        2  -297.62073
   -0.13700        2  -298.67488
   -0.13100        2  -299.75522
   -0.12500        2  -300.86768
   -0.11900        2  -302.01039
   -0.11300        2  -303.18796
   -0.10700        2  -304.40357
   -0.10100        2  -305.66383
   -0.95000E-01    2  -306.96663
   -0.89000E-01    2  -308.32328
   -0.83000E-01    2  -309.74181
   -0.77000E-01    2  -311.22909
   -0.71000E-01    2  -312.79744
   -0.65000E-01    2  -314.45596
   -0.59000E-01    2  -316.22114
   -0.53000E-01    2  -318.10865
   -0.47000E-01    2  -320.13818
   -0.41000E-01    2  -322.34533
   -0.35000E-01    2  -324.78168
   -0.29000E-01    2  -327.53043
   -0.23000E-01    2  -330.75634
   -0.19700E-01    2  -331.11124
   -0.19100E-01    2  -331.47420
   -0.18500E-01    2  -331.84575
   -0.17900E-01    2  -332.22678
   -0.17300E-01    2  -332.61740
   -0.16700E-01    2  -333.01870
   -0.16100E-01    2  -333.43170
   -0.15500E-01    2  -333.85729
   -0.14900E-01    2  -334.29663
   -0.14300E-01    2  -334.75091
   -0.13700E-01    2  -335.22173
   -0.13100E-01    2  -335.71032
   -0.12500E-01    2  -336.21860
   -0.11900E-01    2  -336.74817
   -0.11300E-01    2  -337.30116
   -0.10700E-01    2  -337.87938
   -0.10100E-01    2  -338.48458
   -0.95000E-02    2  -339.11892
   -0.89000E-02    2  -339.78496
   -0.83000E-02    2  -340.48360
   -0.77000E-02    2  -341.21619
   -0.71000E-02    2  -341.98068
   -0.65000E-02    2  -342.77513
   -0.59000E-02    2  -343.59799
   -0.53000E-02    2  -344.44720
   -0.47000E-02    2  -345.31730
   -0.41000E-02    2  -346.19758
   -0.35000E-02    2  -347.07280
   -0.29000E-02    2  -347.93201
   -0.23000E-02    2  -348.74429
   -0.17000E-02    2  -349.43677
   -0.11000E-02    2  -349.92877
   -0.50000E-03    2  -350.16634
    0.10000E-03    2  -350.11791
    0.70000E-03    2  -349.79101
    0.13000E-02    2  -349.22564
    0.19000E-02    2  -348.48460
    0.25000E-02    2  -347.65147
    0.31000E-02    2  -346.78782
    0.37000E-02    2  -345.92861
    0.43000E-02    2  -345.09258
    0.49000E-02    2  -344.28903
    0.55000E-02    2  -343.52946
    0.61000E-02    2  -342.81547
    0.67000E-02    2  -342.14626
    0.73000E-02    2  -341.51429
    0.79000E-02    2  -340.91202
    0.85000E-02    2  -340.33178
    0.91000E-02    2  -339.77274
    0.97000E-02    2  -339.23060
    0.10300E-01    2  -338.70556
    0.10900E-01    2  -338.19697
    0.11500E-01    2  -337.70310
    0.12100E-01    2  -337.22473
    0.12700E-01    2  -336.76152
    0.13300E-01    2  -336.31197
    0.13900E-01    2  -335.87447
    0.14500E-01    2  -335.44861
    0.15100E-01    2  -335.03346
    0.15700E-01    2  -334.62828
    0.16300E-01    2  -334.23328
    0.16900E-01    2  -333.84751
    0.17500E-01    2  -333.47103
    0.18100E-01    2  -333.10249
    0.18700E-01    2  -332.74239
    0.19300E-01    2  -332.38996
    0.20200E-01    2  -331.08600
    0.25000E-01    2  -328.09957
    0.31000E-01    2  -325.53212
    0.37000E-01    2  -323.26179
    0.43000E-01    2  -321.21667
    0.49000E-01    2  -319.35640
    0.55000E-01    2  -317.65166
    0.61000E-01    2  -316.08341
    0.67000E-01    2  -314.63578
    0.73000E-01    2  -313.29558
    0.79000E-01    2  -312.04437
    0.85000E-01    2  -310.86933
    0.91000E-01    2  -309.76023
    0.97000E-01    2  -308.71109
    0.10300        2  -307.71144
    0.10900        2  -306.76019
    0.11500        2  -305.85061
    0.12100        2  -304.97837
    0.12700        2  -304.14163
    0.13300        2  -303.33655
    0.13900        2  -302.56125
    0.14500        2  -301.81242
    0.15100        2  -301.08969
    0.15700        2  -300.39161
    0.16300        2  -299.71665
    0.16900        2  -299.06423
    0.17500        2  -298.43234
    0.18100        2  -297.81917
    0.18700        2  -297.22618
    0.19300        2  -296.65025
    0.19900        2  -296.09316
    0.20500        2  -295.55185
    0.21100        2  -295.02715
    0.21700        2  -294.51697
    0.29500        2  -284.63009
    0.44500        2  -278.53869
    0.59500        2  -274.05119
    0.74500        2  -270.43616
    0.89500        2  -267.34512
     1.0450        2  -264.60520
     1.1950        2  -262.10092
     1.3450        2  -259.78573
     1.4950        2  -257.63619
     1.6450        2  -255.63836
     1.7950        2  -253.79263
     1.9450        2  -252.07198
     2.0950        2  -250.49991
     2.2450        2  -249.03389
     2.3950        2  -247.70884
     2.5450        2  -246.49478
     2.6950        2  -245.38419
     2.8450        2  -244.37361
     2.9950        2  -243.44355
     3.1450        2  -242.59285
     3.2950        2  -241.81279
     3.4450        2  -241.09832
     3.5950        2  -240.41947
     3.7450        2  -239.78627
     3.8950        2  -239.18863
     4.0450        2  -238.61857
     4.1950        2  -238.08363
     4.3450        2  -237.57104
     4.4950        2  -237.08205
     4.6450        2  -236.61209
     4.7950        2  -236.15872
     4.9450        2  -235.72629
     5.0950        2  -235.30362
     5.2450        2  -234.89235
     5.3950        2  -234.49978
     5.5450        2  -234.11306
     5.6950        2  -233.73660
     5.8450        2  -233.37388
     5.9950        2  -233.01974
     6.1450        2  -232.67291
     6.2950        2  -232.33715
     6.4450        2  -232.00934
     6.5950        2  -231.69122
     6.7450        2  -231.37762
     6.8950        2  -231.06864
     7.0450        2  -230.76802
     7.1950        2  -230.47420
     7.3450        2  -230.18618
     7.4950        2  -229.90688
     7.6450        2  -229.63221
     7.7950        2  -229.36339
     7.9450        2  -229.09704
     8.0950        2  -228.83613
     8.2450        2  -228.58120
     8.3950        2  -228.33122
     8.5450        2  -228.08509
     8.6950        2  -227.84303
     8.8450        2  -227.60356
     8.9950        2  -227.37117
     9.1450        2  -227.14298
     9.2950        2  -226.91370
     9.4450        2  -226.69209
     9.5950        2  -226.47216
     9.7450        2  -226.25596
     9.8950        2  -226.04458
     10.045        2  -225.83409
     10.195        2  -225.62746
     10.345        2  -225.42508
     10.495        2  -225.22465
     10.645        2  -225.02741
     10.795        2  -224.83357
     10.945        2  -224.64079
     11.095        2  -224.45035
     11.245        2  -224.26334
     11.395        2  -224.07771
     11.545        2  -223.89515
     11.695        2  -223.71562
     11.845        2  -223.53814
     11.995        2  -223.36113
     12.145        2  -223.18689
     12.295        2  -223.01664
     12.445        2  -222.84684
     12.595        2  -222.68040
     12.745        2  -222.51410
     12.895        2  -222.35134
     13.045        2  -222.18866
     13.195        2  -222.02908
     13.345        2  -221.87072
     13.495        2  -221.71418
     13.645        2  -221.55964
     13.795        2  -221.40735
     13.945        2  -221.25557
     14.095        2  -221.10600
     14.245        2  -220.95929
     14.395        2  -220.81308
     14.545        2  -220.66785
     14.695        2  -220.52464
     14.845        2  -220.38442
     14.995        2  -220.24276
     15.145        2  -220.10287
     15.295        2  -219.96565
     15.445        2  -219.82662
     15.595        2  -219.69267
     15.745        2  -219.55861
     15.895        2  -219.42620
     16.045        2  -219.29585
     16.195        2  -219.16633
     16.345        2  -219.03851
     16.495        2  -218.91215
     16.645        2  -218.78490
     16.795        2  -218.65968
     16.945        2  -218.53487
     17.095        2  -218.41042
     17.245        2  -218.28726
     17.395        2  -218.16621
     17.545        2  -218.04698
     17.695        2  -217.92663
     17.845        2  -217.80872
     17.995        2  -217.69168
     18.145        2  -217.57632
     18.295        2  -217.46175
     18.445        2  -217.34821
     18.595        2  -217.23466
     18.745        2  -217.12177
     18.895        2  -217.00894
     19.045        2  -216.89792
     19.195        2  -216.78763
     19.345        2  -216.67809
     19.495        2  -216.56901
     19.645        2  -216.46141
     19.795        2  -216.35536
     19.945        2  -216.25040
     20.095        2  -216.14463
     21.836        2  -212.95855
     30.068        2  -208.23534
     42.097        2  -203.55125
     58.937        2  -198.92218
     82.515        2  -194.34410
     115.53        2  -189.84519
     161.74        2  -185.42527
     226.45        2  -181.09487
     317.04        2  -176.84887
     443.87        2  -172.69759
     621.44        2  -168.65234
     870.05        2  -164.71270
     1218.1        2  -160.86497
     1705.4        2  -157.10589
     2387.7        2  -153.43894
     3342.9        2  -149.85610
     4680.2        2  -146.37207
     6552.5        2  -142.97939
     9173.8        2  -139.67907
     12844.        2  -136.46955
     17982.        2  -133.36331
     25176.        2  -130.35418
     35247.        2  -127.45278
     49348.        2  -124.65969
     69090.        2  -121.98342
     96729.        2  -119.42580
    0.13543E+06    2  -116.98354
    0.18960E+06    2  -114.65230
    0.26545E+06    2  -112.43295
    0.37165E+06    2  -110.32035
    0.52033E+06    2  -108.30932
    0.72849E+06    2  -106.39370
    0.10199E+07    2  -104.57086
    0.14279E+07    2  -102.83441
    0.19992E+07    2  -101.18539
    0.27990E+07    2   -99.61428
    0.39187E+07    2   -98.11874
    0.54864E+07    2   -96.69848
    0.76812E+07    2   -95.35061
    0.10754E+08    2   -94.06849
    0.15056E+08    2   -92.84856
    0.21080E+08    2   -91.69101
    0.29513E+08    2   -90.59037
    0.41319E+08    2   -89.55278
    0.57849E+08    2   -88.58631
    0.80991E+08    2   -87.69129
    0.11339E+09    2   -86.86288
    0.15875E+09    2   -86.09045
    0.22226E+09    2   -85.36854
    0.31118E+09    2   -84.69180
    0.43567E+09    2   -84.06370
    0.60996E+09    2   -83.48626
    0.85398E+09    2   -82.96289
    0.11956E+10    2   -82.48584
    0.16739E+10    2   -82.04774
    0.23436E+10    2   -81.64521
    0.32811E+10    2   -81.27492
    0.45937E+10    2   -80.93418
    0.64315E+10    2   -80.62046
    0.90044E+10    2   -80.33406
    0.12607E+11    2   -80.06932
    0.17650E+11    2   -79.82660
    0.24711E+11    2   -79.60362
    0.34596E+11    2   -79.39780
    0.48437E+11    2   -79.20888
    0.67814E+11    2   -79.03526
    0.10000E+12    2   -77.05029
