    -29.945         0.00000
    -29.795         0.00000
    -29.645         0.00000
    -29.495         0.00000
    -29.345         0.00000
    -29.195         0.00000
    -29.045         0.00000
    -28.895         0.00000
    -28.745         0.00000
    -28.595         0.00000
    -28.445         0.00000
    -28.295         0.00000
    -28.145         0.00000
    -27.995         0.00000
    -27.845         0.00000
    -27.695         0.00000
    -27.545         0.00000
    -27.395         0.00000
    -27.245         0.00000
    -27.095         0.00000
    -26.945         0.00000
    -26.795         0.00000
    -26.645         0.00000
    -26.495         0.00000
    -26.345         0.00000
    -26.195         0.00000
    -26.045         0.00000
    -25.895         0.00000
    -25.745         0.00000
    -25.595         0.00000
    -25.445         0.00000
    -25.295         0.00000
    -25.145         0.00000
    -24.995         0.00000
    -24.845         0.00000
    -24.695         0.00000
    -24.545         0.00000
    -24.395         0.00000
    -24.245         0.00000
    -24.095         0.00000
    -23.945         0.00000
    -23.795         0.00000
    -23.645         0.00000
    -23.495         0.00000
    -23.345         0.00000
    -23.195         0.00000
    -23.045         0.00000
    -22.895         0.00000
    -22.745         0.00000
    -22.595         0.00000
    -22.445         0.00000
    -22.295         0.00000
    -22.145         0.00000
    -21.995         0.00000
    -21.845         0.00000
    -21.695         0.00000
    -21.545         0.00000
    -21.395         0.00000
    -21.245         0.00000
    -21.095         0.00000
    -20.945         0.00000
    -20.795         0.00000
    -20.645         0.00000
    -20.495         0.00000
    -20.345         0.00000
    -20.195         0.00000
    -20.045         0.00000
    -19.895         0.00000
    -19.745         0.00000
    -19.595         0.00000
    -19.445         0.00000
    -19.295         0.00000
    -19.145         0.00000
    -18.995         0.00000
    -18.845         0.00000
    -18.695         0.00000
    -18.545         0.00000
    -18.395         0.00000
    -18.245         0.00000
    -18.095         0.00000
    -17.945         0.00000
    -17.795         0.00000
    -17.645         0.00000
    -17.495         0.00000
    -17.345         0.00000
    -17.195         0.00000
    -17.045         0.00000
    -16.895         0.00000
    -16.745         0.00000
    -16.595         0.00000
    -16.445         0.00000
    -16.295         0.00000
    -16.145         0.00000
    -15.995         0.00000
    -15.845         0.00000
    -15.695        -0.00035
    -15.545        -0.00421
    -15.395        -0.02049
    -15.245        -0.05337
    -15.095        -0.10635
    -14.945        -0.18190
    -14.795        -0.28699
    -14.645        -0.43251
    -14.495        -0.63128
    -14.345        -0.88354
    -14.195        -1.19773
    -14.045        -1.56639
    -13.895        -2.01575
    -13.745        -2.54291
    -13.595        -3.14491
    -13.445        -3.80857
    -13.295        -4.55863
    -13.145        -5.40916
    -12.995        -6.42468
    -12.845        -7.63022
    -12.695        -9.04007
    -12.545       -10.62921
    -12.395       -12.35628
    -12.245       -14.20848
    -12.095       -16.13004
    -11.945       -18.13625
    -11.795       -20.10894
    -11.645       -22.10133
    -11.495       -24.06438
    -11.345       -25.97251
    -11.195       -27.81373
    -11.045       -29.64023
    -10.895       -31.41053
    -10.745       -33.16012
    -10.595       -34.93206
    -10.445       -36.71160
    -10.295       -38.50337
    -10.145       -40.31394
    -9.9950       -42.14979
    -9.8450       -43.97974
    -9.6950       -45.80936
    -9.5450       -47.67140
    -9.3950       -49.54892
    -9.2450       -51.44895
    -9.0950       -53.35848
    -8.9450       -55.27562
    -8.7950       -57.22322
    -8.6450       -59.20386
    -8.4950       -61.21944
    -8.3450       -63.30541
    -8.1950       -65.44731
    -8.0450       -67.63984
    -7.8950       -69.87535
    -7.7450       -72.13606
    -7.5950       -74.43210
    -7.4450       -76.71777
    -7.2950       -79.03963
    -7.1450       -81.35783
    -6.9950       -83.69140
    -6.8450       -86.06616
    -6.6950       -88.43940
    -6.5450       -90.82160
    -6.3950       -93.18029
    -6.2450       -95.53159
    -6.0950       -97.85093
    -5.9450      -100.15862
    -5.7950      -102.41087
    -5.6450      -104.65952
    -5.4950      -106.89157
    -5.3450      -109.14351
    -5.1950      -111.36474
    -5.0450      -113.62326
    -4.8950      -115.90693
    -4.7450      -118.26351
    -4.5950      -120.68250
    -4.4450      -123.18504
    -4.2950      -125.75264
    -4.1450      -128.39463
    -3.9950      -131.14333
    -3.8450      -134.00456
    -3.6950      -136.97679
    -3.5450      -140.06825
    -3.3950      -143.29549
    -3.2450      -146.66204
    -3.0950      -150.17092
    -2.9450      -153.83553
    -2.7950      -157.71234
    -2.6450      -161.78596
    -2.4950      -166.11504
    -2.3450      -170.75262
    -2.1950      -175.79587
    -2.0450      -181.38973
    -1.8950      -187.69032
    -1.7450      -194.73423
    -1.5950      -202.60386
    -1.4450      -211.32157
    -1.2950      -220.89544
    -1.1450      -231.26318
   -0.99500      -242.35631
   -0.84500      -254.01708
   -0.69500      -266.22559
   -0.54500      -279.27686
   -0.39500      -294.05752
   -0.25300      -305.36809
   -0.21500      -306.14721
   -0.20900      -306.93977
   -0.20300      -307.74580
   -0.19700      -308.56723
   -0.19100      -309.40356
   -0.18500      -310.25810
   -0.17900      -311.12696
   -0.17300      -312.01478
   -0.16700      -312.92318
   -0.16100      -313.85192
   -0.15500      -314.80697
   -0.14900      -315.78489
   -0.14300      -316.79119
   -0.13700      -317.82644
   -0.13100      -318.89472
   -0.12500      -319.99783
   -0.11900      -321.14116
   -0.11300      -322.33029
   -0.10700      -323.56677
   -0.10100      -324.85951
   -0.95000E-01  -326.21149
   -0.89000E-01  -327.63516
   -0.83000E-01  -329.13797
   -0.77000E-01  -330.73020
   -0.71000E-01  -332.42836
   -0.65000E-01  -334.25089
   -0.59000E-01  -336.22296
   -0.53000E-01  -338.37974
   -0.47000E-01  -340.76902
   -0.41000E-01  -343.46497
   -0.35000E-01  -346.58471
   -0.29000E-01  -350.36258
   -0.23000E-01  -355.14420
   -0.19700E-01  -355.68935
   -0.19100E-01  -356.25032
   -0.18500E-01  -356.82678
   -0.17900E-01  -357.41946
   -0.17300E-01  -358.02917
   -0.16700E-01  -358.65558
   -0.16100E-01  -359.29976
   -0.15500E-01  -359.96266
   -0.14900E-01  -360.64487
   -0.14300E-01  -361.34745
   -0.13700E-01  -362.07110
   -0.13100E-01  -362.81670
   -0.12500E-01  -363.58485
   -0.11900E-01  -364.37555
   -0.11300E-01  -365.18954
   -0.10700E-01  -366.02717
   -0.10100E-01  -366.88940
   -0.95000E-02  -367.77708
   -0.89000E-02  -368.69137
   -0.83000E-02  -369.63339
   -0.77000E-02  -370.60194
   -0.71000E-02  -371.59169
   -0.65000E-02  -372.59401
   -0.59000E-02  -373.59709
   -0.53000E-02  -374.58644
   -0.47000E-02  -375.54522
   -0.41000E-02  -376.45364
   -0.35000E-02  -377.28325
   -0.29000E-02  -378.00189
   -0.23000E-02  -378.58890
   -0.17000E-02  -379.03226
   -0.11000E-02  -379.32384
   -0.50000E-03  -379.45870
    0.10000E-03  -379.43395
    0.70000E-03  -379.24954
    0.13000E-02  -378.90825
    0.19000E-02  -378.41648
    0.25000E-02  -377.78425
    0.31000E-02  -377.02644
    0.37000E-02  -376.16801
    0.43000E-02  -375.24165
    0.49000E-02  -374.27222
    0.55000E-02  -373.27861
    0.61000E-02  -372.27630
    0.67000E-02  -371.27934
    0.73000E-02  -370.29827
    0.79000E-02  -369.34070
    0.85000E-02  -368.41064
    0.91000E-02  -367.50805
    0.97000E-02  -366.63194
    0.10300E-01  -365.78105
    0.10900E-01  -364.95457
    0.11500E-01  -364.15136
    0.12100E-01  -363.37102
    0.12700E-01  -362.61274
    0.13300E-01  -361.87726
    0.13900E-01  -361.16352
    0.14500E-01  -360.47025
    0.15100E-01  -359.79722
    0.15700E-01  -359.14371
    0.16300E-01  -358.50849
    0.16900E-01  -357.89096
    0.17500E-01  -357.29035
    0.18100E-01  -356.70691
    0.18700E-01  -356.13924
    0.19300E-01  -355.58738
    0.20200E-01  -353.58526
    0.25000E-01  -349.23091
    0.31000E-01  -345.76125
    0.37000E-01  -342.86812
    0.43000E-01  -340.36101
    0.49000E-01  -338.14285
    0.55000E-01  -336.15266
    0.61000E-01  -334.34853
    0.67000E-01  -332.69504
    0.73000E-01  -331.16938
    0.79000E-01  -329.75739
    0.85000E-01  -328.44194
    0.91000E-01  -327.21458
    0.97000E-01  -326.06369
    0.10300      -324.98278
    0.10900      -323.96552
    0.11500      -323.00336
    0.12100      -322.09056
    0.12700      -321.22311
    0.13300      -320.39725
    0.13900      -319.61008
    0.14500      -318.85659
    0.15100      -318.13530
    0.15700      -317.44245
    0.16300      -316.77682
    0.16900      -316.13454
    0.17500      -315.51524
    0.18100      -314.91762
    0.18700      -314.34115
    0.19300      -313.78292
    0.19900      -313.24410
    0.20500      -312.72106
    0.21100      -312.21342
    0.21700      -311.72026
    0.29500      -302.25330
    0.44500      -296.51073
    0.59500      -292.29139
    0.74500      -288.89570
    0.89500      -285.99386
     1.0450      -283.41838
     1.1950      -281.09268
     1.3450      -278.97394
     1.4950      -277.02604
     1.6450      -275.21929
     1.7950      -273.55800
     1.9450      -272.00887
     2.0950      -270.57150
     2.2450      -269.23770
     2.3950      -268.00596
     2.5450      -266.87669
     2.6950      -265.82674
     2.8450      -264.86526
     2.9950      -263.97778
     3.1450      -263.16133
     3.2950      -262.40604
     3.4450      -261.70213
     3.5950      -261.04770
     3.7450      -260.43026
     3.8950      -259.84866
     4.0450      -259.30141
     4.1950      -258.77780
     4.3450      -258.28201
     4.4950      -257.80148
     4.6450      -257.34264
     4.7950      -256.90154
     4.9450      -256.47094
     5.0950      -256.05756
     5.2450      -255.65903
     5.3950      -255.26976
     5.5450      -254.89032
     5.6950      -254.52373
     5.8450      -254.16461
     5.9950      -253.81798
     6.1450      -253.47748
     6.2950      -253.14513
     6.4450      -252.82230
     6.5950      -252.50539
     6.7450      -252.19661
     6.8950      -251.89274
     7.0450      -251.59379
     7.1950      -251.30133
     7.3450      -251.01643
     7.4950      -250.73476
     7.6450      -250.46132
     7.7950      -250.19343
     7.9450      -249.93107
     8.0950      -249.67367
     8.2450      -249.42042
     8.3950      -249.17062
     8.5450      -248.92721
     8.6950      -248.68517
     8.8450      -248.44783
     8.9950      -248.21499
     9.1450      -247.98675
     9.2950      -247.76044
     9.4450      -247.53829
     9.5950      -247.31942
     9.7450      -247.10367
     9.8950      -246.89332
     10.045      -246.68478
     10.195      -246.47836
     10.345      -246.27517
     10.495      -246.07368
     10.645      -245.87517
     10.795      -245.68012
     10.945      -245.48694
     11.095      -245.29808
     11.245      -245.11038
     11.395      -244.92466
     11.545      -244.74059
     11.695      -244.56049
     11.845      -244.38158
     11.995      -244.20422
     12.145      -244.02908
     12.295      -243.85728
     12.445      -243.68623
     12.595      -243.51823
     12.745      -243.35196
     12.895      -243.18864
     13.045      -243.02676
     13.195      -242.86589
     13.345      -242.70755
     13.495      -242.55054
     13.645      -242.39561
     13.795      -242.24099
     13.945      -242.08835
     14.095      -241.93884
     14.245      -241.79009
     14.395      -241.64194
     14.545      -241.49639
     14.695      -241.35207
     14.845      -241.20832
     14.995      -241.06575
     15.145      -240.92524
     15.295      -240.78601
     15.445      -240.64848
     15.595      -240.51155
     15.745      -240.37675
     15.895      -240.24300
     16.045      -240.11046
     16.195      -239.97897
     16.345      -239.84726
     16.495      -239.71801
     16.645      -239.58979
     16.795      -239.46290
     16.945      -239.33618
     17.095      -239.21129
     17.245      -239.08798
     17.395      -238.96516
     17.545      -238.84378
     17.695      -238.72312
     17.845      -238.60419
     17.995      -238.48561
     18.145      -238.36916
     18.295      -238.25178
     18.445      -238.13674
     18.595      -238.02178
     18.745      -237.90701
     18.895      -237.79311
     19.045      -237.68181
     19.195      -237.57012
     19.345      -237.45988
     19.495      -237.35009
     19.645      -237.24152
     19.795      -237.13278
     19.945      -237.02572
     20.095      -236.91864
     20.245      -236.81247
     20.395      -236.70757
     20.545      -236.60341
     20.695      -236.50020
     20.845      -236.39694
     20.995      -236.29589
     21.145      -236.19429
     21.295      -236.09395
     21.445      -235.99386
     21.595      -235.89456
     21.745      -235.79570
     21.895      -235.69762
     22.045      -235.60079
     22.195      -235.50394
     22.345      -235.40816
     22.495      -235.31251
     22.645      -235.21719
     22.795      -235.12337
     22.945      -235.02982
     23.095      -234.93694
     23.245      -234.84347
     23.395      -234.75148
     23.545      -234.66009
     23.695      -234.57022
     23.845      -234.48048
     23.995      -234.39140
     24.145      -234.30242
     24.295      -234.21410
     24.445      -234.12556
     24.595      -234.03847
     24.745      -233.95182
     24.895      -233.86580
     25.045      -233.78038
     25.195      -233.69484
     25.345      -233.60997
     25.495      -233.52524
     25.645      -233.44191
     25.795      -233.35874
     25.945      -233.27558
     26.095      -233.19279
     26.245      -233.11069
     26.395      -233.02915
     26.545      -232.94770
     26.695      -232.86697
     26.845      -232.78672
     26.995      -232.70792
     27.145      -232.62848
     27.295      -232.54940
     27.445      -232.47168
     27.595      -232.39385
     27.745      -232.31631
     27.895      -232.23987
     28.045      -232.16329
     28.195      -232.08713
     28.345      -232.01125
     28.495      -231.93554
     28.645      -231.86066
     28.795      -231.78558
     28.945      -231.71103
     29.095      -231.63746
     29.245      -231.56370
     29.395      -231.49080
     29.545      -231.41742
     29.695      -231.34474
     29.845      -231.27267
     29.995      -231.19999
     30.145      -231.12856
     30.295      -231.05697
     30.445      -230.98628
     30.595      -230.91573
     30.745      -230.84628
     30.895      -230.77654
     31.045      -230.70761
     31.195      -230.63860
     31.345      -230.57007
     31.495      -230.50158
     31.645      -230.43358
     31.795      -230.36528
     31.945      -230.29796
     32.095      -230.23035
     32.245      -230.16397
     32.395      -230.09792
     32.545      -230.03189
     32.695      -229.96573
     32.845      -229.90010
     32.995      -229.83447
     33.145      -229.76890
     33.295      -229.70422
     33.445      -229.63962
     33.595      -229.57559
     33.745      -229.51163
     33.895      -229.44822
     34.045      -229.38505
     34.195      -229.32161
     34.345      -229.25882
     34.495      -229.19662
     34.645      -229.13422
     34.795      -229.07231
     34.945      -229.01076
     35.095      -228.94990
     35.245      -228.88937
     35.395      -228.82893
     35.545      -228.76864
     35.695      -228.70805
     35.845      -228.64827
     35.995      -228.58856
     36.145      -228.52895
     36.295      -228.46968
     36.445      -228.41061
     36.595      -228.35155
     36.745      -228.29329
     36.895      -228.23508
     37.045      -228.17661
     37.195      -228.11848
     37.345      -228.06087
     37.495      -228.00288
     37.645      -227.94576
     37.795      -227.88830
     37.945      -227.83112
     38.095      -227.77415
     38.245      -227.71793
     38.395      -227.66199
     38.545      -227.60638
     38.695      -227.55106
     38.845      -227.49541
     38.995      -227.44043
     39.145      -227.38587
     39.295      -227.33085
     39.445      -227.27655
     39.595      -227.22201
     39.745      -227.16752
     39.895      -227.11342
     40.045      -227.05960
     40.195      -227.00559
     40.345      -226.95252
     40.495      -226.89951
     40.645      -226.84658
     40.795      -226.79395
     40.945      -226.74115
     41.095      -226.68894
     41.245      -226.63702
     41.395      -226.58509
     41.545      -226.53359
     41.695      -226.48198
     41.845      -226.43031
     41.995      -226.37897
     42.145      -226.32776
     42.295      -226.27663
     42.445      -226.22576
     42.595      -226.17528
     42.745      -226.12427
     42.895      -226.07388
     43.045      -226.02389
     43.195      -225.97387
     43.345      -225.92400
     43.495      -225.87479
     43.645      -225.82556
     43.795      -225.77595
     43.945      -225.72723
     44.095      -225.67783
     44.245      -225.62883
     44.395      -225.58043
     44.545      -225.53191
     44.695      -225.48352
     44.845      -225.43606
     44.995      -225.38803
     45.145      -225.34056
     45.295      -225.29356
     45.445      -225.24626
     45.595      -225.19925
     45.745      -225.15236
     45.895      -225.10573
     46.045      -225.05880
     46.195      -225.01245
     46.345      -224.96599
     46.495      -224.91952
     46.645      -224.87323
     46.795      -224.82761
     46.945      -224.78208
     47.095      -224.73641
     47.245      -224.69107
     47.395      -224.64553
     47.545      -224.60029
     47.695      -224.55572
     47.845      -224.51033
     47.995      -224.46579
     48.145      -224.42167
     48.295      -224.37640
     48.445      -224.33223
     48.595      -224.28780
     48.745      -224.24402
     48.895      -224.19979
     49.045      -224.15612
     49.195      -224.11242
     49.345      -224.06936
     49.495      -224.02588
     49.645      -223.98293
     49.795      -223.93951
     49.945      -223.89636
     50.095      -223.85375
     50.245      -223.81089
     50.395      -223.76808
     50.545      -223.72525
     50.695      -223.68299
     50.845      -223.64054
     50.995      -223.59861
     51.145      -223.55672
     51.295      -223.51487
     51.445      -223.47335
     51.595      -223.43165
     51.745      -223.38992
     51.895      -223.34831
     52.045      -223.30742
     52.195      -223.26571
     52.345      -223.22463
     52.495      -223.18415
     52.645      -223.14345
     52.795      -223.10303
     52.945      -223.06204
     53.095      -223.02179
     53.245      -222.98133
     53.395      -222.94095
     53.545      -222.90122
     53.695      -222.86119
     53.845      -222.82108
     53.995      -222.78146
     54.145      -222.74189
     54.295      -222.70213
     54.445      -222.66266
     54.595      -222.62361
     54.745      -222.58461
     54.895      -222.54552
     55.045      -222.50619
     55.195      -222.46716
     55.345      -222.42819
     55.495      -222.38898
     55.645      -222.35053
     55.795      -222.31220
     55.945      -222.27379
     56.095      -222.23591
     56.245      -222.19817
     56.395      -222.16026
     56.545      -222.12232
     56.695      -222.08428
     56.845      -222.04649
     56.995      -222.00908
     57.145      -221.97148
     57.295      -221.93373
     57.445      -221.89614
     57.595      -221.85830
     57.745      -221.82072
     57.895      -221.78358
     58.045      -221.74648
     58.195      -221.70986
     58.345      -221.67299
     58.495      -221.63610
     58.645      -221.59932
     58.795      -221.56259
     58.945      -221.52592
     59.095      -221.48999
     59.245      -221.45400
     59.395      -221.41749
     59.545      -221.38170
     59.695      -221.34566
     59.845      -221.30951
     59.995      -221.27376
     60.145      -221.23815
     70.939      -216.67727
     97.698      -212.15360
     134.55      -207.68042
     185.30      -203.26033
     255.20      -198.91275
     351.46      -194.62825
     484.04      -190.40558
     666.62      -186.25867
     918.07      -182.18020
     1264.4      -178.17284
     1741.3      -174.23400
     2398.1      -170.37364
     3302.7      -166.59512
     4548.5      -162.89691
     6264.3      -159.28294
     8627.2      -155.76441
     11881.      -152.34480
     16363.      -149.02596
     22535.      -145.80830
     31036.      -142.69575
     42743.      -139.69499
     58866.      -136.81530
     81070.      -134.05491
    0.11165E+06  -131.41301
    0.15377E+06  -128.88736
    0.21177E+06  -126.47325
    0.29165E+06  -124.16557
    0.40166E+06  -121.96546
    0.55317E+06  -119.86288
    0.76182E+06  -117.86049
    0.10492E+07  -115.95071
    0.14449E+07  -114.13000
    0.19900E+07  -112.39288
    0.27406E+07  -110.73838
    0.37744E+07  -109.15934
    0.51981E+07  -107.65630
    0.71589E+07  -106.22182
    0.98593E+07  -104.85670
    0.13578E+08  -103.55509
    0.18700E+08  -102.31458
    0.25754E+08  -101.13394
    0.35468E+08  -100.01298
    0.48847E+08   -98.95823
    0.67273E+08   -97.97611
    0.92648E+08   -97.06266
    0.12760E+09   -96.21170
    0.17573E+09   -95.41491
    0.24201E+09   -94.66935
    0.33330E+09   -93.96886
    0.45902E+09   -93.31316
    0.63217E+09   -92.71236
    0.87062E+09   -92.16581
    0.11990E+10   -91.66293
    0.16513E+10   -91.20029
    0.22742E+10   -90.77378
    0.31320E+10   -90.38027
    0.43134E+10   -90.01727
    0.59405E+10   -89.68265
    0.81813E+10   -89.37306
    0.11267E+11   -89.08754
    0.15517E+11   -88.82335
    0.21371E+11   -88.57999
    0.29432E+11   -88.35508
    0.40534E+11   -88.14796
    0.55823E+11   -87.95580
    0.10000E+12   -85.65037
