    -29.945        1     0.00000
    -29.795        1     0.00000
    -29.645        1     0.00000
    -29.495        1     0.00000
    -29.345        1     0.00000
    -29.195        1     0.00000
    -29.045        1     0.00000
    -28.895        1     0.00000
    -28.745        1     0.00000
    -28.595        1     0.00000
    -28.445        1     0.00000
    -28.295        1     0.00000
    -28.145        1     0.00000
    -27.995        1     0.00000
    -27.845        1     0.00000
    -27.695        1     0.00000
    -27.545        1     0.00000
    -27.395        1     0.00000
    -27.245        1     0.00000
    -27.095        1     0.00000
    -26.945        1     0.00000
    -26.795        1     0.00000
    -26.645        1     0.00000
    -26.495        1     0.00000
    -26.345        1     0.00000
    -26.195        1     0.00000
    -26.045        1     0.00000
    -25.895        1     0.00000
    -25.745        1     0.00000
    -25.595        1     0.00000
    -25.445        1     0.00000
    -25.295        1     0.00000
    -25.145        1     0.00000
    -24.995        1     0.00000
    -24.845        1     0.00000
    -24.695        1     0.00000
    -24.545        1     0.00000
    -24.395        1     0.00000
    -24.245        1     0.00000
    -24.095        1     0.00000
    -23.945        1     0.00000
    -23.795        1    -0.00017
    -23.645        1    -0.00017
    -23.495        1    -0.00034
    -23.345        1    -0.00051
    -23.195        1    -0.00051
    -23.045        1    -0.00086
    -22.895        1    -0.00118
    -22.745        1    -0.00220
    -22.595        1    -0.00319
    -22.445        1    -0.00437
    -22.295        1    -0.00626
    -22.145        1    -0.00958
    -21.995        1    -0.01488
    -21.845        1    -0.02061
    -21.695        1    -0.03278
    -21.545        1    -0.04536
    -21.395        1    -0.06002
    -21.245        1    -0.07588
    -21.095        1    -0.09887
    -20.945        1    -0.12513
    -20.795        1    -0.15175
    -20.645        1    -0.18365
    -20.495        1    -0.21948
    -20.345        1    -0.25450
    -20.195        1    -0.29483
    -20.045        1    -0.33903
    -19.895        1    -0.38594
    -19.745        1    -0.43240
    -19.595        1    -0.48416
    -19.445        1    -0.53495
    -19.295        1    -0.58685
    -19.145        1    -0.64270
    -18.995        1    -0.70780
    -18.845        1    -0.76538
    -18.695        1    -0.82943
    -18.545        1    -0.90208
    -18.395        1    -0.98161
    -18.245        1    -1.06815
    -18.095        1    -1.16137
    -17.945        1    -1.26043
    -17.795        1    -1.38049
    -17.645        1    -1.50557
    -17.495        1    -1.65538
    -17.345        1    -1.82049
    -17.195        1    -1.99496
    -17.045        1    -2.18527
    -16.895        1    -2.40271
    -16.745        1    -2.63612
    -16.595        1    -2.89522
    -16.445        1    -3.17198
    -16.295        1    -3.46257
    -16.145        1    -3.77963
    -15.995        1    -4.11202
    -15.845        1    -4.44377
    -15.695        1    -4.79159
    -15.545        1    -5.16559
    -15.395        1    -5.54721
    -15.245        1    -5.94186
    -15.095        1    -6.33733
    -14.945        1    -6.73072
    -14.795        1    -7.12132
    -14.645        1    -7.52381
    -14.495        1    -7.91904
    -14.345        1    -8.31895
    -14.195        1    -8.71675
    -14.045        1    -9.11548
    -13.895        1    -9.52110
    -13.745        1    -9.91795
    -13.595        1   -10.34401
    -13.445        1   -10.77560
    -13.295        1   -11.22597
    -13.145        1   -11.67645
    -12.995        1   -12.14133
    -12.845        1   -12.62491
    -12.695        1   -13.12195
    -12.545        1   -13.62967
    -12.395        1   -14.17527
    -12.245        1   -14.70869
    -12.095        1   -15.26358
    -11.945        1   -15.82136
    -11.795        1   -16.39164
    -11.645        1   -16.96346
    -11.495        1   -17.53585
    -11.345        1   -18.11770
    -11.195        1   -18.70259
    -11.045        1   -19.29799
    -10.895        1   -19.89922
    -10.745        1   -20.49260
    -10.595        1   -21.08270
    -10.445        1   -21.69128
    -10.295        1   -22.30052
    -10.145        1   -22.91284
    -9.9950        1   -23.52048
    -9.8450        1   -24.10731
    -9.6950        1   -24.69182
    -9.5450        1   -25.27378
    -9.3950        1   -25.84649
    -9.2450        1   -26.41685
    -9.0950        1   -26.98940
    -8.9450        1   -27.54333
    -8.7950        1   -28.09281
    -8.6450        1   -28.63413
    -8.4950        1   -29.18396
    -8.3450        1   -29.73141
    -8.1950        1   -30.27586
    -8.0450        1   -30.80514
    -7.8950        1   -31.33314
    -7.7450        1   -31.85535
    -7.5950        1   -32.38889
    -7.4450        1   -32.92023
    -7.2950        1   -33.46698
    -7.1450        1   -34.02161
    -6.9950        1   -34.58736
    -6.8450        1   -35.16426
    -6.6950        1   -35.74963
    -6.5450        1   -36.34930
    -6.3950        1   -36.95805
    -6.2450        1   -37.58275
    -6.0950        1   -38.20100
    -5.9450        1   -38.86497
    -5.7950        1   -39.52867
    -5.6450        1   -40.19299
    -5.4950        1   -40.87377
    -5.3450        1   -41.55973
    -5.1950        1   -42.27080
    -5.0450        1   -42.99409
    -4.8950        1   -43.73938
    -4.7450        1   -44.51196
    -4.5950        1   -45.30333
    -4.4450        1   -46.12112
    -4.2950        1   -46.97613
    -4.1450        1   -47.86384
    -3.9950        1   -48.79086
    -3.8450        1   -49.76383
    -3.6950        1   -50.79030
    -3.5450        1   -51.86885
    -3.3950        1   -53.01100
    -3.2450        1   -54.22601
    -3.0950        1   -55.52938
    -2.9450        1   -56.91706
    -2.7950        1   -58.41515
    -2.6450        1   -60.02965
    -2.4950        1   -61.75470
    -2.3450        1   -63.57539
    -2.1950        1   -65.46899
    -2.0450        1   -67.41209
    -1.8950        1   -69.36715
    -1.7450        1   -71.32148
    -1.5950        1   -73.26035
    -1.4450        1   -75.19514
    -1.2950        1   -77.13888
    -1.1450        1   -79.10845
   -0.99500        1   -81.13920
   -0.84500        1   -83.26831
   -0.69500        1   -85.55770
   -0.54500        1   -88.11998
   -0.39500        1   -91.15978
   -0.25300        1   -93.52371
   -0.21500        1   -93.68648
   -0.20900        1   -93.85212
   -0.20300        1   -94.01945
   -0.19700        1   -94.19000
   -0.19100        1   -94.36374
   -0.18500        1   -94.53967
   -0.17900        1   -94.72003
   -0.17300        1   -94.90388
   -0.16700        1   -95.09144
   -0.16100        1   -95.28333
   -0.15500        1   -95.47919
   -0.14900        1   -95.68071
   -0.14300        1   -95.88778
   -0.13700        1   -96.10062
   -0.13100        1   -96.31953
   -0.12500        1   -96.54578
   -0.11900        1   -96.78042
   -0.11300        1   -97.02427
   -0.10700        1   -97.27720
   -0.10100        1   -97.54187
   -0.95000E-01    1   -97.81870
   -0.89000E-01    1   -98.11019
   -0.83000E-01    1   -98.41800
   -0.77000E-01    1   -98.74352
   -0.71000E-01    1   -99.09235
   -0.65000E-01    1   -99.46909
   -0.59000E-01    1   -99.87835
   -0.53000E-01    1  -100.32853
   -0.47000E-01    1  -100.83018
   -0.41000E-01    1  -101.40240
   -0.35000E-01    1  -102.06808
   -0.29000E-01    1  -102.86254
   -0.23000E-01    1  -103.82733
   -0.19700E-01    1  -103.93297
   -0.19100E-01    1  -104.04057
   -0.18500E-01    1  -104.15001
   -0.17900E-01    1  -104.26137
   -0.17300E-01    1  -104.37464
   -0.16700E-01    1  -104.48979
   -0.16100E-01    1  -104.60699
   -0.15500E-01    1  -104.72586
   -0.14900E-01    1  -104.84678
   -0.14300E-01    1  -104.96972
   -0.13700E-01    1  -105.09448
   -0.13100E-01    1  -105.22103
   -0.12500E-01    1  -105.34938
   -0.11900E-01    1  -105.47939
   -0.11300E-01    1  -105.61114
   -0.10700E-01    1  -105.74438
   -0.10100E-01    1  -105.87902
   -0.95000E-02    1  -106.01482
   -0.89000E-02    1  -106.15104
   -0.83000E-02    1  -106.28700
   -0.77000E-02    1  -106.42226
   -0.71000E-02    1  -106.55582
   -0.65000E-02    1  -106.68679
   -0.59000E-02    1  -106.81401
   -0.53000E-02    1  -106.93608
   -0.47000E-02    1  -107.05080
   -0.41000E-02    1  -107.15615
   -0.35000E-02    1  -107.24989
   -0.29000E-02    1  -107.33022
   -0.23000E-02    1  -107.39580
   -0.17000E-02    1  -107.44533
   -0.11000E-02    1  -107.47783
   -0.50000E-03    1  -107.49275
    0.10000E-03    1  -107.48976
    0.70000E-03    1  -107.46891
    0.13000E-02    1  -107.43058
    0.19000E-02    1  -107.37557
    0.25000E-02    1  -107.30487
    0.31000E-02    1  -107.21979
    0.37000E-02    1  -107.12184
    0.43000E-02    1  -107.01297
    0.49000E-02    1  -106.89544
    0.55000E-02    1  -106.77144
    0.61000E-02    1  -106.64268
    0.67000E-02    1  -106.51069
    0.73000E-02    1  -106.37676
    0.79000E-02    1  -106.24180
    0.85000E-02    1  -106.10653
    0.91000E-02    1  -105.97169
    0.97000E-02    1  -105.83832
    0.10300E-01    1  -105.70655
    0.10900E-01    1  -105.57672
    0.11500E-01    1  -105.44905
    0.12100E-01    1  -105.32310
    0.12700E-01    1  -105.19902
    0.13300E-01    1  -105.07682
    0.13900E-01    1  -104.95583
    0.14500E-01    1  -104.83658
    0.15100E-01    1  -104.71881
    0.15700E-01    1  -104.60263
    0.16300E-01    1  -104.48812
    0.16900E-01    1  -104.37510
    0.17500E-01    1  -104.26388
    0.18100E-01    1  -104.15448
    0.18700E-01    1  -104.04662
    0.19300E-01    1  -103.94060
    0.20200E-01    1  -103.54574
    0.25000E-01    1  -102.64879
    0.31000E-01    1  -101.91094
    0.37000E-01    1  -101.28974
    0.43000E-01    1  -100.75669
    0.49000E-01    1  -100.28829
    0.55000E-01    1   -99.87113
    0.61000E-01    1   -99.49358
    0.67000E-01    1   -99.15079
    0.73000E-01    1   -98.83658
    0.79000E-01    1   -98.54519
    0.85000E-01    1   -98.27478
    0.91000E-01    1   -98.02290
    0.97000E-01    1   -97.78689
    0.10300        1   -97.56575
    0.10900        1   -97.35788
    0.11500        1   -97.16188
    0.12100        1   -96.97630
    0.12700        1   -96.80062
    0.13300        1   -96.63379
    0.13900        1   -96.47497
    0.14500        1   -96.32298
    0.15100        1   -96.17753
    0.15700        1   -96.03839
    0.16300        1   -95.90446
    0.16900        1   -95.77529
    0.17500        1   -95.65162
    0.18100        1   -95.53337
    0.18700        1   -95.41860
    0.19300        1   -95.30823
    0.19900        1   -95.20085
    0.20500        1   -95.09680
    0.21100        1   -94.99659
    0.21700        1   -94.89934
    0.29500        1   -93.06695
    0.44500        1   -92.02020
    0.59500        1   -91.32911
    0.74500        1   -90.83477
    0.89500        1   -90.45675
     1.0450        1   -90.15284
     1.1950        1   -89.90003
     1.3450        1   -89.67823
     1.4950        1   -89.47851
     1.6450        1   -89.29303
     1.7950        1   -89.11980
     1.9450        1   -88.95852
     2.0950        1   -88.80642
     2.2450        1   -88.66344
     2.3950        1   -88.52722
     2.5450        1   -88.40485
     2.6950        1   -88.28811
     2.8450        1   -88.18112
     2.9950        1   -88.08016
     3.1450        1   -87.98686
     3.2950        1   -87.90217
     3.4450        1   -87.82171
     3.5950        1   -87.74715
     3.7450        1   -87.67878
     3.8950        1   -87.61506
     4.0450        1   -87.55429
     4.1950        1   -87.49579
     4.3450        1   -87.43867
     4.4950        1   -87.38367
     4.6450        1   -87.33089
     4.7950        1   -87.28149
     4.9450        1   -87.23350
     5.0950        1   -87.18678
     5.2450        1   -87.14125
     5.3950        1   -87.09687
     5.5450        1   -87.05383
     5.6950        1   -87.01135
     5.8450        1   -86.97078
     5.9950        1   -86.93179
     6.1450        1   -86.89388
     6.2950        1   -86.85703
     6.4450        1   -86.81988
     6.5950        1   -86.78446
     6.7450        1   -86.74879
     6.8950        1   -86.71377
     7.0450        1   -86.68001
     7.1950        1   -86.64737
     7.3450        1   -86.61462
     7.4950        1   -86.58272
     7.6450        1   -86.55172
     7.7950        1   -86.52062
     7.9450        1   -86.49025
     8.0950        1   -86.45953
     8.2450        1   -86.43023
     8.3950        1   -86.40126
     8.5450        1   -86.37260
     8.6950        1   -86.34475
     8.8450        1   -86.31691
     8.9950        1   -86.28953
     9.1450        1   -86.26319
     9.2950        1   -86.23709
     9.4450        1   -86.21118
     9.5950        1   -86.18571
     9.7450        1   -86.16024
     9.8950        1   -86.13501
     10.045        1   -86.10983
     10.195        1   -86.08507
     10.345        1   -86.06037
     10.495        1   -86.03716
     10.645        1   -86.01344
     10.795        1   -85.99046
     10.945        1   -85.96756
     11.095        1   -85.94525
     11.245        1   -85.92268
     11.395        1   -85.90074
     11.545        1   -85.87870
     11.695        1   -85.85693
     11.845        1   -85.83538
     11.995        1   -85.81365
     12.145        1   -85.79218
     12.295        1   -85.77096
     12.445        1   -85.75031
     12.595        1   -85.72994
     12.745        1   -85.70957
     12.895        1   -85.68994
     13.045        1   -85.67013
     13.195        1   -85.65029
     13.345        1   -85.63094
     13.495        1   -85.61184
     13.645        1   -85.59250
     13.795        1   -85.57354
     13.945        1   -85.55504
     14.095        1   -85.53654
     14.245        1   -85.51833
     14.395        1   -85.50037
     14.545        1   -85.48247
     14.695        1   -85.46466
     14.845        1   -85.44703
     14.995        1   -85.42950
     15.145        1   -85.41216
     15.295        1   -85.39485
     15.445        1   -85.37764
     15.595        1   -85.36065
     15.745        1   -85.34393
     15.895        1   -85.32681
     16.045        1   -85.31021
     16.195        1   -85.29404
     16.345        1   -85.27800
     16.495        1   -85.26190
     16.645        1   -85.24606
     16.795        1   -85.23014
     16.945        1   -85.21444
     17.095        1   -85.19882
     17.245        1   -85.18293
     17.395        1   -85.16765
     17.545        1   -85.15246
     17.695        1   -85.13738
     17.845        1   -85.12217
     17.995        1   -85.10710
     18.145        1   -85.09229
     18.295        1   -85.07766
     18.445        1   -85.06294
     18.595        1   -85.04881
     18.745        1   -85.03463
     18.895        1   -85.02046
     19.045        1   -85.00661
     19.195        1   -84.99262
     19.345        1   -84.97849
     19.495        1   -84.96448
     19.645        1   -84.95055
     19.795        1   -84.93707
     19.945        1   -84.92340
     20.095        1   -84.91001
     20.245        1   -84.89664
     20.395        1   -84.88320
     20.545        1   -84.87010
     20.695        1   -84.85728
     20.845        1   -84.84413
     20.995        1   -84.83101
     21.145        1   -84.81784
     21.295        1   -84.80500
     21.445        1   -84.79197
     21.595        1   -84.77958
     21.745        1   -84.76718
     21.895        1   -84.75468
     22.045        1   -84.74233
     22.195        1   -84.72975
     22.345        1   -84.71785
     22.495        1   -84.70590
     22.645        1   -84.69357
     22.795        1   -84.68167
     22.945        1   -84.66982
     23.095        1   -84.65800
     23.245        1   -84.64627
     23.395        1   -84.63445
     23.545        1   -84.62285
     23.695        1   -84.61097
     23.845        1   -84.59903
     23.995        1   -84.58751
     24.145        1   -84.57616
     24.295        1   -84.56481
     24.445        1   -84.55363
     24.595        1   -84.54246
     24.745        1   -84.53144
     24.895        1   -84.52037
     25.045        1   -84.50967
     25.195        1   -84.49851
     25.345        1   -84.48775
     25.495        1   -84.47708
     25.645        1   -84.46619
     25.795        1   -84.45541
     25.945        1   -84.44482
     26.095        1   -84.43432
     26.245        1   -84.42375
     26.395        1   -84.41322
     26.545        1   -84.40299
     26.695        1   -84.39259
     26.845        1   -84.38241
     26.995        1   -84.37188
     27.145        1   -84.36149
     27.295        1   -84.35143
     27.445        1   -84.34143
     27.595        1   -84.33144
     27.745        1   -84.32158
     27.895        1   -84.31147
     28.045        1   -84.30152
     28.195        1   -84.29146
     28.345        1   -84.28171
     28.495        1   -84.27179
     28.645        1   -84.26188
     28.795        1   -84.25192
     28.945        1   -84.24189
     29.095        1   -84.23229
     29.245        1   -84.22276
     29.395        1   -84.21326
     29.545        1   -84.20372
     29.695        1   -84.19422
     29.845        1   -84.18505
     29.995        1   -84.17580
     30.145        1   -84.16644
     30.295        1   -84.15706
     30.445        1   -84.14766
     30.595        1   -84.13844
     30.745        1   -84.12920
     30.895        1   -84.12010
     31.045        1   -84.11093
     31.195        1   -84.10194
     31.345        1   -84.09294
     31.495        1   -84.08397
     31.645        1   -84.07515
     31.795        1   -84.06648
     31.945        1   -84.05788
     32.095        1   -84.04910
     32.245        1   -84.04009
     32.395        1   -84.03134
     32.545        1   -84.02247
     32.695        1   -84.01364
     32.845        1   -84.00488
     32.995        1   -83.99649
     33.145        1   -83.98811
     33.295        1   -83.97955
     33.445        1   -83.97132
     33.595        1   -83.96276
     33.745        1   -83.95440
     33.895        1   -83.94618
     34.045        1   -83.93814
     34.195        1   -83.92990
     34.345        1   -83.92173
     34.495        1   -83.91352
     34.645        1   -83.90512
     34.795        1   -83.89711
     34.945        1   -83.88889
     35.095        1   -83.88082
     35.245        1   -83.87289
     35.395        1   -83.86496
     35.545        1   -83.85686
     35.695        1   -83.84883
     35.845        1   -83.84099
     35.995        1   -83.83324
     36.145        1   -83.82523
     36.295        1   -83.81732
     36.445        1   -83.80978
     36.595        1   -83.80210
     36.745        1   -83.79449
     36.895        1   -83.78679
     37.045        1   -83.77906
     37.195        1   -83.77147
     37.345        1   -83.76393
     37.495        1   -83.75658
     37.645        1   -83.74895
     37.795        1   -83.74166
     37.945        1   -83.73393
     38.095        1   -83.72644
     38.245        1   -83.71909
     38.395        1   -83.71158
     38.545        1   -83.70408
     38.695        1   -83.69672
     38.845        1   -83.68935
     38.995        1   -83.68213
     39.145        1   -83.67489
     39.295        1   -83.66770
     39.445        1   -83.66045
     39.595        1   -83.65330
     39.745        1   -83.64631
     39.895        1   -83.63923
     40.045        1   -83.63222
     40.195        1   -83.62513
     40.345        1   -83.61796
     40.495        1   -83.61123
     40.645        1   -83.60448
     40.795        1   -83.59763
     40.945        1   -83.59063
     41.095        1   -83.58376
     41.245        1   -83.57693
     41.395        1   -83.57000
     41.545        1   -83.56321
     41.695        1   -83.55665
     41.845        1   -83.54981
     41.995        1   -83.54299
     42.145        1   -83.53644
     42.295        1   -83.52974
     42.445        1   -83.52312
     42.595        1   -83.51629
     42.745        1   -83.50981
     42.895        1   -83.50312
     43.045        1   -83.49657
     43.195        1   -83.48987
     43.345        1   -83.48346
     43.495        1   -83.47700
     43.645        1   -83.47036
     43.795        1   -83.46377
     43.945        1   -83.45731
     44.095        1   -83.45065
     44.245        1   -83.44424
     44.395        1   -83.43789
     44.545        1   -83.43146
     44.695        1   -83.42495
     44.845        1   -83.41853
     44.995        1   -83.41205
     45.145        1   -83.40568
     45.295        1   -83.39933
     45.445        1   -83.39297
     45.595        1   -83.38649
     45.745        1   -83.38024
     45.895        1   -83.37402
     46.045        1   -83.36785
     46.195        1   -83.36169
     46.345        1   -83.35555
     46.495        1   -83.34961
     46.645        1   -83.34356
     46.795        1   -83.33739
     46.945        1   -83.33121
     47.095        1   -83.32517
     47.245        1   -83.31896
     47.395        1   -83.31315
     47.545        1   -83.30708
     47.695        1   -83.30111
     47.845        1   -83.29517
     47.995        1   -83.28927
     48.145        1   -83.28332
     48.295        1   -83.27767
     48.445        1   -83.27164
     48.595        1   -83.26570
     48.745        1   -83.25973
     48.895        1   -83.25403
     49.045        1   -83.24804
     49.195        1   -83.24231
     49.345        1   -83.23655
     49.495        1   -83.23061
     49.645        1   -83.22494
     49.795        1   -83.21912
     49.945        1   -83.21338
     50.095        1   -83.20778
     50.245        1   -83.20197
     50.395        1   -83.19634
     50.545        1   -83.19074
     50.695        1   -83.18518
     50.845        1   -83.17950
     50.995        1   -83.17385
     51.145        1   -83.16831
     51.295        1   -83.16272
     51.445        1   -83.15713
     51.595        1   -83.15167
     51.745        1   -83.14622
     51.895        1   -83.14054
     52.045        1   -83.13495
     52.195        1   -83.12939
     52.345        1   -83.12373
     52.495        1   -83.11841
     52.645        1   -83.11278
     52.795        1   -83.10744
     52.945        1   -83.10187
     53.095        1   -83.09645
     53.245        1   -83.09114
     53.395        1   -83.08583
     53.545        1   -83.08033
     53.695        1   -83.07499
     53.845        1   -83.06965
     53.995        1   -83.06432
     54.145        1   -83.05907
     54.295        1   -83.05357
     54.445        1   -83.04843
     54.595        1   -83.04313
     54.745        1   -83.03802
     54.895        1   -83.03279
     55.045        1   -83.02751
     55.195        1   -83.02232
     55.345        1   -83.01706
     55.495        1   -83.01192
     55.645        1   -83.00671
     55.795        1   -83.00166
     55.945        1   -82.99656
     56.095        1   -82.99129
     56.245        1   -82.98613
     56.395        1   -82.98110
     56.545        1   -82.97601
     56.695        1   -82.97093
     56.845        1   -82.96590
     56.995        1   -82.96079
     57.145        1   -82.95583
     57.295        1   -82.95085
     57.445        1   -82.94576
     57.595        1   -82.94074
     57.745        1   -82.93564
     57.895        1   -82.93076
     58.045        1   -82.92570
     58.195        1   -82.92072
     58.345        1   -82.91587
     58.495        1   -82.91089
     58.645        1   -82.90602
     58.795        1   -82.90117
     58.945        1   -82.89627
     59.095        1   -82.89146
     59.245        1   -82.88656
     59.395        1   -82.88170
     59.545        1   -82.87692
     59.695        1   -82.87199
     59.845        1   -82.86715
     59.995        1   -82.86234
     60.145        1   -82.85742
     70.939        1   -82.24101
     97.698        1   -81.62376
     134.55        1   -81.00904
     185.30        1   -80.39672
     255.20        1   -79.78821
     351.46        1   -79.18694
     484.04        1   -78.59467
     666.62        1   -78.01235
     918.07        1   -77.43727
     1264.4        1   -76.87073
     1741.3        1   -76.31442
     2398.1        1   -75.76652
     3302.7        1   -75.22730
     4548.5        1   -74.69810
     6264.3        1   -74.17557
     8627.2        1   -73.66274
     11881.        1   -73.15631
     16363.        1   -72.65940
     22535.        1   -72.17007
     31036.        1   -71.68672
     42743.        1   -71.21034
     58866.        1   -70.74129
     81070.        1   -70.27871
    0.11165E+06    1   -69.82150
    0.15377E+06    1   -69.37111
    0.21177E+06    1   -68.92569
    0.29165E+06    1   -68.48418
    0.40166E+06    1   -68.04633
    0.55317E+06    1   -67.61148
    0.76182E+06    1   -67.17925
    0.10492E+07    1   -66.74928
    0.14449E+07    1   -66.32136
    0.19900E+07    1   -65.89433
    0.27406E+07    1   -65.46724
    0.37744E+07    1   -65.03873
    0.51981E+07    1   -64.60731
    0.71589E+07    1   -64.17475
    0.98593E+07    1   -63.74109
    0.13578E+08    1   -63.30518
    0.18700E+08    1   -62.86671
    0.25754E+08    1   -62.42811
    0.35468E+08    1   -61.99017
    0.48847E+08    1   -61.55974
    0.67273E+08    1   -61.14044
    0.92648E+08    1   -60.73164
    0.12760E+09    1   -60.33266
    0.17573E+09    1   -59.94460
    0.24201E+09    1   -59.56741
    0.33330E+09    1   -59.20400
    0.45902E+09    1   -58.85715
    0.63217E+09    1   -58.53085
    0.87062E+09    1   -58.22470
    0.11990E+10    1   -57.93820
    0.16513E+10    1   -57.67240
    0.22742E+10    1   -57.42464
    0.31320E+10    1   -57.19344
    0.43134E+10    1   -56.97752
    0.59405E+10    1   -56.77643
    0.81813E+10    1   -56.58943
    0.11267E+11    1   -56.41479
    0.15517E+11    1   -56.25219
    0.21371E+11    1   -56.10139
    0.29432E+11    1   -55.96052
    0.40534E+11    1   -55.83026
    0.55823E+11    1   -55.70906
    0.10000E+12    1   -54.19422
    -149.95        2     0.00000
    -149.79        2     0.00000
    -149.65        2     0.00000
    -149.49        2     0.00000
    -149.34        2     0.00000
    -149.20        2     0.00000
    -149.04        2     0.00000
    -148.90        2     0.00000
    -148.74        2     0.00000
    -148.59        2     0.00000
    -148.45        2     0.00000
    -148.29        2     0.00000
    -148.15        2     0.00000
    -147.99        2     0.00000
    -147.84        2     0.00000
    -147.70        2     0.00000
    -147.54        2     0.00000
    -147.40        2     0.00000
    -147.24        2     0.00000
    -147.09        2     0.00000
    -146.95        2     0.00000
    -146.79        2     0.00000
    -146.65        2     0.00000
    -146.49        2     0.00000
    -146.34        2     0.00000
    -146.20        2     0.00000
    -146.04        2     0.00000
    -145.90        2     0.00000
    -145.74        2     0.00000
    -145.59        2     0.00000
    -145.45        2     0.00000
    -145.29        2     0.00000
    -145.15        2     0.00000
    -144.99        2     0.00000
    -144.84        2     0.00000
    -144.70        2     0.00000
    -144.54        2     0.00000
    -144.40        2     0.00000
    -144.24        2     0.00000
    -144.09        2     0.00000
    -143.95        2     0.00000
    -143.79        2     0.00000
    -143.65        2     0.00000
    -143.49        2     0.00000
    -143.34        2     0.00000
    -143.20        2     0.00000
    -143.04        2     0.00000
    -142.90        2     0.00000
    -142.74        2     0.00000
    -142.59        2     0.00000
    -142.45        2     0.00000
    -142.29        2     0.00000
    -142.15        2     0.00000
    -141.99        2     0.00000
    -141.84        2     0.00000
    -141.70        2     0.00000
    -141.54        2     0.00000
    -141.40        2     0.00000
    -141.24        2     0.00000
    -141.09        2     0.00000
    -140.95        2     0.00000
    -140.79        2     0.00000
    -140.65        2     0.00000
    -140.49        2     0.00000
    -140.34        2     0.00000
    -140.20        2     0.00000
    -140.04        2     0.00000
    -139.90        2     0.00000
    -139.74        2     0.00000
    -139.59        2     0.00000
    -139.45        2     0.00000
    -139.29        2     0.00000
    -139.15        2     0.00000
    -138.99        2     0.00000
    -138.84        2     0.00000
    -138.70        2     0.00000
    -138.54        2     0.00000
    -138.40        2     0.00000
    -138.24        2     0.00000
    -138.09        2     0.00000
    -137.95        2     0.00000
    -137.79        2     0.00000
    -137.65        2     0.00000
    -137.49        2     0.00000
    -137.34        2     0.00000
    -137.20        2     0.00000
    -137.04        2     0.00000
    -136.90        2     0.00000
    -136.74        2     0.00000
    -136.59        2     0.00000
    -136.45        2     0.00000
    -136.29        2     0.00000
    -136.15        2     0.00000
    -135.99        2     0.00000
    -135.84        2     0.00000
    -135.70        2     0.00000
    -135.54        2     0.00000
    -135.40        2     0.00000
    -135.24        2     0.00000
    -135.09        2     0.00000
    -134.95        2     0.00000
    -134.79        2     0.00000
    -134.65        2     0.00000
    -134.49        2     0.00000
    -134.34        2     0.00000
    -134.20        2     0.00000
    -134.04        2     0.00000
    -133.90        2     0.00000
    -133.74        2     0.00000
    -133.59        2     0.00000
    -133.45        2     0.00000
    -133.29        2     0.00000
    -133.15        2     0.00000
    -132.99        2     0.00000
    -132.84        2     0.00000
    -132.70        2     0.00000
    -132.54        2     0.00000
    -132.40        2     0.00000
    -132.24        2     0.00000
    -132.09        2     0.00000
    -131.95        2     0.00000
    -131.79        2     0.00000
    -131.65        2     0.00000
    -131.49        2     0.00000
    -131.34        2     0.00000
    -131.20        2     0.00000
    -131.04        2     0.00000
    -130.90        2     0.00000
    -130.74        2     0.00000
    -130.59        2     0.00000
    -130.45        2     0.00000
    -130.29        2     0.00000
    -130.15        2     0.00000
    -129.99        2     0.00000
    -129.84        2     0.00000
    -129.70        2     0.00000
    -129.54        2     0.00000
    -129.40        2     0.00000
    -129.24        2     0.00000
    -129.09        2     0.00000
    -128.95        2     0.00000
    -128.79        2     0.00000
    -128.65        2     0.00000
    -128.49        2     0.00000
    -128.34        2     0.00000
    -128.20        2     0.00000
    -128.04        2     0.00000
    -127.89        2     0.00000
    -127.75        2     0.00000
    -127.60        2     0.00000
    -127.44        2     0.00000
    -127.30        2     0.00000
    -127.14        2     0.00000
    -127.00        2     0.00000
    -126.85        2     0.00000
    -126.69        2     0.00000
    -126.55        2     0.00000
    -126.39        2     0.00000
    -126.25        2     0.00000
    -126.10        2     0.00000
    -125.94        2     0.00000
    -125.80        2     0.00000
    -125.64        2     0.00000
    -125.50        2     0.00000
    -125.35        2     0.00000
    -125.19        2     0.00000
    -125.05        2     0.00000
    -124.89        2     0.00000
    -124.75        2     0.00000
    -124.60        2     0.00000
    -124.44        2     0.00000
    -124.30        2     0.00000
    -124.14        2     0.00000
    -124.00        2     0.00000
    -123.85        2     0.00000
    -123.69        2     0.00000
    -123.55        2     0.00000
    -123.39        2     0.00000
    -123.25        2     0.00000
    -123.10        2     0.00000
    -122.94        2     0.00000
    -122.80        2     0.00000
    -122.64        2     0.00000
    -122.50        2     0.00000
    -122.35        2     0.00000
    -122.19        2     0.00000
    -122.05        2     0.00000
    -121.89        2     0.00000
    -121.75        2     0.00000
    -121.60        2     0.00000
    -121.44        2     0.00000
    -121.30        2     0.00000
    -121.14        2     0.00000
    -121.00        2     0.00000
    -120.85        2     0.00000
    -120.69        2     0.00000
    -120.55        2     0.00000
    -120.39        2     0.00000
    -120.25        2     0.00000
    -120.10        2     0.00000
    -119.94        2     0.00000
    -119.80        2     0.00000
    -119.64        2     0.00000
    -119.50        2     0.00000
    -119.35        2     0.00000
    -119.19        2     0.00000
    -119.05        2     0.00000
    -118.89        2     0.00000
    -118.75        2     0.00000
    -118.60        2     0.00000
    -118.44        2     0.00000
    -118.30        2     0.00000
    -118.14        2     0.00000
    -118.00        2     0.00000
    -117.85        2     0.00000
    -117.69        2     0.00000
    -117.55        2     0.00000
    -117.39        2     0.00000
    -117.25        2     0.00000
    -117.10        2     0.00000
    -116.94        2     0.00000
    -116.80        2     0.00000
    -116.64        2     0.00000
    -116.50        2     0.00000
    -116.35        2     0.00000
    -116.19        2     0.00000
    -116.05        2     0.00000
    -115.89        2     0.00000
    -115.75        2     0.00000
    -115.60        2     0.00000
    -115.44        2     0.00000
    -115.30        2     0.00000
    -115.14        2     0.00000
    -115.00        2     0.00000
    -114.85        2     0.00000
    -114.69        2     0.00000
    -114.55        2     0.00000
    -114.39        2     0.00000
    -114.25        2     0.00000
    -114.10        2     0.00000
    -113.94        2     0.00000
    -113.80        2     0.00000
    -113.64        2     0.00000
    -113.50        2     0.00000
    -113.35        2     0.00000
    -113.19        2     0.00000
    -113.05        2     0.00000
    -112.89        2     0.00000
    -112.75        2     0.00000
    -112.60        2     0.00000
    -112.44        2     0.00000
    -112.30        2     0.00000
    -112.14        2     0.00000
    -112.00        2     0.00000
    -111.85        2     0.00000
    -111.69        2     0.00000
    -111.55        2     0.00000
    -111.39        2     0.00000
    -111.25        2     0.00000
    -111.10        2     0.00000
    -110.94        2     0.00000
    -110.80        2     0.00000
    -110.64        2     0.00000
    -110.50        2     0.00000
    -110.35        2     0.00000
    -110.19        2     0.00000
    -110.05        2     0.00000
    -109.89        2     0.00000
    -109.75        2     0.00000
    -109.60        2     0.00000
    -109.44        2     0.00000
    -109.30        2     0.00000
    -109.14        2     0.00000
    -109.00        2     0.00000
    -108.85        2     0.00000
    -108.69        2     0.00000
    -108.55        2     0.00000
    -108.39        2     0.00000
    -108.25        2     0.00000
    -108.10        2     0.00000
    -107.94        2     0.00000
    -107.80        2     0.00000
    -107.64        2     0.00000
    -107.50        2     0.00000
    -107.35        2     0.00000
    -107.19        2     0.00000
    -107.05        2     0.00000
    -106.89        2     0.00000
    -106.75        2     0.00000
    -106.60        2     0.00000
    -106.44        2     0.00000
    -106.30        2     0.00000
    -106.14        2     0.00000
    -106.00        2     0.00000
    -105.85        2     0.00000
    -105.69        2     0.00000
    -105.55        2     0.00000
    -105.39        2     0.00000
    -105.25        2     0.00000
    -105.10        2     0.00000
    -104.94        2     0.00000
    -104.80        2     0.00000
    -104.64        2     0.00000
    -104.50        2     0.00000
    -104.35        2     0.00000
    -104.19        2     0.00000
    -104.05        2     0.00000
    -103.89        2     0.00000
    -103.75        2     0.00000
    -103.60        2     0.00000
    -103.44        2     0.00000
    -103.30        2     0.00000
    -103.14        2     0.00000
    -103.00        2     0.00000
    -102.85        2     0.00000
    -102.69        2     0.00000
    -102.55        2     0.00000
    -102.39        2     0.00000
    -102.25        2     0.00000
    -102.10        2     0.00000
    -101.94        2     0.00000
    -101.80        2     0.00000
    -101.64        2     0.00000
    -101.50        2     0.00000
    -101.35        2     0.00000
    -101.19        2     0.00000
    -101.05        2     0.00000
    -100.89        2     0.00000
    -100.75        2     0.00000
    -100.60        2     0.00000
    -100.44        2     0.00000
    -100.30        2     0.00000
    -100.14        2     0.00000
    -99.995        2     0.00000
    -99.845        2     0.00000
    -99.695        2     0.00000
    -99.545        2     0.00000
    -99.395        2     0.00000
    -99.245        2     0.00000
    -99.095        2     0.00000
    -98.945        2     0.00000
    -98.795        2     0.00000
    -98.645        2     0.00000
    -98.495        2     0.00000
    -98.345        2     0.00000
    -98.195        2     0.00000
    -98.045        2     0.00000
    -97.895        2     0.00000
    -97.745        2     0.00000
    -97.595        2     0.00000
    -97.445        2     0.00000
    -97.295        2     0.00000
    -97.145        2     0.00000
    -96.995        2     0.00000
    -96.845        2     0.00000
    -96.695        2     0.00000
    -96.545        2     0.00000
    -96.395        2     0.00000
    -96.245        2     0.00000
    -96.095        2     0.00000
    -95.945        2     0.00000
    -95.795        2     0.00000
    -95.645        2     0.00000
    -95.495        2     0.00000
    -95.345        2     0.00000
    -95.195        2     0.00000
    -95.045        2     0.00000
    -94.895        2     0.00000
    -94.745        2     0.00000
    -94.595        2     0.00000
    -94.445        2     0.00000
    -94.295        2     0.00000
    -94.145        2     0.00000
    -93.995        2     0.00000
    -93.845        2     0.00000
    -93.695        2     0.00000
    -93.545        2     0.00000
    -93.395        2     0.00000
    -93.245        2     0.00000
    -93.095        2     0.00000
    -92.945        2     0.00000
    -92.795        2     0.00000
    -92.645        2     0.00000
    -92.495        2     0.00000
    -92.345        2     0.00000
    -92.195        2     0.00000
    -92.045        2     0.00000
    -91.895        2     0.00000
    -91.745        2     0.00000
    -91.595        2     0.00000
    -91.445        2     0.00000
    -91.295        2     0.00000
    -91.145        2     0.00000
    -90.995        2     0.00000
    -90.845        2     0.00000
    -90.695        2     0.00000
    -90.545        2     0.00000
    -90.395        2     0.00000
    -90.245        2     0.00000
    -90.095        2     0.00000
    -89.945        2     0.00000
    -89.795        2     0.00000
    -89.645        2     0.00000
    -89.495        2     0.00000
    -89.345        2     0.00000
    -89.195        2     0.00000
    -89.045        2     0.00000
    -88.895        2     0.00000
    -88.745        2     0.00000
    -88.595        2     0.00000
    -88.445        2     0.00000
    -88.295        2     0.00000
    -88.145        2     0.00000
    -87.995        2     0.00000
    -87.845        2     0.00000
    -87.695        2     0.00000
    -87.545        2     0.00000
    -87.395        2     0.00000
    -87.245        2     0.00000
    -87.095        2     0.00000
    -86.945        2     0.00000
    -86.795        2     0.00000
    -86.645        2     0.00000
    -86.495        2     0.00000
    -86.345        2     0.00000
    -86.195        2     0.00000
    -86.045        2     0.00000
    -85.895        2     0.00000
    -85.745        2     0.00000
    -85.595        2     0.00000
    -85.445        2     0.00000
    -85.295        2     0.00000
    -85.145        2     0.00000
    -84.995        2     0.00000
    -84.845        2     0.00000
    -84.695        2     0.00000
    -84.545        2     0.00000
    -84.395        2     0.00000
    -84.245        2     0.00000
    -84.095        2     0.00000
    -83.945        2     0.00000
    -83.795        2     0.00000
    -83.645        2     0.00000
    -83.495        2     0.00000
    -83.345        2     0.00000
    -83.195        2     0.00000
    -83.045        2     0.00000
    -82.895        2     0.00000
    -82.745        2     0.00000
    -82.595        2     0.00000
    -82.445        2     0.00000
    -82.295        2     0.00000
    -82.145        2     0.00000
    -81.995        2     0.00000
    -81.845        2     0.00000
    -81.695        2     0.00000
    -81.545        2     0.00000
    -81.395        2     0.00000
    -81.245        2     0.00000
    -81.095        2     0.00000
    -80.945        2     0.00000
    -80.795        2     0.00000
    -80.645        2     0.00000
    -80.495        2     0.00000
    -80.345        2     0.00000
    -80.195        2     0.00000
    -80.045        2     0.00000
    -79.895        2     0.00000
    -79.745        2     0.00000
    -79.595        2     0.00000
    -79.445        2     0.00000
    -79.295        2     0.00000
    -79.145        2     0.00000
    -78.995        2     0.00000
    -78.845        2     0.00000
    -78.695        2     0.00000
    -78.545        2     0.00000
    -78.395        2     0.00000
    -78.245        2     0.00000
    -78.095        2     0.00000
    -77.945        2     0.00000
    -77.795        2     0.00000
    -77.645        2     0.00000
    -77.495        2     0.00000
    -77.345        2     0.00000
    -77.195        2     0.00000
    -77.045        2     0.00000
    -76.895        2     0.00000
    -76.745        2     0.00000
    -76.595        2     0.00000
    -76.445        2     0.00000
    -76.295        2     0.00000
    -76.145        2     0.00000
    -75.995        2     0.00000
    -75.845        2     0.00000
    -75.695        2     0.00000
    -75.545        2     0.00000
    -75.395        2     0.00000
    -75.245        2     0.00000
    -75.095        2     0.00000
    -74.945        2     0.00000
    -74.795        2     0.00000
    -74.645        2     0.00000
    -74.495        2     0.00000
    -74.345        2     0.00000
    -74.195        2     0.00000
    -74.045        2     0.00000
    -73.895        2     0.00000
    -73.745        2     0.00000
    -73.595        2     0.00000
    -73.445        2     0.00000
    -73.295        2     0.00000
    -73.145        2     0.00000
    -72.995        2     0.00000
    -72.845        2     0.00000
    -72.695        2     0.00000
    -72.545        2     0.00000
    -72.395        2     0.00000
    -72.245        2     0.00000
    -72.095        2     0.00000
    -71.945        2     0.00000
    -71.795        2     0.00000
    -71.645        2     0.00000
    -71.495        2     0.00000
    -71.345        2     0.00000
    -71.195        2     0.00000
    -71.045        2     0.00000
    -70.895        2     0.00000
    -70.745        2     0.00000
    -70.595        2     0.00000
    -70.445        2     0.00000
    -70.295        2     0.00000
    -70.145        2     0.00000
    -69.995        2     0.00000
    -69.845        2     0.00000
    -69.695        2     0.00000
    -69.545        2     0.00000
    -69.395        2     0.00000
    -69.245        2     0.00000
    -69.095        2     0.00000
    -68.945        2     0.00000
    -68.795        2     0.00000
    -68.645        2     0.00000
    -68.495        2     0.00000
    -68.345        2     0.00000
    -68.195        2     0.00000
    -68.045        2     0.00000
    -67.895        2     0.00000
    -67.745        2     0.00000
    -67.595        2     0.00000
    -67.445        2     0.00000
    -67.295        2     0.00000
    -67.145        2     0.00000
    -66.995        2     0.00000
    -66.845        2     0.00000
    -66.695        2     0.00000
    -66.545        2     0.00000
    -66.395        2     0.00000
    -66.245        2     0.00000
    -66.095        2     0.00000
    -65.945        2     0.00000
    -65.795        2     0.00000
    -65.645        2     0.00000
    -65.495        2     0.00000
    -65.345        2     0.00000
    -65.195        2     0.00000
    -65.045        2     0.00000
    -64.895        2     0.00000
    -64.745        2     0.00000
    -64.595        2     0.00000
    -64.445        2     0.00000
    -64.295        2     0.00000
    -64.145        2     0.00000
    -63.995        2     0.00000
    -63.845        2     0.00000
    -63.695        2     0.00000
    -63.545        2     0.00000
    -63.395        2     0.00000
    -63.245        2     0.00000
    -63.095        2     0.00000
    -62.945        2     0.00000
    -62.795        2     0.00000
    -62.645        2     0.00000
    -62.495        2     0.00000
    -62.345        2     0.00000
    -62.195        2     0.00000
    -62.045        2     0.00000
    -61.895        2     0.00000
    -61.745        2     0.00000
    -61.595        2     0.00000
    -61.445        2     0.00000
    -61.295        2     0.00000
    -61.145        2     0.00000
    -60.995        2     0.00000
    -60.845        2     0.00000
    -60.695        2     0.00000
    -60.545        2     0.00000
    -60.395        2     0.00000
    -60.245        2     0.00000
    -60.095        2     0.00000
    -59.945        2     0.00000
    -59.795        2     0.00000
    -59.645        2     0.00000
    -59.495        2     0.00000
    -59.345        2     0.00000
    -59.195        2     0.00000
    -59.045        2     0.00000
    -58.895        2     0.00000
    -58.745        2     0.00000
    -58.595        2     0.00000
    -58.445        2     0.00000
    -58.295        2     0.00000
    -58.145        2     0.00000
    -57.995        2     0.00000
    -57.845        2     0.00000
    -57.695        2     0.00000
    -57.545        2     0.00000
    -57.395        2     0.00000
    -57.245        2     0.00000
    -57.095        2     0.00000
    -56.945        2     0.00000
    -56.795        2     0.00000
    -56.645        2     0.00000
    -56.495        2     0.00000
    -56.345        2     0.00000
    -56.195        2     0.00000
    -56.045        2     0.00000
    -55.895        2     0.00000
    -55.745        2     0.00000
    -55.595        2     0.00000
    -55.445        2     0.00000
    -55.295        2     0.00000
    -55.145        2     0.00000
    -54.995        2     0.00000
    -54.845        2     0.00000
    -54.695        2     0.00000
    -54.545        2     0.00000
    -54.395        2     0.00000
    -54.245        2     0.00000
    -54.095        2     0.00000
    -53.945        2     0.00000
    -53.795        2     0.00000
    -53.645        2     0.00000
    -53.495        2     0.00000
    -53.345        2     0.00000
    -53.195        2     0.00000
    -53.045        2     0.00000
    -52.895        2     0.00000
    -52.745        2     0.00000
    -52.595        2     0.00000
    -52.445        2     0.00000
    -52.295        2     0.00000
    -52.145        2     0.00000
    -51.995        2     0.00000
    -51.845        2     0.00000
    -51.695        2     0.00000
    -51.545        2     0.00000
    -51.395        2     0.00000
    -51.245        2     0.00000
    -51.095        2     0.00000
    -50.945        2     0.00000
    -50.795        2     0.00000
    -50.645        2     0.00000
    -50.495        2     0.00000
    -50.345        2     0.00000
    -50.195        2     0.00000
    -50.045        2     0.00000
    -49.895        2     0.00000
    -49.745        2     0.00000
    -49.595        2     0.00000
    -49.445        2     0.00000
    -49.295        2     0.00000
    -49.145        2     0.00000
    -48.995        2     0.00000
    -48.845        2     0.00000
    -48.695        2     0.00000
    -48.545        2     0.00000
    -48.395        2     0.00000
    -48.245        2     0.00000
    -48.095        2     0.00000
    -47.945        2     0.00000
    -47.795        2     0.00000
    -47.645        2     0.00000
    -47.495        2     0.00000
    -47.345        2     0.00000
    -47.195        2     0.00000
    -47.045        2     0.00000
    -46.895        2     0.00000
    -46.745        2     0.00000
    -46.595        2     0.00000
    -46.445        2     0.00000
    -46.295        2     0.00000
    -46.145        2     0.00000
    -45.995        2     0.00000
    -45.845        2     0.00000
    -45.695        2     0.00000
    -45.545        2     0.00000
    -45.395        2     0.00000
    -45.245        2     0.00000
    -45.095        2     0.00000
    -44.945        2     0.00000
    -44.795        2     0.00000
    -44.645        2     0.00000
    -44.495        2     0.00000
    -44.345        2     0.00000
    -44.195        2     0.00000
    -44.045        2     0.00000
    -43.895        2     0.00000
    -43.745        2     0.00000
    -43.595        2     0.00000
    -43.445        2     0.00000
    -43.295        2     0.00000
    -43.145        2     0.00000
    -42.995        2     0.00000
    -42.845        2     0.00000
    -42.695        2     0.00000
    -42.545        2     0.00000
    -42.395        2     0.00000
    -42.245        2     0.00000
    -42.095        2     0.00000
    -41.945        2     0.00000
    -41.795        2     0.00000
    -41.645        2     0.00000
    -41.495        2     0.00000
    -41.345        2     0.00000
    -41.195        2     0.00000
    -41.045        2     0.00000
    -40.895        2     0.00000
    -40.745        2     0.00000
    -40.595        2     0.00000
    -40.445        2     0.00000
    -40.295        2     0.00000
    -40.145        2     0.00000
    -39.995        2     0.00000
    -39.845        2     0.00000
    -39.695        2     0.00000
    -39.545        2     0.00000
    -39.395        2     0.00000
    -39.245        2     0.00000
    -39.095        2     0.00000
    -38.945        2     0.00000
    -38.795        2     0.00000
    -38.645        2     0.00000
    -38.495        2     0.00000
    -38.345        2     0.00000
    -38.195        2     0.00000
    -38.045        2     0.00000
    -37.895        2     0.00000
    -37.745        2     0.00000
    -37.595        2     0.00000
    -37.445        2     0.00000
    -37.295        2     0.00000
    -37.145        2     0.00000
    -36.995        2     0.00000
    -36.845        2     0.00000
    -36.695        2     0.00000
    -36.545        2     0.00000
    -36.395        2     0.00000
    -36.245        2     0.00000
    -36.095        2     0.00000
    -35.945        2     0.00000
    -35.795        2     0.00000
    -35.645        2     0.00000
    -35.495        2     0.00000
    -35.345        2     0.00000
    -35.195        2     0.00000
    -35.045        2     0.00000
    -34.895        2     0.00000
    -34.745        2     0.00000
    -34.595        2     0.00000
    -34.445        2     0.00000
    -34.295        2     0.00000
    -34.145        2     0.00000
    -33.995        2     0.00000
    -33.845        2     0.00000
    -33.695        2     0.00000
    -33.545        2     0.00000
    -33.395        2     0.00000
    -33.245        2     0.00000
    -33.095        2     0.00000
    -32.945        2     0.00000
    -32.795        2     0.00000
    -32.645        2     0.00000
    -32.495        2     0.00000
    -32.345        2     0.00000
    -32.195        2     0.00000
    -32.045        2     0.00000
    -31.895        2     0.00000
    -31.745        2     0.00000
    -31.595        2     0.00000
    -31.445        2     0.00000
    -31.295        2     0.00000
    -31.145        2     0.00000
    -30.995        2     0.00000
    -30.845        2     0.00000
    -30.695        2     0.00000
    -30.545        2     0.00000
    -30.395        2     0.00000
    -30.245        2     0.00000
    -30.095        2     0.00000
    -29.945        2     0.00000
    -29.795        2     0.00000
    -29.645        2     0.00000
    -29.495        2     0.00000
    -29.345        2     0.00000
    -29.195        2     0.00000
    -29.045        2     0.00000
    -28.895        2     0.00000
    -28.745        2     0.00000
    -28.595        2     0.00000
    -28.445        2     0.00000
    -28.295        2     0.00000
    -28.145        2     0.00000
    -27.995        2     0.00000
    -27.845        2     0.00000
    -27.695        2     0.00000
    -27.545        2     0.00000
    -27.395        2     0.00000
    -27.245        2     0.00000
    -27.095        2     0.00000
    -26.945        2     0.00000
    -26.795        2     0.00000
    -26.645        2     0.00000
    -26.495        2     0.00000
    -26.345        2     0.00000
    -26.195        2     0.00000
    -26.045        2     0.00000
    -25.895        2     0.00000
    -25.745        2     0.00000
    -25.595        2     0.00000
    -25.445        2     0.00000
    -25.295        2     0.00000
    -25.145        2     0.00000
    -24.995        2     0.00000
    -24.845        2     0.00000
    -24.695        2     0.00000
    -24.545        2     0.00000
    -24.395        2     0.00000
    -24.245        2     0.00000
    -24.095        2     0.00000
    -23.945        2     0.00000
    -23.795        2     0.00000
    -23.645        2     0.00000
    -23.495        2     0.00000
    -23.345        2     0.00000
    -23.195        2     0.00000
    -23.045        2     0.00000
    -22.895        2     0.00000
    -22.745        2     0.00000
    -22.595        2     0.00000
    -22.445        2     0.00000
    -22.295        2     0.00000
    -22.145        2     0.00000
    -21.995        2     0.00000
    -21.845        2     0.00000
    -21.695        2     0.00000
    -21.545        2     0.00000
    -21.395        2     0.00000
    -21.245        2     0.00000
    -21.095        2     0.00000
    -20.945        2     0.00000
    -20.795        2     0.00000
    -20.645        2     0.00000
    -20.495        2     0.00000
    -20.345        2     0.00000
    -20.195        2     0.00000
    -20.045        2     0.00000
    -19.895        2     0.00000
    -19.745        2     0.00000
    -19.595        2     0.00000
    -19.445        2     0.00000
    -19.295        2     0.00000
    -19.145        2     0.00000
    -18.995        2     0.00000
    -18.845        2     0.00000
    -18.695        2     0.00000
    -18.545        2     0.00000
    -18.395        2     0.00000
    -18.245        2     0.00000
    -18.095        2     0.00000
    -17.945        2     0.00000
    -17.795        2     0.00000
    -17.645        2     0.00000
    -17.495        2     0.00000
    -17.345        2     0.00000
    -17.195        2     0.00000
    -17.045        2     0.00000
    -16.895        2     0.00000
    -16.745        2     0.00000
    -16.595        2     0.00000
    -16.445        2    -0.00189
    -16.295        2    -0.01197
    -16.145        2    -0.03980
    -15.995        2    -0.09987
    -15.845        2    -0.18409
    -15.695        2    -0.29249
    -15.545        2    -0.42426
    -15.395        2    -0.57176
    -15.245        2    -0.73918
    -15.095        2    -0.91465
    -14.945        2    -1.10558
    -14.795        2    -1.29939
    -14.645        2    -1.50463
    -14.495        2    -1.72818
    -14.345        2    -1.97568
    -14.195        2    -2.23327
    -14.045        2    -2.50726
    -13.895        2    -2.79830
    -13.745        2    -3.09958
    -13.595        2    -3.40393
    -13.445        2    -3.71090
    -13.295        2    -4.02448
    -13.145        2    -4.36328
    -12.995        2    -4.75334
    -12.845        2    -5.16845
    -12.695        2    -5.59971
    -12.545        2    -6.05945
    -12.395        2    -6.53649
    -12.245        2    -7.02373
    -12.095        2    -7.51657
    -11.945        2    -8.00691
    -11.795        2    -8.50878
    -11.645        2    -8.99239
    -11.495        2    -9.48273
    -11.345        2    -9.96964
    -11.195        2   -10.43696
    -11.045        2   -10.88965
    -10.895        2   -11.33676
    -10.745        2   -11.77857
    -10.595        2   -12.20331
    -10.445        2   -12.62653
    -10.295        2   -13.04107
    -10.145        2   -13.47370
    -9.9950        2   -13.91336
    -9.8450        2   -14.38979
    -9.6950        2   -14.88065
    -9.5450        2   -15.42276
    -9.3950        2   -16.01284
    -9.2450        2   -16.66888
    -9.0950        2   -17.37945
    -8.9450        2   -18.18004
    -8.7950        2   -19.07077
    -8.6450        2   -20.04211
    -8.4950        2   -21.11616
    -8.3450        2   -22.26589
    -8.1950        2   -23.48450
    -8.0450        2   -24.77390
    -7.8950        2   -26.14086
    -7.7450        2   -27.58017
    -7.5950        2   -29.11160
    -7.4450        2   -30.71346
    -7.2950        2   -32.40954
    -7.1450        2   -34.17666
    -6.9950        2   -36.04311
    -6.8450        2   -38.00620
    -6.6950        2   -40.05235
    -6.5450        2   -42.12591
    -6.3950        2   -44.24029
    -6.2450        2   -46.35833
    -6.0950        2   -48.47784
    -5.9450        2   -50.55025
    -5.7950        2   -52.60038
    -5.6450        2   -54.62376
    -5.4950        2   -56.60394
    -5.3450        2   -58.54814
    -5.1950        2   -60.46277
    -5.0450        2   -62.33984
    -4.8950        2   -64.16931
    -4.7450        2   -65.95265
    -4.5950        2   -67.72583
    -4.4450        2   -69.47056
    -4.2950        2   -71.19574
    -4.1450        2   -72.90780
    -3.9950        2   -74.63684
    -3.8450        2   -76.37821
    -3.6950        2   -78.14229
    -3.5450        2   -79.94020
    -3.3950        2   -81.79805
    -3.2450        2   -83.72211
    -3.0950        2   -85.75298
    -2.9450        2   -87.93016
    -2.7950        2   -90.28643
    -2.6450        2   -92.86592
    -2.4950        2   -95.71881
    -2.3450        2   -98.89993
    -2.1950        2  -102.45642
    -2.0450        2  -106.49145
    -1.8950        2  -111.08288
    -1.7450        2  -116.35121
    -1.5950        2  -122.45416
    -1.4450        2  -129.53624
    -1.2950        2  -137.54773
    -1.1450        2  -146.36267
   -0.99500        2  -155.78292
   -0.84500        2  -165.75498
   -0.69500        2  -176.31619
   -0.54500        2  -187.71875
   -0.39500        2  -200.75186
   -0.25300        2  -210.78293
   -0.21500        2  -211.47192
   -0.20900        2  -212.17058
   -0.20300        2  -212.88261
   -0.19700        2  -213.60496
   -0.19100        2  -214.33883
   -0.18500        2  -215.08609
   -0.17900        2  -215.84662
   -0.17300        2  -216.62318
   -0.16700        2  -217.41324
   -0.16100        2  -218.22261
   -0.15500        2  -219.04835
   -0.14900        2  -219.89393
   -0.14300        2  -220.76037
   -0.13700        2  -221.64994
   -0.13100        2  -222.56441
   -0.12500        2  -223.50322
   -0.11900        2  -224.47319
   -0.11300        2  -225.47317
   -0.10700        2  -226.50955
   -0.10100        2  -227.58521
   -0.95000E-01    2  -228.70197
   -0.89000E-01    2  -229.86958
   -0.83000E-01    2  -231.09189
   -0.77000E-01    2  -232.37961
   -0.71000E-01    2  -233.74192
   -0.65000E-01    2  -235.19724
   -0.59000E-01    2  -236.76612
   -0.53000E-01    2  -238.47667
   -0.47000E-01    2  -240.36127
   -0.41000E-01    2  -242.47145
   -0.35000E-01    2  -244.89096
   -0.29000E-01    2  -247.75625
   -0.23000E-01    2  -251.32469
   -0.19700E-01    2  -251.73184
   -0.19100E-01    2  -252.15105
   -0.18500E-01    2  -252.58330
   -0.17900E-01    2  -253.02892
   -0.17300E-01    2  -253.48912
   -0.16700E-01    2  -253.96488
   -0.16100E-01    2  -254.45695
   -0.15500E-01    2  -254.96680
   -0.14900E-01    2  -255.49480
   -0.14300E-01    2  -256.04245
   -0.13700E-01    2  -256.61152
   -0.13100E-01    2  -257.20382
   -0.12500E-01    2  -257.81984
   -0.11900E-01    2  -258.45987
   -0.11300E-01    2  -259.12440
   -0.10700E-01    2  -259.81397
   -0.10100E-01    2  -260.52933
   -0.95000E-02    2  -261.27081
   -0.89000E-02    2  -262.03927
   -0.83000E-02    2  -262.83545
   -0.77000E-02    2  -263.65930
   -0.71000E-02    2  -264.51066
   -0.65000E-02    2  -265.38787
   -0.59000E-02    2  -266.28791
   -0.53000E-02    2  -267.20670
   -0.47000E-02    2  -268.13678
   -0.41000E-02    2  -269.06444
   -0.35000E-02    2  -269.97123
   -0.29000E-02    2  -270.83060
   -0.23000E-02    2  -271.59705
   -0.17000E-02    2  -272.21428
   -0.11000E-02    2  -272.63745
   -0.50000E-03    2  -272.83633
    0.10000E-03    2  -272.79621
    0.70000E-03    2  -272.52011
    0.13000E-02    2  -272.02820
    0.19000E-02    2  -271.35555
    0.25000E-02    2  -270.55247
    0.31000E-02    2  -269.67366
    0.37000E-02    2  -268.75860
    0.43000E-02    2  -267.83553
    0.49000E-02    2  -266.92734
    0.55000E-02    2  -266.04881
    0.61000E-02    2  -265.19960
    0.67000E-02    2  -264.37409
    0.73000E-02    2  -263.56880
    0.79000E-02    2  -262.78446
    0.85000E-02    2  -262.02026
    0.91000E-02    2  -261.27752
    0.97000E-02    2  -260.55704
    0.10300E-01    2  -259.85907
    0.10900E-01    2  -259.18459
    0.11500E-01    2  -258.53357
    0.12100E-01    2  -257.90597
    0.12700E-01    2  -257.30209
    0.13300E-01    2  -256.72195
    0.13900E-01    2  -256.16437
    0.14500E-01    2  -255.62691
    0.15100E-01    2  -255.10847
    0.15700E-01    2  -254.60807
    0.16300E-01    2  -254.12472
    0.16900E-01    2  -253.65761
    0.17500E-01    2  -253.20537
    0.18100E-01    2  -252.76740
    0.18700E-01    2  -252.34275
    0.19300E-01    2  -251.93112
    0.20200E-01    2  -250.43979
    0.25000E-01    2  -247.19288
    0.31000E-01    2  -244.55032
    0.37000E-01    2  -242.31563
    0.43000E-01    2  -240.36764
    0.49000E-01    2  -238.63907
    0.55000E-01    2  -237.08850
    0.61000E-01    2  -235.68463
    0.67000E-01    2  -234.39985
    0.73000E-01    2  -233.21254
    0.79000E-01    2  -232.10721
    0.85000E-01    2  -231.07172
    0.91000E-01    2  -230.09730
    0.97000E-01    2  -229.17625
    0.10300        2  -228.30271
    0.10900        2  -227.47207
    0.11500        2  -226.67913
    0.12100        2  -225.92058
    0.12700        2  -225.19455
    0.13300        2  -224.49694
    0.13900        2  -223.82554
    0.14500        2  -223.17914
    0.15100        2  -222.55634
    0.15700        2  -221.95497
    0.16300        2  -221.37538
    0.16900        2  -220.81459
    0.17500        2  -220.27112
    0.18100        2  -219.74354
    0.18700        2  -219.23261
    0.19300        2  -218.73504
    0.19900        2  -218.25159
    0.20500        2  -217.78247
    0.21100        2  -217.32544
    0.21700        2  -216.88084
    0.29500        2  -208.13736
    0.44500        2  -202.70214
    0.59500        2  -198.83437
    0.74500        2  -195.85275
    0.89500        2  -193.41475
     1.0450        2  -191.31923
     1.1950        2  -189.44766
     1.3450        2  -187.74542
     1.4950        2  -186.18915
     1.6450        2  -184.74065
     1.7950        2  -183.41525
     1.9450        2  -182.19738
     2.0950        2  -181.08246
     2.2450        2  -180.07056
     2.3950        2  -179.14367
     2.5450        2  -178.29748
     2.6950        2  -177.52188
     2.8450        2  -176.81994
     2.9950        2  -176.16356
     3.1450        2  -175.55622
     3.2950        2  -174.99976
     3.4450        2  -174.47206
     3.5950        2  -173.98052
     3.7450        2  -173.51934
     3.8950        2  -173.08389
     4.0450        2  -172.67076
     4.1950        2  -172.27388
     4.3450        2  -171.89425
     4.4950        2  -171.53315
     4.6450        2  -171.17847
     4.7950        2  -170.84019
     4.9450        2  -170.51303
     5.0950        2  -170.19509
     5.2450        2  -169.89130
     5.3950        2  -169.59659
     5.5450        2  -169.30629
     5.6950        2  -169.02768
     5.8450        2  -168.75408
     5.9950        2  -168.48772
     6.1450        2  -168.22729
     6.2950        2  -167.97280
     6.4450        2  -167.72737
     6.5950        2  -167.48441
     6.7450        2  -167.24730
     6.8950        2  -167.01692
     7.0450        2  -166.78896
     7.1950        2  -166.56895
     7.3450        2  -166.35299
     7.4950        2  -166.14211
     7.6450        2  -165.93450
     7.7950        2  -165.72934
     7.9450        2  -165.52893
     8.0950        2  -165.33248
     8.2450        2  -165.14121
     8.3950        2  -164.95320
     8.5450        2  -164.76599
     8.6950        2  -164.58052
     8.8450        2  -164.40008
     8.9950        2  -164.22279
     9.1450        2  -164.04825
     9.2950        2  -163.87595
     9.4450        2  -163.70596
     9.5950        2  -163.54052
     9.7450        2  -163.37766
     9.8950        2  -163.21603
     10.045        2  -163.05692
     10.195        2  -162.89976
     10.345        2  -162.74577
     10.495        2  -162.59438
     10.645        2  -162.44452
     10.795        2  -162.29677
     10.945        2  -162.15125
     11.095        2  -162.00647
     11.245        2  -161.86511
     11.395        2  -161.72567
     11.545        2  -161.58675
     11.695        2  -161.44761
     11.845        2  -161.31250
     11.995        2  -161.17967
     12.145        2  -161.04898
     12.295        2  -160.92061
     12.445        2  -160.79149
     12.595        2  -160.66502
     12.745        2  -160.53920
     12.895        2  -160.41358
     13.045        2  -160.29140
     13.195        2  -160.17069
     13.345        2  -160.05016
     13.495        2  -159.93117
     13.645        2  -159.81340
     13.795        2  -159.69727
     13.945        2  -159.58142
     14.095        2  -159.46861
     14.245        2  -159.35657
     14.395        2  -159.24513
     14.545        2  -159.13398
     14.695        2  -159.02392
     14.845        2  -158.91490
     14.995        2  -158.80874
     15.145        2  -158.70285
     15.295        2  -158.59799
     15.445        2  -158.49457
     15.595        2  -158.39135
     15.745        2  -158.28879
     15.895        2  -158.18760
     16.045        2  -158.08859
     16.195        2  -157.98922
     16.345        2  -157.89185
     16.495        2  -157.79495
     16.645        2  -157.69839
     16.795        2  -157.60391
     16.945        2  -157.50987
     17.095        2  -157.41648
     17.245        2  -157.32293
     17.395        2  -157.23089
     17.545        2  -157.13935
     17.695        2  -157.04941
     17.845        2  -156.96005
     17.995        2  -156.87060
     18.145        2  -156.78203
     18.295        2  -156.69425
     18.445        2  -156.60676
     18.595        2  -156.52175
     18.745        2  -156.43676
     18.895        2  -156.35191
     19.045        2  -156.26736
     19.195        2  -156.18449
     19.345        2  -156.10085
     19.495        2  -156.01854
     19.645        2  -155.93740
     19.795        2  -155.85621
     19.945        2  -155.77483
     20.095        2  -155.69458
     21.836        2  -153.26949
     30.068        2  -149.68258
     42.097        2  -146.11888
     58.937        2  -142.59881
     82.515        2  -139.12601
     115.53        2  -135.70915
     161.74        2  -132.35470
     226.45        2  -129.06477
     317.04        2  -125.83453
     443.87        2  -122.67044
     621.44        2  -119.57056
     870.05        2  -116.53840
     1218.1        2  -113.56421
     1705.4        2  -110.66011
     2387.7        2  -107.83072
     3342.9        2  -105.07198
     4680.2        2  -102.38520
     6552.5        2   -99.76608
     9173.8        2   -97.22072
     12844.        2   -94.74654
     17982.        2   -92.34790
     25176.        2   -90.02588
     35247.        2   -87.78365
     49348.        2   -85.62299
     69090.        2   -83.55338
     96729.        2   -81.57431
    0.13543E+06    2   -79.68592
    0.18960E+06    2   -77.88342
    0.26545E+06    2   -76.16556
    0.37165E+06    2   -74.53085
    0.52033E+06    2   -72.97471
    0.72849E+06    2   -71.49452
    0.10199E+07    2   -70.08660
    0.14279E+07    2   -68.74619
    0.19992E+07    2   -67.46995
    0.27990E+07    2   -66.25730
    0.39187E+07    2   -65.10465
    0.54864E+07    2   -64.00649
    0.76812E+07    2   -62.96310
    0.10754E+08    2   -61.97148
    0.15056E+08    2   -61.03184
    0.21080E+08    2   -60.13645
    0.29513E+08    2   -59.28712
    0.41319E+08    2   -58.48722
    0.57849E+08    2   -57.73762
    0.80991E+08    2   -57.04408
    0.11339E+09    2   -56.40022
    0.15875E+09    2   -55.80137
    0.22226E+09    2   -55.24291
    0.31118E+09    2   -54.71986
    0.43567E+09    2   -54.23235
    0.60996E+09    2   -53.78428
    0.85398E+09    2   -53.37911
    0.11956E+10    2   -53.00873
    0.16739E+10    2   -52.66824
    0.23436E+10    2   -52.35582
    0.32811E+10    2   -52.06950
    0.45937E+10    2   -51.80592
    0.64315E+10    2   -51.56357
    0.90044E+10    2   -51.34124
    0.12607E+11    2   -51.13686
    0.17650E+11    2   -50.94891
    0.24711E+11    2   -50.77564
    0.34596E+11    2   -50.61570
    0.48437E+11    2   -50.46889
    0.67814E+11    2   -50.33339
    0.10000E+12    2   -48.79890
