    -29.945        1     0.00000
    -29.795        1     0.00000
    -29.645        1     0.00000
    -29.495        1     0.00000
    -29.345        1     0.00000
    -29.195        1     0.00000
    -29.045        1     0.00000
    -28.895        1     0.00000
    -28.745        1     0.00000
    -28.595        1     0.00000
    -28.445        1     0.00000
    -28.295        1     0.00000
    -28.145        1     0.00000
    -27.995        1     0.00000
    -27.845        1     0.00000
    -27.695        1     0.00000
    -27.545        1     0.00000
    -27.395        1     0.00000
    -27.245        1     0.00000
    -27.095        1     0.00000
    -26.945        1     0.00000
    -26.795        1     0.00000
    -26.645        1     0.00000
    -26.495        1     0.00000
    -26.345        1     0.00000
    -26.195        1     0.00000
    -26.045        1     0.00000
    -25.895        1     0.00000
    -25.745        1     0.00000
    -25.595        1     0.00000
    -25.445        1     0.00000
    -25.295        1     0.00000
    -25.145        1     0.00000
    -24.995        1     0.00000
    -24.845        1     0.00000
    -24.695        1     0.00000
    -24.545        1     0.00000
    -24.395        1     0.00000
    -24.245        1     0.00000
    -24.095        1     0.00000
    -23.945        1     0.00000
    -23.795        1     0.00000
    -23.645        1     0.00000
    -23.495        1     0.00000
    -23.345        1     0.00000
    -23.195        1    -0.00031
    -23.045        1    -0.00063
    -22.895        1    -0.00110
    -22.745        1    -0.00221
    -22.595        1    -0.00426
    -22.445        1    -0.00675
    -22.295        1    -0.00891
    -22.145        1    -0.01482
    -21.995        1    -0.02351
    -21.845        1    -0.03545
    -21.695        1    -0.05108
    -21.545        1    -0.07620
    -21.395        1    -0.10142
    -21.245        1    -0.12911
    -21.095        1    -0.16869
    -20.945        1    -0.20839
    -20.795        1    -0.25343
    -20.645        1    -0.29961
    -20.495        1    -0.34980
    -20.345        1    -0.41199
    -20.195        1    -0.46393
    -20.045        1    -0.52835
    -19.895        1    -0.59472
    -19.745        1    -0.65568
    -19.595        1    -0.72363
    -19.445        1    -0.78734
    -19.295        1    -0.85436
    -19.145        1    -0.91876
    -18.995        1    -0.98221
    -18.845        1    -1.04311
    -18.695        1    -1.10481
    -18.545        1    -1.16647
    -18.395        1    -1.22858
    -18.245        1    -1.28929
    -18.095        1    -1.35030
    -17.945        1    -1.41621
    -17.795        1    -1.48168
    -17.645        1    -1.55209
    -17.495        1    -1.62586
    -17.345        1    -1.70297
    -17.195        1    -1.78780
    -17.045        1    -1.87609
    -16.895        1    -1.97080
    -16.745        1    -2.07347
    -16.595        1    -2.18147
    -16.445        1    -2.30225
    -16.295        1    -2.43397
    -16.145        1    -2.57927
    -15.995        1    -2.75064
    -15.845        1    -2.93007
    -15.695        1    -3.12671
    -15.545        1    -3.35714
    -15.395        1    -3.60849
    -15.245        1    -3.88629
    -15.095        1    -4.19732
    -14.945        1    -4.52028
    -14.795        1    -4.89189
    -14.645        1    -5.28152
    -14.495        1    -5.69344
    -14.345        1    -6.12196
    -14.195        1    -6.57286
    -14.045        1    -7.04337
    -13.895        1    -7.51407
    -13.745        1    -8.01166
    -13.595        1    -8.51652
    -13.445        1    -9.02601
    -13.295        1    -9.53714
    -13.145        1   -10.05035
    -12.995        1   -10.56943
    -12.845        1   -11.09644
    -12.695        1   -11.62703
    -12.545        1   -12.15826
    -12.395        1   -12.68326
    -12.245        1   -13.21969
    -12.095        1   -13.74750
    -11.945        1   -14.28082
    -11.795        1   -14.83284
    -11.645        1   -15.36692
    -11.495        1   -15.92229
    -11.345        1   -16.43615
    -11.195        1   -16.95280
    -11.045        1   -17.47739
    -10.895        1   -17.98024
    -10.745        1   -18.48058
    -10.595        1   -18.97330
    -10.445        1   -19.45347
    -10.295        1   -19.92474
    -10.145        1   -20.39657
    -9.9950        1   -20.85771
    -9.8450        1   -21.30081
    -9.6950        1   -21.73913
    -9.5450        1   -22.18016
    -9.3950        1   -22.62491
    -9.2450        1   -23.05942
    -9.0950        1   -23.49981
    -8.9450        1   -23.93603
    -8.7950        1   -24.35576
    -8.6450        1   -24.78088
    -8.4950        1   -25.20758
    -8.3450        1   -25.63977
    -8.1950        1   -26.08333
    -8.0450        1   -26.51778
    -7.8950        1   -26.96975
    -7.7450        1   -27.41420
    -7.5950        1   -27.87415
    -7.4450        1   -28.34005
    -7.2950        1   -28.81891
    -7.1450        1   -29.30256
    -6.9950        1   -29.79803
    -6.8450        1   -30.30208
    -6.6950        1   -30.82108
    -6.5450        1   -31.34151
    -6.3950        1   -31.88958
    -6.2450        1   -32.46151
    -6.0950        1   -33.04186
    -5.9450        1   -33.64567
    -5.7950        1   -34.26690
    -5.6450        1   -34.91921
    -5.4950        1   -35.57790
    -5.3450        1   -36.27590
    -5.1950        1   -36.99560
    -5.0450        1   -37.74514
    -4.8950        1   -38.52508
    -4.7450        1   -39.33274
    -4.5950        1   -40.16624
    -4.4450        1   -41.02924
    -4.2950        1   -41.91975
    -4.1450        1   -42.86245
    -3.9950        1   -43.84296
    -3.8450        1   -44.86749
    -3.6950        1   -45.94018
    -3.5450        1   -47.05133
    -3.3950        1   -48.22977
    -3.2450        1   -49.47158
    -3.0950        1   -50.78126
    -2.9450        1   -52.15345
    -2.7950        1   -53.59398
    -2.6450        1   -55.11111
    -2.4950        1   -56.69991
    -2.3450        1   -58.35324
    -2.1950        1   -60.04011
    -2.0450        1   -61.74873
    -1.8950        1   -63.48071
    -1.7450        1   -65.21391
    -1.5950        1   -66.94928
    -1.4450        1   -68.68760
    -1.2950        1   -70.43311
    -1.1450        1   -72.19726
   -0.99500        1   -74.01156
   -0.84500        1   -75.90469
   -0.69500        1   -77.93713
   -0.54500        1   -80.19760
   -0.39500        1   -82.84298
   -0.25300        1   -84.86192
   -0.21500        1   -84.99959
   -0.20900        1   -85.13891
   -0.20300        1   -85.27895
   -0.19700        1   -85.42188
   -0.19100        1   -85.56616
   -0.18500        1   -85.71296
   -0.17900        1   -85.86263
   -0.17300        1   -86.01407
   -0.16700        1   -86.16820
   -0.16100        1   -86.32496
   -0.15500        1   -86.48460
   -0.14900        1   -86.64833
   -0.14300        1   -86.81453
   -0.13700        1   -86.98446
   -0.13100        1   -87.15899
   -0.12500        1   -87.33774
   -0.11900        1   -87.52064
   -0.11300        1   -87.70931
   -0.10700        1   -87.90377
   -0.10100        1   -88.10460
   -0.95000E-01    1   -88.31244
   -0.89000E-01    1   -88.52801
   -0.83000E-01    1   -88.75361
   -0.77000E-01    1   -88.98946
   -0.71000E-01    1   -89.23845
   -0.65000E-01    1   -89.50207
   -0.59000E-01    1   -89.78427
   -0.53000E-01    1   -90.08815
   -0.47000E-01    1   -90.41892
   -0.41000E-01    1   -90.78703
   -0.35000E-01    1   -91.20528
   -0.29000E-01    1   -91.69309
   -0.23000E-01    1   -92.28672
   -0.19700E-01    1   -92.35319
   -0.19100E-01    1   -92.42161
   -0.18500E-01    1   -92.49177
   -0.17900E-01    1   -92.56392
   -0.17300E-01    1   -92.63813
   -0.16700E-01    1   -92.71426
   -0.16100E-01    1   -92.79282
   -0.15500E-01    1   -92.87386
   -0.14900E-01    1   -92.95738
   -0.14300E-01    1   -93.04373
   -0.13700E-01    1   -93.13307
   -0.13100E-01    1   -93.22567
   -0.12500E-01    1   -93.32154
   -0.11900E-01    1   -93.42103
   -0.11300E-01    1   -93.52430
   -0.10700E-01    1   -93.63141
   -0.10100E-01    1   -93.74262
   -0.95000E-02    1   -93.85806
   -0.89000E-02    1   -93.97792
   -0.83000E-02    1   -94.10178
   -0.77000E-02    1   -94.22987
   -0.71000E-02    1   -94.36164
   -0.65000E-02    1   -94.49650
   -0.59000E-02    1   -94.63343
   -0.53000E-02    1   -94.77096
   -0.47000E-02    1   -94.90715
   -0.41000E-02    1   -95.03977
   -0.35000E-02    1   -95.16515
   -0.29000E-02    1   -95.27857
   -0.23000E-02    1   -95.37544
   -0.17000E-02    1   -95.45164
   -0.11000E-02    1   -95.50344
   -0.50000E-03    1   -95.52786
    0.10000E-03    1   -95.52336
    0.70000E-03    1   -95.49036
    0.13000E-02    1   -95.43068
    0.19000E-02    1   -95.34744
    0.25000E-02    1   -95.24455
    0.31000E-02    1   -95.12648
    0.37000E-02    1   -94.99812
    0.43000E-02    1   -94.86408
    0.49000E-02    1   -94.72738
    0.55000E-02    1   -94.59019
    0.61000E-02    1   -94.45423
    0.67000E-02    1   -94.32054
    0.73000E-02    1   -94.19007
    0.79000E-02    1   -94.06362
    0.85000E-02    1   -93.94132
    0.91000E-02    1   -93.82318
    0.97000E-02    1   -93.70931
    0.10300E-01    1   -93.59948
    0.10900E-01    1   -93.49373
    0.11500E-01    1   -93.39182
    0.12100E-01    1   -93.29386
    0.12700E-01    1   -93.19929
    0.13300E-01    1   -93.10789
    0.13900E-01    1   -93.01962
    0.14500E-01    1   -92.93425
    0.15100E-01    1   -92.85172
    0.15700E-01    1   -92.77190
    0.16300E-01    1   -92.69428
    0.16900E-01    1   -92.61896
    0.17500E-01    1   -92.54584
    0.18100E-01    1   -92.47470
    0.18700E-01    1   -92.40538
    0.19300E-01    1   -92.33806
    0.20200E-01    1   -92.09155
    0.25000E-01    1   -91.54165
    0.31000E-01    1   -91.08265
    0.37000E-01    1   -90.68734
    0.43000E-01    1   -90.33845
    0.49000E-01    1   -90.02463
    0.55000E-01    1   -89.73815
    0.61000E-01    1   -89.47375
    0.67000E-01    1   -89.22858
    0.73000E-01    1   -89.00012
    0.79000E-01    1   -88.78445
    0.85000E-01    1   -88.58135
    0.91000E-01    1   -88.38916
    0.97000E-01    1   -88.20703
    0.10300        1   -88.03377
    0.10900        1   -87.86823
    0.11500        1   -87.71046
    0.12100        1   -87.55891
    0.12700        1   -87.41341
    0.13300        1   -87.27445
    0.13900        1   -87.14130
    0.14500        1   -87.01199
    0.15100        1   -86.88832
    0.15700        1   -86.76873
    0.16300        1   -86.65331
    0.16900        1   -86.54230
    0.17500        1   -86.43439
    0.18100        1   -86.33008
    0.18700        1   -86.22906
    0.19300        1   -86.13094
    0.19900        1   -86.03577
    0.20500        1   -85.94378
    0.21100        1   -85.85464
    0.21700        1   -85.76785
    0.29500        1   -84.14445
    0.44500        1   -83.26332
    0.59500        1   -82.68235
    0.74500        1   -82.25972
    0.89500        1   -81.92848
     1.0450        1   -81.65601
     1.1950        1   -81.42223
     1.3450        1   -81.21530
     1.4950        1   -81.02853
     1.6450        1   -80.85897
     1.7950        1   -80.70192
     1.9450        1   -80.55809
     2.0950        1   -80.42724
     2.2450        1   -80.30103
     2.3950        1   -80.18796
     2.5450        1   -80.08194
     2.6950        1   -79.97745
     2.8450        1   -79.88283
     2.9950        1   -79.79259
     3.1450        1   -79.70404
     3.2950        1   -79.62368
     3.4450        1   -79.54521
     3.5950        1   -79.47316
     3.7450        1   -79.40331
     3.8950        1   -79.33720
     4.0450        1   -79.27357
     4.1950        1   -79.21078
     4.3450        1   -79.15265
     4.4950        1   -79.09794
     4.6450        1   -79.04585
     4.7950        1   -78.99599
     4.9450        1   -78.94765
     5.0950        1   -78.90283
     5.2450        1   -78.85769
     5.3950        1   -78.81424
     5.5450        1   -78.77293
     5.6950        1   -78.73428
     5.8450        1   -78.69307
     5.9950        1   -78.65558
     6.1450        1   -78.61845
     6.2950        1   -78.58178
     6.4450        1   -78.54646
     6.5950        1   -78.51195
     6.7450        1   -78.47859
     6.8950        1   -78.44525
     7.0450        1   -78.41309
     7.1950        1   -78.38115
     7.3450        1   -78.35046
     7.4950        1   -78.31981
     7.6450        1   -78.29000
     7.7950        1   -78.26020
     7.9450        1   -78.23119
     8.0950        1   -78.20259
     8.2450        1   -78.17454
     8.3950        1   -78.14798
     8.5450        1   -78.12090
     8.6950        1   -78.09441
     8.8450        1   -78.06802
     8.9950        1   -78.04219
     9.1450        1   -78.01656
     9.2950        1   -77.99101
     9.4450        1   -77.96602
     9.5950        1   -77.94107
     9.7450        1   -77.91684
     9.8950        1   -77.89263
     10.045        1   -77.86917
     10.195        1   -77.84635
     10.345        1   -77.82381
     10.495        1   -77.80147
     10.645        1   -77.77905
     10.795        1   -77.75690
     10.945        1   -77.73537
     11.095        1   -77.71402
     11.245        1   -77.69244
     11.395        1   -77.67172
     11.545        1   -77.65116
     11.695        1   -77.63066
     11.845        1   -77.61038
     11.995        1   -77.58934
     12.145        1   -77.56926
     12.295        1   -77.54925
     12.445        1   -77.52891
     12.595        1   -77.50969
     12.745        1   -77.49038
     12.895        1   -77.47180
     13.045        1   -77.45281
     13.195        1   -77.43445
     13.345        1   -77.41629
     13.495        1   -77.39831
     13.645        1   -77.38001
     13.795        1   -77.36230
     13.945        1   -77.34482
     14.095        1   -77.32697
     14.245        1   -77.30906
     14.395        1   -77.29133
     14.545        1   -77.27423
     14.695        1   -77.25756
     14.845        1   -77.24067
     14.995        1   -77.22422
     15.145        1   -77.20811
     15.295        1   -77.19167
     15.445        1   -77.17527
     15.595        1   -77.15931
     15.745        1   -77.14309
     15.895        1   -77.12721
     16.045        1   -77.11138
     16.195        1   -77.09594
     16.345        1   -77.08023
     16.495        1   -77.06449
     16.645        1   -77.04947
     16.795        1   -77.03443
     16.945        1   -77.02021
     17.095        1   -77.00531
     17.245        1   -76.99060
     17.395        1   -76.97565
     17.545        1   -76.96081
     17.695        1   -76.94608
     17.845        1   -76.93180
     17.995        1   -76.91772
     18.145        1   -76.90360
     18.295        1   -76.88988
     18.445        1   -76.87580
     18.595        1   -76.86211
     18.745        1   -76.84816
     18.895        1   -76.83472
     19.045        1   -76.82158
     19.195        1   -76.80826
     19.345        1   -76.79474
     19.495        1   -76.78191
     19.645        1   -76.76883
     19.795        1   -76.75612
     19.945        1   -76.74317
     20.095        1   -76.73041
     20.245        1   -76.71780
     20.395        1   -76.70538
     20.545        1   -76.69273
     20.695        1   -76.68006
     20.845        1   -76.66789
     20.995        1   -76.65565
     21.145        1   -76.64312
     21.295        1   -76.63078
     21.445        1   -76.61873
     21.595        1   -76.60627
     21.745        1   -76.59413
     21.895        1   -76.58211
     22.045        1   -76.57049
     22.195        1   -76.55881
     22.345        1   -76.54710
     22.495        1   -76.53560
     22.645        1   -76.52385
     22.795        1   -76.51231
     22.945        1   -76.50133
     23.095        1   -76.48983
     23.245        1   -76.47857
     23.395        1   -76.46722
     23.545        1   -76.45591
     23.695        1   -76.44469
     23.845        1   -76.43366
     23.995        1   -76.42238
     24.145        1   -76.41152
     24.295        1   -76.40094
     24.445        1   -76.39004
     24.595        1   -76.37906
     24.745        1   -76.36870
     24.895        1   -76.35789
     25.045        1   -76.34746
     25.195        1   -76.33719
     25.345        1   -76.32669
     25.495        1   -76.31657
     25.645        1   -76.30614
     25.795        1   -76.29613
     25.945        1   -76.28576
     26.095        1   -76.27589
     26.245        1   -76.26582
     26.395        1   -76.25589
     26.545        1   -76.24603
     26.695        1   -76.23608
     26.845        1   -76.22630
     26.995        1   -76.21637
     27.145        1   -76.20653
     27.295        1   -76.19691
     27.445        1   -76.18701
     27.595        1   -76.17737
     27.745        1   -76.16796
     27.895        1   -76.15848
     28.045        1   -76.14906
     28.195        1   -76.13995
     28.345        1   -76.13062
     28.495        1   -76.12120
     28.645        1   -76.11209
     28.795        1   -76.10280
     28.945        1   -76.09367
     29.095        1   -76.08455
     29.245        1   -76.07551
     29.395        1   -76.06640
     29.545        1   -76.05742
     29.695        1   -76.04875
     29.845        1   -76.03993
     29.995        1   -76.03118
     30.145        1   -76.02241
     30.295        1   -76.01372
     30.445        1   -76.00510
     30.595        1   -75.99596
     30.745        1   -75.98710
     30.895        1   -75.97852
     31.045        1   -75.97020
     31.195        1   -75.96140
     31.345        1   -75.95282
     31.495        1   -75.94455
     31.645        1   -75.93608
     31.795        1   -75.92774
     31.945        1   -75.91928
     32.095        1   -75.91120
     32.245        1   -75.90314
     32.395        1   -75.89493
     32.545        1   -75.88656
     32.695        1   -75.87827
     32.845        1   -75.87006
     32.995        1   -75.86195
     33.145        1   -75.85333
     33.295        1   -75.84541
     33.445        1   -75.83755
     33.595        1   -75.82935
     33.745        1   -75.82083
     33.895        1   -75.81272
     34.045        1   -75.80487
     34.195        1   -75.79716
     34.345        1   -75.78930
     34.495        1   -75.78170
     34.645        1   -75.77391
     34.795        1   -75.76643
     34.945        1   -75.75892
     35.095        1   -75.75132
     35.245        1   -75.74362
     35.395        1   -75.73591
     35.545        1   -75.72821
     35.695        1   -75.72056
     35.845        1   -75.71323
     35.995        1   -75.70560
     36.145        1   -75.69812
     36.295        1   -75.69075
     36.445        1   -75.68337
     36.595        1   -75.67608
     36.745        1   -75.66883
     36.895        1   -75.66145
     37.045        1   -75.65439
     37.195        1   -75.64710
     37.345        1   -75.63981
     37.495        1   -75.63237
     37.645        1   -75.62492
     37.795        1   -75.61769
     37.945        1   -75.61047
     38.095        1   -75.60335
     38.245        1   -75.59619
     38.395        1   -75.58917
     38.545        1   -75.58218
     38.695        1   -75.57502
     38.845        1   -75.56805
     38.995        1   -75.56117
     39.145        1   -75.55431
     39.295        1   -75.54757
     39.445        1   -75.54100
     39.595        1   -75.53395
     39.745        1   -75.52734
     39.895        1   -75.52041
     40.045        1   -75.51365
     40.195        1   -75.50632
     40.345        1   -75.49980
     40.495        1   -75.49316
     40.645        1   -75.48644
     40.795        1   -75.47949
     40.945        1   -75.47280
     41.095        1   -75.46646
     41.245        1   -75.45969
     41.395        1   -75.45316
     41.545        1   -75.44660
     41.695        1   -75.44005
     41.845        1   -75.43363
     41.995        1   -75.42702
     42.145        1   -75.42041
     42.295        1   -75.41395
     42.445        1   -75.40732
     42.595        1   -75.40060
     42.745        1   -75.39412
     42.895        1   -75.38760
     43.045        1   -75.38129
     43.195        1   -75.37504
     43.345        1   -75.36868
     43.495        1   -75.36259
     43.645        1   -75.35621
     43.795        1   -75.35007
     43.945        1   -75.34371
     44.095        1   -75.33748
     44.245        1   -75.33143
     44.395        1   -75.32532
     44.545        1   -75.31908
     44.695        1   -75.31281
     44.845        1   -75.30673
     44.995        1   -75.30072
     45.145        1   -75.29455
     45.295        1   -75.28844
     45.445        1   -75.28252
     45.595        1   -75.27653
     45.745        1   -75.27068
     45.895        1   -75.26478
     46.045        1   -75.25879
     46.195        1   -75.25293
     46.345        1   -75.24668
     46.495        1   -75.24059
     46.645        1   -75.23464
     46.795        1   -75.22895
     46.945        1   -75.22288
     47.095        1   -75.21715
     47.245        1   -75.21139
     47.395        1   -75.20586
     47.545        1   -75.20013
     47.695        1   -75.19423
     47.845        1   -75.18850
     47.995        1   -75.18230
     48.145        1   -75.17681
     48.295        1   -75.17105
     48.445        1   -75.16546
     48.595        1   -75.15970
     48.745        1   -75.15410
     48.895        1   -75.14874
     49.045        1   -75.14321
     49.195        1   -75.13762
     49.345        1   -75.13170
     49.495        1   -75.12604
     49.645        1   -75.12010
     49.795        1   -75.11471
     49.945        1   -75.10888
     50.095        1   -75.10332
     50.245        1   -75.09790
     50.395        1   -75.09257
     50.545        1   -75.08721
     50.695        1   -75.08183
     50.845        1   -75.07659
     50.995        1   -75.07118
     51.145        1   -75.06577
     51.295        1   -75.06029
     51.445        1   -75.05511
     51.595        1   -75.04987
     51.745        1   -75.04441
     51.895        1   -75.03900
     52.045        1   -75.03380
     52.195        1   -75.02887
     52.345        1   -75.02348
     52.495        1   -75.01844
     52.645        1   -75.01321
     52.795        1   -75.00803
     52.945        1   -75.00275
     53.095        1   -74.99761
     53.245        1   -74.99252
     53.395        1   -74.98741
     53.545        1   -74.98223
     53.695        1   -74.97714
     53.845        1   -74.97204
     53.995        1   -74.96700
     54.145        1   -74.96188
     54.295        1   -74.95661
     54.445        1   -74.95151
     54.595        1   -74.94657
     54.745        1   -74.94157
     54.895        1   -74.93643
     55.045        1   -74.93163
     55.195        1   -74.92655
     55.345        1   -74.92145
     55.495        1   -74.91648
     55.645        1   -74.91130
     55.795        1   -74.90621
     55.945        1   -74.90127
     56.095        1   -74.89616
     56.245        1   -74.89125
     56.395        1   -74.88635
     56.545        1   -74.88149
     56.695        1   -74.87657
     56.845        1   -74.87164
     56.995        1   -74.86699
     57.145        1   -74.86191
     57.295        1   -74.85712
     57.445        1   -74.85220
     57.595        1   -74.84711
     57.745        1   -74.84228
     57.895        1   -74.83728
     58.045        1   -74.83255
     58.195        1   -74.82808
     58.345        1   -74.82318
     58.495        1   -74.81849
     58.645        1   -74.81385
     58.795        1   -74.80918
     58.945        1   -74.80440
     59.095        1   -74.79983
     59.245        1   -74.79513
     59.395        1   -74.79028
     59.545        1   -74.78558
     59.695        1   -74.78103
     59.845        1   -74.77636
     59.995        1   -74.77155
     60.145        1   -74.76689
     70.939        1   -74.17134
     97.698        1   -73.57413
     134.55        1   -72.97586
     185.30        1   -72.37661
     255.20        1   -71.78192
     351.46        1   -71.19020
     484.04        1   -70.60318
     666.62        1   -70.02677
     918.07        1   -69.45719
     1264.4        1   -68.89439
     1741.3        1   -68.33962
     2398.1        1   -67.79279
     3302.7        1   -67.25415
     4548.5        1   -66.72321
     6264.3        1   -66.20093
     8627.2        1   -65.68540
     11881.        1   -65.17570
     16363.        1   -64.67281
     22535.        1   -64.18091
     31036.        1   -63.69525
     42743.        1   -63.21592
     58866.        1   -62.74446
     81070.        1   -62.27917
    0.11165E+06    1   -61.81930
    0.15377E+06    1   -61.36459
    0.21177E+06    1   -60.91563
    0.29165E+06    1   -60.46951
    0.40166E+06    1   -60.02901
    0.55317E+06    1   -59.59121
    0.76182E+06    1   -59.15634
    0.10492E+07    1   -58.72354
    0.14449E+07    1   -58.29371
    0.19900E+07    1   -57.86450
    0.27406E+07    1   -57.43448
    0.37744E+07    1   -57.00414
    0.51981E+07    1   -56.56976
    0.71589E+07    1   -56.13509
    0.98593E+07    1   -55.69929
    0.13578E+08    1   -55.26162
    0.18700E+08    1   -54.82058
    0.25754E+08    1   -54.37871
    0.35468E+08    1   -53.93990
    0.48847E+08    1   -53.50765
    0.67273E+08    1   -53.08682
    0.92648E+08    1   -52.67585
    0.12760E+09    1   -52.27535
    0.17573E+09    1   -51.88586
    0.24201E+09    1   -51.50823
    0.33330E+09    1   -51.14498
    0.45902E+09    1   -50.79727
    0.63217E+09    1   -50.47055
    0.87062E+09    1   -50.16373
    0.11990E+10    1   -49.87714
    0.16513E+10    1   -49.61073
    0.22742E+10    1   -49.36274
    0.31320E+10    1   -49.13171
    0.43134E+10    1   -48.91592
    0.59405E+10    1   -48.71507
    0.81813E+10    1   -48.52771
    0.11267E+11    1   -48.35273
    0.15517E+11    1   -48.19056
    0.21371E+11    1   -48.03945
    0.29432E+11    1   -47.89903
    0.40534E+11    1   -47.76892
    0.55823E+11    1   -47.64777
    0.10000E+12    1   -46.13408
    -149.95        2     0.00000
    -149.79        2     0.00000
    -149.65        2     0.00000
    -149.49        2     0.00000
    -149.34        2     0.00000
    -149.20        2     0.00000
    -149.04        2     0.00000
    -148.90        2     0.00000
    -148.74        2     0.00000
    -148.59        2     0.00000
    -148.45        2     0.00000
    -148.29        2     0.00000
    -148.15        2     0.00000
    -147.99        2     0.00000
    -147.84        2     0.00000
    -147.70        2     0.00000
    -147.54        2     0.00000
    -147.40        2     0.00000
    -147.24        2     0.00000
    -147.09        2     0.00000
    -146.95        2     0.00000
    -146.79        2     0.00000
    -146.65        2     0.00000
    -146.49        2     0.00000
    -146.34        2     0.00000
    -146.20        2     0.00000
    -146.04        2     0.00000
    -145.90        2     0.00000
    -145.74        2     0.00000
    -145.59        2     0.00000
    -145.45        2     0.00000
    -145.29        2     0.00000
    -145.15        2     0.00000
    -144.99        2     0.00000
    -144.84        2     0.00000
    -144.70        2     0.00000
    -144.54        2     0.00000
    -144.40        2     0.00000
    -144.24        2     0.00000
    -144.09        2     0.00000
    -143.95        2     0.00000
    -143.79        2     0.00000
    -143.65        2     0.00000
    -143.49        2     0.00000
    -143.34        2     0.00000
    -143.20        2     0.00000
    -143.04        2     0.00000
    -142.90        2     0.00000
    -142.74        2     0.00000
    -142.59        2     0.00000
    -142.45        2     0.00000
    -142.29        2     0.00000
    -142.15        2     0.00000
    -141.99        2     0.00000
    -141.84        2     0.00000
    -141.70        2     0.00000
    -141.54        2     0.00000
    -141.40        2     0.00000
    -141.24        2     0.00000
    -141.09        2     0.00000
    -140.95        2     0.00000
    -140.79        2     0.00000
    -140.65        2     0.00000
    -140.49        2     0.00000
    -140.34        2     0.00000
    -140.20        2     0.00000
    -140.04        2     0.00000
    -139.90        2     0.00000
    -139.74        2     0.00000
    -139.59        2     0.00000
    -139.45        2     0.00000
    -139.29        2     0.00000
    -139.15        2     0.00000
    -138.99        2     0.00000
    -138.84        2     0.00000
    -138.70        2     0.00000
    -138.54        2     0.00000
    -138.40        2     0.00000
    -138.24        2     0.00000
    -138.09        2     0.00000
    -137.95        2     0.00000
    -137.79        2     0.00000
    -137.65        2     0.00000
    -137.49        2     0.00000
    -137.34        2     0.00000
    -137.20        2     0.00000
    -137.04        2     0.00000
    -136.90        2     0.00000
    -136.74        2     0.00000
    -136.59        2     0.00000
    -136.45        2     0.00000
    -136.29        2     0.00000
    -136.15        2     0.00000
    -135.99        2     0.00000
    -135.84        2     0.00000
    -135.70        2     0.00000
    -135.54        2     0.00000
    -135.40        2     0.00000
    -135.24        2     0.00000
    -135.09        2     0.00000
    -134.95        2     0.00000
    -134.79        2     0.00000
    -134.65        2     0.00000
    -134.49        2     0.00000
    -134.34        2     0.00000
    -134.20        2     0.00000
    -134.04        2     0.00000
    -133.90        2     0.00000
    -133.74        2     0.00000
    -133.59        2     0.00000
    -133.45        2     0.00000
    -133.29        2     0.00000
    -133.15        2     0.00000
    -132.99        2     0.00000
    -132.84        2     0.00000
    -132.70        2     0.00000
    -132.54        2     0.00000
    -132.40        2     0.00000
    -132.24        2     0.00000
    -132.09        2     0.00000
    -131.95        2     0.00000
    -131.79        2     0.00000
    -131.65        2     0.00000
    -131.49        2     0.00000
    -131.34        2     0.00000
    -131.20        2     0.00000
    -131.04        2     0.00000
    -130.90        2     0.00000
    -130.74        2     0.00000
    -130.59        2     0.00000
    -130.45        2     0.00000
    -130.29        2     0.00000
    -130.15        2     0.00000
    -129.99        2     0.00000
    -129.84        2     0.00000
    -129.70        2     0.00000
    -129.54        2     0.00000
    -129.40        2     0.00000
    -129.24        2     0.00000
    -129.09        2     0.00000
    -128.95        2     0.00000
    -128.79        2     0.00000
    -128.65        2     0.00000
    -128.49        2     0.00000
    -128.34        2     0.00000
    -128.20        2     0.00000
    -128.04        2     0.00000
    -127.89        2     0.00000
    -127.75        2     0.00000
    -127.60        2     0.00000
    -127.44        2     0.00000
    -127.30        2     0.00000
    -127.14        2     0.00000
    -127.00        2     0.00000
    -126.85        2     0.00000
    -126.69        2     0.00000
    -126.55        2     0.00000
    -126.39        2     0.00000
    -126.25        2     0.00000
    -126.10        2     0.00000
    -125.94        2     0.00000
    -125.80        2     0.00000
    -125.64        2     0.00000
    -125.50        2     0.00000
    -125.35        2     0.00000
    -125.19        2     0.00000
    -125.05        2     0.00000
    -124.89        2     0.00000
    -124.75        2     0.00000
    -124.60        2     0.00000
    -124.44        2     0.00000
    -124.30        2     0.00000
    -124.14        2     0.00000
    -124.00        2     0.00000
    -123.85        2     0.00000
    -123.69        2     0.00000
    -123.55        2     0.00000
    -123.39        2     0.00000
    -123.25        2     0.00000
    -123.10        2     0.00000
    -122.94        2     0.00000
    -122.80        2     0.00000
    -122.64        2     0.00000
    -122.50        2     0.00000
    -122.35        2     0.00000
    -122.19        2     0.00000
    -122.05        2     0.00000
    -121.89        2     0.00000
    -121.75        2     0.00000
    -121.60        2     0.00000
    -121.44        2     0.00000
    -121.30        2     0.00000
    -121.14        2     0.00000
    -121.00        2     0.00000
    -120.85        2     0.00000
    -120.69        2     0.00000
    -120.55        2     0.00000
    -120.39        2     0.00000
    -120.25        2     0.00000
    -120.10        2     0.00000
    -119.94        2     0.00000
    -119.80        2     0.00000
    -119.64        2     0.00000
    -119.50        2     0.00000
    -119.35        2     0.00000
    -119.19        2     0.00000
    -119.05        2     0.00000
    -118.89        2     0.00000
    -118.75        2     0.00000
    -118.60        2     0.00000
    -118.44        2     0.00000
    -118.30        2     0.00000
    -118.14        2     0.00000
    -118.00        2     0.00000
    -117.85        2     0.00000
    -117.69        2     0.00000
    -117.55        2     0.00000
    -117.39        2     0.00000
    -117.25        2     0.00000
    -117.10        2     0.00000
    -116.94        2     0.00000
    -116.80        2     0.00000
    -116.64        2     0.00000
    -116.50        2     0.00000
    -116.35        2     0.00000
    -116.19        2     0.00000
    -116.05        2     0.00000
    -115.89        2     0.00000
    -115.75        2     0.00000
    -115.60        2     0.00000
    -115.44        2     0.00000
    -115.30        2     0.00000
    -115.14        2     0.00000
    -115.00        2     0.00000
    -114.85        2     0.00000
    -114.69        2     0.00000
    -114.55        2     0.00000
    -114.39        2     0.00000
    -114.25        2     0.00000
    -114.10        2     0.00000
    -113.94        2     0.00000
    -113.80        2     0.00000
    -113.64        2     0.00000
    -113.50        2     0.00000
    -113.35        2     0.00000
    -113.19        2     0.00000
    -113.05        2     0.00000
    -112.89        2     0.00000
    -112.75        2     0.00000
    -112.60        2     0.00000
    -112.44        2     0.00000
    -112.30        2     0.00000
    -112.14        2     0.00000
    -112.00        2     0.00000
    -111.85        2     0.00000
    -111.69        2     0.00000
    -111.55        2     0.00000
    -111.39        2     0.00000
    -111.25        2     0.00000
    -111.10        2     0.00000
    -110.94        2     0.00000
    -110.80        2     0.00000
    -110.64        2     0.00000
    -110.50        2     0.00000
    -110.35        2     0.00000
    -110.19        2     0.00000
    -110.05        2     0.00000
    -109.89        2     0.00000
    -109.75        2     0.00000
    -109.60        2     0.00000
    -109.44        2     0.00000
    -109.30        2     0.00000
    -109.14        2     0.00000
    -109.00        2     0.00000
    -108.85        2     0.00000
    -108.69        2     0.00000
    -108.55        2     0.00000
    -108.39        2     0.00000
    -108.25        2     0.00000
    -108.10        2     0.00000
    -107.94        2     0.00000
    -107.80        2     0.00000
    -107.64        2     0.00000
    -107.50        2     0.00000
    -107.35        2     0.00000
    -107.19        2     0.00000
    -107.05        2     0.00000
    -106.89        2     0.00000
    -106.75        2     0.00000
    -106.60        2     0.00000
    -106.44        2     0.00000
    -106.30        2     0.00000
    -106.14        2     0.00000
    -106.00        2     0.00000
    -105.85        2     0.00000
    -105.69        2     0.00000
    -105.55        2     0.00000
    -105.39        2     0.00000
    -105.25        2     0.00000
    -105.10        2     0.00000
    -104.94        2     0.00000
    -104.80        2     0.00000
    -104.64        2     0.00000
    -104.50        2     0.00000
    -104.35        2     0.00000
    -104.19        2     0.00000
    -104.05        2     0.00000
    -103.89        2     0.00000
    -103.75        2     0.00000
    -103.60        2     0.00000
    -103.44        2     0.00000
    -103.30        2     0.00000
    -103.14        2     0.00000
    -103.00        2     0.00000
    -102.85        2     0.00000
    -102.69        2     0.00000
    -102.55        2     0.00000
    -102.39        2     0.00000
    -102.25        2     0.00000
    -102.10        2     0.00000
    -101.94        2     0.00000
    -101.80        2     0.00000
    -101.64        2     0.00000
    -101.50        2     0.00000
    -101.35        2     0.00000
    -101.19        2     0.00000
    -101.05        2     0.00000
    -100.89        2     0.00000
    -100.75        2     0.00000
    -100.60        2     0.00000
    -100.44        2     0.00000
    -100.30        2     0.00000
    -100.14        2     0.00000
    -99.995        2     0.00000
    -99.845        2     0.00000
    -99.695        2     0.00000
    -99.545        2     0.00000
    -99.395        2     0.00000
    -99.245        2     0.00000
    -99.095        2     0.00000
    -98.945        2     0.00000
    -98.795        2     0.00000
    -98.645        2     0.00000
    -98.495        2     0.00000
    -98.345        2     0.00000
    -98.195        2     0.00000
    -98.045        2     0.00000
    -97.895        2     0.00000
    -97.745        2     0.00000
    -97.595        2     0.00000
    -97.445        2     0.00000
    -97.295        2     0.00000
    -97.145        2     0.00000
    -96.995        2     0.00000
    -96.845        2     0.00000
    -96.695        2     0.00000
    -96.545        2     0.00000
    -96.395        2     0.00000
    -96.245        2     0.00000
    -96.095        2     0.00000
    -95.945        2     0.00000
    -95.795        2     0.00000
    -95.645        2     0.00000
    -95.495        2     0.00000
    -95.345        2     0.00000
    -95.195        2     0.00000
    -95.045        2     0.00000
    -94.895        2     0.00000
    -94.745        2     0.00000
    -94.595        2     0.00000
    -94.445        2     0.00000
    -94.295        2     0.00000
    -94.145        2     0.00000
    -93.995        2     0.00000
    -93.845        2     0.00000
    -93.695        2     0.00000
    -93.545        2     0.00000
    -93.395        2     0.00000
    -93.245        2     0.00000
    -93.095        2     0.00000
    -92.945        2     0.00000
    -92.795        2     0.00000
    -92.645        2     0.00000
    -92.495        2     0.00000
    -92.345        2     0.00000
    -92.195        2     0.00000
    -92.045        2     0.00000
    -91.895        2     0.00000
    -91.745        2     0.00000
    -91.595        2     0.00000
    -91.445        2     0.00000
    -91.295        2     0.00000
    -91.145        2     0.00000
    -90.995        2     0.00000
    -90.845        2     0.00000
    -90.695        2     0.00000
    -90.545        2     0.00000
    -90.395        2     0.00000
    -90.245        2     0.00000
    -90.095        2     0.00000
    -89.945        2     0.00000
    -89.795        2     0.00000
    -89.645        2     0.00000
    -89.495        2     0.00000
    -89.345        2     0.00000
    -89.195        2     0.00000
    -89.045        2     0.00000
    -88.895        2     0.00000
    -88.745        2     0.00000
    -88.595        2     0.00000
    -88.445        2     0.00000
    -88.295        2     0.00000
    -88.145        2     0.00000
    -87.995        2     0.00000
    -87.845        2     0.00000
    -87.695        2     0.00000
    -87.545        2     0.00000
    -87.395        2     0.00000
    -87.245        2     0.00000
    -87.095        2     0.00000
    -86.945        2     0.00000
    -86.795        2     0.00000
    -86.645        2     0.00000
    -86.495        2     0.00000
    -86.345        2     0.00000
    -86.195        2     0.00000
    -86.045        2     0.00000
    -85.895        2     0.00000
    -85.745        2     0.00000
    -85.595        2     0.00000
    -85.445        2     0.00000
    -85.295        2     0.00000
    -85.145        2     0.00000
    -84.995        2     0.00000
    -84.845        2     0.00000
    -84.695        2     0.00000
    -84.545        2     0.00000
    -84.395        2     0.00000
    -84.245        2     0.00000
    -84.095        2     0.00000
    -83.945        2     0.00000
    -83.795        2     0.00000
    -83.645        2     0.00000
    -83.495        2     0.00000
    -83.345        2     0.00000
    -83.195        2     0.00000
    -83.045        2     0.00000
    -82.895        2     0.00000
    -82.745        2     0.00000
    -82.595        2     0.00000
    -82.445        2     0.00000
    -82.295        2     0.00000
    -82.145        2     0.00000
    -81.995        2     0.00000
    -81.845        2     0.00000
    -81.695        2     0.00000
    -81.545        2     0.00000
    -81.395        2     0.00000
    -81.245        2     0.00000
    -81.095        2     0.00000
    -80.945        2     0.00000
    -80.795        2     0.00000
    -80.645        2     0.00000
    -80.495        2     0.00000
    -80.345        2     0.00000
    -80.195        2     0.00000
    -80.045        2     0.00000
    -79.895        2     0.00000
    -79.745        2     0.00000
    -79.595        2     0.00000
    -79.445        2     0.00000
    -79.295        2     0.00000
    -79.145        2     0.00000
    -78.995        2     0.00000
    -78.845        2     0.00000
    -78.695        2     0.00000
    -78.545        2     0.00000
    -78.395        2     0.00000
    -78.245        2     0.00000
    -78.095        2     0.00000
    -77.945        2     0.00000
    -77.795        2     0.00000
    -77.645        2     0.00000
    -77.495        2     0.00000
    -77.345        2     0.00000
    -77.195        2     0.00000
    -77.045        2     0.00000
    -76.895        2     0.00000
    -76.745        2     0.00000
    -76.595        2     0.00000
    -76.445        2     0.00000
    -76.295        2     0.00000
    -76.145        2     0.00000
    -75.995        2     0.00000
    -75.845        2     0.00000
    -75.695        2     0.00000
    -75.545        2     0.00000
    -75.395        2     0.00000
    -75.245        2     0.00000
    -75.095        2     0.00000
    -74.945        2     0.00000
    -74.795        2     0.00000
    -74.645        2     0.00000
    -74.495        2     0.00000
    -74.345        2     0.00000
    -74.195        2     0.00000
    -74.045        2     0.00000
    -73.895        2     0.00000
    -73.745        2     0.00000
    -73.595        2     0.00000
    -73.445        2     0.00000
    -73.295        2     0.00000
    -73.145        2     0.00000
    -72.995        2     0.00000
    -72.845        2     0.00000
    -72.695        2     0.00000
    -72.545        2     0.00000
    -72.395        2     0.00000
    -72.245        2     0.00000
    -72.095        2     0.00000
    -71.945        2     0.00000
    -71.795        2     0.00000
    -71.645        2     0.00000
    -71.495        2     0.00000
    -71.345        2     0.00000
    -71.195        2     0.00000
    -71.045        2     0.00000
    -70.895        2     0.00000
    -70.745        2     0.00000
    -70.595        2     0.00000
    -70.445        2     0.00000
    -70.295        2     0.00000
    -70.145        2     0.00000
    -69.995        2     0.00000
    -69.845        2     0.00000
    -69.695        2     0.00000
    -69.545        2     0.00000
    -69.395        2     0.00000
    -69.245        2     0.00000
    -69.095        2     0.00000
    -68.945        2     0.00000
    -68.795        2     0.00000
    -68.645        2     0.00000
    -68.495        2     0.00000
    -68.345        2     0.00000
    -68.195        2     0.00000
    -68.045        2     0.00000
    -67.895        2     0.00000
    -67.745        2     0.00000
    -67.595        2     0.00000
    -67.445        2     0.00000
    -67.295        2     0.00000
    -67.145        2     0.00000
    -66.995        2     0.00000
    -66.845        2     0.00000
    -66.695        2     0.00000
    -66.545        2     0.00000
    -66.395        2     0.00000
    -66.245        2     0.00000
    -66.095        2     0.00000
    -65.945        2     0.00000
    -65.795        2     0.00000
    -65.645        2     0.00000
    -65.495        2     0.00000
    -65.345        2     0.00000
    -65.195        2     0.00000
    -65.045        2     0.00000
    -64.895        2     0.00000
    -64.745        2     0.00000
    -64.595        2     0.00000
    -64.445        2     0.00000
    -64.295        2     0.00000
    -64.145        2     0.00000
    -63.995        2     0.00000
    -63.845        2     0.00000
    -63.695        2     0.00000
    -63.545        2     0.00000
    -63.395        2     0.00000
    -63.245        2     0.00000
    -63.095        2     0.00000
    -62.945        2     0.00000
    -62.795        2     0.00000
    -62.645        2     0.00000
    -62.495        2     0.00000
    -62.345        2     0.00000
    -62.195        2     0.00000
    -62.045        2     0.00000
    -61.895        2     0.00000
    -61.745        2     0.00000
    -61.595        2     0.00000
    -61.445        2     0.00000
    -61.295        2     0.00000
    -61.145        2     0.00000
    -60.995        2     0.00000
    -60.845        2     0.00000
    -60.695        2     0.00000
    -60.545        2     0.00000
    -60.395        2     0.00000
    -60.245        2     0.00000
    -60.095        2     0.00000
    -59.945        2     0.00000
    -59.795        2     0.00000
    -59.645        2     0.00000
    -59.495        2     0.00000
    -59.345        2     0.00000
    -59.195        2     0.00000
    -59.045        2     0.00000
    -58.895        2     0.00000
    -58.745        2     0.00000
    -58.595        2     0.00000
    -58.445        2     0.00000
    -58.295        2     0.00000
    -58.145        2     0.00000
    -57.995        2     0.00000
    -57.845        2     0.00000
    -57.695        2     0.00000
    -57.545        2     0.00000
    -57.395        2     0.00000
    -57.245        2     0.00000
    -57.095        2     0.00000
    -56.945        2     0.00000
    -56.795        2     0.00000
    -56.645        2     0.00000
    -56.495        2     0.00000
    -56.345        2     0.00000
    -56.195        2     0.00000
    -56.045        2     0.00000
    -55.895        2     0.00000
    -55.745        2     0.00000
    -55.595        2     0.00000
    -55.445        2     0.00000
    -55.295        2     0.00000
    -55.145        2     0.00000
    -54.995        2     0.00000
    -54.845        2     0.00000
    -54.695        2     0.00000
    -54.545        2     0.00000
    -54.395        2     0.00000
    -54.245        2     0.00000
    -54.095        2     0.00000
    -53.945        2     0.00000
    -53.795        2     0.00000
    -53.645        2     0.00000
    -53.495        2     0.00000
    -53.345        2     0.00000
    -53.195        2     0.00000
    -53.045        2     0.00000
    -52.895        2     0.00000
    -52.745        2     0.00000
    -52.595        2     0.00000
    -52.445        2     0.00000
    -52.295        2     0.00000
    -52.145        2     0.00000
    -51.995        2     0.00000
    -51.845        2     0.00000
    -51.695        2     0.00000
    -51.545        2     0.00000
    -51.395        2     0.00000
    -51.245        2     0.00000
    -51.095        2     0.00000
    -50.945        2     0.00000
    -50.795        2     0.00000
    -50.645        2     0.00000
    -50.495        2     0.00000
    -50.345        2     0.00000
    -50.195        2     0.00000
    -50.045        2     0.00000
    -49.895        2     0.00000
    -49.745        2     0.00000
    -49.595        2     0.00000
    -49.445        2     0.00000
    -49.295        2     0.00000
    -49.145        2     0.00000
    -48.995        2     0.00000
    -48.845        2     0.00000
    -48.695        2     0.00000
    -48.545        2     0.00000
    -48.395        2     0.00000
    -48.245        2     0.00000
    -48.095        2     0.00000
    -47.945        2     0.00000
    -47.795        2     0.00000
    -47.645        2     0.00000
    -47.495        2     0.00000
    -47.345        2     0.00000
    -47.195        2     0.00000
    -47.045        2     0.00000
    -46.895        2     0.00000
    -46.745        2     0.00000
    -46.595        2     0.00000
    -46.445        2     0.00000
    -46.295        2     0.00000
    -46.145        2     0.00000
    -45.995        2     0.00000
    -45.845        2     0.00000
    -45.695        2     0.00000
    -45.545        2     0.00000
    -45.395        2     0.00000
    -45.245        2     0.00000
    -45.095        2     0.00000
    -44.945        2     0.00000
    -44.795        2     0.00000
    -44.645        2     0.00000
    -44.495        2     0.00000
    -44.345        2     0.00000
    -44.195        2     0.00000
    -44.045        2     0.00000
    -43.895        2     0.00000
    -43.745        2     0.00000
    -43.595        2     0.00000
    -43.445        2     0.00000
    -43.295        2     0.00000
    -43.145        2     0.00000
    -42.995        2     0.00000
    -42.845        2     0.00000
    -42.695        2     0.00000
    -42.545        2     0.00000
    -42.395        2     0.00000
    -42.245        2     0.00000
    -42.095        2     0.00000
    -41.945        2     0.00000
    -41.795        2     0.00000
    -41.645        2     0.00000
    -41.495        2     0.00000
    -41.345        2     0.00000
    -41.195        2     0.00000
    -41.045        2     0.00000
    -40.895        2     0.00000
    -40.745        2     0.00000
    -40.595        2     0.00000
    -40.445        2     0.00000
    -40.295        2     0.00000
    -40.145        2     0.00000
    -39.995        2     0.00000
    -39.845        2     0.00000
    -39.695        2     0.00000
    -39.545        2     0.00000
    -39.395        2     0.00000
    -39.245        2     0.00000
    -39.095        2     0.00000
    -38.945        2     0.00000
    -38.795        2     0.00000
    -38.645        2     0.00000
    -38.495        2     0.00000
    -38.345        2     0.00000
    -38.195        2     0.00000
    -38.045        2     0.00000
    -37.895        2     0.00000
    -37.745        2     0.00000
    -37.595        2     0.00000
    -37.445        2     0.00000
    -37.295        2     0.00000
    -37.145        2     0.00000
    -36.995        2     0.00000
    -36.845        2     0.00000
    -36.695        2     0.00000
    -36.545        2     0.00000
    -36.395        2     0.00000
    -36.245        2     0.00000
    -36.095        2     0.00000
    -35.945        2     0.00000
    -35.795        2     0.00000
    -35.645        2     0.00000
    -35.495        2     0.00000
    -35.345        2     0.00000
    -35.195        2     0.00000
    -35.045        2     0.00000
    -34.895        2     0.00000
    -34.745        2     0.00000
    -34.595        2     0.00000
    -34.445        2     0.00000
    -34.295        2     0.00000
    -34.145        2     0.00000
    -33.995        2     0.00000
    -33.845        2     0.00000
    -33.695        2     0.00000
    -33.545        2     0.00000
    -33.395        2     0.00000
    -33.245        2     0.00000
    -33.095        2     0.00000
    -32.945        2     0.00000
    -32.795        2     0.00000
    -32.645        2     0.00000
    -32.495        2     0.00000
    -32.345        2     0.00000
    -32.195        2     0.00000
    -32.045        2     0.00000
    -31.895        2     0.00000
    -31.745        2     0.00000
    -31.595        2     0.00000
    -31.445        2     0.00000
    -31.295        2     0.00000
    -31.145        2     0.00000
    -30.995        2     0.00000
    -30.845        2     0.00000
    -30.695        2     0.00000
    -30.545        2     0.00000
    -30.395        2     0.00000
    -30.245        2     0.00000
    -30.095        2     0.00000
    -29.945        2     0.00000
    -29.795        2     0.00000
    -29.645        2     0.00000
    -29.495        2     0.00000
    -29.345        2     0.00000
    -29.195        2     0.00000
    -29.045        2     0.00000
    -28.895        2     0.00000
    -28.745        2     0.00000
    -28.595        2     0.00000
    -28.445        2     0.00000
    -28.295        2     0.00000
    -28.145        2     0.00000
    -27.995        2     0.00000
    -27.845        2     0.00000
    -27.695        2     0.00000
    -27.545        2     0.00000
    -27.395        2     0.00000
    -27.245        2     0.00000
    -27.095        2     0.00000
    -26.945        2     0.00000
    -26.795        2     0.00000
    -26.645        2     0.00000
    -26.495        2     0.00000
    -26.345        2     0.00000
    -26.195        2     0.00000
    -26.045        2     0.00000
    -25.895        2     0.00000
    -25.745        2     0.00000
    -25.595        2     0.00000
    -25.445        2     0.00000
    -25.295        2     0.00000
    -25.145        2     0.00000
    -24.995        2     0.00000
    -24.845        2     0.00000
    -24.695        2     0.00000
    -24.545        2     0.00000
    -24.395        2     0.00000
    -24.245        2     0.00000
    -24.095        2     0.00000
    -23.945        2     0.00000
    -23.795        2     0.00000
    -23.645        2     0.00000
    -23.495        2     0.00000
    -23.345        2     0.00000
    -23.195        2     0.00000
    -23.045        2     0.00000
    -22.895        2     0.00000
    -22.745        2     0.00000
    -22.595        2     0.00000
    -22.445        2     0.00000
    -22.295        2     0.00000
    -22.145        2     0.00000
    -21.995        2     0.00000
    -21.845        2     0.00000
    -21.695        2     0.00000
    -21.545        2     0.00000
    -21.395        2     0.00000
    -21.245        2     0.00000
    -21.095        2     0.00000
    -20.945        2     0.00000
    -20.795        2     0.00000
    -20.645        2     0.00000
    -20.495        2     0.00000
    -20.345        2     0.00000
    -20.195        2     0.00000
    -20.045        2     0.00000
    -19.895        2     0.00000
    -19.745        2     0.00000
    -19.595        2     0.00000
    -19.445        2     0.00000
    -19.295        2     0.00000
    -19.145        2     0.00000
    -18.995        2     0.00000
    -18.845        2     0.00000
    -18.695        2     0.00000
    -18.545        2     0.00000
    -18.395        2     0.00000
    -18.245        2     0.00000
    -18.095        2     0.00000
    -17.945        2     0.00000
    -17.795        2     0.00000
    -17.645        2     0.00000
    -17.495        2     0.00000
    -17.345        2     0.00000
    -17.195        2     0.00000
    -17.045        2     0.00000
    -16.895        2     0.00000
    -16.745        2     0.00000
    -16.595        2     0.00000
    -16.445        2     0.00000
    -16.295        2     0.00000
    -16.145        2     0.00000
    -15.995        2     0.00000
    -15.845        2     0.00000
    -15.695        2     0.00000
    -15.545        2     0.00000
    -15.395        2     0.00000
    -15.245        2     0.00000
    -15.095        2     0.00000
    -14.945        2     0.00000
    -14.795        2     0.00000
    -14.645        2    -0.00051
    -14.495        2    -0.00645
    -14.345        2    -0.03179
    -14.195        2    -0.10382
    -14.045        2    -0.23086
    -13.895        2    -0.42269
    -13.745        2    -0.67579
    -13.595        2    -0.99852
    -13.445        2    -1.38751
    -13.295        2    -1.83070
    -13.145        2    -2.31965
    -12.995        2    -2.88085
    -12.845        2    -3.49217
    -12.695        2    -4.15158
    -12.545        2    -4.88906
    -12.395        2    -5.69365
    -12.245        2    -6.57399
    -12.095        2    -7.53333
    -11.945        2    -8.54553
    -11.795        2    -9.63301
    -11.645        2   -10.77796
    -11.495        2   -11.94106
    -11.345        2   -13.13574
    -11.195        2   -14.38822
    -11.045        2   -15.63417
    -10.895        2   -16.91604
    -10.745        2   -18.22693
    -10.595        2   -19.62901
    -10.445        2   -21.15665
    -10.295        2   -22.81313
    -10.145        2   -24.54068
    -9.9950        2   -26.27428
    -9.8450        2   -27.98659
    -9.6950        2   -29.65105
    -9.5450        2   -31.25886
    -9.3950        2   -32.79379
    -9.2450        2   -34.28050
    -9.0950        2   -35.72466
    -8.9450        2   -37.10637
    -8.7950        2   -38.46173
    -8.6450        2   -39.79681
    -8.4950        2   -41.09927
    -8.3450        2   -42.40113
    -8.1950        2   -43.68286
    -8.0450        2   -44.95313
    -7.8950        2   -46.22262
    -7.7450        2   -47.50235
    -7.5950        2   -48.77753
    -7.4450        2   -50.09611
    -7.2950        2   -51.43513
    -7.1450        2   -52.80702
    -6.9950        2   -54.18748
    -6.8450        2   -55.60882
    -6.6950        2   -57.06635
    -6.5450        2   -58.55048
    -6.3950        2   -60.03113
    -6.2450        2   -61.54111
    -6.0950        2   -63.08318
    -5.9450        2   -64.60390
    -5.7950        2   -66.11804
    -5.6450        2   -67.64080
    -5.4950        2   -69.13487
    -5.3450        2   -70.64623
    -5.1950        2   -72.15499
    -5.0450        2   -73.64411
    -4.8950        2   -75.13030
    -4.7450        2   -76.61835
    -4.5950        2   -78.10652
    -4.4450        2   -79.62381
    -4.2950        2   -81.14826
    -4.1450        2   -82.70327
    -3.9950        2   -84.31434
    -3.8450        2   -86.00098
    -3.6950        2   -87.76913
    -3.5450        2   -89.65026
    -3.3950        2   -91.63847
    -3.2450        2   -93.76947
    -3.0950        2   -96.07900
    -2.9450        2   -98.59953
    -2.7950        2  -101.35333
    -2.6450        2  -104.37488
    -2.4950        2  -107.70218
    -2.3450        2  -111.34339
    -2.1950        2  -115.33819
    -2.0450        2  -119.78251
    -1.8950        2  -124.76693
    -1.7450        2  -130.38225
    -1.5950        2  -136.71532
    -1.4450        2  -143.75270
    -1.2950        2  -151.46803
    -1.1450        2  -159.78957
   -0.99500        2  -168.61233
   -0.84500        2  -177.86058
   -0.69500        2  -187.53673
   -0.54500        2  -197.89868
   -0.39500        2  -209.68444
   -0.25300        2  -218.62956
   -0.21500        2  -219.23712
   -0.20900        2  -219.85361
   -0.20300        2  -220.47804
   -0.19700        2  -221.11425
   -0.19100        2  -221.75870
   -0.18500        2  -222.41576
   -0.17900        2  -223.08389
   -0.17300        2  -223.76469
   -0.16700        2  -224.45611
   -0.16100        2  -225.16286
   -0.15500        2  -225.88311
   -0.14900        2  -226.61724
   -0.14300        2  -227.36776
   -0.13700        2  -228.13584
   -0.13100        2  -228.92251
   -0.12500        2  -229.72826
   -0.11900        2  -230.55471
   -0.11300        2  -231.40448
   -0.10700        2  -232.28001
   -0.10100        2  -233.18243
   -0.95000E-01    2  -234.11444
   -0.89000E-01    2  -235.08152
   -0.83000E-01    2  -236.08508
   -0.77000E-01    2  -237.13229
   -0.71000E-01    2  -238.22750
   -0.65000E-01    2  -239.38204
   -0.59000E-01    2  -240.60441
   -0.53000E-01    2  -241.90774
   -0.47000E-01    2  -243.31393
   -0.41000E-01    2  -244.85106
   -0.35000E-01    2  -246.56358
   -0.29000E-01    2  -248.52380
   -0.23000E-01    2  -250.86460
   -0.19700E-01    2  -251.12525
   -0.19100E-01    2  -251.39243
   -0.18500E-01    2  -251.66652
   -0.17900E-01    2  -251.94850
   -0.17300E-01    2  -252.23837
   -0.16700E-01    2  -252.53660
   -0.16100E-01    2  -252.84422
   -0.15500E-01    2  -253.16122
   -0.14900E-01    2  -253.48860
   -0.14300E-01    2  -253.82679
   -0.13700E-01    2  -254.17715
   -0.13100E-01    2  -254.54070
   -0.12500E-01    2  -254.91838
   -0.11900E-01    2  -255.31130
   -0.11300E-01    2  -255.72166
   -0.10700E-01    2  -256.15134
   -0.10100E-01    2  -256.60266
   -0.95000E-02    2  -257.07804
   -0.89000E-02    2  -257.58004
   -0.83000E-02    2  -258.11098
   -0.77000E-02    2  -258.67533
   -0.71000E-02    2  -259.27750
   -0.65000E-02    2  -259.92232
   -0.59000E-02    2  -260.61525
   -0.53000E-02    2  -261.36154
   -0.47000E-02    2  -262.16315
   -0.41000E-02    2  -263.02086
   -0.35000E-02    2  -263.92878
   -0.29000E-02    2  -264.86602
   -0.23000E-02    2  -265.79046
   -0.17000E-02    2  -266.62581
   -0.11000E-02    2  -267.25417
   -0.50000E-03    2  -267.57062
    0.10000E-03    2  -267.50872
    0.70000E-03    2  -267.08283
    0.13000E-02    2  -266.37376
    0.19000E-02    2  -265.49799
    0.25000E-02    2  -264.56468
    0.31000E-02    2  -263.63585
    0.37000E-02    2  -262.74501
    0.43000E-02    2  -261.90750
    0.49000E-02    2  -261.12629
    0.55000E-02    2  -260.39981
    0.61000E-02    2  -259.72536
    0.67000E-02    2  -259.09686
    0.73000E-02    2  -258.50923
    0.79000E-02    2  -257.95851
    0.85000E-02    2  -257.43971
    0.91000E-02    2  -256.94875
    0.97000E-02    2  -256.48332
    0.10300E-01    2  -256.04148
    0.10900E-01    2  -255.62035
    0.11500E-01    2  -255.21795
    0.12100E-01    2  -254.83191
    0.12700E-01    2  -254.46145
    0.13300E-01    2  -254.10463
    0.13900E-01    2  -253.76030
    0.14500E-01    2  -253.42774
    0.15100E-01    2  -253.10596
    0.15700E-01    2  -252.79438
    0.16300E-01    2  -252.49200
    0.16900E-01    2  -252.19870
    0.17500E-01    2  -251.91395
    0.18100E-01    2  -251.63676
    0.18700E-01    2  -251.36702
    0.19300E-01    2  -251.10401
    0.20200E-01    2  -250.14142
    0.25000E-01    2  -247.97881
    0.31000E-01    2  -246.15068
    0.37000E-01    2  -244.55044
    0.43000E-01    2  -243.11715
    0.49000E-01    2  -241.81353
    0.55000E-01    2  -240.61414
    0.61000E-01    2  -239.50097
    0.67000E-01    2  -238.46034
    0.73000E-01    2  -237.48360
    0.79000E-01    2  -236.55936
    0.85000E-01    2  -235.68356
    0.91000E-01    2  -234.85143
    0.97000E-01    2  -234.05654
    0.10300        2  -233.29649
    0.10900        2  -232.56801
    0.11500        2  -231.86778
    0.12100        2  -231.19643
    0.12700        2  -230.54836
    0.13300        2  -229.92372
    0.13900        2  -229.32003
    0.14500        2  -228.73618
    0.15100        2  -228.17264
    0.15700        2  -227.62700
    0.16300        2  -227.09880
    0.16900        2  -226.58695
    0.17500        2  -226.09109
    0.18100        2  -225.61009
    0.18700        2  -225.14116
    0.19300        2  -224.68544
    0.19900        2  -224.24055
    0.20500        2  -223.80684
    0.21100        2  -223.38498
    0.21700        2  -222.97351
    0.29500        2  -214.82678
    0.44500        2  -209.75856
    0.59500        2  -206.12638
    0.74500        2  -203.27605
    0.89500        2  -200.89307
     1.0450        2  -198.83591
     1.1950        2  -197.03554
     1.3450        2  -195.43785
     1.4950        2  -194.00492
     1.6450        2  -192.70360
     1.7950        2  -191.51516
     1.9450        2  -190.42481
     2.0950        2  -189.42573
     2.2450        2  -188.50462
     2.3950        2  -187.65930
     2.5450        2  -186.88476
     2.6950        2  -186.16400
     2.8450        2  -185.50157
     2.9950        2  -184.88741
     3.1450        2  -184.30831
     3.2950        2  -183.77000
     3.4450        2  -183.26561
     3.5950        2  -182.78468
     3.7450        2  -182.33887
     3.8950        2  -181.91642
     4.0450        2  -181.51233
     4.1950        2  -181.12251
     4.3450        2  -180.74904
     4.4950        2  -180.39487
     4.6450        2  -180.05430
     4.7950        2  -179.72198
     4.9450        2  -179.40179
     5.0950        2  -179.09111
     5.2450        2  -178.79193
     5.3950        2  -178.49989
     5.5450        2  -178.21353
     5.6950        2  -177.93555
     5.8450        2  -177.66768
     5.9950        2  -177.40472
     6.1450        2  -177.14719
     6.2950        2  -176.89670
     6.4450        2  -176.65402
     6.5950        2  -176.41647
     6.7450        2  -176.18339
     6.8950        2  -175.95577
     7.0450        2  -175.73334
     7.1950        2  -175.51274
     7.3450        2  -175.29868
     7.4950        2  -175.08919
     7.6450        2  -174.88076
     7.7950        2  -174.67627
     7.9450        2  -174.47379
     8.0950        2  -174.28042
     8.2450        2  -174.09119
     8.3950        2  -173.90144
     8.5450        2  -173.71240
     8.6950        2  -173.53184
     8.8450        2  -173.35295
     8.9950        2  -173.17390
     9.1450        2  -173.00434
     9.2950        2  -172.83179
     9.4450        2  -172.66252
     9.5950        2  -172.49767
     9.7450        2  -172.33430
     9.8950        2  -172.17424
     10.045        2  -172.01667
     10.195        2  -171.85989
     10.345        2  -171.70725
     10.495        2  -171.55765
     10.645        2  -171.40812
     10.795        2  -171.25974
     10.945        2  -171.11283
     11.095        2  -170.97057
     11.245        2  -170.82862
     11.395        2  -170.69076
     11.545        2  -170.55311
     11.695        2  -170.41658
     11.845        2  -170.28217
     11.995        2  -170.15001
     12.145        2  -170.01985
     12.295        2  -169.88913
     12.445        2  -169.76174
     12.595        2  -169.63370
     12.745        2  -169.50881
     12.895        2  -169.38705
     13.045        2  -169.26341
     13.195        2  -169.14229
     13.345        2  -169.02243
     13.495        2  -168.90406
     13.645        2  -168.78769
     13.795        2  -168.67229
     13.945        2  -168.55608
     14.095        2  -168.44287
     14.245        2  -168.33007
     14.395        2  -168.21966
     14.545        2  -168.10978
     14.695        2  -167.99942
     14.845        2  -167.89181
     14.995        2  -167.78611
     15.145        2  -167.67961
     15.295        2  -167.57488
     15.445        2  -167.47059
     15.595        2  -167.36859
     15.745        2  -167.26642
     15.895        2  -167.16585
     16.045        2  -167.06569
     16.195        2  -166.96717
     16.345        2  -166.86848
     16.495        2  -166.77089
     16.645        2  -166.67450
     16.795        2  -166.57872
     16.945        2  -166.48490
     17.095        2  -166.39070
     17.245        2  -166.29694
     17.395        2  -166.20443
     17.545        2  -166.11422
     17.695        2  -166.02381
     17.845        2  -165.93568
     17.995        2  -165.84866
     18.145        2  -165.76003
     18.295        2  -165.67231
     18.445        2  -165.58463
     18.595        2  -165.49769
     18.745        2  -165.41126
     18.895        2  -165.32554
     19.045        2  -165.24013
     19.195        2  -165.15705
     19.345        2  -165.07385
     19.495        2  -164.99131
     19.645        2  -164.90870
     19.795        2  -164.82814
     19.945        2  -164.74668
     20.095        2  -164.66731
     21.836        2  -162.23099
     30.068        2  -158.63252
     42.097        2  -155.06584
     58.937        2  -151.53809
     82.515        2  -148.05199
     115.53        2  -144.59024
     161.74        2  -141.19913
     226.45        2  -137.85987
     317.04        2  -134.59205
     443.87        2  -131.39916
     621.44        2  -128.28552
     870.05        2  -125.23704
     1218.1        2  -122.25900
     1705.4        2  -119.35634
     2387.7        2  -116.52368
     3342.9        2  -113.76226
     4680.2        2  -111.07278
     6552.5        2  -108.45239
     9173.8        2  -105.89667
     12844.        2  -103.39863
     17982.        2  -100.98392
     25176.        2   -98.64672
     35247.        2   -96.38965
     49348.        2   -94.22148
     69090.        2   -92.14269
     96729.        2   -90.15655
    0.13543E+06    2   -88.26377
    0.18960E+06    2   -86.45740
    0.26545E+06    2   -84.73307
    0.37165E+06    2   -83.09387
    0.52033E+06    2   -81.53323
    0.72849E+06    2   -80.04973
    0.10199E+07    2   -78.63569
    0.14279E+07    2   -77.28919
    0.19992E+07    2   -76.00973
    0.27990E+07    2   -74.79158
    0.39187E+07    2   -73.63299
    0.54864E+07    2   -72.53312
    0.76812E+07    2   -71.48781
    0.10754E+08    2   -70.49242
    0.15056E+08    2   -69.54792
    0.21080E+08    2   -68.65223
    0.29513E+08    2   -67.80035
    0.41319E+08    2   -66.99578
    0.57849E+08    2   -66.24660
    0.80991E+08    2   -65.55574
    0.11339E+09    2   -64.91094
    0.15875E+09    2   -64.31326
    0.22226E+09    2   -63.75262
    0.31118E+09    2   -63.23015
    0.43567E+09    2   -62.74171
    0.60996E+09    2   -62.29398
    0.85398E+09    2   -61.88925
    0.11956E+10    2   -61.51747
    0.16739E+10    2   -61.17765
    0.23436E+10    2   -60.86429
    0.32811E+10    2   -60.57678
    0.45937E+10    2   -60.31240
    0.64315E+10    2   -60.06928
    0.90044E+10    2   -59.84677
    0.12607E+11    2   -59.64178
    0.17650E+11    2   -59.45382
    0.24711E+11    2   -59.28062
    0.34596E+11    2   -59.12128
    0.48437E+11    2   -58.97571
    0.67814E+11    2   -58.84132
    0.10000E+12    2   -57.30184
