    -29.945        1     0.00000
    -29.795        1     0.00000
    -29.645        1     0.00000
    -29.495        1     0.00000
    -29.345        1     0.00000
    -29.195        1     0.00000
    -29.045        1     0.00000
    -28.895        1     0.00000
    -28.745        1     0.00000
    -28.595        1     0.00000
    -28.445        1     0.00000
    -28.295        1     0.00000
    -28.145        1     0.00000
    -27.995        1     0.00000
    -27.845        1     0.00000
    -27.695        1     0.00000
    -27.545        1     0.00000
    -27.395        1     0.00000
    -27.245        1     0.00000
    -27.095        1     0.00000
    -26.945        1     0.00000
    -26.795        1     0.00000
    -26.645        1     0.00000
    -26.495        1     0.00000
    -26.345        1     0.00000
    -26.195        1     0.00000
    -26.045        1     0.00000
    -25.895        1     0.00000
    -25.745        1     0.00000
    -25.595        1     0.00000
    -25.445        1     0.00000
    -25.295        1     0.00000
    -25.145        1     0.00000
    -24.995        1     0.00000
    -24.845        1     0.00000
    -24.695        1     0.00000
    -24.545        1     0.00000
    -24.395        1     0.00000
    -24.245        1     0.00000
    -24.095        1     0.00000
    -23.945        1     0.00000
    -23.795        1     0.00000
    -23.645        1     0.00000
    -23.495        1     0.00000
    -23.345        1     0.00000
    -23.195        1     0.00000
    -23.045        1     0.00000
    -22.895        1     0.00000
    -22.745        1     0.00000
    -22.595        1     0.00000
    -22.445        1     0.00000
    -22.295        1     0.00000
    -22.145        1     0.00000
    -21.995        1     0.00000
    -21.845        1     0.00000
    -21.695        1     0.00000
    -21.545        1     0.00000
    -21.395        1     0.00000
    -21.245        1    -0.00014
    -21.095        1    -0.00014
    -20.945        1    -0.00028
    -20.795        1    -0.00070
    -20.645        1    -0.00115
    -20.495        1    -0.00186
    -20.345        1    -0.00273
    -20.195        1    -0.00486
    -20.045        1    -0.00699
    -19.895        1    -0.00915
    -19.745        1    -0.01497
    -19.595        1    -0.02198
    -19.445        1    -0.03403
    -19.295        1    -0.05271
    -19.145        1    -0.07233
    -18.995        1    -0.09518
    -18.845        1    -0.12665
    -18.695        1    -0.16811
    -18.545        1    -0.21721
    -18.395        1    -0.27389
    -18.245        1    -0.34380
    -18.095        1    -0.42582
    -17.945        1    -0.52093
    -17.795        1    -0.62974
    -17.645        1    -0.74245
    -17.495        1    -0.87029
    -17.345        1    -1.01144
    -17.195        1    -1.15396
    -17.045        1    -1.30166
    -16.895        1    -1.45864
    -16.745        1    -1.63027
    -16.595        1    -1.80793
    -16.445        1    -1.98974
    -16.295        1    -2.17232
    -16.145        1    -2.36330
    -15.995        1    -2.56945
    -15.845        1    -2.77505
    -15.695        1    -2.98431
    -15.545        1    -3.19298
    -15.395        1    -3.41769
    -15.245        1    -3.63973
    -15.095        1    -3.85429
    -14.945        1    -4.07819
    -14.795        1    -4.30254
    -14.645        1    -4.52010
    -14.495        1    -4.75315
    -14.345        1    -4.98162
    -14.195        1    -5.20893
    -14.045        1    -5.43469
    -13.895        1    -5.65505
    -13.745        1    -5.87525
    -13.595        1    -6.09147
    -13.445        1    -6.31024
    -13.295        1    -6.52425
    -13.145        1    -6.74783
    -12.995        1    -6.97476
    -12.845        1    -7.20319
    -12.695        1    -7.42130
    -12.545        1    -7.65562
    -12.395        1    -7.89170
    -12.245        1    -8.12780
    -12.095        1    -8.37342
    -11.945        1    -8.63433
    -11.795        1    -8.89598
    -11.645        1    -9.16493
    -11.495        1    -9.44641
    -11.345        1    -9.73038
    -11.195        1   -10.01213
    -11.045        1   -10.29653
    -10.895        1   -10.58458
    -10.745        1   -10.86619
    -10.595        1   -11.14576
    -10.445        1   -11.42750
    -10.295        1   -11.71007
    -10.145        1   -11.98535
    -9.9950        1   -12.25764
    -9.8450        1   -12.52146
    -9.6950        1   -12.78842
    -9.5450        1   -13.04322
    -9.3950        1   -13.29882
    -9.2450        1   -13.55026
    -9.0950        1   -13.79275
    -8.9450        1   -14.02754
    -8.7950        1   -14.25987
    -8.6450        1   -14.49616
    -8.4950        1   -14.72147
    -8.3450        1   -14.94988
    -8.1950        1   -15.17826
    -8.0450        1   -15.40580
    -7.8950        1   -15.63172
    -7.7450        1   -15.85847
    -7.5950        1   -16.08866
    -7.4450        1   -16.31900
    -7.2950        1   -16.55827
    -7.1450        1   -16.79795
    -6.9950        1   -17.03522
    -6.8450        1   -17.27927
    -6.6950        1   -17.52773
    -6.5450        1   -17.78779
    -6.3950        1   -18.04950
    -6.2450        1   -18.31209
    -6.0950        1   -18.58263
    -5.9450        1   -18.85573
    -5.7950        1   -19.14148
    -5.6450        1   -19.41506
    -5.4950        1   -19.69564
    -5.3450        1   -19.98579
    -5.1950        1   -20.27979
    -5.0450        1   -20.57920
    -4.8950        1   -20.88649
    -4.7450        1   -21.19844
    -4.5950        1   -21.52439
    -4.4450        1   -21.85635
    -4.2950        1   -22.20097
    -4.1450        1   -22.55900
    -3.9950        1   -22.92682
    -3.8450        1   -23.31830
    -3.6950        1   -23.72927
    -3.5450        1   -24.15969
    -3.3950        1   -24.61133
    -3.2450        1   -25.09411
    -3.0950        1   -25.60077
    -2.9450        1   -26.14052
    -2.7950        1   -26.71283
    -2.6450        1   -27.32130
    -2.4950        1   -27.96360
    -2.3450        1   -28.63085
    -2.1950        1   -29.30979
    -2.0450        1   -30.00603
    -1.8950        1   -30.70630
    -1.7450        1   -31.40808
    -1.5950        1   -32.10817
    -1.4450        1   -32.80104
    -1.2950        1   -33.48825
    -1.1450        1   -34.17547
   -0.99500        1   -34.86906
   -0.84500        1   -35.58731
   -0.69500        1   -36.34431
   -0.54500        1   -37.17637
   -0.39500        1   -38.13574
   -0.25300        1   -38.86042
   -0.21500        1   -38.90934
   -0.20900        1   -38.95882
   -0.20300        1   -39.00886
   -0.19700        1   -39.05945
   -0.19100        1   -39.11059
   -0.18500        1   -39.16256
   -0.17900        1   -39.21465
   -0.17300        1   -39.26818
   -0.16700        1   -39.32281
   -0.16100        1   -39.37775
   -0.15500        1   -39.43395
   -0.14900        1   -39.49082
   -0.14300        1   -39.54888
   -0.13700        1   -39.60806
   -0.13100        1   -39.66836
   -0.12500        1   -39.72961
   -0.11900        1   -39.79262
   -0.11300        1   -39.85741
   -0.10700        1   -39.92342
   -0.10100        1   -39.99150
   -0.95000E-01    1   -40.06154
   -0.89000E-01    1   -40.13426
   -0.83000E-01    1   -40.20948
   -0.77000E-01    1   -40.28800
   -0.71000E-01    1   -40.37003
   -0.65000E-01    1   -40.45602
   -0.59000E-01    1   -40.54707
   -0.53000E-01    1   -40.64408
   -0.47000E-01    1   -40.74839
   -0.41000E-01    1   -40.86209
   -0.35000E-01    1   -40.98812
   -0.29000E-01    1   -41.13076
   -0.23000E-01    1   -41.29923
   -0.19700E-01    1   -41.31776
   -0.19100E-01    1   -41.33681
   -0.18500E-01    1   -41.35622
   -0.17900E-01    1   -41.37605
   -0.17300E-01    1   -41.39633
   -0.16700E-01    1   -41.41716
   -0.16100E-01    1   -41.43846
   -0.15500E-01    1   -41.46040
   -0.14900E-01    1   -41.48299
   -0.14300E-01    1   -41.50625
   -0.13700E-01    1   -41.53035
   -0.13100E-01    1   -41.55529
   -0.12500E-01    1   -41.58105
   -0.11900E-01    1   -41.60777
   -0.11300E-01    1   -41.63540
   -0.10700E-01    1   -41.66390
   -0.10100E-01    1   -41.69329
   -0.95000E-02    1   -41.72343
   -0.89000E-02    1   -41.75440
   -0.83000E-02    1   -41.78612
   -0.77000E-02    1   -41.81846
   -0.71000E-02    1   -41.85146
   -0.65000E-02    1   -41.88484
   -0.59000E-02    1   -41.91837
   -0.53000E-02    1   -41.95186
   -0.47000E-02    1   -41.98465
   -0.41000E-02    1   -42.01583
   -0.35000E-02    1   -42.04471
   -0.29000E-02    1   -42.07057
   -0.23000E-02    1   -42.09265
   -0.17000E-02    1   -42.11019
   -0.11000E-02    1   -42.12231
   -0.50000E-03    1   -42.12840
    0.10000E-03    1   -42.12814
    0.70000E-03    1   -42.12154
    0.13000E-02    1   -42.10897
    0.19000E-02    1   -42.09089
    0.25000E-02    1   -42.06809
    0.31000E-02    1   -42.04136
    0.37000E-02    1   -42.01168
    0.43000E-02    1   -41.97988
    0.49000E-02    1   -41.94674
    0.55000E-02    1   -41.91308
    0.61000E-02    1   -41.87941
    0.67000E-02    1   -41.84611
    0.73000E-02    1   -41.81322
    0.79000E-02    1   -41.78098
    0.85000E-02    1   -41.74953
    0.91000E-02    1   -41.71882
    0.97000E-02    1   -41.68887
    0.10300E-01    1   -41.65990
    0.10900E-01    1   -41.63183
    0.11500E-01    1   -41.60460
    0.12100E-01    1   -41.57828
    0.12700E-01    1   -41.55285
    0.13300E-01    1   -41.52830
    0.13900E-01    1   -41.50454
    0.14500E-01    1   -41.48155
    0.15100E-01    1   -41.45925
    0.15700E-01    1   -41.43753
    0.16300E-01    1   -41.41645
    0.16900E-01    1   -41.39592
    0.17500E-01    1   -41.37589
    0.18100E-01    1   -41.35631
    0.18700E-01    1   -41.33713
    0.19300E-01    1   -41.31845
    0.20200E-01    1   -41.24919
    0.25000E-01    1   -41.09224
    0.31000E-01    1   -40.95747
    0.37000E-01    1   -40.83857
    0.43000E-01    1   -40.73176
    0.49000E-01    1   -40.63453
    0.55000E-01    1   -40.54477
    0.61000E-01    1   -40.46127
    0.67000E-01    1   -40.38343
    0.73000E-01    1   -40.31070
    0.79000E-01    1   -40.24205
    0.85000E-01    1   -40.17737
    0.91000E-01    1   -40.11612
    0.97000E-01    1   -40.05795
    0.10300        1   -40.00300
    0.10900        1   -39.95083
    0.11500        1   -39.90115
    0.12100        1   -39.85392
    0.12700        1   -39.80827
    0.13300        1   -39.76498
    0.13900        1   -39.72359
    0.14500        1   -39.68364
    0.15100        1   -39.64515
    0.15700        1   -39.60915
    0.16300        1   -39.57391
    0.16900        1   -39.54039
    0.17500        1   -39.50820
    0.18100        1   -39.47685
    0.18700        1   -39.44687
    0.19300        1   -39.41815
    0.19900        1   -39.39013
    0.20500        1   -39.36349
    0.21100        1   -39.33720
    0.21700        1   -39.31233
    0.29500        1   -38.86390
    0.44500        1   -38.62833
    0.59500        1   -38.47196
    0.74500        1   -38.35112
    0.89500        1   -38.25371
     1.0450        1   -38.16979
     1.1950        1   -38.09624
     1.3450        1   -38.03073
     1.4950        1   -37.96993
     1.6450        1   -37.91395
     1.7950        1   -37.86152
     1.9450        1   -37.81291
     2.0950        1   -37.76653
     2.2450        1   -37.72259
     2.3950        1   -37.68239
     2.5450        1   -37.64367
     2.6950        1   -37.60778
     2.8450        1   -37.57299
     2.9950        1   -37.54050
     3.1450        1   -37.51004
     3.2950        1   -37.48048
     3.4450        1   -37.45399
     3.5950        1   -37.42764
     3.7450        1   -37.40351
     3.8950        1   -37.37992
     4.0450        1   -37.35736
     4.1950        1   -37.33488
     4.3450        1   -37.31498
     4.4950        1   -37.29403
     4.6450        1   -37.27488
     4.7950        1   -37.25698
     4.9450        1   -37.23998
     5.0950        1   -37.22301
     5.2450        1   -37.20535
     5.3950        1   -37.18841
     5.5450        1   -37.17316
     5.6950        1   -37.15856
     5.8450        1   -37.14383
     5.9950        1   -37.12856
     6.1450        1   -37.11446
     6.2950        1   -37.10101
     6.4450        1   -37.08846
     6.5950        1   -37.07481
     6.7450        1   -37.06173
     6.8950        1   -37.04909
     7.0450        1   -37.03724
     7.1950        1   -37.02523
     7.3450        1   -37.01358
     7.4950        1   -37.00194
     7.6450        1   -36.99031
     7.7950        1   -36.97936
     7.9450        1   -36.96844
     8.0950        1   -36.95742
     8.2450        1   -36.94677
     8.3950        1   -36.93689
     8.5450        1   -36.92709
     8.6950        1   -36.91651
     8.8450        1   -36.90682
     8.9950        1   -36.89757
     9.1450        1   -36.88771
     9.2950        1   -36.87804
     9.4450        1   -36.86879
     9.5950        1   -36.85942
     9.7450        1   -36.85026
     9.8950        1   -36.84101
     10.045        1   -36.83176
     10.195        1   -36.82269
     10.345        1   -36.81399
     10.495        1   -36.80571
     10.645        1   -36.79760
     10.795        1   -36.78957
     10.945        1   -36.78089
     11.095        1   -36.77295
     11.245        1   -36.76483
     11.395        1   -36.75702
     11.545        1   -36.74892
     11.695        1   -36.74121
     11.845        1   -36.73386
     11.995        1   -36.72606
     12.145        1   -36.71847
     12.295        1   -36.71106
     12.445        1   -36.70387
     12.595        1   -36.69635
     12.745        1   -36.68885
     12.895        1   -36.68193
     13.045        1   -36.67509
     13.195        1   -36.66814
     13.345        1   -36.66106
     13.495        1   -36.65425
     13.645        1   -36.64724
     13.795        1   -36.64066
     13.945        1   -36.63410
     14.095        1   -36.62718
     14.245        1   -36.62068
     14.395        1   -36.61424
     14.545        1   -36.60766
     14.695        1   -36.60141
     14.845        1   -36.59535
     14.995        1   -36.58933
     15.145        1   -36.58309
     15.295        1   -36.57726
     15.445        1   -36.57134
     15.595        1   -36.56539
     15.745        1   -36.55916
     15.895        1   -36.55330
     16.045        1   -36.54727
     16.195        1   -36.54156
     16.345        1   -36.53579
     16.495        1   -36.53013
     16.645        1   -36.52443
     16.795        1   -36.51858
     16.945        1   -36.51282
     17.095        1   -36.50709
     17.245        1   -36.50145
     17.395        1   -36.49600
     17.545        1   -36.49043
     17.695        1   -36.48531
     17.845        1   -36.48027
     17.995        1   -36.47501
     18.145        1   -36.46978
     18.295        1   -36.46456
     18.445        1   -36.45918
     18.595        1   -36.45384
     18.745        1   -36.44861
     18.895        1   -36.44340
     19.045        1   -36.43862
     19.195        1   -36.43383
     19.345        1   -36.42884
     19.495        1   -36.42390
     19.645        1   -36.41921
     19.795        1   -36.41443
     19.945        1   -36.40918
     20.095        1   -36.40431
     20.245        1   -36.39943
     20.395        1   -36.39478
     20.545        1   -36.38980
     20.695        1   -36.38516
     20.845        1   -36.38052
     20.995        1   -36.37564
     21.145        1   -36.37092
     21.295        1   -36.36642
     21.445        1   -36.36179
     21.595        1   -36.35757
     21.745        1   -36.35329
     21.895        1   -36.34867
     22.045        1   -36.34440
     22.195        1   -36.34001
     22.345        1   -36.33572
     22.495        1   -36.33125
     22.645        1   -36.32657
     22.795        1   -36.32242
     22.945        1   -36.31813
     23.095        1   -36.31408
     23.245        1   -36.30979
     23.395        1   -36.30559
     23.545        1   -36.30107
     23.695        1   -36.29703
     23.845        1   -36.29284
     23.995        1   -36.28906
     24.145        1   -36.28498
     24.295        1   -36.28096
     24.445        1   -36.27687
     24.595        1   -36.27274
     24.745        1   -36.26884
     24.895        1   -36.26482
     25.045        1   -36.26069
     25.195        1   -36.25659
     25.345        1   -36.25267
     25.495        1   -36.24896
     25.645        1   -36.24520
     25.795        1   -36.24123
     25.945        1   -36.23736
     26.095        1   -36.23344
     26.245        1   -36.22991
     26.395        1   -36.22617
     26.545        1   -36.22226
     26.695        1   -36.21842
     26.845        1   -36.21470
     26.995        1   -36.21094
     27.145        1   -36.20722
     27.295        1   -36.20362
     27.445        1   -36.19980
     27.595        1   -36.19621
     27.745        1   -36.19252
     27.895        1   -36.18885
     28.045        1   -36.18563
     28.195        1   -36.18233
     28.345        1   -36.17877
     28.495        1   -36.17521
     28.645        1   -36.17172
     28.795        1   -36.16831
     28.945        1   -36.16507
     29.095        1   -36.16182
     29.245        1   -36.15803
     29.395        1   -36.15469
     29.545        1   -36.15150
     29.695        1   -36.14838
     29.845        1   -36.14507
     29.995        1   -36.14177
     30.145        1   -36.13868
     30.295        1   -36.13560
     30.445        1   -36.13249
     30.595        1   -36.12945
     30.745        1   -36.12626
     30.895        1   -36.12314
     31.045        1   -36.11992
     31.195        1   -36.11657
     31.345        1   -36.11328
     31.495        1   -36.10994
     31.645        1   -36.10673
     31.795        1   -36.10353
     31.945        1   -36.10041
     32.095        1   -36.09735
     32.245        1   -36.09445
     32.395        1   -36.09130
     32.545        1   -36.08827
     32.695        1   -36.08522
     32.845        1   -36.08219
     32.995        1   -36.07908
     33.145        1   -36.07605
     33.295        1   -36.07321
     33.445        1   -36.07020
     33.595        1   -36.06688
     33.745        1   -36.06393
     33.895        1   -36.06091
     34.045        1   -36.05808
     34.195        1   -36.05488
     34.345        1   -36.05195
     34.495        1   -36.04904
     34.645        1   -36.04623
     34.795        1   -36.04340
     34.945        1   -36.04052
     35.095        1   -36.03776
     35.245        1   -36.03496
     35.395        1   -36.03212
     35.545        1   -36.02936
     35.695        1   -36.02660
     35.845        1   -36.02375
     35.995        1   -36.02094
     36.145        1   -36.01804
     36.295        1   -36.01513
     36.445        1   -36.01232
     36.595        1   -36.00949
     36.745        1   -36.00679
     36.895        1   -36.00415
     37.045        1   -36.00143
     37.195        1   -35.99873
     37.345        1   -35.99609
     37.495        1   -35.99354
     37.645        1   -35.99093
     37.795        1   -35.98826
     37.945        1   -35.98576
     38.095        1   -35.98294
     38.245        1   -35.98046
     38.395        1   -35.97770
     38.545        1   -35.97500
     38.695        1   -35.97244
     38.845        1   -35.97007
     38.995        1   -35.96742
     39.145        1   -35.96466
     39.295        1   -35.96230
     39.445        1   -35.95982
     39.595        1   -35.95735
     39.745        1   -35.95491
     39.895        1   -35.95230
     40.045        1   -35.94972
     40.195        1   -35.94730
     40.345        1   -35.94485
     40.495        1   -35.94242
     40.645        1   -35.93996
     40.795        1   -35.93751
     40.945        1   -35.93506
     41.095        1   -35.93267
     41.245        1   -35.93018
     41.395        1   -35.92774
     41.545        1   -35.92527
     41.695        1   -35.92299
     41.845        1   -35.92049
     41.995        1   -35.91814
     42.145        1   -35.91557
     42.295        1   -35.91291
     42.445        1   -35.91047
     42.595        1   -35.90806
     42.745        1   -35.90579
     42.895        1   -35.90315
     43.045        1   -35.90077
     43.195        1   -35.89831
     43.345        1   -35.89611
     43.495        1   -35.89387
     43.645        1   -35.89154
     43.795        1   -35.88933
     43.945        1   -35.88686
     44.095        1   -35.88454
     44.245        1   -35.88238
     44.395        1   -35.88004
     44.545        1   -35.87781
     44.695        1   -35.87555
     44.845        1   -35.87335
     44.995        1   -35.87114
     45.145        1   -35.86885
     45.295        1   -35.86674
     45.445        1   -35.86450
     45.595        1   -35.86233
     45.745        1   -35.86021
     45.895        1   -35.85801
     46.045        1   -35.85586
     46.195        1   -35.85352
     46.345        1   -35.85138
     46.495        1   -35.84930
     46.645        1   -35.84720
     46.795        1   -35.84516
     46.945        1   -35.84278
     47.095        1   -35.84056
     47.245        1   -35.83847
     47.395        1   -35.83627
     47.545        1   -35.83397
     47.695        1   -35.83184
     47.845        1   -35.82963
     47.995        1   -35.82762
     48.145        1   -35.82555
     48.295        1   -35.82356
     48.445        1   -35.82151
     48.595        1   -35.81926
     48.745        1   -35.81723
     48.895        1   -35.81518
     49.045        1   -35.81311
     49.195        1   -35.81105
     49.345        1   -35.80908
     49.495        1   -35.80705
     49.645        1   -35.80511
     49.795        1   -35.80297
     49.945        1   -35.80090
     50.095        1   -35.79894
     50.245        1   -35.79687
     50.395        1   -35.79491
     50.545        1   -35.79275
     50.695        1   -35.79090
     50.845        1   -35.78885
     50.995        1   -35.78699
     51.145        1   -35.78489
     51.295        1   -35.78295
     51.445        1   -35.78098
     51.595        1   -35.77901
     51.745        1   -35.77710
     51.895        1   -35.77514
     52.045        1   -35.77314
     52.195        1   -35.77121
     52.345        1   -35.76938
     52.495        1   -35.76759
     52.645        1   -35.76563
     52.795        1   -35.76385
     52.945        1   -35.76199
     53.095        1   -35.76004
     53.245        1   -35.75809
     53.395        1   -35.75624
     53.545        1   -35.75416
     53.695        1   -35.75240
     53.845        1   -35.75051
     53.995        1   -35.74858
     54.145        1   -35.74682
     54.295        1   -35.74496
     54.445        1   -35.74308
     54.595        1   -35.74113
     54.745        1   -35.73929
     54.895        1   -35.73749
     55.045        1   -35.73575
     55.195        1   -35.73407
     55.345        1   -35.73222
     55.495        1   -35.73050
     55.645        1   -35.72856
     55.795        1   -35.72676
     55.945        1   -35.72498
     56.095        1   -35.72317
     56.245        1   -35.72128
     56.395        1   -35.71942
     56.545        1   -35.71749
     56.695        1   -35.71547
     56.845        1   -35.71382
     56.995        1   -35.71196
     57.145        1   -35.71020
     57.295        1   -35.70837
     57.445        1   -35.70666
     57.595        1   -35.70485
     57.745        1   -35.70301
     57.895        1   -35.70120
     58.045        1   -35.69943
     58.195        1   -35.69769
     58.345        1   -35.69605
     58.495        1   -35.69449
     58.645        1   -35.69287
     58.795        1   -35.69108
     58.945        1   -35.68941
     59.095        1   -35.68777
     59.245        1   -35.68606
     59.395        1   -35.68413
     59.545        1   -35.68251
     59.695        1   -35.68075
     59.845        1   -35.67917
     59.995        1   -35.67742
     60.145        1   -35.67571
     70.939        1   -35.45895
     97.698        1   -35.24061
     134.55        1   -35.02271
     185.30        1   -34.80709
     255.20        1   -34.59440
     351.46        1   -34.38356
     484.04        1   -34.17656
     666.62        1   -33.97293
     918.07        1   -33.77198
     1264.4        1   -33.57442
     1741.3        1   -33.38059
     2398.1        1   -33.19022
     3302.7        1   -33.00353
     4548.5        1   -32.81961
     6264.3        1   -32.63794
     8627.2        1   -32.45972
     11881.        1   -32.28549
     16363.        1   -32.11411
     22535.        1   -31.94510
     31036.        1   -31.77993
     42743.        1   -31.61654
     58866.        1   -31.45717
     81070.        1   -31.29990
    0.11165E+06    1   -31.14398
    0.15377E+06    1   -30.99174
    0.21177E+06    1   -30.84135
    0.29165E+06    1   -30.69271
    0.40166E+06    1   -30.54519
    0.55317E+06    1   -30.39945
    0.76182E+06    1   -30.25463
    0.10492E+07    1   -30.11092
    0.14449E+07    1   -29.96765
    0.19900E+07    1   -29.82561
    0.27406E+07    1   -29.68323
    0.37744E+07    1   -29.54060
    0.51981E+07    1   -29.39773
    0.71589E+07    1   -29.25409
    0.98593E+07    1   -29.11081
    0.13578E+08    1   -28.96677
    0.18700E+08    1   -28.82174
    0.25754E+08    1   -28.67716
    0.35468E+08    1   -28.53286
    0.48847E+08    1   -28.39061
    0.67273E+08    1   -28.25226
    0.92648E+08    1   -28.11758
    0.12760E+09    1   -27.98602
    0.17573E+09    1   -27.85855
    0.24201E+09    1   -27.73453
    0.33330E+09    1   -27.61502
    0.45902E+09    1   -27.50111
    0.63217E+09    1   -27.39411
    0.87062E+09    1   -27.29340
    0.11990E+10    1   -27.19982
    0.16513E+10    1   -27.11278
    0.22742E+10    1   -27.03084
    0.31320E+10    1   -26.95462
    0.43134E+10    1   -26.88371
    0.59405E+10    1   -26.81786
    0.81813E+10    1   -26.75634
    0.11267E+11    1   -26.69900
    0.15517E+11    1   -26.64573
    0.21371E+11    1   -26.59604
    0.29432E+11    1   -26.54979
    0.40534E+11    1   -26.50697
    0.55823E+11    1   -26.46724
    0.10000E+12    1   -25.97014
    -149.95        2     0.00000
    -149.79        2     0.00000
    -149.65        2     0.00000
    -149.49        2     0.00000
    -149.34        2     0.00000
    -149.20        2     0.00000
    -149.04        2     0.00000
    -148.90        2     0.00000
    -148.74        2     0.00000
    -148.59        2     0.00000
    -148.45        2     0.00000
    -148.29        2     0.00000
    -148.15        2     0.00000
    -147.99        2     0.00000
    -147.84        2     0.00000
    -147.70        2     0.00000
    -147.54        2     0.00000
    -147.40        2     0.00000
    -147.24        2     0.00000
    -147.09        2     0.00000
    -146.95        2     0.00000
    -146.79        2     0.00000
    -146.65        2     0.00000
    -146.49        2     0.00000
    -146.34        2     0.00000
    -146.20        2     0.00000
    -146.04        2     0.00000
    -145.90        2     0.00000
    -145.74        2     0.00000
    -145.59        2     0.00000
    -145.45        2     0.00000
    -145.29        2     0.00000
    -145.15        2     0.00000
    -144.99        2     0.00000
    -144.84        2     0.00000
    -144.70        2     0.00000
    -144.54        2     0.00000
    -144.40        2     0.00000
    -144.24        2     0.00000
    -144.09        2     0.00000
    -143.95        2     0.00000
    -143.79        2     0.00000
    -143.65        2     0.00000
    -143.49        2     0.00000
    -143.34        2     0.00000
    -143.20        2     0.00000
    -143.04        2     0.00000
    -142.90        2     0.00000
    -142.74        2     0.00000
    -142.59        2     0.00000
    -142.45        2     0.00000
    -142.29        2     0.00000
    -142.15        2     0.00000
    -141.99        2     0.00000
    -141.84        2     0.00000
    -141.70        2     0.00000
    -141.54        2     0.00000
    -141.40        2     0.00000
    -141.24        2     0.00000
    -141.09        2     0.00000
    -140.95        2     0.00000
    -140.79        2     0.00000
    -140.65        2     0.00000
    -140.49        2     0.00000
    -140.34        2     0.00000
    -140.20        2     0.00000
    -140.04        2     0.00000
    -139.90        2     0.00000
    -139.74        2     0.00000
    -139.59        2     0.00000
    -139.45        2     0.00000
    -139.29        2     0.00000
    -139.15        2     0.00000
    -138.99        2     0.00000
    -138.84        2     0.00000
    -138.70        2     0.00000
    -138.54        2     0.00000
    -138.40        2     0.00000
    -138.24        2     0.00000
    -138.09        2     0.00000
    -137.95        2     0.00000
    -137.79        2     0.00000
    -137.65        2     0.00000
    -137.49        2     0.00000
    -137.34        2     0.00000
    -137.20        2     0.00000
    -137.04        2     0.00000
    -136.90        2     0.00000
    -136.74        2     0.00000
    -136.59        2     0.00000
    -136.45        2     0.00000
    -136.29        2     0.00000
    -136.15        2     0.00000
    -135.99        2     0.00000
    -135.84        2     0.00000
    -135.70        2     0.00000
    -135.54        2     0.00000
    -135.40        2     0.00000
    -135.24        2     0.00000
    -135.09        2     0.00000
    -134.95        2     0.00000
    -134.79        2     0.00000
    -134.65        2     0.00000
    -134.49        2     0.00000
    -134.34        2     0.00000
    -134.20        2     0.00000
    -134.04        2     0.00000
    -133.90        2     0.00000
    -133.74        2     0.00000
    -133.59        2     0.00000
    -133.45        2     0.00000
    -133.29        2     0.00000
    -133.15        2     0.00000
    -132.99        2     0.00000
    -132.84        2     0.00000
    -132.70        2     0.00000
    -132.54        2     0.00000
    -132.40        2     0.00000
    -132.24        2     0.00000
    -132.09        2     0.00000
    -131.95        2     0.00000
    -131.79        2     0.00000
    -131.65        2     0.00000
    -131.49        2     0.00000
    -131.34        2     0.00000
    -131.20        2     0.00000
    -131.04        2     0.00000
    -130.90        2     0.00000
    -130.74        2     0.00000
    -130.59        2     0.00000
    -130.45        2     0.00000
    -130.29        2     0.00000
    -130.15        2     0.00000
    -129.99        2     0.00000
    -129.84        2     0.00000
    -129.70        2     0.00000
    -129.54        2     0.00000
    -129.40        2     0.00000
    -129.24        2     0.00000
    -129.09        2     0.00000
    -128.95        2     0.00000
    -128.79        2     0.00000
    -128.65        2     0.00000
    -128.49        2     0.00000
    -128.34        2     0.00000
    -128.20        2     0.00000
    -128.04        2     0.00000
    -127.89        2     0.00000
    -127.75        2     0.00000
    -127.60        2     0.00000
    -127.44        2     0.00000
    -127.30        2     0.00000
    -127.14        2     0.00000
    -127.00        2     0.00000
    -126.85        2     0.00000
    -126.69        2     0.00000
    -126.55        2     0.00000
    -126.39        2     0.00000
    -126.25        2     0.00000
    -126.10        2     0.00000
    -125.94        2     0.00000
    -125.80        2     0.00000
    -125.64        2     0.00000
    -125.50        2     0.00000
    -125.35        2     0.00000
    -125.19        2     0.00000
    -125.05        2     0.00000
    -124.89        2     0.00000
    -124.75        2     0.00000
    -124.60        2     0.00000
    -124.44        2     0.00000
    -124.30        2     0.00000
    -124.14        2     0.00000
    -124.00        2     0.00000
    -123.85        2     0.00000
    -123.69        2     0.00000
    -123.55        2     0.00000
    -123.39        2     0.00000
    -123.25        2     0.00000
    -123.10        2     0.00000
    -122.94        2     0.00000
    -122.80        2     0.00000
    -122.64        2     0.00000
    -122.50        2     0.00000
    -122.35        2     0.00000
    -122.19        2     0.00000
    -122.05        2     0.00000
    -121.89        2     0.00000
    -121.75        2     0.00000
    -121.60        2     0.00000
    -121.44        2     0.00000
    -121.30        2     0.00000
    -121.14        2     0.00000
    -121.00        2     0.00000
    -120.85        2     0.00000
    -120.69        2     0.00000
    -120.55        2     0.00000
    -120.39        2     0.00000
    -120.25        2     0.00000
    -120.10        2     0.00000
    -119.94        2     0.00000
    -119.80        2     0.00000
    -119.64        2     0.00000
    -119.50        2     0.00000
    -119.35        2     0.00000
    -119.19        2     0.00000
    -119.05        2     0.00000
    -118.89        2     0.00000
    -118.75        2     0.00000
    -118.60        2     0.00000
    -118.44        2     0.00000
    -118.30        2     0.00000
    -118.14        2     0.00000
    -118.00        2     0.00000
    -117.85        2     0.00000
    -117.69        2     0.00000
    -117.55        2     0.00000
    -117.39        2     0.00000
    -117.25        2     0.00000
    -117.10        2     0.00000
    -116.94        2     0.00000
    -116.80        2     0.00000
    -116.64        2     0.00000
    -116.50        2     0.00000
    -116.35        2     0.00000
    -116.19        2     0.00000
    -116.05        2     0.00000
    -115.89        2     0.00000
    -115.75        2     0.00000
    -115.60        2     0.00000
    -115.44        2     0.00000
    -115.30        2     0.00000
    -115.14        2     0.00000
    -115.00        2     0.00000
    -114.85        2     0.00000
    -114.69        2     0.00000
    -114.55        2     0.00000
    -114.39        2     0.00000
    -114.25        2     0.00000
    -114.10        2     0.00000
    -113.94        2     0.00000
    -113.80        2     0.00000
    -113.64        2     0.00000
    -113.50        2     0.00000
    -113.35        2     0.00000
    -113.19        2     0.00000
    -113.05        2     0.00000
    -112.89        2     0.00000
    -112.75        2     0.00000
    -112.60        2     0.00000
    -112.44        2     0.00000
    -112.30        2     0.00000
    -112.14        2     0.00000
    -112.00        2     0.00000
    -111.85        2     0.00000
    -111.69        2     0.00000
    -111.55        2     0.00000
    -111.39        2     0.00000
    -111.25        2     0.00000
    -111.10        2     0.00000
    -110.94        2     0.00000
    -110.80        2     0.00000
    -110.64        2     0.00000
    -110.50        2     0.00000
    -110.35        2     0.00000
    -110.19        2     0.00000
    -110.05        2     0.00000
    -109.89        2     0.00000
    -109.75        2     0.00000
    -109.60        2     0.00000
    -109.44        2     0.00000
    -109.30        2     0.00000
    -109.14        2     0.00000
    -109.00        2     0.00000
    -108.85        2     0.00000
    -108.69        2     0.00000
    -108.55        2     0.00000
    -108.39        2     0.00000
    -108.25        2     0.00000
    -108.10        2     0.00000
    -107.94        2     0.00000
    -107.80        2     0.00000
    -107.64        2     0.00000
    -107.50        2     0.00000
    -107.35        2     0.00000
    -107.19        2     0.00000
    -107.05        2     0.00000
    -106.89        2     0.00000
    -106.75        2     0.00000
    -106.60        2     0.00000
    -106.44        2     0.00000
    -106.30        2     0.00000
    -106.14        2     0.00000
    -106.00        2     0.00000
    -105.85        2     0.00000
    -105.69        2     0.00000
    -105.55        2     0.00000
    -105.39        2     0.00000
    -105.25        2     0.00000
    -105.10        2     0.00000
    -104.94        2     0.00000
    -104.80        2     0.00000
    -104.64        2     0.00000
    -104.50        2     0.00000
    -104.35        2     0.00000
    -104.19        2     0.00000
    -104.05        2     0.00000
    -103.89        2     0.00000
    -103.75        2     0.00000
    -103.60        2     0.00000
    -103.44        2     0.00000
    -103.30        2     0.00000
    -103.14        2     0.00000
    -103.00        2     0.00000
    -102.85        2     0.00000
    -102.69        2     0.00000
    -102.55        2     0.00000
    -102.39        2     0.00000
    -102.25        2     0.00000
    -102.10        2     0.00000
    -101.94        2     0.00000
    -101.80        2     0.00000
    -101.64        2     0.00000
    -101.50        2     0.00000
    -101.35        2     0.00000
    -101.19        2     0.00000
    -101.05        2     0.00000
    -100.89        2     0.00000
    -100.75        2     0.00000
    -100.60        2     0.00000
    -100.44        2     0.00000
    -100.30        2     0.00000
    -100.14        2     0.00000
    -99.995        2     0.00000
    -99.845        2     0.00000
    -99.695        2     0.00000
    -99.545        2     0.00000
    -99.395        2     0.00000
    -99.245        2     0.00000
    -99.095        2     0.00000
    -98.945        2     0.00000
    -98.795        2     0.00000
    -98.645        2     0.00000
    -98.495        2     0.00000
    -98.345        2     0.00000
    -98.195        2     0.00000
    -98.045        2     0.00000
    -97.895        2     0.00000
    -97.745        2     0.00000
    -97.595        2     0.00000
    -97.445        2     0.00000
    -97.295        2     0.00000
    -97.145        2     0.00000
    -96.995        2     0.00000
    -96.845        2     0.00000
    -96.695        2     0.00000
    -96.545        2     0.00000
    -96.395        2     0.00000
    -96.245        2     0.00000
    -96.095        2     0.00000
    -95.945        2     0.00000
    -95.795        2     0.00000
    -95.645        2     0.00000
    -95.495        2     0.00000
    -95.345        2     0.00000
    -95.195        2     0.00000
    -95.045        2     0.00000
    -94.895        2     0.00000
    -94.745        2     0.00000
    -94.595        2     0.00000
    -94.445        2     0.00000
    -94.295        2     0.00000
    -94.145        2     0.00000
    -93.995        2     0.00000
    -93.845        2     0.00000
    -93.695        2     0.00000
    -93.545        2     0.00000
    -93.395        2     0.00000
    -93.245        2     0.00000
    -93.095        2     0.00000
    -92.945        2     0.00000
    -92.795        2     0.00000
    -92.645        2     0.00000
    -92.495        2     0.00000
    -92.345        2     0.00000
    -92.195        2     0.00000
    -92.045        2     0.00000
    -91.895        2     0.00000
    -91.745        2     0.00000
    -91.595        2     0.00000
    -91.445        2     0.00000
    -91.295        2     0.00000
    -91.145        2     0.00000
    -90.995        2     0.00000
    -90.845        2     0.00000
    -90.695        2     0.00000
    -90.545        2     0.00000
    -90.395        2     0.00000
    -90.245        2     0.00000
    -90.095        2     0.00000
    -89.945        2     0.00000
    -89.795        2     0.00000
    -89.645        2     0.00000
    -89.495        2     0.00000
    -89.345        2     0.00000
    -89.195        2     0.00000
    -89.045        2     0.00000
    -88.895        2     0.00000
    -88.745        2     0.00000
    -88.595        2     0.00000
    -88.445        2     0.00000
    -88.295        2     0.00000
    -88.145        2     0.00000
    -87.995        2     0.00000
    -87.845        2     0.00000
    -87.695        2     0.00000
    -87.545        2     0.00000
    -87.395        2     0.00000
    -87.245        2     0.00000
    -87.095        2     0.00000
    -86.945        2     0.00000
    -86.795        2     0.00000
    -86.645        2     0.00000
    -86.495        2     0.00000
    -86.345        2     0.00000
    -86.195        2     0.00000
    -86.045        2     0.00000
    -85.895        2     0.00000
    -85.745        2     0.00000
    -85.595        2     0.00000
    -85.445        2     0.00000
    -85.295        2     0.00000
    -85.145        2     0.00000
    -84.995        2     0.00000
    -84.845        2     0.00000
    -84.695        2     0.00000
    -84.545        2     0.00000
    -84.395        2     0.00000
    -84.245        2     0.00000
    -84.095        2     0.00000
    -83.945        2     0.00000
    -83.795        2     0.00000
    -83.645        2     0.00000
    -83.495        2     0.00000
    -83.345        2     0.00000
    -83.195        2     0.00000
    -83.045        2     0.00000
    -82.895        2     0.00000
    -82.745        2     0.00000
    -82.595        2     0.00000
    -82.445        2     0.00000
    -82.295        2     0.00000
    -82.145        2     0.00000
    -81.995        2     0.00000
    -81.845        2     0.00000
    -81.695        2     0.00000
    -81.545        2     0.00000
    -81.395        2     0.00000
    -81.245        2     0.00000
    -81.095        2     0.00000
    -80.945        2     0.00000
    -80.795        2     0.00000
    -80.645        2     0.00000
    -80.495        2     0.00000
    -80.345        2     0.00000
    -80.195        2     0.00000
    -80.045        2     0.00000
    -79.895        2     0.00000
    -79.745        2     0.00000
    -79.595        2     0.00000
    -79.445        2     0.00000
    -79.295        2     0.00000
    -79.145        2     0.00000
    -78.995        2     0.00000
    -78.845        2     0.00000
    -78.695        2     0.00000
    -78.545        2     0.00000
    -78.395        2     0.00000
    -78.245        2     0.00000
    -78.095        2     0.00000
    -77.945        2     0.00000
    -77.795        2     0.00000
    -77.645        2     0.00000
    -77.495        2     0.00000
    -77.345        2     0.00000
    -77.195        2     0.00000
    -77.045        2     0.00000
    -76.895        2     0.00000
    -76.745        2     0.00000
    -76.595        2     0.00000
    -76.445        2     0.00000
    -76.295        2     0.00000
    -76.145        2     0.00000
    -75.995        2     0.00000
    -75.845        2     0.00000
    -75.695        2     0.00000
    -75.545        2     0.00000
    -75.395        2     0.00000
    -75.245        2     0.00000
    -75.095        2     0.00000
    -74.945        2     0.00000
    -74.795        2     0.00000
    -74.645        2     0.00000
    -74.495        2     0.00000
    -74.345        2     0.00000
    -74.195        2     0.00000
    -74.045        2     0.00000
    -73.895        2     0.00000
    -73.745        2     0.00000
    -73.595        2     0.00000
    -73.445        2     0.00000
    -73.295        2     0.00000
    -73.145        2     0.00000
    -72.995        2     0.00000
    -72.845        2     0.00000
    -72.695        2     0.00000
    -72.545        2     0.00000
    -72.395        2     0.00000
    -72.245        2     0.00000
    -72.095        2     0.00000
    -71.945        2     0.00000
    -71.795        2     0.00000
    -71.645        2     0.00000
    -71.495        2     0.00000
    -71.345        2     0.00000
    -71.195        2     0.00000
    -71.045        2     0.00000
    -70.895        2     0.00000
    -70.745        2     0.00000
    -70.595        2     0.00000
    -70.445        2     0.00000
    -70.295        2     0.00000
    -70.145        2     0.00000
    -69.995        2     0.00000
    -69.845        2     0.00000
    -69.695        2     0.00000
    -69.545        2     0.00000
    -69.395        2     0.00000
    -69.245        2     0.00000
    -69.095        2     0.00000
    -68.945        2     0.00000
    -68.795        2     0.00000
    -68.645        2     0.00000
    -68.495        2     0.00000
    -68.345        2     0.00000
    -68.195        2     0.00000
    -68.045        2     0.00000
    -67.895        2     0.00000
    -67.745        2     0.00000
    -67.595        2     0.00000
    -67.445        2     0.00000
    -67.295        2     0.00000
    -67.145        2     0.00000
    -66.995        2     0.00000
    -66.845        2     0.00000
    -66.695        2     0.00000
    -66.545        2     0.00000
    -66.395        2     0.00000
    -66.245        2     0.00000
    -66.095        2     0.00000
    -65.945        2     0.00000
    -65.795        2     0.00000
    -65.645        2     0.00000
    -65.495        2     0.00000
    -65.345        2     0.00000
    -65.195        2     0.00000
    -65.045        2     0.00000
    -64.895        2     0.00000
    -64.745        2     0.00000
    -64.595        2     0.00000
    -64.445        2     0.00000
    -64.295        2     0.00000
    -64.145        2     0.00000
    -63.995        2     0.00000
    -63.845        2     0.00000
    -63.695        2     0.00000
    -63.545        2     0.00000
    -63.395        2     0.00000
    -63.245        2     0.00000
    -63.095        2     0.00000
    -62.945        2     0.00000
    -62.795        2     0.00000
    -62.645        2     0.00000
    -62.495        2     0.00000
    -62.345        2     0.00000
    -62.195        2     0.00000
    -62.045        2     0.00000
    -61.895        2     0.00000
    -61.745        2     0.00000
    -61.595        2     0.00000
    -61.445        2     0.00000
    -61.295        2     0.00000
    -61.145        2     0.00000
    -60.995        2     0.00000
    -60.845        2     0.00000
    -60.695        2     0.00000
    -60.545        2     0.00000
    -60.395        2     0.00000
    -60.245        2     0.00000
    -60.095        2     0.00000
    -59.945        2     0.00000
    -59.795        2     0.00000
    -59.645        2     0.00000
    -59.495        2     0.00000
    -59.345        2     0.00000
    -59.195        2     0.00000
    -59.045        2     0.00000
    -58.895        2     0.00000
    -58.745        2     0.00000
    -58.595        2     0.00000
    -58.445        2     0.00000
    -58.295        2     0.00000
    -58.145        2     0.00000
    -57.995        2     0.00000
    -57.845        2     0.00000
    -57.695        2     0.00000
    -57.545        2     0.00000
    -57.395        2     0.00000
    -57.245        2     0.00000
    -57.095        2     0.00000
    -56.945        2     0.00000
    -56.795        2     0.00000
    -56.645        2     0.00000
    -56.495        2     0.00000
    -56.345        2     0.00000
    -56.195        2     0.00000
    -56.045        2     0.00000
    -55.895        2     0.00000
    -55.745        2     0.00000
    -55.595        2     0.00000
    -55.445        2     0.00000
    -55.295        2     0.00000
    -55.145        2     0.00000
    -54.995        2     0.00000
    -54.845        2     0.00000
    -54.695        2     0.00000
    -54.545        2     0.00000
    -54.395        2     0.00000
    -54.245        2     0.00000
    -54.095        2     0.00000
    -53.945        2     0.00000
    -53.795        2     0.00000
    -53.645        2     0.00000
    -53.495        2     0.00000
    -53.345        2     0.00000
    -53.195        2     0.00000
    -53.045        2     0.00000
    -52.895        2     0.00000
    -52.745        2     0.00000
    -52.595        2     0.00000
    -52.445        2     0.00000
    -52.295        2     0.00000
    -52.145        2     0.00000
    -51.995        2     0.00000
    -51.845        2     0.00000
    -51.695        2     0.00000
    -51.545        2     0.00000
    -51.395        2     0.00000
    -51.245        2     0.00000
    -51.095        2     0.00000
    -50.945        2     0.00000
    -50.795        2     0.00000
    -50.645        2     0.00000
    -50.495        2     0.00000
    -50.345        2     0.00000
    -50.195        2     0.00000
    -50.045        2     0.00000
    -49.895        2     0.00000
    -49.745        2     0.00000
    -49.595        2     0.00000
    -49.445        2     0.00000
    -49.295        2     0.00000
    -49.145        2     0.00000
    -48.995        2     0.00000
    -48.845        2     0.00000
    -48.695        2     0.00000
    -48.545        2     0.00000
    -48.395        2     0.00000
    -48.245        2     0.00000
    -48.095        2     0.00000
    -47.945        2     0.00000
    -47.795        2     0.00000
    -47.645        2     0.00000
    -47.495        2     0.00000
    -47.345        2     0.00000
    -47.195        2     0.00000
    -47.045        2     0.00000
    -46.895        2     0.00000
    -46.745        2     0.00000
    -46.595        2     0.00000
    -46.445        2     0.00000
    -46.295        2     0.00000
    -46.145        2     0.00000
    -45.995        2     0.00000
    -45.845        2     0.00000
    -45.695        2     0.00000
    -45.545        2     0.00000
    -45.395        2     0.00000
    -45.245        2     0.00000
    -45.095        2     0.00000
    -44.945        2     0.00000
    -44.795        2     0.00000
    -44.645        2     0.00000
    -44.495        2     0.00000
    -44.345        2     0.00000
    -44.195        2     0.00000
    -44.045        2     0.00000
    -43.895        2     0.00000
    -43.745        2     0.00000
    -43.595        2     0.00000
    -43.445        2     0.00000
    -43.295        2     0.00000
    -43.145        2     0.00000
    -42.995        2     0.00000
    -42.845        2     0.00000
    -42.695        2     0.00000
    -42.545        2     0.00000
    -42.395        2     0.00000
    -42.245        2     0.00000
    -42.095        2     0.00000
    -41.945        2     0.00000
    -41.795        2     0.00000
    -41.645        2     0.00000
    -41.495        2     0.00000
    -41.345        2     0.00000
    -41.195        2     0.00000
    -41.045        2     0.00000
    -40.895        2     0.00000
    -40.745        2     0.00000
    -40.595        2     0.00000
    -40.445        2     0.00000
    -40.295        2     0.00000
    -40.145        2     0.00000
    -39.995        2     0.00000
    -39.845        2     0.00000
    -39.695        2     0.00000
    -39.545        2     0.00000
    -39.395        2     0.00000
    -39.245        2     0.00000
    -39.095        2     0.00000
    -38.945        2     0.00000
    -38.795        2     0.00000
    -38.645        2     0.00000
    -38.495        2     0.00000
    -38.345        2     0.00000
    -38.195        2     0.00000
    -38.045        2     0.00000
    -37.895        2     0.00000
    -37.745        2     0.00000
    -37.595        2     0.00000
    -37.445        2     0.00000
    -37.295        2     0.00000
    -37.145        2     0.00000
    -36.995        2     0.00000
    -36.845        2     0.00000
    -36.695        2     0.00000
    -36.545        2     0.00000
    -36.395        2     0.00000
    -36.245        2     0.00000
    -36.095        2     0.00000
    -35.945        2     0.00000
    -35.795        2     0.00000
    -35.645        2     0.00000
    -35.495        2     0.00000
    -35.345        2     0.00000
    -35.195        2     0.00000
    -35.045        2     0.00000
    -34.895        2     0.00000
    -34.745        2     0.00000
    -34.595        2     0.00000
    -34.445        2     0.00000
    -34.295        2     0.00000
    -34.145        2     0.00000
    -33.995        2     0.00000
    -33.845        2     0.00000
    -33.695        2     0.00000
    -33.545        2     0.00000
    -33.395        2     0.00000
    -33.245        2     0.00000
    -33.095        2     0.00000
    -32.945        2     0.00000
    -32.795        2     0.00000
    -32.645        2     0.00000
    -32.495        2     0.00000
    -32.345        2     0.00000
    -32.195        2     0.00000
    -32.045        2     0.00000
    -31.895        2     0.00000
    -31.745        2     0.00000
    -31.595        2     0.00000
    -31.445        2     0.00000
    -31.295        2     0.00000
    -31.145        2     0.00000
    -30.995        2     0.00000
    -30.845        2     0.00000
    -30.695        2     0.00000
    -30.545        2     0.00000
    -30.395        2     0.00000
    -30.245        2     0.00000
    -30.095        2     0.00000
    -29.945        2     0.00000
    -29.795        2     0.00000
    -29.645        2     0.00000
    -29.495        2     0.00000
    -29.345        2     0.00000
    -29.195        2     0.00000
    -29.045        2     0.00000
    -28.895        2     0.00000
    -28.745        2     0.00000
    -28.595        2     0.00000
    -28.445        2     0.00000
    -28.295        2     0.00000
    -28.145        2     0.00000
    -27.995        2     0.00000
    -27.845        2     0.00000
    -27.695        2     0.00000
    -27.545        2     0.00000
    -27.395        2     0.00000
    -27.245        2     0.00000
    -27.095        2     0.00000
    -26.945        2     0.00000
    -26.795        2     0.00000
    -26.645        2     0.00000
    -26.495        2     0.00000
    -26.345        2     0.00000
    -26.195        2     0.00000
    -26.045        2     0.00000
    -25.895        2     0.00000
    -25.745        2     0.00000
    -25.595        2     0.00000
    -25.445        2     0.00000
    -25.295        2     0.00000
    -25.145        2     0.00000
    -24.995        2     0.00000
    -24.845        2     0.00000
    -24.695        2     0.00000
    -24.545        2     0.00000
    -24.395        2     0.00000
    -24.245        2     0.00000
    -24.095        2     0.00000
    -23.945        2     0.00000
    -23.795        2     0.00000
    -23.645        2     0.00000
    -23.495        2     0.00000
    -23.345        2     0.00000
    -23.195        2     0.00000
    -23.045        2     0.00000
    -22.895        2     0.00000
    -22.745        2     0.00000
    -22.595        2     0.00000
    -22.445        2     0.00000
    -22.295        2     0.00000
    -22.145        2     0.00000
    -21.995        2     0.00000
    -21.845        2     0.00000
    -21.695        2     0.00000
    -21.545        2     0.00000
    -21.395        2     0.00000
    -21.245        2     0.00000
    -21.095        2     0.00000
    -20.945        2     0.00000
    -20.795        2     0.00000
    -20.645        2     0.00000
    -20.495        2     0.00000
    -20.345        2     0.00000
    -20.195        2     0.00000
    -20.045        2     0.00000
    -19.895        2     0.00000
    -19.745        2     0.00000
    -19.595        2     0.00000
    -19.445        2     0.00000
    -19.295        2     0.00000
    -19.145        2     0.00000
    -18.995        2     0.00000
    -18.845        2     0.00000
    -18.695        2     0.00000
    -18.545        2     0.00000
    -18.395        2     0.00000
    -18.245        2     0.00000
    -18.095        2     0.00000
    -17.945        2     0.00000
    -17.795        2     0.00000
    -17.645        2     0.00000
    -17.495        2     0.00000
    -17.345        2     0.00000
    -17.195        2     0.00000
    -17.045        2     0.00000
    -16.895        2     0.00000
    -16.745        2     0.00000
    -16.595        2     0.00000
    -16.445        2     0.00000
    -16.295        2     0.00000
    -16.145        2     0.00000
    -15.995        2     0.00000
    -15.845        2     0.00000
    -15.695        2     0.00000
    -15.545        2     0.00000
    -15.395        2    -0.00082
    -15.245        2    -0.00759
    -15.095        2    -0.03109
    -14.945        2    -0.08160
    -14.795        2    -0.16600
    -14.645        2    -0.28758
    -14.495        2    -0.45696
    -14.345        2    -0.65609
    -14.195        2    -0.91841
    -14.045        2    -1.22278
    -13.895        2    -1.56839
    -13.745        2    -1.96937
    -13.595        2    -2.44147
    -13.445        2    -3.01286
    -13.295        2    -3.67412
    -13.145        2    -4.46295
    -12.995        2    -5.34406
    -12.845        2    -6.27911
    -12.695        2    -7.27937
    -12.545        2    -8.32890
    -12.395        2    -9.38104
    -12.245        2   -10.45814
    -12.095        2   -11.52738
    -11.945        2   -12.58263
    -11.795        2   -13.63552
    -11.645        2   -14.70203
    -11.495        2   -15.79073
    -11.345        2   -16.87972
    -11.195        2   -17.98613
    -11.045        2   -19.09137
    -10.895        2   -20.18943
    -10.745        2   -21.24291
    -10.595        2   -22.28513
    -10.445        2   -23.29074
    -10.295        2   -24.28435
    -10.145        2   -25.25741
    -9.9950        2   -26.20340
    -9.8450        2   -27.13025
    -9.6950        2   -28.04071
    -9.5450        2   -28.94727
    -9.3950        2   -29.86460
    -9.2450        2   -30.77389
    -9.0950        2   -31.72004
    -8.9450        2   -32.70074
    -8.7950        2   -33.72270
    -8.6450        2   -34.78060
    -8.4950        2   -35.90581
    -8.3450        2   -37.09393
    -8.1950        2   -38.34609
    -8.0450        2   -39.68780
    -7.8950        2   -41.10810
    -7.7450        2   -42.61137
    -7.5950        2   -44.23788
    -7.4450        2   -46.00622
    -7.2950        2   -47.86840
    -7.1450        2   -49.88069
    -6.9950        2   -51.99498
    -6.8450        2   -54.21635
    -6.6950        2   -56.54763
    -6.5450        2   -58.93287
    -6.3950        2   -61.36853
    -6.2450        2   -63.87110
    -6.0950        2   -66.38640
    -5.9450        2   -68.92436
    -5.7950        2   -71.48771
    -5.6450        2   -74.04988
    -5.4950        2   -76.61126
    -5.3450        2   -79.14829
    -5.1950        2   -81.66278
    -5.0450        2   -84.14526
    -4.8950        2   -86.60757
    -4.7450        2   -89.02720
    -4.5950        2   -91.42776
    -4.4450        2   -93.80204
    -4.2950        2   -96.16459
    -4.1450        2   -98.53099
    -3.9950        2  -100.94288
    -3.8450        2  -103.41308
    -3.6950        2  -105.96411
    -3.5450        2  -108.59679
    -3.3950        2  -111.35200
    -3.2450        2  -114.23086
    -3.0950        2  -117.27115
    -2.9450        2  -120.49096
    -2.7950        2  -123.91067
    -2.6450        2  -127.56483
    -2.4950        2  -131.52722
    -2.3450        2  -135.86334
    -2.1950        2  -140.67066
    -2.0450        2  -146.10991
    -1.8950        2  -152.35145
    -1.7450        2  -159.54136
    -1.5950        2  -167.82300
    -1.4450        2  -177.26378
    -1.2950        2  -187.80065
    -1.1450        2  -199.26871
   -0.99500        2  -211.55273
   -0.84500        2  -224.50138
   -0.69500        2  -238.05453
   -0.54500        2  -252.49274
   -0.39500        2  -268.69420
   -0.25300        2  -280.91316
   -0.21500        2  -281.74521
   -0.20900        2  -282.58716
   -0.20300        2  -283.44159
   -0.19700        2  -284.30809
   -0.19100        2  -285.18895
   -0.18500        2  -286.08454
   -0.17900        2  -286.99359
   -0.17300        2  -287.91966
   -0.16700        2  -288.86295
   -0.16100        2  -289.82346
   -0.15500        2  -290.80398
   -0.14900        2  -291.80573
   -0.14300        2  -292.83140
   -0.13700        2  -293.88132
   -0.13100        2  -294.95775
   -0.12500        2  -296.06521
   -0.11900        2  -297.20295
   -0.11300        2  -298.37132
   -0.10700        2  -299.57583
   -0.10100        2  -300.81859
   -0.95000E-01    2  -302.10397
   -0.89000E-01    2  -303.43449
   -0.83000E-01    2  -304.81433
   -0.77000E-01    2  -306.25139
   -0.71000E-01    2  -307.75024
   -0.65000E-01    2  -309.32223
   -0.59000E-01    2  -310.97782
   -0.53000E-01    2  -312.73180
   -0.47000E-01    2  -314.60747
   -0.41000E-01    2  -316.63386
   -0.35000E-01    2  -318.85652
   -0.29000E-01    2  -321.34750
   -0.23000E-01    2  -324.22916
   -0.19700E-01    2  -324.54285
   -0.19100E-01    2  -324.86242
   -0.18500E-01    2  -325.18853
   -0.17900E-01    2  -325.52204
   -0.17300E-01    2  -325.86265
   -0.16700E-01    2  -326.21137
   -0.16100E-01    2  -326.56847
   -0.15500E-01    2  -326.93473
   -0.14900E-01    2  -327.31038
   -0.14300E-01    2  -327.69693
   -0.13700E-01    2  -328.09422
   -0.13100E-01    2  -328.50356
   -0.12500E-01    2  -328.92670
   -0.11900E-01    2  -329.36469
   -0.11300E-01    2  -329.81907
   -0.10700E-01    2  -330.29137
   -0.10100E-01    2  -330.78307
   -0.95000E-02    2  -331.29661
   -0.89000E-02    2  -331.83396
   -0.83000E-02    2  -332.39807
   -0.77000E-02    2  -332.99311
   -0.71000E-02    2  -333.62559
   -0.65000E-02    2  -334.30106
   -0.59000E-02    2  -335.02292
   -0.53000E-02    2  -335.79100
   -0.47000E-02    2  -336.60335
   -0.41000E-02    2  -337.45560
   -0.35000E-02    2  -338.33855
   -0.29000E-02    2  -339.23563
   -0.23000E-02    2  -340.09778
   -0.17000E-02    2  -340.84619
   -0.11000E-02    2  -341.40372
   -0.50000E-03    2  -341.68916
    0.10000E-03    2  -341.64763
    0.70000E-03    2  -341.28598
    0.13000E-02    2  -340.66409
    0.19000E-02    2  -339.86937
    0.25000E-02    2  -338.98799
    0.31000E-02    2  -338.09358
    0.37000E-02    2  -337.22033
    0.43000E-02    2  -336.38194
    0.49000E-02    2  -335.58552
    0.55000E-02    2  -334.83478
    0.61000E-02    2  -334.13065
    0.67000E-02    2  -333.47232
    0.73000E-02    2  -332.85546
    0.79000E-02    2  -332.27318
    0.85000E-02    2  -331.72023
    0.91000E-02    2  -331.19311
    0.97000E-02    2  -330.68916
    0.10300E-01    2  -330.20636
    0.10900E-01    2  -329.74259
    0.11500E-01    2  -329.29612
    0.12100E-01    2  -328.86578
    0.12700E-01    2  -328.44969
    0.13300E-01    2  -328.04719
    0.13900E-01    2  -327.65637
    0.14500E-01    2  -327.27685
    0.15100E-01    2  -326.90735
    0.15700E-01    2  -326.54746
    0.16300E-01    2  -326.19641
    0.16900E-01    2  -325.85358
    0.17500E-01    2  -325.51862
    0.18100E-01    2  -325.19142
    0.18700E-01    2  -324.87122
    0.19300E-01    2  -324.55768
    0.20200E-01    2  -323.39442
    0.25000E-01    2  -320.71894
    0.31000E-01    2  -318.40216
    0.37000E-01    2  -316.34252
    0.43000E-01    2  -314.48052
    0.49000E-01    2  -312.77850
    0.55000E-01    2  -311.21003
    0.61000E-01    2  -309.75490
    0.67000E-01    2  -308.39609
    0.73000E-01    2  -307.12162
    0.79000E-01    2  -305.92158
    0.85000E-01    2  -304.78834
    0.91000E-01    2  -303.71488
    0.97000E-01    2  -302.69401
    0.10300        2  -301.72407
    0.10900        2  -300.80086
    0.11500        2  -299.92022
    0.12100        2  -299.07917
    0.12700        2  -298.27500
    0.13300        2  -297.50266
    0.13900        2  -296.75903
    0.14500        2  -296.04373
    0.15100        2  -295.35451
    0.15700        2  -294.68868
    0.16300        2  -294.04374
    0.16900        2  -293.41983
    0.17500        2  -292.81436
    0.18100        2  -292.22758
    0.18700        2  -291.65650
    0.19300        2  -291.10230
    0.19900        2  -290.56188
    0.20500        2  -290.03666
    0.21100        2  -289.52623
    0.21700        2  -289.02887
    0.29500        2  -279.16959
    0.44500        2  -272.90729
    0.59500        2  -268.31453
    0.74500        2  -264.71234
    0.89500        2  -261.67682
     1.0450        2  -259.01168
     1.1950        2  -256.62263
     1.3450        2  -254.44059
     1.4950        2  -252.45276
     1.6450        2  -250.62644
     1.7950        2  -248.95304
     1.9450        2  -247.41457
     2.0950        2  -246.00327
     2.2450        2  -244.71343
     2.3950        2  -243.52223
     2.5450        2  -242.42699
     2.6950        2  -241.42660
     2.8450        2  -240.50691
     2.9950        2  -239.64989
     3.1450        2  -238.85004
     3.2950        2  -238.09573
     3.4450        2  -237.39484
     3.5950        2  -236.73295
     3.7450        2  -236.11198
     3.8950        2  -235.52098
     4.0450        2  -234.95378
     4.1950        2  -234.41266
     4.3450        2  -233.89777
     4.4950        2  -233.39706
     4.6450        2  -232.92454
     4.7950        2  -232.46348
     4.9450        2  -232.01960
     5.0950        2  -231.58806
     5.2450        2  -231.17085
     5.3950        2  -230.77307
     5.5450        2  -230.37714
     5.6950        2  -229.99291
     5.8450        2  -229.62430
     5.9950        2  -229.26404
     6.1450        2  -228.91099
     6.2950        2  -228.56942
     6.4450        2  -228.23536
     6.5950        2  -227.90952
     6.7450        2  -227.59100
     6.8950        2  -227.27533
     7.0450        2  -226.96921
     7.1950        2  -226.66746
     7.3450        2  -226.37417
     7.4950        2  -226.08391
     7.6450        2  -225.80087
     7.7950        2  -225.52332
     7.9450        2  -225.24840
     8.0950        2  -224.97653
     8.2450        2  -224.71640
     8.3950        2  -224.46054
     8.5450        2  -224.20823
     8.6950        2  -223.95710
     8.8450        2  -223.71168
     8.9950        2  -223.47403
     9.1450        2  -223.23827
     9.2950        2  -223.00415
     9.4450        2  -222.77417
     9.5950        2  -222.54707
     9.7450        2  -222.32371
     9.8950        2  -222.10866
     10.045        2  -221.88934
     10.195        2  -221.67751
     10.345        2  -221.47065
     10.495        2  -221.26496
     10.645        2  -221.06138
     10.795        2  -220.86392
     10.945        2  -220.66231
     11.095        2  -220.46480
     11.245        2  -220.27294
     11.395        2  -220.08000
     11.545        2  -219.89093
     11.695        2  -219.70432
     11.845        2  -219.52071
     11.995        2  -219.33917
     12.145        2  -219.16249
     12.295        2  -218.98620
     12.445        2  -218.81309
     12.595        2  -218.64214
     12.745        2  -218.46959
     12.895        2  -218.30240
     13.045        2  -218.13463
     13.195        2  -217.96818
     13.345        2  -217.80521
     13.495        2  -217.64270
     13.645        2  -217.48383
     13.795        2  -217.32583
     13.945        2  -217.17212
     14.095        2  -217.01686
     14.245        2  -216.86271
     14.395        2  -216.71280
     14.545        2  -216.56286
     14.695        2  -216.41381
     14.845        2  -216.26890
     14.995        2  -216.12312
     15.145        2  -215.97949
     15.295        2  -215.83783
     15.445        2  -215.69767
     15.595        2  -215.55770
     15.745        2  -215.42240
     15.895        2  -215.28718
     16.045        2  -215.15243
     16.195        2  -215.01706
     16.345        2  -214.88403
     16.495        2  -214.75192
     16.645        2  -214.62255
     16.795        2  -214.49140
     16.945        2  -214.36230
     17.095        2  -214.23542
     17.245        2  -214.10821
     17.395        2  -213.98361
     17.545        2  -213.85903
     17.695        2  -213.73667
     17.845        2  -213.61444
     17.995        2  -213.49448
     18.145        2  -213.37453
     18.295        2  -213.25631
     18.445        2  -213.13931
     18.595        2  -213.02035
     18.745        2  -212.90650
     18.895        2  -212.79007
     19.045        2  -212.67679
     19.195        2  -212.56326
     19.345        2  -212.45093
     19.495        2  -212.33898
     19.645        2  -212.22894
     19.795        2  -212.11950
     19.945        2  -212.01133
     20.095        2  -211.90173
     21.836        2  -208.62003
     30.068        2  -203.77265
     42.097        2  -198.96870
     58.937        2  -194.21359
     82.515        2  -189.54525
     115.53        2  -184.96274
     161.74        2  -180.47437
     226.45        2  -176.07813
     317.04        2  -171.79072
     443.87        2  -167.60965
     621.44        2  -163.54062
     870.05        2  -159.57617
     1218.1        2  -155.70744
     1705.4        2  -151.94855
     2387.7        2  -148.29688
     3342.9        2  -144.74377
     4680.2        2  -141.28831
     6552.5        2  -137.92031
     9173.8        2  -134.64111
     12844.        2  -131.46016
     17982.        2  -128.36944
     25176.        2  -125.37865
     35247.        2  -122.49354
     49348.        2  -119.71526
     69090.        2  -117.04720
     96729.        2  -114.49891
    0.13543E+06    2  -112.06858
    0.18960E+06    2  -109.74239
    0.26545E+06    2  -107.52864
    0.37165E+06    2  -105.41673
    0.52033E+06    2  -103.40945
    0.72849E+06    2  -101.50098
    0.10199E+07    2   -99.68299
    0.14279E+07    2   -97.95231
    0.19992E+07    2   -96.30725
    0.27990E+07    2   -94.74513
    0.39187E+07    2   -93.25476
    0.54864E+07    2   -91.83812
    0.76812E+07    2   -90.49321
    0.10754E+08    2   -89.21546
    0.15056E+08    2   -87.99754
    0.21080E+08    2   -86.84079
    0.29513E+08    2   -85.74429
    0.41319E+08    2   -84.71072
    0.57849E+08    2   -83.74541
    0.80991E+08    2   -82.84728
    0.11339E+09    2   -82.01641
    0.15875E+09    2   -81.24228
    0.22226E+09    2   -80.52167
    0.31118E+09    2   -79.84790
    0.43567E+09    2   -79.21766
    0.60996E+09    2   -78.64165
    0.85398E+09    2   -78.11909
    0.11956E+10    2   -77.64097
    0.16739E+10    2   -77.20250
    0.23436E+10    2   -76.80033
    0.32811E+10    2   -76.43105
    0.45937E+10    2   -76.09139
    0.64315E+10    2   -75.77883
    0.90044E+10    2   -75.49169
    0.12607E+11    2   -75.22795
    0.17650E+11    2   -74.98456
    0.24711E+11    2   -74.76036
    0.34596E+11    2   -74.55364
    0.48437E+11    2   -74.36472
    0.67814E+11    2   -74.19049
    0.10000E+12    2   -72.20843
