    -29.945        1     0.00000
    -29.795        1     0.00000
    -29.645        1     0.00000
    -29.495        1     0.00000
    -29.345        1     0.00000
    -29.195        1     0.00000
    -29.045        1     0.00000
    -28.895        1     0.00000
    -28.745        1     0.00000
    -28.595        1     0.00000
    -28.445        1     0.00000
    -28.295        1     0.00000
    -28.145        1     0.00000
    -27.995        1     0.00000
    -27.845        1     0.00000
    -27.695        1     0.00000
    -27.545        1     0.00000
    -27.395        1     0.00000
    -27.245        1     0.00000
    -27.095        1     0.00000
    -26.945        1     0.00000
    -26.795        1     0.00000
    -26.645        1     0.00000
    -26.495        1     0.00000
    -26.345        1     0.00000
    -26.195        1     0.00000
    -26.045        1     0.00000
    -25.895        1     0.00000
    -25.745        1     0.00000
    -25.595        1     0.00000
    -25.445        1     0.00000
    -25.295        1     0.00000
    -25.145        1     0.00000
    -24.995        1     0.00000
    -24.845        1     0.00000
    -24.695        1     0.00000
    -24.545        1     0.00000
    -24.395        1     0.00000
    -24.245        1     0.00000
    -24.095        1     0.00000
    -23.945        1    -0.00018
    -23.795        1    -0.00055
    -23.645        1    -0.00073
    -23.495        1    -0.00091
    -23.345        1    -0.00091
    -23.195        1    -0.00161
    -23.045        1    -0.00283
    -22.895        1    -0.00370
    -22.745        1    -0.00650
    -22.595        1    -0.01015
    -22.445        1    -0.01431
    -22.295        1    -0.01927
    -22.145        1    -0.02789
    -21.995        1    -0.03610
    -21.845        1    -0.04791
    -21.695        1    -0.06299
    -21.545        1    -0.08007
    -21.395        1    -0.10178
    -21.245        1    -0.13028
    -21.095        1    -0.15817
    -20.945        1    -0.19241
    -20.795        1    -0.23418
    -20.645        1    -0.28462
    -20.495        1    -0.34024
    -20.345        1    -0.40813
    -20.195        1    -0.48447
    -20.045        1    -0.56905
    -19.895        1    -0.66691
    -19.745        1    -0.77774
    -19.595        1    -0.89873
    -19.445        1    -1.03648
    -19.295        1    -1.18788
    -19.145        1    -1.35126
    -18.995        1    -1.54181
    -18.845        1    -1.74906
    -18.695        1    -1.98220
    -18.545        1    -2.23692
    -18.395        1    -2.51486
    -18.245        1    -2.80913
    -18.095        1    -3.13179
    -17.945        1    -3.46732
    -17.795        1    -3.82837
    -17.645        1    -4.21533
    -17.495        1    -4.62771
    -17.345        1    -5.04837
    -17.195        1    -5.48417
    -17.045        1    -5.92440
    -16.895        1    -6.38369
    -16.745        1    -6.86854
    -16.595        1    -7.37434
    -16.445        1    -7.89180
    -16.295        1    -8.40523
    -16.145        1    -8.95287
    -15.995        1    -9.52914
    -15.845        1   -10.10499
    -15.695        1   -10.69147
    -15.545        1   -11.28435
    -15.395        1   -11.88299
    -15.245        1   -12.50140
    -15.095        1   -13.11382
    -14.945        1   -13.73251
    -14.795        1   -14.36671
    -14.645        1   -14.98109
    -14.495        1   -15.60175
    -14.345        1   -16.22499
    -14.195        1   -16.84939
    -14.045        1   -17.46461
    -13.895        1   -18.09027
    -13.745        1   -18.71414
    -13.595        1   -19.32095
    -13.445        1   -19.95756
    -13.295        1   -20.60021
    -13.145        1   -21.24594
    -12.995        1   -21.89408
    -12.845        1   -22.54528
    -12.695        1   -23.19214
    -12.545        1   -23.83849
    -12.395        1   -24.49182
    -12.245        1   -25.13911
    -12.095        1   -25.78974
    -11.945        1   -26.43258
    -11.795        1   -27.06857
    -11.645        1   -27.69815
    -11.495        1   -28.32358
    -11.345        1   -28.94912
    -11.195        1   -29.55378
    -11.045        1   -30.14815
    -10.895        1   -30.73531
    -10.745        1   -31.33676
    -10.595        1   -31.93440
    -10.445        1   -32.51796
    -10.295        1   -33.10059
    -10.145        1   -33.66608
    -9.9950        1   -34.22342
    -9.8450        1   -34.78520
    -9.6950        1   -35.34177
    -9.5450        1   -35.88495
    -9.3950        1   -36.42246
    -9.2450        1   -36.96348
    -9.0950        1   -37.48759
    -8.9450        1   -38.00402
    -8.7950        1   -38.50784
    -8.6450        1   -39.01685
    -8.4950        1   -39.51701
    -8.3450        1   -40.01645
    -8.1950        1   -40.50679
    -8.0450        1   -41.01429
    -7.8950        1   -41.51566
    -7.7450        1   -42.02220
    -7.5950        1   -42.54092
    -7.4450        1   -43.06255
    -7.2950        1   -43.60241
    -7.1450        1   -44.15876
    -6.9950        1   -44.72865
    -6.8450        1   -45.31048
    -6.6950        1   -45.89685
    -6.5450        1   -46.49869
    -6.3950        1   -47.11127
    -6.2450        1   -47.73428
    -6.0950        1   -48.37673
    -5.9450        1   -49.02344
    -5.7950        1   -49.68870
    -5.6450        1   -50.37096
    -5.4950        1   -51.06012
    -5.3450        1   -51.75382
    -5.1950        1   -52.45474
    -5.0450        1   -53.17489
    -4.8950        1   -53.91992
    -4.7450        1   -54.67946
    -4.5950        1   -55.45850
    -4.4450        1   -56.26342
    -4.2950        1   -57.10194
    -4.1450        1   -57.97707
    -3.9950        1   -58.88523
    -3.8450        1   -59.82690
    -3.6950        1   -60.82549
    -3.5450        1   -61.87349
    -3.3950        1   -62.98060
    -3.2450        1   -64.17067
    -3.0950        1   -65.45128
    -2.9450        1   -66.81335
    -2.7950        1   -68.27062
    -2.6450        1   -69.83911
    -2.4950        1   -71.52211
    -2.3450        1   -73.28304
    -2.1950        1   -75.11000
    -2.0450        1   -76.95756
    -1.8950        1   -78.81554
    -1.7450        1   -80.66173
    -1.5950        1   -82.49469
    -1.4450        1   -84.30208
    -1.2950        1   -86.09116
    -1.1450        1   -87.88404
   -0.99500        1   -89.70086
   -0.84500        1   -91.57399
   -0.69500        1   -93.57857
   -0.54500        1   -95.82185
   -0.39500        1   -98.46781
   -0.25300        1  -100.48535
   -0.21500        1  -100.62089
   -0.20900        1  -100.75814
   -0.20300        1  -100.89778
   -0.19700        1  -101.03907
   -0.19100        1  -101.18233
   -0.18500        1  -101.32754
   -0.17900        1  -101.47475
   -0.17300        1  -101.62446
   -0.16700        1  -101.77622
   -0.16100        1  -101.93067
   -0.15500        1  -102.08783
   -0.14900        1  -102.24890
   -0.14300        1  -102.41214
   -0.13700        1  -102.58003
   -0.13100        1  -102.75121
   -0.12500        1  -102.92631
   -0.11900        1  -103.10674
   -0.11300        1  -103.29143
   -0.10700        1  -103.48208
   -0.10100        1  -103.67830
   -0.95000E-01    1  -103.88223
   -0.89000E-01    1  -104.09400
   -0.83000E-01    1  -104.31494
   -0.77000E-01    1  -104.54637
   -0.71000E-01    1  -104.79018
   -0.65000E-01    1  -105.04871
   -0.59000E-01    1  -105.32587
   -0.53000E-01    1  -105.62516
   -0.47000E-01    1  -105.95386
   -0.41000E-01    1  -106.32045
   -0.35000E-01    1  -106.73632
   -0.29000E-01    1  -107.22089
   -0.23000E-01    1  -107.80545
   -0.19700E-01    1  -107.87047
   -0.19100E-01    1  -107.93682
   -0.18500E-01    1  -108.00481
   -0.17900E-01    1  -108.07442
   -0.17300E-01    1  -108.14584
   -0.16700E-01    1  -108.21897
   -0.16100E-01    1  -108.29406
   -0.15500E-01    1  -108.37141
   -0.14900E-01    1  -108.45088
   -0.14300E-01    1  -108.53278
   -0.13700E-01    1  -108.61743
   -0.13100E-01    1  -108.70513
   -0.12500E-01    1  -108.79613
   -0.11900E-01    1  -108.89068
   -0.11300E-01    1  -108.98966
   -0.10700E-01    1  -109.09323
   -0.10100E-01    1  -109.20167
   -0.95000E-02    1  -109.31467
   -0.89000E-02    1  -109.43209
   -0.83000E-02    1  -109.55372
   -0.77000E-02    1  -109.67965
   -0.71000E-02    1  -109.80931
   -0.65000E-02    1  -109.94229
   -0.59000E-02    1  -110.07759
   -0.53000E-02    1  -110.21432
   -0.47000E-02    1  -110.35089
   -0.41000E-02    1  -110.48554
   -0.35000E-02    1  -110.61493
   -0.29000E-02    1  -110.73417
   -0.23000E-02    1  -110.83606
   -0.17000E-02    1  -110.91563
   -0.11000E-02    1  -110.97066
   -0.50000E-03    1  -110.99902
    0.10000E-03    1  -110.99850
    0.70000E-03    1  -110.96768
    0.13000E-02    1  -110.90731
    0.19000E-02    1  -110.82049
    0.25000E-02    1  -110.71210
    0.31000E-02    1  -110.58887
    0.37000E-02    1  -110.45755
    0.43000E-02    1  -110.32214
    0.49000E-02    1  -110.18560
    0.55000E-02    1  -110.04929
    0.61000E-02    1  -109.91473
    0.67000E-02    1  -109.78282
    0.73000E-02    1  -109.65456
    0.79000E-02    1  -109.53026
    0.85000E-02    1  -109.41018
    0.91000E-02    1  -109.29453
    0.97000E-02    1  -109.18349
    0.10300E-01    1  -109.07712
    0.10900E-01    1  -108.97529
    0.11500E-01    1  -108.87796
    0.12100E-01    1  -108.78469
    0.12700E-01    1  -108.69489
    0.13300E-01    1  -108.60843
    0.13900E-01    1  -108.52478
    0.14500E-01    1  -108.44368
    0.15100E-01    1  -108.36509
    0.15700E-01    1  -108.28875
    0.16300E-01    1  -108.21443
    0.16900E-01    1  -108.14189
    0.17500E-01    1  -108.07117
    0.18100E-01    1  -108.00223
    0.18700E-01    1  -107.93479
    0.19300E-01    1  -107.86893
    0.20200E-01    1  -107.62650
    0.25000E-01    1  -107.08241
    0.31000E-01    1  -106.62745
    0.37000E-01    1  -106.23548
    0.43000E-01    1  -105.89095
    0.49000E-01    1  -105.58348
    0.55000E-01    1  -105.30600
    0.61000E-01    1  -105.05226
    0.67000E-01    1  -104.81822
    0.73000E-01    1  -104.60168
    0.79000E-01    1  -104.40002
    0.85000E-01    1  -104.21196
    0.91000E-01    1  -104.03647
    0.97000E-01    1  -103.87206
    0.10300        1  -103.71755
    0.10900        1  -103.57187
    0.11500        1  -103.43351
    0.12100        1  -103.30353
    0.12700        1  -103.17921
    0.13300        1  -103.06125
    0.13900        1  -102.94934
    0.14500        1  -102.84198
    0.15100        1  -102.73945
    0.15700        1  -102.64161
    0.16300        1  -102.54786
    0.16900        1  -102.45848
    0.17500        1  -102.37227
    0.18100        1  -102.28975
    0.18700        1  -102.21068
    0.19300        1  -102.13466
    0.19900        1  -102.06180
    0.20500        1  -101.99160
    0.21100        1  -101.92438
    0.21700        1  -101.86011
    0.29500        1  -100.75302
    0.44500        1  -100.20963
    0.59500        1   -99.82751
    0.74500        1   -99.51948
    0.89500        1   -99.25965
     1.0450        1   -99.03153
     1.1950        1   -98.82653
     1.3450        1   -98.63892
     1.4950        1   -98.46692
     1.6450        1   -98.30650
     1.7950        1   -98.16069
     1.9450        1   -98.02353
     2.0950        1   -97.89668
     2.2450        1   -97.77607
     2.3950        1   -97.66254
     2.5450        1   -97.55742
     2.6950        1   -97.45728
     2.8450        1   -97.36366
     2.9950        1   -97.27189
     3.1450        1   -97.18665
     3.2950        1   -97.10674
     3.4450        1   -97.03109
     3.5950        1   -96.95817
     3.7450        1   -96.89098
     3.8950        1   -96.82552
     4.0450        1   -96.76433
     4.1950        1   -96.70529
     4.3450        1   -96.64728
     4.4950        1   -96.59134
     4.6450        1   -96.53785
     4.7950        1   -96.48493
     4.9450        1   -96.43346
     5.0950        1   -96.38539
     5.2450        1   -96.33883
     5.3950        1   -96.29483
     5.5450        1   -96.25140
     5.6950        1   -96.20877
     5.8450        1   -96.16730
     5.9950        1   -96.12749
     6.1450        1   -96.08819
     6.2950        1   -96.04846
     6.4450        1   -96.01121
     6.5950        1   -95.97398
     6.7450        1   -95.93849
     6.8950        1   -95.90327
     7.0450        1   -95.86811
     7.1950        1   -95.83439
     7.3450        1   -95.80103
     7.4950        1   -95.76841
     7.6450        1   -95.73496
     7.7950        1   -95.70411
     7.9450        1   -95.67397
     8.0950        1   -95.64372
     8.2450        1   -95.61357
     8.3950        1   -95.58355
     8.5450        1   -95.55569
     8.6950        1   -95.52688
     8.8450        1   -95.49949
     8.9950        1   -95.47194
     9.1450        1   -95.44494
     9.2950        1   -95.41801
     9.4450        1   -95.39137
     9.5950        1   -95.36534
     9.7450        1   -95.33833
     9.8950        1   -95.31252
     10.045        1   -95.28702
     10.195        1   -95.26150
     10.345        1   -95.23689
     10.495        1   -95.21260
     10.645        1   -95.18813
     10.795        1   -95.16346
     10.945        1   -95.13987
     11.095        1   -95.11717
     11.245        1   -95.09298
     11.395        1   -95.07051
     11.545        1   -95.04821
     11.695        1   -95.02545
     11.845        1   -95.00291
     11.995        1   -94.98118
     12.145        1   -94.95981
     12.295        1   -94.93878
     12.445        1   -94.91813
     12.595        1   -94.89660
     12.745        1   -94.87531
     12.895        1   -94.85495
     13.045        1   -94.83535
     13.195        1   -94.81532
     13.345        1   -94.79541
     13.495        1   -94.77553
     13.645        1   -94.75598
     13.795        1   -94.73671
     13.945        1   -94.71809
     14.095        1   -94.69916
     14.245        1   -94.68060
     14.395        1   -94.66144
     14.545        1   -94.64290
     14.695        1   -94.62477
     14.845        1   -94.60668
     14.995        1   -94.58860
     15.145        1   -94.57102
     15.295        1   -94.55351
     15.445        1   -94.53579
     15.595        1   -94.51772
     15.745        1   -94.49983
     15.895        1   -94.48223
     16.045        1   -94.46505
     16.195        1   -94.44807
     16.345        1   -94.43127
     16.495        1   -94.41472
     16.645        1   -94.39799
     16.795        1   -94.38203
     16.945        1   -94.36699
     17.095        1   -94.35078
     17.245        1   -94.33454
     17.395        1   -94.31896
     17.545        1   -94.30397
     17.695        1   -94.28840
     17.845        1   -94.27350
     17.995        1   -94.25766
     18.145        1   -94.24278
     18.295        1   -94.22717
     18.445        1   -94.21266
     18.595        1   -94.19767
     18.745        1   -94.18249
     18.895        1   -94.16837
     19.045        1   -94.15381
     19.195        1   -94.13969
     19.345        1   -94.12512
     19.495        1   -94.11098
     19.645        1   -94.09674
     19.795        1   -94.08267
     19.945        1   -94.06910
     20.095        1   -94.05535
     20.245        1   -94.04191
     20.395        1   -94.02823
     20.545        1   -94.01496
     20.695        1   -94.00223
     20.845        1   -93.98914
     20.995        1   -93.97574
     21.145        1   -93.96309
     21.295        1   -93.95013
     21.445        1   -93.93719
     21.595        1   -93.92469
     21.745        1   -93.91165
     21.895        1   -93.89896
     22.045        1   -93.88644
     22.195        1   -93.87401
     22.345        1   -93.86186
     22.495        1   -93.84912
     22.645        1   -93.83694
     22.795        1   -93.82507
     22.945        1   -93.81273
     23.095        1   -93.80031
     23.245        1   -93.78839
     23.395        1   -93.77685
     23.545        1   -93.76485
     23.695        1   -93.75295
     23.845        1   -93.74158
     23.995        1   -93.72960
     24.145        1   -93.71773
     24.295        1   -93.70604
     24.445        1   -93.69361
     24.595        1   -93.68219
     24.745        1   -93.67084
     24.895        1   -93.65984
     25.045        1   -93.64890
     25.195        1   -93.63750
     25.345        1   -93.62679
     25.495        1   -93.61633
     25.645        1   -93.60528
     25.795        1   -93.59362
     25.945        1   -93.58260
     26.095        1   -93.57175
     26.245        1   -93.56100
     26.395        1   -93.54983
     26.545        1   -93.53867
     26.695        1   -93.52809
     26.845        1   -93.51747
     26.995        1   -93.50697
     27.145        1   -93.49662
     27.295        1   -93.48622
     27.445        1   -93.47628
     27.595        1   -93.46655
     27.745        1   -93.45638
     27.895        1   -93.44632
     28.045        1   -93.43619
     28.195        1   -93.42629
     28.345        1   -93.41660
     28.495        1   -93.40676
     28.645        1   -93.39656
     28.795        1   -93.38641
     28.945        1   -93.37671
     29.095        1   -93.36687
     29.245        1   -93.35722
     29.395        1   -93.34751
     29.545        1   -93.33780
     29.695        1   -93.32787
     29.845        1   -93.31850
     29.995        1   -93.30897
     30.145        1   -93.29949
     30.295        1   -93.29030
     30.445        1   -93.28102
     30.595        1   -93.27212
     30.745        1   -93.26309
     30.895        1   -93.25392
     31.045        1   -93.24458
     31.195        1   -93.23512
     31.345        1   -93.22600
     31.495        1   -93.21733
     31.645        1   -93.20835
     31.795        1   -93.19916
     31.945        1   -93.18980
     32.095        1   -93.18118
     32.245        1   -93.17203
     32.395        1   -93.16309
     32.545        1   -93.15436
     32.695        1   -93.14547
     32.845        1   -93.13707
     32.995        1   -93.12866
     33.145        1   -93.12001
     33.295        1   -93.11124
     33.445        1   -93.10276
     33.595        1   -93.09388
     33.745        1   -93.08567
     33.895        1   -93.07707
     34.045        1   -93.06859
     34.195        1   -93.06023
     34.345        1   -93.05172
     34.495        1   -93.04330
     34.645        1   -93.03524
     34.795        1   -93.02725
     34.945        1   -93.01910
     35.095        1   -93.01136
     35.245        1   -93.00335
     35.395        1   -92.99539
     35.545        1   -92.98753
     35.695        1   -92.97943
     35.845        1   -92.97137
     35.995        1   -92.96369
     36.145        1   -92.95517
     36.295        1   -92.94727
     36.445        1   -92.93933
     36.595        1   -92.93139
     36.745        1   -92.92356
     36.895        1   -92.91592
     37.045        1   -92.90813
     37.195        1   -92.90052
     37.345        1   -92.89327
     37.495        1   -92.88587
     37.645        1   -92.87793
     37.795        1   -92.87042
     37.945        1   -92.86304
     38.095        1   -92.85545
     38.245        1   -92.84779
     38.395        1   -92.84012
     38.545        1   -92.83243
     38.695        1   -92.82521
     38.845        1   -92.81781
     38.995        1   -92.81034
     39.145        1   -92.80296
     39.295        1   -92.79563
     39.445        1   -92.78847
     39.595        1   -92.78093
     39.745        1   -92.77377
     39.895        1   -92.76665
     40.045        1   -92.75955
     40.195        1   -92.75232
     40.345        1   -92.74526
     40.495        1   -92.73823
     40.645        1   -92.73150
     40.795        1   -92.72458
     40.945        1   -92.71726
     41.095        1   -92.71023
     41.245        1   -92.70308
     41.395        1   -92.69596
     41.545        1   -92.68868
     41.695        1   -92.68161
     41.845        1   -92.67499
     41.995        1   -92.66816
     42.145        1   -92.66120
     42.295        1   -92.65417
     42.445        1   -92.64714
     42.595        1   -92.64052
     42.745        1   -92.63371
     42.895        1   -92.62679
     43.045        1   -92.62027
     43.195        1   -92.61338
     43.345        1   -92.60641
     43.495        1   -92.59987
     43.645        1   -92.59316
     43.795        1   -92.58627
     43.945        1   -92.57977
     44.095        1   -92.57285
     44.245        1   -92.56659
     44.395        1   -92.55989
     44.545        1   -92.55345
     44.695        1   -92.54679
     44.845        1   -92.54033
     44.995        1   -92.53368
     45.145        1   -92.52711
     45.295        1   -92.52066
     45.445        1   -92.51401
     45.595        1   -92.50785
     45.745        1   -92.50150
     45.895        1   -92.49542
     46.045        1   -92.48928
     46.195        1   -92.48256
     46.345        1   -92.47634
     46.495        1   -92.47012
     46.645        1   -92.46393
     46.795        1   -92.45784
     46.945        1   -92.45182
     47.095        1   -92.44587
     47.245        1   -92.43970
     47.395        1   -92.43341
     47.545        1   -92.42727
     47.695        1   -92.42099
     47.845        1   -92.41470
     47.995        1   -92.40897
     48.145        1   -92.40288
     48.295        1   -92.39705
     48.445        1   -92.39107
     48.595        1   -92.38529
     48.745        1   -92.37927
     48.895        1   -92.37322
     49.045        1   -92.36712
     49.195        1   -92.36132
     49.345        1   -92.35537
     49.495        1   -92.34955
     49.645        1   -92.34370
     49.795        1   -92.33789
     49.945        1   -92.33217
     50.095        1   -92.32599
     50.245        1   -92.32000
     50.395        1   -92.31417
     50.545        1   -92.30849
     50.695        1   -92.30280
     50.845        1   -92.29691
     50.995        1   -92.29116
     51.145        1   -92.28555
     51.295        1   -92.28005
     51.445        1   -92.27418
     51.595        1   -92.26848
     51.745        1   -92.26285
     51.895        1   -92.25670
     52.045        1   -92.25109
     52.195        1   -92.24579
     52.345        1   -92.24013
     52.495        1   -92.23467
     52.645        1   -92.22899
     52.795        1   -92.22364
     52.945        1   -92.21818
     53.095        1   -92.21265
     53.245        1   -92.20742
     53.395        1   -92.20197
     53.545        1   -92.19675
     53.695        1   -92.19124
     53.845        1   -92.18539
     53.995        1   -92.17983
     54.145        1   -92.17463
     54.295        1   -92.16942
     54.445        1   -92.16396
     54.595        1   -92.15888
     54.745        1   -92.15347
     54.895        1   -92.14813
     55.045        1   -92.14274
     55.195        1   -92.13753
     55.345        1   -92.13225
     55.495        1   -92.12699
     55.645        1   -92.12180
     55.795        1   -92.11660
     55.945        1   -92.11113
     56.095        1   -92.10579
     56.245        1   -92.10059
     56.395        1   -92.09552
     56.545        1   -92.09048
     56.695        1   -92.08518
     56.845        1   -92.08012
     56.995        1   -92.07484
     57.145        1   -92.06976
     57.295        1   -92.06455
     57.445        1   -92.05943
     57.595        1   -92.05477
     57.745        1   -92.04977
     57.895        1   -92.04482
     58.045        1   -92.03951
     58.195        1   -92.03449
     58.345        1   -92.02951
     58.495        1   -92.02457
     58.645        1   -92.01982
     58.795        1   -92.01494
     58.945        1   -92.00969
     59.095        1   -92.00499
     59.245        1   -92.00012
     59.395        1   -91.99514
     59.545        1   -91.99022
     59.695        1   -91.98561
     59.845        1   -91.98105
     59.995        1   -91.97626
     60.145        1   -91.97140
     70.939        1   -91.34527
     97.698        1   -90.71630
     134.55        1   -90.09363
     185.30        1   -89.46928
     255.20        1   -88.85247
     351.46        1   -88.24036
     484.04        1   -87.63553
     666.62        1   -87.03732
     918.07        1   -86.44847
     1264.4        1   -85.86777
     1741.3        1   -85.29388
     2398.1        1   -84.73143
     3302.7        1   -84.17682
     4548.5        1   -83.62953
     6264.3        1   -83.09282
     8627.2        1   -82.56554
     11881.        1   -82.04540
     16363.        1   -81.53289
     22535.        1   -81.02821
     31036.        1   -80.53042
     42743.        1   -80.04080
     58866.        1   -79.55834
     81070.        1   -79.08521
    0.11165E+06    1   -78.61821
    0.15377E+06    1   -78.15645
    0.21177E+06    1   -77.70034
    0.29165E+06    1   -77.24982
    0.40166E+06    1   -76.80239
    0.55317E+06    1   -76.35973
    0.76182E+06    1   -75.91880
    0.10492E+07    1   -75.48108
    0.14449E+07    1   -75.04723
    0.19900E+07    1   -74.61414
    0.27406E+07    1   -74.18069
    0.37744E+07    1   -73.74600
    0.51981E+07    1   -73.30921
    0.71589E+07    1   -72.87272
    0.98593E+07    1   -72.43369
    0.13578E+08    1   -71.99258
    0.18700E+08    1   -71.55092
    0.25754E+08    1   -71.10632
    0.35468E+08    1   -70.66625
    0.48847E+08    1   -70.23322
    0.67273E+08    1   -69.81112
    0.92648E+08    1   -69.39854
    0.12760E+09    1   -68.99754
    0.17573E+09    1   -68.60685
    0.24201E+09    1   -68.22839
    0.33330E+09    1   -67.86347
    0.45902E+09    1   -67.51642
    0.63217E+09    1   -67.18928
    0.87062E+09    1   -66.88301
    0.11990E+10    1   -66.59549
    0.16513E+10    1   -66.32821
    0.22742E+10    1   -66.07931
    0.31320E+10    1   -65.84723
    0.43134E+10    1   -65.63094
    0.59405E+10    1   -65.42931
    0.81813E+10    1   -65.24147
    0.11267E+11    1   -65.06686
    0.15517E+11    1   -64.90415
    0.21371E+11    1   -64.75257
    0.29432E+11    1   -64.61206
    0.40534E+11    1   -64.48103
    0.55823E+11    1   -64.35986
    0.10000E+12    1   -62.84276
    -149.95        2     0.00000
    -149.80        2     0.00000
    -149.65        2     0.00000
    -149.49        2     0.00000
    -149.34        2     0.00000
    -149.20        2     0.00000
    -149.05        2     0.00000
    -148.90        2     0.00000
    -148.74        2     0.00000
    -148.59        2     0.00000
    -148.45        2     0.00000
    -148.30        2     0.00000
    -148.15        2     0.00000
    -147.99        2     0.00000
    -147.84        2     0.00000
    -147.70        2     0.00000
    -147.55        2     0.00000
    -147.40        2     0.00000
    -147.24        2     0.00000
    -147.09        2     0.00000
    -146.95        2     0.00000
    -146.80        2     0.00000
    -146.65        2     0.00000
    -146.49        2     0.00000
    -146.34        2     0.00000
    -146.20        2     0.00000
    -146.05        2     0.00000
    -145.90        2     0.00000
    -145.74        2     0.00000
    -145.59        2     0.00000
    -145.45        2     0.00000
    -145.30        2     0.00000
    -145.15        2     0.00000
    -144.99        2     0.00000
    -144.84        2     0.00000
    -144.70        2     0.00000
    -144.55        2     0.00000
    -144.40        2     0.00000
    -144.24        2     0.00000
    -144.09        2     0.00000
    -143.95        2     0.00000
    -143.80        2     0.00000
    -143.65        2     0.00000
    -143.49        2     0.00000
    -143.34        2     0.00000
    -143.20        2     0.00000
    -143.05        2     0.00000
    -142.90        2     0.00000
    -142.74        2     0.00000
    -142.59        2     0.00000
    -142.45        2     0.00000
    -142.30        2     0.00000
    -142.15        2     0.00000
    -141.99        2     0.00000
    -141.84        2     0.00000
    -141.70        2     0.00000
    -141.55        2     0.00000
    -141.40        2     0.00000
    -141.24        2     0.00000
    -141.09        2     0.00000
    -140.95        2     0.00000
    -140.80        2     0.00000
    -140.65        2     0.00000
    -140.49        2     0.00000
    -140.34        2     0.00000
    -140.20        2     0.00000
    -140.05        2     0.00000
    -139.90        2     0.00000
    -139.74        2     0.00000
    -139.59        2     0.00000
    -139.45        2     0.00000
    -139.30        2     0.00000
    -139.15        2     0.00000
    -138.99        2     0.00000
    -138.84        2     0.00000
    -138.70        2     0.00000
    -138.55        2     0.00000
    -138.40        2     0.00000
    -138.24        2     0.00000
    -138.09        2     0.00000
    -137.95        2     0.00000
    -137.80        2     0.00000
    -137.65        2     0.00000
    -137.49        2     0.00000
    -137.34        2     0.00000
    -137.20        2     0.00000
    -137.05        2     0.00000
    -136.90        2     0.00000
    -136.74        2     0.00000
    -136.59        2     0.00000
    -136.45        2     0.00000
    -136.30        2     0.00000
    -136.15        2     0.00000
    -135.99        2     0.00000
    -135.84        2     0.00000
    -135.70        2     0.00000
    -135.55        2     0.00000
    -135.40        2     0.00000
    -135.24        2     0.00000
    -135.09        2     0.00000
    -134.95        2     0.00000
    -134.80        2     0.00000
    -134.65        2     0.00000
    -134.49        2     0.00000
    -134.34        2     0.00000
    -134.20        2     0.00000
    -134.05        2     0.00000
    -133.90        2     0.00000
    -133.74        2     0.00000
    -133.59        2     0.00000
    -133.45        2     0.00000
    -133.30        2     0.00000
    -133.15        2     0.00000
    -132.99        2     0.00000
    -132.84        2     0.00000
    -132.70        2     0.00000
    -132.55        2     0.00000
    -132.40        2     0.00000
    -132.24        2     0.00000
    -132.09        2     0.00000
    -131.95        2     0.00000
    -131.80        2     0.00000
    -131.65        2     0.00000
    -131.49        2     0.00000
    -131.34        2     0.00000
    -131.20        2     0.00000
    -131.05        2     0.00000
    -130.90        2     0.00000
    -130.74        2     0.00000
    -130.59        2     0.00000
    -130.45        2     0.00000
    -130.30        2     0.00000
    -130.15        2     0.00000
    -129.99        2     0.00000
    -129.84        2     0.00000
    -129.70        2     0.00000
    -129.55        2     0.00000
    -129.40        2     0.00000
    -129.24        2     0.00000
    -129.09        2     0.00000
    -128.95        2     0.00000
    -128.80        2     0.00000
    -128.65        2     0.00000
    -128.49        2     0.00000
    -128.34        2     0.00000
    -128.20        2     0.00000
    -128.05        2     0.00000
    -127.89        2     0.00000
    -127.75        2     0.00000
    -127.60        2     0.00000
    -127.44        2     0.00000
    -127.30        2     0.00000
    -127.14        2     0.00000
    -127.00        2     0.00000
    -126.85        2     0.00000
    -126.69        2     0.00000
    -126.55        2     0.00000
    -126.39        2     0.00000
    -126.25        2     0.00000
    -126.10        2     0.00000
    -125.94        2     0.00000
    -125.80        2     0.00000
    -125.64        2     0.00000
    -125.50        2     0.00000
    -125.35        2     0.00000
    -125.19        2     0.00000
    -125.05        2     0.00000
    -124.89        2     0.00000
    -124.75        2     0.00000
    -124.60        2     0.00000
    -124.44        2     0.00000
    -124.30        2     0.00000
    -124.14        2     0.00000
    -124.00        2     0.00000
    -123.85        2     0.00000
    -123.69        2     0.00000
    -123.55        2     0.00000
    -123.39        2     0.00000
    -123.25        2     0.00000
    -123.10        2     0.00000
    -122.94        2     0.00000
    -122.80        2     0.00000
    -122.64        2     0.00000
    -122.50        2     0.00000
    -122.35        2     0.00000
    -122.19        2     0.00000
    -122.05        2     0.00000
    -121.89        2     0.00000
    -121.75        2     0.00000
    -121.60        2     0.00000
    -121.44        2     0.00000
    -121.30        2     0.00000
    -121.14        2     0.00000
    -121.00        2     0.00000
    -120.85        2     0.00000
    -120.69        2     0.00000
    -120.55        2     0.00000
    -120.39        2     0.00000
    -120.25        2     0.00000
    -120.10        2     0.00000
    -119.94        2     0.00000
    -119.80        2     0.00000
    -119.64        2     0.00000
    -119.50        2     0.00000
    -119.35        2     0.00000
    -119.19        2     0.00000
    -119.05        2     0.00000
    -118.89        2     0.00000
    -118.75        2     0.00000
    -118.60        2     0.00000
    -118.44        2     0.00000
    -118.30        2     0.00000
    -118.14        2     0.00000
    -118.00        2     0.00000
    -117.85        2     0.00000
    -117.69        2     0.00000
    -117.55        2     0.00000
    -117.39        2     0.00000
    -117.25        2     0.00000
    -117.10        2     0.00000
    -116.94        2     0.00000
    -116.80        2     0.00000
    -116.64        2     0.00000
    -116.50        2     0.00000
    -116.35        2     0.00000
    -116.19        2     0.00000
    -116.05        2     0.00000
    -115.89        2     0.00000
    -115.75        2     0.00000
    -115.60        2     0.00000
    -115.44        2     0.00000
    -115.30        2     0.00000
    -115.14        2     0.00000
    -115.00        2     0.00000
    -114.85        2     0.00000
    -114.69        2     0.00000
    -114.55        2     0.00000
    -114.39        2     0.00000
    -114.25        2     0.00000
    -114.10        2     0.00000
    -113.94        2     0.00000
    -113.80        2     0.00000
    -113.64        2     0.00000
    -113.50        2     0.00000
    -113.35        2     0.00000
    -113.19        2     0.00000
    -113.05        2     0.00000
    -112.89        2     0.00000
    -112.75        2     0.00000
    -112.60        2     0.00000
    -112.44        2     0.00000
    -112.30        2     0.00000
    -112.14        2     0.00000
    -112.00        2     0.00000
    -111.85        2     0.00000
    -111.69        2     0.00000
    -111.55        2     0.00000
    -111.39        2     0.00000
    -111.25        2     0.00000
    -111.10        2     0.00000
    -110.94        2     0.00000
    -110.80        2     0.00000
    -110.64        2     0.00000
    -110.50        2     0.00000
    -110.35        2     0.00000
    -110.19        2     0.00000
    -110.05        2     0.00000
    -109.89        2     0.00000
    -109.75        2     0.00000
    -109.60        2     0.00000
    -109.44        2     0.00000
    -109.30        2     0.00000
    -109.14        2     0.00000
    -109.00        2     0.00000
    -108.85        2     0.00000
    -108.69        2     0.00000
    -108.55        2     0.00000
    -108.39        2     0.00000
    -108.25        2     0.00000
    -108.10        2     0.00000
    -107.94        2     0.00000
    -107.80        2     0.00000
    -107.64        2     0.00000
    -107.50        2     0.00000
    -107.35        2     0.00000
    -107.19        2     0.00000
    -107.05        2     0.00000
    -106.89        2     0.00000
    -106.75        2     0.00000
    -106.60        2     0.00000
    -106.44        2     0.00000
    -106.30        2     0.00000
    -106.14        2     0.00000
    -106.00        2     0.00000
    -105.85        2     0.00000
    -105.69        2     0.00000
    -105.55        2     0.00000
    -105.39        2     0.00000
    -105.25        2     0.00000
    -105.10        2     0.00000
    -104.94        2     0.00000
    -104.80        2     0.00000
    -104.64        2     0.00000
    -104.50        2     0.00000
    -104.35        2     0.00000
    -104.19        2     0.00000
    -104.05        2     0.00000
    -103.89        2     0.00000
    -103.75        2     0.00000
    -103.60        2     0.00000
    -103.44        2     0.00000
    -103.30        2     0.00000
    -103.14        2     0.00000
    -103.00        2     0.00000
    -102.85        2     0.00000
    -102.69        2     0.00000
    -102.55        2     0.00000
    -102.39        2     0.00000
    -102.25        2     0.00000
    -102.10        2     0.00000
    -101.94        2     0.00000
    -101.80        2     0.00000
    -101.64        2     0.00000
    -101.50        2     0.00000
    -101.35        2     0.00000
    -101.19        2     0.00000
    -101.05        2     0.00000
    -100.89        2     0.00000
    -100.75        2     0.00000
    -100.60        2     0.00000
    -100.44        2     0.00000
    -100.30        2     0.00000
    -100.14        2     0.00000
    -99.995        2     0.00000
    -99.845        2     0.00000
    -99.695        2     0.00000
    -99.545        2     0.00000
    -99.395        2     0.00000
    -99.245        2     0.00000
    -99.095        2     0.00000
    -98.945        2     0.00000
    -98.795        2     0.00000
    -98.645        2     0.00000
    -98.495        2     0.00000
    -98.345        2     0.00000
    -98.195        2     0.00000
    -98.045        2     0.00000
    -97.895        2     0.00000
    -97.745        2     0.00000
    -97.595        2     0.00000
    -97.445        2     0.00000
    -97.295        2     0.00000
    -97.145        2     0.00000
    -96.995        2     0.00000
    -96.845        2     0.00000
    -96.695        2     0.00000
    -96.545        2     0.00000
    -96.395        2     0.00000
    -96.245        2     0.00000
    -96.095        2     0.00000
    -95.945        2     0.00000
    -95.795        2     0.00000
    -95.645        2     0.00000
    -95.495        2     0.00000
    -95.345        2     0.00000
    -95.195        2     0.00000
    -95.045        2     0.00000
    -94.895        2     0.00000
    -94.745        2     0.00000
    -94.595        2     0.00000
    -94.445        2     0.00000
    -94.295        2     0.00000
    -94.145        2     0.00000
    -93.995        2     0.00000
    -93.845        2     0.00000
    -93.695        2     0.00000
    -93.545        2     0.00000
    -93.395        2     0.00000
    -93.245        2     0.00000
    -93.095        2     0.00000
    -92.945        2     0.00000
    -92.795        2     0.00000
    -92.645        2     0.00000
    -92.495        2     0.00000
    -92.345        2     0.00000
    -92.195        2     0.00000
    -92.045        2     0.00000
    -91.895        2     0.00000
    -91.745        2     0.00000
    -91.595        2     0.00000
    -91.445        2     0.00000
    -91.295        2     0.00000
    -91.145        2     0.00000
    -90.995        2     0.00000
    -90.845        2     0.00000
    -90.695        2     0.00000
    -90.545        2     0.00000
    -90.395        2     0.00000
    -90.245        2     0.00000
    -90.095        2     0.00000
    -89.945        2     0.00000
    -89.795        2     0.00000
    -89.645        2     0.00000
    -89.495        2     0.00000
    -89.345        2     0.00000
    -89.195        2     0.00000
    -89.045        2     0.00000
    -88.895        2     0.00000
    -88.745        2     0.00000
    -88.595        2     0.00000
    -88.445        2     0.00000
    -88.295        2     0.00000
    -88.145        2     0.00000
    -87.995        2     0.00000
    -87.845        2     0.00000
    -87.695        2     0.00000
    -87.545        2     0.00000
    -87.395        2     0.00000
    -87.245        2     0.00000
    -87.095        2     0.00000
    -86.945        2     0.00000
    -86.795        2     0.00000
    -86.645        2     0.00000
    -86.495        2     0.00000
    -86.345        2     0.00000
    -86.195        2     0.00000
    -86.045        2     0.00000
    -85.895        2     0.00000
    -85.745        2     0.00000
    -85.595        2     0.00000
    -85.445        2     0.00000
    -85.295        2     0.00000
    -85.145        2     0.00000
    -84.995        2     0.00000
    -84.845        2     0.00000
    -84.695        2     0.00000
    -84.545        2     0.00000
    -84.395        2     0.00000
    -84.245        2     0.00000
    -84.095        2     0.00000
    -83.945        2     0.00000
    -83.795        2     0.00000
    -83.645        2     0.00000
    -83.495        2     0.00000
    -83.345        2     0.00000
    -83.195        2     0.00000
    -83.045        2     0.00000
    -82.895        2     0.00000
    -82.745        2     0.00000
    -82.595        2     0.00000
    -82.445        2     0.00000
    -82.295        2     0.00000
    -82.145        2     0.00000
    -81.995        2     0.00000
    -81.845        2     0.00000
    -81.695        2     0.00000
    -81.545        2     0.00000
    -81.395        2     0.00000
    -81.245        2     0.00000
    -81.095        2     0.00000
    -80.945        2     0.00000
    -80.795        2     0.00000
    -80.645        2     0.00000
    -80.495        2     0.00000
    -80.345        2     0.00000
    -80.195        2     0.00000
    -80.045        2     0.00000
    -79.895        2     0.00000
    -79.745        2     0.00000
    -79.595        2     0.00000
    -79.445        2     0.00000
    -79.295        2     0.00000
    -79.145        2     0.00000
    -78.995        2     0.00000
    -78.845        2     0.00000
    -78.695        2     0.00000
    -78.545        2     0.00000
    -78.395        2     0.00000
    -78.245        2     0.00000
    -78.095        2     0.00000
    -77.945        2     0.00000
    -77.795        2     0.00000
    -77.645        2     0.00000
    -77.495        2     0.00000
    -77.345        2     0.00000
    -77.195        2     0.00000
    -77.045        2     0.00000
    -76.895        2     0.00000
    -76.745        2     0.00000
    -76.595        2     0.00000
    -76.445        2     0.00000
    -76.295        2     0.00000
    -76.145        2     0.00000
    -75.995        2     0.00000
    -75.845        2     0.00000
    -75.695        2     0.00000
    -75.545        2     0.00000
    -75.395        2     0.00000
    -75.245        2     0.00000
    -75.095        2     0.00000
    -74.945        2     0.00000
    -74.795        2     0.00000
    -74.645        2     0.00000
    -74.495        2     0.00000
    -74.345        2     0.00000
    -74.195        2     0.00000
    -74.045        2     0.00000
    -73.895        2     0.00000
    -73.745        2     0.00000
    -73.595        2     0.00000
    -73.445        2     0.00000
    -73.295        2     0.00000
    -73.145        2     0.00000
    -72.995        2     0.00000
    -72.845        2     0.00000
    -72.695        2     0.00000
    -72.545        2     0.00000
    -72.395        2     0.00000
    -72.245        2     0.00000
    -72.095        2     0.00000
    -71.945        2     0.00000
    -71.795        2     0.00000
    -71.645        2     0.00000
    -71.495        2     0.00000
    -71.345        2     0.00000
    -71.195        2     0.00000
    -71.045        2     0.00000
    -70.895        2     0.00000
    -70.745        2     0.00000
    -70.595        2     0.00000
    -70.445        2     0.00000
    -70.295        2     0.00000
    -70.145        2     0.00000
    -69.995        2     0.00000
    -69.845        2     0.00000
    -69.695        2     0.00000
    -69.545        2     0.00000
    -69.395        2     0.00000
    -69.245        2     0.00000
    -69.095        2     0.00000
    -68.945        2     0.00000
    -68.795        2     0.00000
    -68.645        2     0.00000
    -68.495        2     0.00000
    -68.345        2     0.00000
    -68.195        2     0.00000
    -68.045        2     0.00000
    -67.895        2     0.00000
    -67.745        2     0.00000
    -67.595        2     0.00000
    -67.445        2     0.00000
    -67.295        2     0.00000
    -67.145        2     0.00000
    -66.995        2     0.00000
    -66.845        2     0.00000
    -66.695        2     0.00000
    -66.545        2     0.00000
    -66.395        2     0.00000
    -66.245        2     0.00000
    -66.095        2     0.00000
    -65.945        2     0.00000
    -65.795        2     0.00000
    -65.645        2     0.00000
    -65.495        2     0.00000
    -65.345        2     0.00000
    -65.195        2     0.00000
    -65.045        2     0.00000
    -64.895        2     0.00000
    -64.745        2     0.00000
    -64.595        2     0.00000
    -64.445        2     0.00000
    -64.295        2     0.00000
    -64.145        2     0.00000
    -63.995        2     0.00000
    -63.845        2     0.00000
    -63.695        2     0.00000
    -63.545        2     0.00000
    -63.395        2     0.00000
    -63.245        2     0.00000
    -63.095        2     0.00000
    -62.945        2     0.00000
    -62.795        2     0.00000
    -62.645        2     0.00000
    -62.495        2     0.00000
    -62.345        2     0.00000
    -62.195        2     0.00000
    -62.045        2     0.00000
    -61.895        2     0.00000
    -61.745        2     0.00000
    -61.595        2     0.00000
    -61.445        2     0.00000
    -61.295        2     0.00000
    -61.145        2     0.00000
    -60.995        2     0.00000
    -60.845        2     0.00000
    -60.695        2     0.00000
    -60.545        2     0.00000
    -60.395        2     0.00000
    -60.245        2     0.00000
    -60.095        2     0.00000
    -59.945        2     0.00000
    -59.795        2     0.00000
    -59.645        2     0.00000
    -59.495        2     0.00000
    -59.345        2     0.00000
    -59.195        2     0.00000
    -59.045        2     0.00000
    -58.895        2     0.00000
    -58.745        2     0.00000
    -58.595        2     0.00000
    -58.445        2     0.00000
    -58.295        2     0.00000
    -58.145        2     0.00000
    -57.995        2     0.00000
    -57.845        2     0.00000
    -57.695        2     0.00000
    -57.545        2     0.00000
    -57.395        2     0.00000
    -57.245        2     0.00000
    -57.095        2     0.00000
    -56.945        2     0.00000
    -56.795        2     0.00000
    -56.645        2     0.00000
    -56.495        2     0.00000
    -56.345        2     0.00000
    -56.195        2     0.00000
    -56.045        2     0.00000
    -55.895        2     0.00000
    -55.745        2     0.00000
    -55.595        2     0.00000
    -55.445        2     0.00000
    -55.295        2     0.00000
    -55.145        2     0.00000
    -54.995        2     0.00000
    -54.845        2     0.00000
    -54.695        2     0.00000
    -54.545        2     0.00000
    -54.395        2     0.00000
    -54.245        2     0.00000
    -54.095        2     0.00000
    -53.945        2     0.00000
    -53.795        2     0.00000
    -53.645        2     0.00000
    -53.495        2     0.00000
    -53.345        2     0.00000
    -53.195        2     0.00000
    -53.045        2     0.00000
    -52.895        2     0.00000
    -52.745        2     0.00000
    -52.595        2     0.00000
    -52.445        2     0.00000
    -52.295        2     0.00000
    -52.145        2     0.00000
    -51.995        2     0.00000
    -51.845        2     0.00000
    -51.695        2     0.00000
    -51.545        2     0.00000
    -51.395        2     0.00000
    -51.245        2     0.00000
    -51.095        2     0.00000
    -50.945        2     0.00000
    -50.795        2     0.00000
    -50.645        2     0.00000
    -50.495        2     0.00000
    -50.345        2     0.00000
    -50.195        2     0.00000
    -50.045        2     0.00000
    -49.895        2     0.00000
    -49.745        2     0.00000
    -49.595        2     0.00000
    -49.445        2     0.00000
    -49.295        2     0.00000
    -49.145        2     0.00000
    -48.995        2     0.00000
    -48.845        2     0.00000
    -48.695        2     0.00000
    -48.545        2     0.00000
    -48.395        2     0.00000
    -48.245        2     0.00000
    -48.095        2     0.00000
    -47.945        2     0.00000
    -47.795        2     0.00000
    -47.645        2     0.00000
    -47.495        2     0.00000
    -47.345        2     0.00000
    -47.195        2     0.00000
    -47.045        2     0.00000
    -46.895        2     0.00000
    -46.745        2     0.00000
    -46.595        2     0.00000
    -46.445        2     0.00000
    -46.295        2     0.00000
    -46.145        2     0.00000
    -45.995        2     0.00000
    -45.845        2     0.00000
    -45.695        2     0.00000
    -45.545        2     0.00000
    -45.395        2     0.00000
    -45.245        2     0.00000
    -45.095        2     0.00000
    -44.945        2     0.00000
    -44.795        2     0.00000
    -44.645        2     0.00000
    -44.495        2     0.00000
    -44.345        2     0.00000
    -44.195        2     0.00000
    -44.045        2     0.00000
    -43.895        2     0.00000
    -43.745        2     0.00000
    -43.595        2     0.00000
    -43.445        2     0.00000
    -43.295        2     0.00000
    -43.145        2     0.00000
    -42.995        2     0.00000
    -42.845        2     0.00000
    -42.695        2     0.00000
    -42.545        2     0.00000
    -42.395        2     0.00000
    -42.245        2     0.00000
    -42.095        2     0.00000
    -41.945        2     0.00000
    -41.795        2     0.00000
    -41.645        2     0.00000
    -41.495        2     0.00000
    -41.345        2     0.00000
    -41.195        2     0.00000
    -41.045        2     0.00000
    -40.895        2     0.00000
    -40.745        2     0.00000
    -40.595        2     0.00000
    -40.445        2     0.00000
    -40.295        2     0.00000
    -40.145        2     0.00000
    -39.995        2     0.00000
    -39.845        2     0.00000
    -39.695        2     0.00000
    -39.545        2     0.00000
    -39.395        2     0.00000
    -39.245        2     0.00000
    -39.095        2     0.00000
    -38.945        2     0.00000
    -38.795        2     0.00000
    -38.645        2     0.00000
    -38.495        2     0.00000
    -38.345        2     0.00000
    -38.195        2     0.00000
    -38.045        2     0.00000
    -37.895        2     0.00000
    -37.745        2     0.00000
    -37.595        2     0.00000
    -37.445        2     0.00000
    -37.295        2     0.00000
    -37.145        2     0.00000
    -36.995        2     0.00000
    -36.845        2     0.00000
    -36.695        2     0.00000
    -36.545        2     0.00000
    -36.395        2     0.00000
    -36.245        2     0.00000
    -36.095        2     0.00000
    -35.945        2     0.00000
    -35.795        2     0.00000
    -35.645        2     0.00000
    -35.495        2     0.00000
    -35.345        2     0.00000
    -35.195        2     0.00000
    -35.045        2     0.00000
    -34.895        2     0.00000
    -34.745        2     0.00000
    -34.595        2     0.00000
    -34.445        2     0.00000
    -34.295        2     0.00000
    -34.145        2     0.00000
    -33.995        2     0.00000
    -33.845        2     0.00000
    -33.695        2     0.00000
    -33.545        2     0.00000
    -33.395        2     0.00000
    -33.245        2     0.00000
    -33.095        2     0.00000
    -32.945        2     0.00000
    -32.795        2     0.00000
    -32.645        2     0.00000
    -32.495        2     0.00000
    -32.345        2     0.00000
    -32.195        2     0.00000
    -32.045        2     0.00000
    -31.895        2     0.00000
    -31.745        2     0.00000
    -31.595        2     0.00000
    -31.445        2     0.00000
    -31.295        2     0.00000
    -31.145        2     0.00000
    -30.995        2     0.00000
    -30.845        2     0.00000
    -30.695        2     0.00000
    -30.545        2     0.00000
    -30.395        2     0.00000
    -30.245        2     0.00000
    -30.095        2     0.00000
    -29.945        2     0.00000
    -29.795        2     0.00000
    -29.645        2     0.00000
    -29.495        2     0.00000
    -29.345        2     0.00000
    -29.195        2     0.00000
    -29.045        2     0.00000
    -28.895        2     0.00000
    -28.745        2     0.00000
    -28.595        2     0.00000
    -28.445        2     0.00000
    -28.295        2     0.00000
    -28.145        2     0.00000
    -27.995        2     0.00000
    -27.845        2     0.00000
    -27.695        2     0.00000
    -27.545        2     0.00000
    -27.395        2     0.00000
    -27.245        2     0.00000
    -27.095        2     0.00000
    -26.945        2     0.00000
    -26.795        2     0.00000
    -26.645        2     0.00000
    -26.495        2     0.00000
    -26.345        2     0.00000
    -26.195        2     0.00000
    -26.045        2     0.00000
    -25.895        2     0.00000
    -25.745        2     0.00000
    -25.595        2     0.00000
    -25.445        2     0.00000
    -25.295        2     0.00000
    -25.145        2     0.00000
    -24.995        2     0.00000
    -24.845        2     0.00000
    -24.695        2     0.00000
    -24.545        2     0.00000
    -24.395        2     0.00000
    -24.245        2     0.00000
    -24.095        2     0.00000
    -23.945        2     0.00000
    -23.795        2     0.00000
    -23.645        2     0.00000
    -23.495        2     0.00000
    -23.345        2     0.00000
    -23.195        2     0.00000
    -23.045        2     0.00000
    -22.895        2     0.00000
    -22.745        2     0.00000
    -22.595        2     0.00000
    -22.445        2     0.00000
    -22.295        2     0.00000
    -22.145        2     0.00000
    -21.995        2     0.00000
    -21.845        2     0.00000
    -21.695        2     0.00000
    -21.545        2     0.00000
    -21.395        2     0.00000
    -21.245        2     0.00000
    -21.095        2     0.00000
    -20.945        2     0.00000
    -20.795        2     0.00000
    -20.645        2     0.00000
    -20.495        2     0.00000
    -20.345        2     0.00000
    -20.195        2     0.00000
    -20.045        2     0.00000
    -19.895        2     0.00000
    -19.745        2     0.00000
    -19.595        2     0.00000
    -19.445        2     0.00000
    -19.295        2     0.00000
    -19.145        2     0.00000
    -18.995        2     0.00000
    -18.845        2     0.00000
    -18.695        2     0.00000
    -18.545        2     0.00000
    -18.395        2     0.00000
    -18.245        2     0.00000
    -18.095        2     0.00000
    -17.945        2     0.00000
    -17.795        2     0.00000
    -17.645        2     0.00000
    -17.495        2     0.00000
    -17.345        2     0.00000
    -17.195        2     0.00000
    -17.045        2     0.00000
    -16.895        2     0.00000
    -16.745        2     0.00000
    -16.595        2     0.00000
    -16.445        2     0.00000
    -16.295        2     0.00000
    -16.145        2    -0.00011
    -15.995        2    -0.01080
    -15.845        2    -0.04579
    -15.695        2    -0.11741
    -15.545        2    -0.24707
    -15.395        2    -0.44814
    -15.245        2    -0.72947
    -15.095        2    -1.08694
    -14.945        2    -1.50221
    -14.795        2    -1.98801
    -14.645        2    -2.51316
    -14.495        2    -3.10726
    -14.345        2    -3.74483
    -14.195        2    -4.45087
    -14.045        2    -5.20743
    -13.895        2    -6.03570
    -13.745        2    -6.88588
    -13.595        2    -7.76084
    -13.445        2    -8.64902
    -13.295        2    -9.52949
    -13.145        2   -10.40349
    -12.995        2   -11.25408
    -12.845        2   -12.09238
    -12.695        2   -12.89111
    -12.545        2   -13.66360
    -12.395        2   -14.41512
    -12.245        2   -15.12236
    -12.095        2   -15.80363
    -11.945        2   -16.45801
    -11.795        2   -17.05356
    -11.645        2   -17.63771
    -11.495        2   -18.18185
    -11.345        2   -18.69274
    -11.195        2   -19.18244
    -11.045        2   -19.65334
    -10.895        2   -20.10127
    -10.745        2   -20.53002
    -10.595        2   -20.96147
    -10.445        2   -21.38345
    -10.295        2   -21.79801
    -10.145        2   -22.20452
    -9.9950        2   -22.63211
    -9.8450        2   -23.08322
    -9.6950        2   -23.55131
    -9.5450        2   -24.05241
    -9.3950        2   -24.57890
    -9.2450        2   -25.12391
    -9.0950        2   -25.71590
    -8.9450        2   -26.35169
    -8.7950        2   -27.02051
    -8.6450        2   -27.74189
    -8.4950        2   -28.51863
    -8.3450        2   -29.35558
    -8.1950        2   -30.25472
    -8.0450        2   -31.20813
    -7.8950        2   -32.22913
    -7.7450        2   -33.30793
    -7.5950        2   -34.46353
    -7.4450        2   -35.68582
    -7.2950        2   -36.98393
    -7.1450        2   -38.39057
    -6.9950        2   -39.86749
    -6.8450        2   -41.43653
    -6.6950        2   -43.10713
    -6.5450        2   -44.82605
    -6.3950        2   -46.59222
    -6.2450        2   -48.38464
    -6.0950        2   -50.19473
    -5.9450        2   -52.01346
    -5.7950        2   -53.83659
    -5.6450        2   -55.61855
    -5.4950        2   -57.39671
    -5.3450        2   -59.14666
    -5.1950        2   -60.88466
    -5.0450        2   -62.58243
    -4.8950        2   -64.26236
    -4.7450        2   -65.91687
    -4.5950        2   -67.58740
    -4.4450        2   -69.25958
    -4.2950        2   -70.94928
    -4.1450        2   -72.69406
    -3.9950        2   -74.48305
    -3.8450        2   -76.33643
    -3.6950        2   -78.24812
    -3.5450        2   -80.24182
    -3.3950        2   -82.30285
    -3.2450        2   -84.44099
    -3.0950        2   -86.66503
    -2.9450        2   -88.99135
    -2.7950        2   -91.44888
    -2.6450        2   -94.09237
    -2.4950        2   -96.95316
    -2.3450        2  -100.10379
    -2.1950        2  -103.61711
    -2.0450        2  -107.57982
    -1.8950        2  -112.14522
    -1.7450        2  -117.50516
    -1.5950        2  -123.75310
    -1.4450        2  -130.96494
    -1.2950        2  -139.06090
    -1.1450        2  -147.89082
   -0.99500        2  -157.24466
   -0.84500        2  -166.94377
   -0.69500        2  -176.94306
   -0.54500        2  -187.38621
   -0.39500        2  -198.96529
   -0.25300        2  -207.67337
   -0.21500        2  -208.26246
   -0.20900        2  -208.86228
   -0.20300        2  -209.46925
   -0.19700        2  -210.08677
   -0.19100        2  -210.71260
   -0.18500        2  -211.34819
   -0.17900        2  -211.99607
   -0.17300        2  -212.65426
   -0.16700        2  -213.32408
   -0.16100        2  -214.00819
   -0.15500        2  -214.70642
   -0.14900        2  -215.42134
   -0.14300        2  -216.15209
   -0.13700        2  -216.90006
   -0.13100        2  -217.66460
   -0.12500        2  -218.45021
   -0.11900        2  -219.25604
   -0.11300        2  -220.08408
   -0.10700        2  -220.93570
   -0.10100        2  -221.81532
   -0.95000E-01    2  -222.72417
   -0.89000E-01    2  -223.66615
   -0.83000E-01    2  -224.64492
   -0.77000E-01    2  -225.66718
   -0.71000E-01    2  -226.73854
   -0.65000E-01    2  -227.86655
   -0.59000E-01    2  -229.06294
   -0.53000E-01    2  -230.34209
   -0.47000E-01    2  -231.72520
   -0.41000E-01    2  -233.24292
   -0.35000E-01    2  -234.93741
   -0.29000E-01    2  -236.88356
   -0.23000E-01    2  -239.22128
   -0.19700E-01    2  -239.48190
   -0.19100E-01    2  -239.74898
   -0.18500E-01    2  -240.02320
   -0.17900E-01    2  -240.30466
   -0.17300E-01    2  -240.59331
   -0.16700E-01    2  -240.89034
   -0.16100E-01    2  -241.19653
   -0.15500E-01    2  -241.51199
   -0.14900E-01    2  -241.83746
   -0.14300E-01    2  -242.17387
   -0.13700E-01    2  -242.52173
   -0.13100E-01    2  -242.88229
   -0.12500E-01    2  -243.25637
   -0.11900E-01    2  -243.64515
   -0.11300E-01    2  -244.05020
   -0.10700E-01    2  -244.47247
   -0.10100E-01    2  -244.91355
   -0.95000E-02    2  -245.37467
   -0.89000E-02    2  -245.85821
   -0.83000E-02    2  -246.36693
   -0.77000E-02    2  -246.90406
   -0.71000E-02    2  -247.47455
   -0.65000E-02    2  -248.08593
   -0.59000E-02    2  -248.74834
   -0.53000E-02    2  -249.47215
   -0.47000E-02    2  -250.25779
   -0.41000E-02    2  -251.10194
   -0.35000E-02    2  -251.99727
   -0.29000E-02    2  -252.92578
   -0.23000E-02    2  -253.85504
   -0.17000E-02    2  -254.71994
   -0.11000E-02    2  -255.37673
   -0.50000E-03    2  -255.72512
    0.10000E-03    2  -255.70953
    0.70000E-03    2  -255.28088
    0.13000E-02    2  -254.53645
    0.19000E-02    2  -253.63930
    0.25000E-02    2  -252.70631
    0.31000E-02    2  -251.78621
    0.37000E-02    2  -250.90646
    0.43000E-02    2  -250.08080
    0.49000E-02    2  -249.31516
    0.55000E-02    2  -248.61199
    0.61000E-02    2  -247.96850
    0.67000E-02    2  -247.37218
    0.73000E-02    2  -246.81387
    0.79000E-02    2  -246.28714
    0.85000E-02    2  -245.78793
    0.91000E-02    2  -245.31280
    0.97000E-02    2  -244.85940
    0.10300E-01    2  -244.42598
    0.10900E-01    2  -244.01114
    0.11500E-01    2  -243.61325
    0.12100E-01    2  -243.23090
    0.12700E-01    2  -242.86350
    0.13300E-01    2  -242.50888
    0.13900E-01    2  -242.16692
    0.14500E-01    2  -241.83628
    0.15100E-01    2  -241.51646
    0.15700E-01    2  -241.20643
    0.16300E-01    2  -240.90551
    0.16900E-01    2  -240.61347
    0.17500E-01    2  -240.32937
    0.18100E-01    2  -240.05317
    0.18700E-01    2  -239.78382
    0.19300E-01    2  -239.52160
    0.20200E-01    2  -238.56046
    0.25000E-01    2  -236.41167
    0.31000E-01    2  -234.61331
    0.37000E-01    2  -233.05180
    0.43000E-01    2  -231.66859
    0.49000E-01    2  -230.42500
    0.55000E-01    2  -229.29691
    0.61000E-01    2  -228.26113
    0.67000E-01    2  -227.30267
    0.73000E-01    2  -226.40877
    0.79000E-01    2  -225.57256
    0.85000E-01    2  -224.78597
    0.91000E-01    2  -224.04346
    0.97000E-01    2  -223.33923
    0.10300        2  -222.66974
    0.10900        2  -222.03262
    0.11500        2  -221.42319
    0.12100        2  -220.84082
    0.12700        2  -220.28281
    0.13300        2  -219.74786
    0.13900        2  -219.23537
    0.14500        2  -218.74215
    0.15100        2  -218.26819
    0.15700        2  -217.81035
    0.16300        2  -217.36803
    0.16900        2  -216.94046
    0.17500        2  -216.52802
    0.18100        2  -216.12716
    0.18700        2  -215.73926
    0.19300        2  -215.36337
    0.19900        2  -214.99836
    0.20500        2  -214.64452
    0.21100        2  -214.30052
    0.21700        2  -213.96605
    0.29500        2  -207.39591
    0.44500        2  -203.20699
    0.59500        2  -200.05666
    0.74500        2  -197.47343
    0.89500        2  -195.23488
     1.0450        2  -193.24921
     1.1950        2  -191.45973
     1.3450        2  -189.84357
     1.4950        2  -188.36449
     1.6450        2  -187.00838
     1.7950        2  -185.76683
     1.9450        2  -184.62301
     2.0950        2  -183.58401
     2.2450        2  -182.61685
     2.3950        2  -181.73385
     2.5450        2  -180.92221
     2.6950        2  -180.17759
     2.8450        2  -179.48451
     2.9950        2  -178.84358
     3.1450        2  -178.25172
     3.2950        2  -177.69252
     3.4450        2  -177.16783
     3.5950        2  -176.67511
     3.7450        2  -176.20801
     3.8950        2  -175.77059
     4.0450        2  -175.35425
     4.1950        2  -174.95226
     4.3450        2  -174.56333
     4.4950        2  -174.19349
     4.6450        2  -173.83433
     4.7950        2  -173.48794
     4.9450        2  -173.15372
     5.0950        2  -172.82674
     5.2450        2  -172.51541
     5.3950        2  -172.21792
     5.5450        2  -171.91958
     5.6950        2  -171.62791
     5.8450        2  -171.34928
     5.9950        2  -171.07644
     6.1450        2  -170.80957
     6.2950        2  -170.55185
     6.4450        2  -170.29765
     6.5950        2  -170.04982
     6.7450        2  -169.80323
     6.8950        2  -169.56340
     7.0450        2  -169.32891
     7.1950        2  -169.10086
     7.3450        2  -168.87860
     7.4950        2  -168.65979
     7.6450        2  -168.44684
     7.7950        2  -168.23458
     7.9450        2  -168.03268
     8.0950        2  -167.82998
     8.2450        2  -167.63319
     8.3950        2  -167.43985
     8.5450        2  -167.25094
     8.6950        2  -167.06558
     8.8450        2  -166.88290
     8.9950        2  -166.69950
     9.1450        2  -166.52284
     9.2950        2  -166.34803
     9.4450        2  -166.17532
     9.5950        2  -166.00540
     9.7450        2  -165.83521
     9.8950        2  -165.67133
     10.045        2  -165.50947
     10.195        2  -165.35104
     10.345        2  -165.19145
     10.495        2  -165.03501
     10.645        2  -164.88181
     10.795        2  -164.72799
     10.945        2  -164.57807
     11.095        2  -164.43128
     11.245        2  -164.28298
     11.395        2  -164.13738
     11.545        2  -163.99656
     11.695        2  -163.85725
     11.845        2  -163.71939
     11.995        2  -163.58244
     12.145        2  -163.44695
     12.295        2  -163.31185
     12.445        2  -163.18098
     12.595        2  -163.05266
     12.745        2  -162.92542
     12.895        2  -162.80027
     13.045        2  -162.67265
     13.195        2  -162.54689
     13.345        2  -162.42321
     13.495        2  -162.30169
     13.645        2  -162.18460
     13.795        2  -162.06344
     13.945        2  -161.94583
     14.095        2  -161.83003
     14.245        2  -161.71610
     14.395        2  -161.60184
     14.545        2  -161.49109
     14.695        2  -161.37828
     14.845        2  -161.26715
     14.995        2  -161.15767
     15.145        2  -161.04524
     15.295        2  -160.93959
     15.445        2  -160.83454
     15.595        2  -160.72925
     15.745        2  -160.62358
     15.895        2  -160.52004
     16.045        2  -160.41806
     16.195        2  -160.31542
     16.345        2  -160.21392
     16.495        2  -160.11415
     16.645        2  -160.01340
     16.795        2  -159.91396
     16.945        2  -159.81797
     17.095        2  -159.72145
     17.245        2  -159.62475
     17.395        2  -159.52937
     17.545        2  -159.43481
     17.695        2  -159.34119
     17.845        2  -159.24818
     17.995        2  -159.15722
     18.145        2  -159.06596
     18.295        2  -158.97597
     18.445        2  -158.88589
     18.595        2  -158.79828
     18.745        2  -158.71011
     18.895        2  -158.62258
     19.045        2  -158.53582
     19.195        2  -158.45059
     19.345        2  -158.36571
     19.495        2  -158.28024
     19.645        2  -158.19560
     19.795        2  -158.11231
     19.945        2  -158.03031
     20.095        2  -157.94893
     21.836        2  -155.45743
     30.068        2  -151.77706
     42.097        2  -148.11560
     58.937        2  -144.48134
     82.515        2  -140.89807
     115.53        2  -137.36892
     161.74        2  -133.91137
     226.45        2  -130.50866
     317.04        2  -127.18524
     443.87        2  -123.93828
     621.44        2  -120.76066
     870.05        2  -117.66738
     1218.1        2  -114.64999
     1705.4        2  -111.71486
     2387.7        2  -108.86858
     3342.9        2  -106.09622
     4680.2        2  -103.39436
     6552.5        2  -100.76184
     9173.8        2   -98.20465
     12844.        2   -95.71775
     17982.        2   -93.30730
     25176.        2   -90.97323
     35247.        2   -88.72516
     49348.        2   -86.55778
     69090.        2   -84.48587
     96729.        2   -82.50713
    0.13543E+06    2   -80.61411
    0.18960E+06    2   -78.80990
    0.26545E+06    2   -77.08805
    0.37165E+06    2   -75.44840
    0.52033E+06    2   -73.88524
    0.72849E+06    2   -72.39813
    0.10199E+07    2   -70.98354
    0.14279E+07    2   -69.63803
    0.19992E+07    2   -68.35767
    0.27990E+07    2   -67.13889
    0.39187E+07    2   -65.98410
    0.54864E+07    2   -64.88586
    0.76812E+07    2   -63.83889
    0.10754E+08    2   -62.84318
    0.15056E+08    2   -61.89557
    0.21080E+08    2   -60.99549
    0.29513E+08    2   -60.14235
    0.41319E+08    2   -59.33652
    0.57849E+08    2   -58.58440
    0.80991E+08    2   -57.89037
    0.11339E+09    2   -57.24589
    0.15875E+09    2   -56.64581
    0.22226E+09    2   -56.08485
    0.31118E+09    2   -55.55978
    0.43567E+09    2   -55.07047
    0.60996E+09    2   -54.62203
    0.85398E+09    2   -54.21731
    0.11956E+10    2   -53.84527
    0.16739E+10    2   -53.50512
    0.23436E+10    2   -53.19239
    0.32811E+10    2   -52.90493
    0.45937E+10    2   -52.64002
    0.64315E+10    2   -52.39639
    0.90044E+10    2   -52.17394
    0.12607E+11    2   -51.96794
    0.17650E+11    2   -51.77940
    0.24711E+11    2   -51.60677
    0.34596E+11    2   -51.44683
    0.48437E+11    2   -51.30043
    0.67814E+11    2   -51.16495
    0.10000E+12    2   -49.62142
