    -29.945         0.00000
    -29.795         0.00000
    -29.645         0.00000
    -29.495         0.00000
    -29.345         0.00000
    -29.195         0.00000
    -29.045         0.00000
    -28.895         0.00000
    -28.745         0.00000
    -28.595         0.00000
    -28.445         0.00000
    -28.295         0.00000
    -28.145         0.00000
    -27.995         0.00000
    -27.845         0.00000
    -27.695         0.00000
    -27.545         0.00000
    -27.395         0.00000
    -27.245         0.00000
    -27.095         0.00000
    -26.945         0.00000
    -26.795         0.00000
    -26.645         0.00000
    -26.495         0.00000
    -26.345         0.00000
    -26.195         0.00000
    -26.045         0.00000
    -25.895         0.00000
    -25.745         0.00000
    -25.595         0.00000
    -25.445         0.00000
    -25.295         0.00000
    -25.145         0.00000
    -24.995         0.00000
    -24.845         0.00000
    -24.695         0.00000
    -24.545         0.00000
    -24.395         0.00000
    -24.245         0.00000
    -24.095         0.00000
    -23.945         0.00000
    -23.795         0.00000
    -23.645         0.00000
    -23.495         0.00000
    -23.345         0.00000
    -23.195         0.00000
    -23.045         0.00000
    -22.895         0.00000
    -22.745         0.00000
    -22.595         0.00000
    -22.445         0.00000
    -22.295         0.00000
    -22.145         0.00000
    -21.995         0.00000
    -21.845         0.00000
    -21.695         0.00000
    -21.545         0.00000
    -21.395         0.00000
    -21.245         0.00000
    -21.095         0.00000
    -20.945         0.00000
    -20.795         0.00000
    -20.645         0.00000
    -20.495         0.00000
    -20.345         0.00000
    -20.195         0.00000
    -20.045         0.00000
    -19.895         0.00000
    -19.745         0.00000
    -19.595         0.00000
    -19.445         0.00000
    -19.295         0.00000
    -19.145         0.00000
    -18.995         0.00000
    -18.845         0.00000
    -18.695         0.00000
    -18.545         0.00000
    -18.395         0.00000
    -18.245         0.00000
    -18.095         0.00000
    -17.945         0.00000
    -17.795         0.00000
    -17.645         0.00000
    -17.495         0.00000
    -17.345         0.00000
    -17.195         0.00000
    -17.045         0.00000
    -16.895         0.00000
    -16.745         0.00000
    -16.595         0.00000
    -16.445         0.00000
    -16.295         0.00000
    -16.145         0.00000
    -15.995         0.00000
    -15.845         0.00000
    -15.695         0.00000
    -15.545         0.00000
    -15.395         0.00000
    -15.245         0.00000
    -15.095         0.00000
    -14.945         0.00000
    -14.795        -0.00021
    -14.645        -0.00563
    -14.495        -0.03458
    -14.345        -0.10520
    -14.195        -0.23542
    -14.045        -0.42528
    -13.895        -0.66214
    -13.745        -0.94721
    -13.595        -1.27682
    -13.445        -1.65915
    -13.295        -2.11867
    -13.145        -2.66480
    -12.995        -3.30999
    -12.845        -4.06118
    -12.695        -4.91162
    -12.545        -5.84416
    -12.395        -6.85689
    -12.245        -7.94156
    -12.095        -9.06960
    -11.945       -10.22154
    -11.795       -11.41563
    -11.645       -12.63819
    -11.495       -13.91028
    -11.345       -15.19145
    -11.195       -16.47783
    -11.045       -17.76738
    -10.895       -19.05925
    -10.745       -20.31185
    -10.595       -21.55819
    -10.445       -22.81187
    -10.295       -24.06351
    -10.145       -25.38762
    -9.9950       -26.72741
    -9.8450       -28.12894
    -9.6950       -29.57176
    -9.5450       -31.10573
    -9.3950       -32.69344
    -9.2450       -34.37320
    -9.0950       -36.10666
    -8.9450       -37.90495
    -8.7950       -39.69426
    -8.6450       -41.51388
    -8.4950       -43.38743
    -8.3450       -45.27696
    -8.1950       -47.21663
    -8.0450       -49.17241
    -7.8950       -51.17231
    -7.7450       -53.23491
    -7.5950       -55.36972
    -7.4450       -57.55759
    -7.2950       -59.83250
    -7.1450       -62.20785
    -6.9950       -64.65384
    -6.8450       -67.19538
    -6.6950       -69.77978
    -6.5450       -72.44581
    -6.3950       -75.13407
    -6.2450       -77.86814
    -6.0950       -80.63270
    -5.9450       -83.43530
    -5.7950       -86.23996
    -5.6450       -89.02946
    -5.4950       -91.81772
    -5.3450       -94.59658
    -5.1950       -97.34723
    -5.0450      -100.08036
    -4.8950      -102.80756
    -4.7450      -105.51255
    -4.5950      -108.21411
    -4.4450      -110.90185
    -4.2950      -113.61744
    -4.1450      -116.36184
    -3.9950      -119.13053
    -3.8450      -121.97169
    -3.6950      -124.89614
    -3.5450      -127.91885
    -3.3950      -131.07276
    -3.2450      -134.39275
    -3.0950      -137.89253
    -2.9450      -141.62736
    -2.7950      -145.63937
    -2.6450      -149.99122
    -2.4950      -154.68849
    -2.3450      -159.80797
    -2.1950      -165.40973
    -2.0450      -171.61262
    -1.8950      -178.56542
    -1.7450      -186.47407
    -1.5950      -195.53636
    -1.4450      -205.77645
    -1.2950      -217.11387
    -1.1450      -229.44247
   -0.99500      -242.59197
   -0.84500      -256.37564
   -0.69500      -270.81970
   -0.54500      -286.25478
   -0.39500      -303.62370
   -0.25300      -316.65401
   -0.21500      -317.53476
   -0.20900      -318.42881
   -0.20300      -319.33628
   -0.19700      -320.25301
   -0.19100      -321.18428
   -0.18500      -322.12891
   -0.17900      -323.08761
   -0.17300      -324.06247
   -0.16700      -325.05582
   -0.16100      -326.06883
   -0.15500      -327.10239
   -0.14900      -328.15900
   -0.14300      -329.23741
   -0.13700      -330.34459
   -0.13100      -331.48168
   -0.12500      -332.65082
   -0.11900      -333.85591
   -0.11300      -335.10270
   -0.10700      -336.39449
   -0.10100      -337.73265
   -0.95000E-01  -339.12068
   -0.89000E-01  -340.56610
   -0.83000E-01  -342.07130
   -0.77000E-01  -343.64582
   -0.71000E-01  -345.30057
   -0.65000E-01  -347.05451
   -0.59000E-01  -348.93005
   -0.53000E-01  -350.95827
   -0.47000E-01  -353.18620
   -0.41000E-01  -355.68127
   -0.35000E-01  -358.56134
   -0.29000E-01  -362.04915
   -0.23000E-01  -366.44961
   -0.19700E-01  -366.94394
   -0.19100E-01  -367.45055
   -0.18500E-01  -367.96926
   -0.17900E-01  -368.50135
   -0.17300E-01  -369.04688
   -0.16700E-01  -369.60621
   -0.16100E-01  -370.18011
   -0.15500E-01  -370.76902
   -0.14900E-01  -371.37396
   -0.14300E-01  -371.99568
   -0.13700E-01  -372.63533
   -0.13100E-01  -373.29393
   -0.12500E-01  -373.97253
   -0.11900E-01  -374.67228
   -0.11300E-01  -375.39475
   -0.10700E-01  -376.14189
   -0.10100E-01  -376.91447
   -0.95000E-02  -377.71308
   -0.89000E-02  -378.53706
   -0.83000E-02  -379.38649
   -0.77000E-02  -380.26047
   -0.71000E-02  -381.15733
   -0.65000E-02  -382.07494
   -0.59000E-02  -383.00806
   -0.53000E-02  -383.94701
   -0.47000E-02  -384.87944
   -0.41000E-02  -385.78807
   -0.35000E-02  -386.64573
   -0.29000E-02  -387.41667
   -0.23000E-02  -388.06952
   -0.17000E-02  -388.57821
   -0.11000E-02  -388.91974
   -0.50000E-03  -389.07771
    0.10000E-03  -389.04598
    0.70000E-03  -388.82584
    0.13000E-02  -388.42672
    0.19000E-02  -387.86777
    0.25000E-02  -387.17290
    0.31000E-02  -386.36975
    0.37000E-02  -385.49222
    0.43000E-02  -384.57581
    0.49000E-02  -383.64241
    0.55000E-02  -382.70660
    0.61000E-02  -381.77958
    0.67000E-02  -380.87007
    0.73000E-02  -379.98218
    0.79000E-02  -379.11779
    0.85000E-02  -378.27888
    0.91000E-02  -377.46575
    0.97000E-02  -376.67859
    0.10300E-01  -375.91676
    0.10900E-01  -375.18071
    0.11500E-01  -374.46902
    0.12100E-01  -373.77948
    0.12700E-01  -373.11044
    0.13300E-01  -372.46154
    0.13900E-01  -371.83100
    0.14500E-01  -371.21789
    0.15100E-01  -370.62160
    0.15700E-01  -370.04082
    0.16300E-01  -369.47487
    0.16900E-01  -368.92343
    0.17500E-01  -368.38582
    0.18100E-01  -367.86171
    0.18700E-01  -367.35054
    0.19300E-01  -366.85167
    0.20200E-01  -365.02326
    0.25000E-01  -360.99645
    0.31000E-01  -357.79495
    0.37000E-01  -355.12322
    0.43000E-01  -352.80915
    0.49000E-01  -350.75843
    0.55000E-01  -348.90956
    0.61000E-01  -347.21803
    0.67000E-01  -345.65382
    0.73000E-01  -344.19513
    0.79000E-01  -342.82635
    0.85000E-01  -341.53590
    0.91000E-01  -340.31486
    0.97000E-01  -339.15685
    0.10300      -338.05641
    0.10900      -337.01256
    0.11500      -336.01622
    0.12100      -335.06821
    0.12700      -334.16322
    0.13300      -333.29638
    0.13900      -332.46199
    0.14500      -331.65896
    0.15100      -330.88458
    0.15700      -330.13513
    0.16300      -329.41137
    0.16900      -328.70899
    0.17500      -328.02890
    0.18100      -327.36767
    0.18700      -326.72520
    0.19300      -326.10207
    0.19900      -325.49605
    0.20500      -324.90616
    0.21100      -324.33086
    0.21700      -323.76976
    0.29500      -312.73888
    0.44500      -305.95574
    0.59500      -301.12598
    0.74500      -297.26295
    0.89500      -293.95383
     1.0450      -291.02182
     1.1950      -288.38813
     1.3450      -285.98591
     1.4950      -283.78730
     1.6450      -281.77344
     1.7950      -279.92658
     1.9450      -278.22980
     2.0950      -276.66941
     2.2450      -275.24513
     2.3950      -273.94035
     2.5450      -272.73985
     2.6950      -271.63508
     2.8450      -270.62451
     2.9950      -269.69679
     3.1450      -268.82907
     3.2950      -268.01984
     3.4450      -267.26964
     3.5950      -266.56231
     3.7450      -265.89342
     3.8950      -265.25692
     4.0450      -264.65474
     4.1950      -264.08305
     4.3450      -263.53316
     4.4950      -263.00482
     4.6450      -262.49503
     4.7950      -262.00672
     4.9450      -261.53244
     5.0950      -261.07312
     5.2450      -260.63289
     5.3950      -260.19694
     5.5450      -259.77840
     5.6950      -259.37282
     5.8450      -258.97786
     5.9950      -258.59356
     6.1450      -258.21641
     6.2950      -257.84976
     6.4450      -257.49078
     6.5950      -257.14070
     6.7450      -256.79686
     6.8950      -256.46080
     7.0450      -256.13327
     7.1950      -255.81343
     7.3450      -255.50049
     7.4950      -255.19141
     7.6450      -254.89047
     7.7950      -254.59439
     7.9450      -254.30447
     8.0950      -254.01996
     8.2450      -253.74027
     8.3950      -253.46487
     8.5450      -253.19532
     8.6950      -252.92911
     8.8450      -252.66572
     8.9950      -252.40889
     9.1450      -252.15431
     9.2950      -251.90434
     9.4450      -251.65900
     9.5950      -251.41844
     9.7450      -251.18004
     9.8950      -250.94564
     10.045      -250.71521
     10.195      -250.48824
     10.345      -250.26326
     10.495      -250.04214
     10.645      -249.82409
     10.795      -249.61025
     10.945      -249.39820
     11.095      -249.18873
     11.245      -248.98313
     11.395      -248.77889
     11.545      -248.57819
     11.695      -248.37921
     11.845      -248.18314
     11.995      -247.98904
     12.145      -247.79694
     12.295      -247.60729
     12.445      -247.41902
     12.595      -247.23434
     12.745      -247.05053
     12.895      -246.86954
     13.045      -246.69099
     13.195      -246.51392
     13.345      -246.33949
     13.495      -246.16625
     13.645      -245.99559
     13.795      -245.82591
     13.945      -245.65834
     14.095      -245.49280
     14.245      -245.32758
     14.395      -245.16456
     14.545      -245.00312
     14.695      -244.84541
     14.845      -244.68763
     14.995      -244.53151
     15.145      -244.37768
     15.295      -244.22565
     15.445      -244.07375
     15.595      -243.92425
     15.745      -243.77539
     15.895      -243.62802
     16.045      -243.48210
     16.195      -243.33775
     16.345      -243.19421
     16.495      -243.05188
     16.645      -242.91103
     16.795      -242.77114
     16.945      -242.63216
     17.095      -242.49443
     17.245      -242.35878
     17.395      -242.22397
     17.545      -242.08961
     17.695      -241.95650
     17.845      -241.82515
     17.995      -241.69476
     18.145      -241.56596
     18.295      -241.43766
     18.445      -241.31011
     18.595      -241.18335
     18.745      -241.05747
     18.895      -240.93337
     19.045      -240.81031
     19.195      -240.68751
     19.345      -240.56582
     19.495      -240.44460
     19.645      -240.32422
     19.795      -240.20608
     19.945      -240.08864
     20.095      -239.97138
     20.245      -239.85515
     20.395      -239.74066
     20.545      -239.62651
     20.695      -239.51390
     20.845      -239.40077
     20.995      -239.28951
     21.145      -239.17855
     21.295      -239.06744
     21.445      -238.95783
     21.595      -238.84843
     21.745      -238.74033
     21.895      -238.63323
     22.045      -238.52699
     22.195      -238.42073
     22.345      -238.31560
     22.495      -238.21110
     22.645      -238.10654
     22.795      -238.00431
     22.945      -237.90163
     23.095      -237.79954
     23.245      -237.69859
     23.395      -237.59827
     23.545      -237.49864
     23.695      -237.40000
     23.845      -237.30094
     23.995      -237.20307
     24.145      -237.10621
     24.295      -237.00921
     24.445      -236.91243
     24.595      -236.81771
     24.745      -236.72306
     24.895      -236.62996
     25.045      -236.53641
     25.195      -236.44241
     25.345      -236.35044
     25.495      -236.25866
     25.645      -236.16721
     25.795      -236.07637
     25.945      -235.98671
     26.095      -235.89670
     26.245      -235.80739
     26.395      -235.71778
     26.545      -235.62945
     26.695      -235.54076
     26.845      -235.45273
     26.995      -235.36562
     27.145      -235.27877
     27.295      -235.19250
     27.445      -235.10794
     27.595      -235.02227
     27.745      -234.93733
     27.895      -234.85336
     28.045      -234.76913
     28.195      -234.68577
     28.345      -234.60278
     28.495      -234.51957
     28.645      -234.43804
     28.795      -234.35639
     28.945      -234.27553
     29.095      -234.19481
     29.245      -234.11403
     29.395      -234.03537
     29.545      -233.95578
     29.695      -233.87687
     29.845      -233.79882
     29.995      -233.72027
     30.145      -233.64245
     30.295      -233.56456
     30.445      -233.48752
     30.595      -233.41177
     30.745      -233.33537
     30.895      -233.25855
     31.045      -233.18334
     31.195      -233.10794
     31.345      -233.03298
     31.495      -232.95919
     31.645      -232.88537
     31.795      -232.81133
     31.945      -232.73793
     32.095      -232.66505
     32.245      -232.59184
     32.395      -232.51879
     32.545      -232.44631
     32.695      -232.37550
     32.845      -232.30423
     32.995      -232.23313
     33.145      -232.16197
     33.295      -232.09186
     33.445      -232.02146
     33.595      -231.95145
     33.745      -231.88219
     33.895      -231.81329
     34.045      -231.74464
     34.195      -231.67607
     34.345      -231.60782
     34.495      -231.53976
     34.645      -231.47241
     34.795      -231.40497
     34.945      -231.33823
     35.095      -231.27130
     35.245      -231.20418
     35.395      -231.13776
     35.545      -231.07178
     35.695      -231.00567
     35.845      -230.94021
     35.995      -230.87520
     36.145      -230.81106
     36.295      -230.74687
     36.445      -230.68266
     36.595      -230.61832
     36.745      -230.55443
     36.895      -230.49151
     37.045      -230.42855
     37.195      -230.36609
     37.345      -230.30319
     37.495      -230.24088
     37.645      -230.17893
     37.795      -230.11647
     37.945      -230.05514
     38.095      -229.99406
     38.245      -229.93273
     38.395      -229.87251
     38.545      -229.81158
     38.695      -229.75175
     38.845      -229.69120
     38.995      -229.63139
     39.145      -229.57161
     39.295      -229.51221
     39.445      -229.45299
     39.595      -229.39372
     39.745      -229.33504
     39.895      -229.27644
     40.045      -229.21800
     40.195      -229.16019
     40.345      -229.10247
     40.495      -229.04501
     40.645      -228.98790
     40.795      -228.93141
     40.945      -228.87493
     41.095      -228.81830
     41.245      -228.76215
     41.395      -228.70508
     41.545      -228.64851
     41.695      -228.59284
     41.845      -228.53717
     41.995      -228.48152
     42.145      -228.42634
     42.295      -228.37093
     42.445      -228.31581
     42.595      -228.26139
     42.745      -228.20687
     42.895      -228.15277
     43.045      -228.09818
     43.195      -228.04415
     43.345      -227.99063
     43.495      -227.93625
     43.645      -227.88345
     43.795      -227.83041
     43.945      -227.77762
     44.095      -227.72453
     44.245      -227.67213
     44.395      -227.62008
     44.545      -227.56780
     44.695      -227.51549
     44.845      -227.46359
     44.995      -227.41204
     45.145      -227.36058
     45.295      -227.30898
     45.445      -227.25740
     45.595      -227.20693
     45.745      -227.15633
     45.895      -227.10549
     46.045      -227.05502
     46.195      -227.00403
     46.345      -226.95395
     46.495      -226.90311
     46.645      -226.85364
     46.795      -226.80375
     46.945      -226.75408
     47.095      -226.70452
     47.245      -226.65566
     47.395      -226.60629
     47.545      -226.55752
     47.695      -226.50906
     47.845      -226.46035
     47.995      -226.41133
     48.145      -226.36299
     48.295      -226.31457
     48.445      -226.26628
     48.595      -226.21857
     48.745      -226.17085
     48.895      -226.12345
     49.045      -226.07630
     49.195      -226.02867
     49.345      -225.98126
     49.495      -225.93441
     49.645      -225.88771
     49.795      -225.84039
     49.945      -225.79415
     50.095      -225.74765
     50.245      -225.70107
     50.395      -225.65535
     50.545      -225.60952
     50.695      -225.56399
     50.845      -225.51884
     50.995      -225.47339
     51.145      -225.42777
     51.295      -225.38316
     51.445      -225.33823
     51.595      -225.29321
     51.745      -225.24885
     51.895      -225.20427
     52.045      -225.15954
     52.195      -225.11488
     52.345      -225.07085
     52.495      -225.02690
     52.645      -224.98263
     52.795      -224.93882
     52.945      -224.89503
     53.095      -224.85147
     53.245      -224.80866
     53.395      -224.76500
     53.545      -224.72173
     53.695      -224.67819
     53.845      -224.63528
     53.995      -224.59250
     54.145      -224.54967
     54.295      -224.50657
     54.445      -224.46428
     54.595      -224.42151
     54.745      -224.37921
     54.895      -224.33731
     55.045      -224.29517
     55.195      -224.25334
     55.345      -224.21134
     55.495      -224.16919
     55.645      -224.12725
     55.795      -224.08568
     55.945      -224.04457
     56.095      -224.00273
     56.245      -223.96198
     56.395      -223.92133
     56.545      -223.88088
     56.695      -223.84017
     56.845      -223.79945
     56.995      -223.75887
     57.145      -223.71838
     57.295      -223.67757
     57.445      -223.63738
     57.595      -223.59688
     57.745      -223.55701
     57.895      -223.51778
     58.045      -223.47808
     58.195      -223.43864
     58.345      -223.39920
     58.495      -223.36002
     58.645      -223.32064
     58.795      -223.28128
     58.945      -223.24193
     59.095      -223.20351
     59.245      -223.16460
     59.395      -223.12558
     59.545      -223.08700
     59.695      -223.04800
     59.845      -223.00952
     59.995      -222.97060
     60.145      -222.93252
     70.939      -218.04485
     97.698      -213.23050
     134.55      -208.49215
     185.30      -203.83711
     255.20      -199.27419
     351.46      -194.81227
     484.04      -190.45404
     666.62      -186.19484
     918.07      -182.03910
     1264.4      -177.98196
     1741.3      -174.02312
     2398.1      -170.16433
     3302.7      -166.39841
     4548.5      -162.72322
     6264.3      -159.13747
     8627.2      -155.64177
     11881.      -152.23688
     16363.      -148.91726
     22535.      -145.70102
     31036.      -142.58874
     42743.      -139.58861
     58866.      -136.70882
     81070.      -133.94624
    0.11165E+06  -131.30270
    0.15377E+06  -128.77360
    0.21177E+06  -126.35567
    0.29165E+06  -124.04557
    0.40166E+06  -121.84008
    0.55317E+06  -119.73564
    0.76182E+06  -117.72973
    0.10492E+07  -115.81388
    0.14449E+07  -113.98847
    0.19900E+07  -112.24698
    0.27406E+07  -110.58639
    0.37744E+07  -109.00376
    0.51981E+07  -107.49559
    0.71589E+07  -106.05924
    0.98593E+07  -104.69168
    0.13578E+08  -103.38710
    0.18700E+08  -102.14607
    0.25754E+08  -100.96363
    0.35468E+08   -99.84160
    0.48847E+08   -98.78891
    0.67273E+08   -97.80463
    0.92648E+08   -96.88928
    0.12760E+09   -96.03621
    0.17573E+09   -95.23790
    0.24201E+09   -94.49086
    0.33330E+09   -93.78945
    0.45902E+09   -93.13250
    0.63217E+09   -92.53096
    0.87062E+09   -91.98361
    0.11990E+10   -91.48042
    0.16513E+10   -91.01641
    0.22742E+10   -90.58943
    0.31320E+10   -90.19486
    0.43134E+10   -89.83088
    0.59405E+10   -89.49530
    0.81813E+10   -89.18448
    0.11267E+11   -88.89809
    0.15517E+11   -88.63361
    0.21371E+11   -88.38999
    0.29432E+11   -88.16451
    0.40534E+11   -87.95633
    0.55823E+11   -87.76447
    0.10000E+12   -85.45502
