    -29.945        1     0.00000
    -29.795        1     0.00000
    -29.645        1     0.00000
    -29.495        1     0.00000
    -29.345        1     0.00000
    -29.195        1     0.00000
    -29.045        1     0.00000
    -28.895        1     0.00000
    -28.745        1     0.00000
    -28.595        1     0.00000
    -28.445        1     0.00000
    -28.295        1     0.00000
    -28.145        1     0.00000
    -27.995        1     0.00000
    -27.845        1     0.00000
    -27.695        1     0.00000
    -27.545        1     0.00000
    -27.395        1     0.00000
    -27.245        1     0.00000
    -27.095        1     0.00000
    -26.945        1     0.00000
    -26.795        1     0.00000
    -26.645        1     0.00000
    -26.495        1     0.00000
    -26.345        1     0.00000
    -26.195        1     0.00000
    -26.045        1     0.00000
    -25.895        1     0.00000
    -25.745        1     0.00000
    -25.595        1     0.00000
    -25.445        1     0.00000
    -25.295        1     0.00000
    -25.145        1     0.00000
    -24.995        1     0.00000
    -24.845        1     0.00000
    -24.695        1     0.00000
    -24.545        1     0.00000
    -24.395        1     0.00000
    -24.245        1     0.00000
    -24.095        1     0.00000
    -23.945        1     0.00000
    -23.795        1     0.00000
    -23.645        1     0.00000
    -23.495        1    -0.00035
    -23.345        1    -0.00053
    -23.195        1    -0.00088
    -23.045        1    -0.00158
    -22.895        1    -0.00212
    -22.745        1    -0.00229
    -22.595        1    -0.00436
    -22.445        1    -0.00656
    -22.295        1    -0.01191
    -22.145        1    -0.01896
    -21.995        1    -0.02675
    -21.845        1    -0.03850
    -21.695        1    -0.05222
    -21.545        1    -0.07258
    -21.395        1    -0.10141
    -21.245        1    -0.13489
    -21.095        1    -0.17594
    -20.945        1    -0.22819
    -20.795        1    -0.28778
    -20.645        1    -0.35602
    -20.495        1    -0.43412
    -20.345        1    -0.51422
    -20.195        1    -0.59842
    -20.045        1    -0.69018
    -19.895        1    -0.78279
    -19.745        1    -0.88376
    -19.595        1    -0.98027
    -19.445        1    -1.08206
    -19.295        1    -1.18069
    -19.145        1    -1.27236
    -18.995        1    -1.36900
    -18.845        1    -1.45578
    -18.695        1    -1.55122
    -18.545        1    -1.63917
    -18.395        1    -1.72605
    -18.245        1    -1.81405
    -18.095        1    -1.90556
    -17.945        1    -2.00024
    -17.795        1    -2.09367
    -17.645        1    -2.18736
    -17.495        1    -2.28819
    -17.345        1    -2.39573
    -17.195        1    -2.50662
    -17.045        1    -2.62161
    -16.895        1    -2.74040
    -16.745        1    -2.85923
    -16.595        1    -2.97545
    -16.445        1    -3.08789
    -16.295        1    -3.20481
    -16.145        1    -3.32022
    -15.995        1    -3.44077
    -15.845        1    -3.55606
    -15.695        1    -3.66742
    -15.545        1    -3.77983
    -15.395        1    -3.89061
    -15.245        1    -4.00080
    -15.095        1    -4.10311
    -14.945        1    -4.20757
    -14.795        1    -4.30688
    -14.645        1    -4.40777
    -14.495        1    -4.50928
    -14.345        1    -4.60328
    -14.195        1    -4.69925
    -14.045        1    -4.79620
    -13.895        1    -4.88877
    -13.745        1    -4.97842
    -13.595        1    -5.07897
    -13.445        1    -5.17931
    -13.295        1    -5.28082
    -13.145        1    -5.39029
    -12.995        1    -5.49511
    -12.845        1    -5.60347
    -12.695        1    -5.71801
    -12.545        1    -5.83582
    -12.395        1    -5.95588
    -12.245        1    -6.09057
    -12.095        1    -6.22093
    -11.945        1    -6.36847
    -11.795        1    -6.51196
    -11.645        1    -6.66187
    -11.495        1    -6.81315
    -11.345        1    -6.96368
    -11.195        1    -7.12417
    -11.045        1    -7.28885
    -10.895        1    -7.45162
    -10.745        1    -7.61357
    -10.595        1    -7.77538
    -10.445        1    -7.93311
    -10.295        1    -8.09440
    -10.145        1    -8.24523
    -9.9950        1    -8.39753
    -9.8450        1    -8.55237
    -9.6950        1    -8.70202
    -9.5450        1    -8.84383
    -9.3950        1    -8.98685
    -9.2450        1    -9.12799
    -9.0950        1    -9.26625
    -8.9450        1    -9.40664
    -8.7950        1    -9.53820
    -8.6450        1    -9.68335
    -8.4950        1    -9.82161
    -8.3450        1    -9.95469
    -8.1950        1   -10.09096
    -8.0450        1   -10.22710
    -7.8950        1   -10.35969
    -7.7450        1   -10.49510
    -7.5950        1   -10.63212
    -7.4450        1   -10.77129
    -7.2950        1   -10.91558
    -7.1450        1   -11.05857
    -6.9950        1   -11.20243
    -6.8450        1   -11.34899
    -6.6950        1   -11.49865
    -6.5450        1   -11.65393
    -6.3950        1   -11.81357
    -6.2450        1   -11.96848
    -6.0950        1   -12.13084
    -5.9450        1   -12.29647
    -5.7950        1   -12.46544
    -5.6450        1   -12.64147
    -5.4950        1   -12.82151
    -5.3450        1   -12.99994
    -5.1950        1   -13.18434
    -5.0450        1   -13.37160
    -4.8950        1   -13.56857
    -4.7450        1   -13.77297
    -4.5950        1   -13.98258
    -4.4450        1   -14.19145
    -4.2950        1   -14.41273
    -4.1450        1   -14.64599
    -3.9950        1   -14.88964
    -3.8450        1   -15.14427
    -3.6950        1   -15.41761
    -3.5450        1   -15.70665
    -3.3950        1   -16.00934
    -3.2450        1   -16.33231
    -3.0950        1   -16.68218
    -2.9450        1   -17.05664
    -2.7950        1   -17.46122
    -2.6450        1   -17.88900
    -2.4950        1   -18.34163
    -2.3450        1   -18.81943
    -2.1950        1   -19.30461
    -2.0450        1   -19.79050
    -1.8950        1   -20.28375
    -1.7450        1   -20.77260
    -1.5950        1   -21.25081
    -1.4450        1   -21.72668
    -1.2950        1   -22.19872
    -1.1450        1   -22.66942
   -0.99500        1   -23.14219
   -0.84500        1   -23.62635
   -0.69500        1   -24.13545
   -0.54500        1   -24.69386
   -0.39500        1   -25.34454
   -0.25300        1   -25.84062
   -0.21500        1   -25.87462
   -0.20900        1   -25.90879
   -0.20300        1   -25.94339
   -0.19700        1   -25.97876
   -0.19100        1   -26.01434
   -0.18500        1   -26.05076
   -0.17900        1   -26.08770
   -0.17300        1   -26.12537
   -0.16700        1   -26.16391
   -0.16100        1   -26.20364
   -0.15500        1   -26.24413
   -0.14900        1   -26.28527
   -0.14300        1   -26.32757
   -0.13700        1   -26.37086
   -0.13100        1   -26.41553
   -0.12500        1   -26.46151
   -0.11900        1   -26.50873
   -0.11300        1   -26.55789
   -0.10700        1   -26.60877
   -0.10100        1   -26.66215
   -0.95000E-01    1   -26.71755
   -0.89000E-01    1   -26.77582
   -0.83000E-01    1   -26.83725
   -0.77000E-01    1   -26.90265
   -0.71000E-01    1   -26.97266
   -0.65000E-01    1   -27.04774
   -0.59000E-01    1   -27.12984
   -0.53000E-01    1   -27.22070
   -0.47000E-01    1   -27.32291
   -0.41000E-01    1   -27.44008
   -0.35000E-01    1   -27.57799
   -0.29000E-01    1   -27.74529
   -0.23000E-01    1   -27.95600
   -0.19700E-01    1   -27.97974
   -0.19100E-01    1   -28.00404
   -0.18500E-01    1   -28.02892
   -0.17900E-01    1   -28.05447
   -0.17300E-01    1   -28.08070
   -0.16700E-01    1   -28.10754
   -0.16100E-01    1   -28.13493
   -0.15500E-01    1   -28.16295
   -0.14900E-01    1   -28.19163
   -0.14300E-01    1   -28.22096
   -0.13700E-01    1   -28.25102
   -0.13100E-01    1   -28.28170
   -0.12500E-01    1   -28.31311
   -0.11900E-01    1   -28.34514
   -0.11300E-01    1   -28.37782
   -0.10700E-01    1   -28.41113
   -0.10100E-01    1   -28.44499
   -0.95000E-02    1   -28.47949
   -0.89000E-02    1   -28.51442
   -0.83000E-02    1   -28.54982
   -0.77000E-02    1   -28.58560
   -0.71000E-02    1   -28.62147
   -0.65000E-02    1   -28.65731
   -0.59000E-02    1   -28.69286
   -0.53000E-02    1   -28.72748
   -0.47000E-02    1   -28.76056
   -0.41000E-02    1   -28.79145
   -0.35000E-02    1   -28.81936
   -0.29000E-02    1   -28.84367
   -0.23000E-02    1   -28.86366
   -0.17000E-02    1   -28.87879
   -0.11000E-02    1   -28.88875
   -0.50000E-03    1   -28.89330
    0.10000E-03    1   -28.89239
    0.70000E-03    1   -28.88602
    0.13000E-02    1   -28.87432
    0.19000E-02    1   -28.85756
    0.25000E-02    1   -28.83608
    0.31000E-02    1   -28.81051
    0.37000E-02    1   -28.78151
    0.43000E-02    1   -28.74985
    0.49000E-02    1   -28.71621
    0.55000E-02    1   -28.68124
    0.61000E-02    1   -28.64562
    0.67000E-02    1   -28.60983
    0.73000E-02    1   -28.57410
    0.79000E-02    1   -28.53857
    0.85000E-02    1   -28.50352
    0.91000E-02    1   -28.46908
    0.97000E-02    1   -28.43518
    0.10300E-01    1   -28.40176
    0.10900E-01    1   -28.36889
    0.11500E-01    1   -28.33674
    0.12100E-01    1   -28.30534
    0.12700E-01    1   -28.27442
    0.13300E-01    1   -28.24418
    0.13900E-01    1   -28.21470
    0.14500E-01    1   -28.18587
    0.15100E-01    1   -28.15768
    0.15700E-01    1   -28.12996
    0.16300E-01    1   -28.10289
    0.16900E-01    1   -28.07648
    0.17500E-01    1   -28.05060
    0.18100E-01    1   -28.02532
    0.18700E-01    1   -28.00081
    0.19300E-01    1   -27.97681
    0.20200E-01    1   -27.88883
    0.25000E-01    1   -27.69502
    0.31000E-01    1   -27.53956
    0.37000E-01    1   -27.41043
    0.43000E-01    1   -27.30079
    0.49000E-01    1   -27.20552
    0.55000E-01    1   -27.12108
    0.61000E-01    1   -27.04510
    0.67000E-01    1   -26.97619
    0.73000E-01    1   -26.91315
    0.79000E-01    1   -26.85522
    0.85000E-01    1   -26.80145
    0.91000E-01    1   -26.75147
    0.97000E-01    1   -26.70489
    0.10300        1   -26.66104
    0.10900        1   -26.62000
    0.11500        1   -26.58151
    0.12100        1   -26.54488
    0.12700        1   -26.51050
    0.13300        1   -26.47828
    0.13900        1   -26.44769
    0.14500        1   -26.41896
    0.15100        1   -26.39130
    0.15700        1   -26.36531
    0.16300        1   -26.34047
    0.16900        1   -26.31710
    0.17500        1   -26.29471
    0.18100        1   -26.27380
    0.18700        1   -26.25384
    0.19300        1   -26.23475
    0.19900        1   -26.21686
    0.20500        1   -26.19982
    0.21100        1   -26.18321
    0.21700        1   -26.16741
    0.29500        1   -25.90631
    0.44500        1   -25.78201
    0.59500        1   -25.69888
    0.74500        1   -25.63276
    0.89500        1   -25.57559
     1.0450        1   -25.52637
     1.1950        1   -25.48108
     1.3450        1   -25.44039
     1.4950        1   -25.40318
     1.6450        1   -25.36835
     1.7950        1   -25.33612
     1.9450        1   -25.30509
     2.0950        1   -25.27577
     2.2450        1   -25.24641
     2.3950        1   -25.21868
     2.5450        1   -25.19288
     2.6950        1   -25.16906
     2.8450        1   -25.14649
     2.9950        1   -25.12469
     3.1450        1   -25.10429
     3.2950        1   -25.08491
     3.4450        1   -25.06708
     3.5950        1   -25.05007
     3.7450        1   -25.03290
     3.8950        1   -25.01716
     4.0450        1   -25.00256
     4.1950        1   -24.98862
     4.3450        1   -24.97446
     4.4950        1   -24.96049
     4.6450        1   -24.94829
     4.7950        1   -24.93570
     4.9450        1   -24.92358
     5.0950        1   -24.91239
     5.2450        1   -24.90101
     5.3950        1   -24.89012
     5.5450        1   -24.87972
     5.6950        1   -24.86927
     5.8450        1   -24.85955
     5.9950        1   -24.85007
     6.1450        1   -24.84074
     6.2950        1   -24.83204
     6.4450        1   -24.82292
     6.5950        1   -24.81425
     6.7450        1   -24.80520
     6.8950        1   -24.79678
     7.0450        1   -24.78827
     7.1950        1   -24.78001
     7.3450        1   -24.77199
     7.4950        1   -24.76419
     7.6450        1   -24.75641
     7.7950        1   -24.74876
     7.9450        1   -24.74108
     8.0950        1   -24.73344
     8.2450        1   -24.72615
     8.3950        1   -24.71911
     8.5450        1   -24.71178
     8.6950        1   -24.70473
     8.8450        1   -24.69783
     8.9950        1   -24.69102
     9.1450        1   -24.68443
     9.2950        1   -24.67791
     9.4450        1   -24.67151
     9.5950        1   -24.66492
     9.7450        1   -24.65883
     9.8950        1   -24.65265
     10.045        1   -24.64646
     10.195        1   -24.64027
     10.345        1   -24.63420
     10.495        1   -24.62833
     10.645        1   -24.62233
     10.795        1   -24.61641
     10.945        1   -24.61064
     11.095        1   -24.60508
     11.245        1   -24.59934
     11.395        1   -24.59354
     11.545        1   -24.58774
     11.695        1   -24.58207
     11.845        1   -24.57673
     11.995        1   -24.57139
     12.145        1   -24.56597
     12.295        1   -24.56088
     12.445        1   -24.55585
     12.595        1   -24.55061
     12.745        1   -24.54561
     12.895        1   -24.54055
     13.045        1   -24.53577
     13.195        1   -24.53078
     13.345        1   -24.52605
     13.495        1   -24.52124
     13.645        1   -24.51659
     13.795        1   -24.51196
     13.945        1   -24.50723
     14.095        1   -24.50242
     14.245        1   -24.49787
     14.395        1   -24.49341
     14.545        1   -24.48894
     14.695        1   -24.48456
     14.845        1   -24.48020
     14.995        1   -24.47593
     15.145        1   -24.47157
     15.295        1   -24.46734
     15.445        1   -24.46306
     15.595        1   -24.45889
     15.745        1   -24.45465
     15.895        1   -24.45043
     16.045        1   -24.44625
     16.195        1   -24.44222
     16.345        1   -24.43822
     16.495        1   -24.43426
     16.645        1   -24.43009
     16.795        1   -24.42597
     16.945        1   -24.42188
     17.095        1   -24.41804
     17.245        1   -24.41434
     17.395        1   -24.41053
     17.545        1   -24.40678
     17.695        1   -24.40277
     17.845        1   -24.39904
     17.995        1   -24.39526
     18.145        1   -24.39169
     18.295        1   -24.38788
     18.445        1   -24.38409
     18.595        1   -24.38042
     18.745        1   -24.37671
     18.895        1   -24.37318
     19.045        1   -24.36960
     19.195        1   -24.36626
     19.345        1   -24.36277
     19.495        1   -24.35927
     19.645        1   -24.35576
     19.795        1   -24.35235
     19.945        1   -24.34893
     20.095        1   -24.34546
     20.245        1   -24.34204
     20.395        1   -24.33844
     20.545        1   -24.33530
     20.695        1   -24.33218
     20.845        1   -24.32898
     20.995        1   -24.32548
     21.145        1   -24.32209
     21.295        1   -24.31874
     21.445        1   -24.31545
     21.595        1   -24.31217
     21.745        1   -24.30901
     21.895        1   -24.30598
     22.045        1   -24.30285
     22.195        1   -24.29981
     22.345        1   -24.29677
     22.495        1   -24.29369
     22.645        1   -24.29050
     22.795        1   -24.28728
     22.945        1   -24.28413
     23.095        1   -24.28110
     23.245        1   -24.27815
     23.395        1   -24.27522
     23.545        1   -24.27243
     23.695        1   -24.26955
     23.845        1   -24.26671
     23.995        1   -24.26385
     24.145        1   -24.26097
     24.295        1   -24.25826
     24.445        1   -24.25541
     24.595        1   -24.25233
     24.745        1   -24.24950
     24.895        1   -24.24668
     25.045        1   -24.24393
     25.195        1   -24.24135
     25.345        1   -24.23870
     25.495        1   -24.23607
     25.645        1   -24.23311
     25.795        1   -24.23026
     25.945        1   -24.22746
     26.095        1   -24.22471
     26.245        1   -24.22191
     26.395        1   -24.21919
     26.545        1   -24.21656
     26.695        1   -24.21399
     26.845        1   -24.21135
     26.995        1   -24.20877
     27.145        1   -24.20620
     27.295        1   -24.20372
     27.445        1   -24.20114
     27.595        1   -24.19843
     27.745        1   -24.19572
     27.895        1   -24.19307
     28.045        1   -24.19060
     28.195        1   -24.18817
     28.345        1   -24.18573
     28.495        1   -24.18345
     28.645        1   -24.18105
     28.795        1   -24.17858
     28.945        1   -24.17615
     29.095        1   -24.17359
     29.245        1   -24.17114
     29.395        1   -24.16876
     29.545        1   -24.16638
     29.695        1   -24.16398
     29.845        1   -24.16168
     29.995        1   -24.15944
     30.145        1   -24.15711
     30.295        1   -24.15473
     30.445        1   -24.15233
     30.595        1   -24.15001
     30.745        1   -24.14751
     30.895        1   -24.14516
     31.045        1   -24.14282
     31.195        1   -24.14052
     31.345        1   -24.13808
     31.495        1   -24.13577
     31.645        1   -24.13355
     31.795        1   -24.13124
     31.945        1   -24.12892
     32.095        1   -24.12675
     32.245        1   -24.12465
     32.395        1   -24.12239
     32.545        1   -24.12018
     32.695        1   -24.11792
     32.845        1   -24.11578
     32.995        1   -24.11362
     33.145        1   -24.11143
     33.295        1   -24.10933
     33.445        1   -24.10730
     33.595        1   -24.10508
     33.745        1   -24.10292
     33.895        1   -24.10073
     34.045        1   -24.09858
     34.195        1   -24.09655
     34.345        1   -24.09439
     34.495        1   -24.09230
     34.645        1   -24.09031
     34.795        1   -24.08818
     34.945        1   -24.08608
     35.095        1   -24.08397
     35.245        1   -24.08185
     35.395        1   -24.07978
     35.545        1   -24.07788
     35.695        1   -24.07590
     35.845        1   -24.07399
     35.995        1   -24.07193
     36.145        1   -24.06986
     36.295        1   -24.06789
     36.445        1   -24.06604
     36.595        1   -24.06409
     36.745        1   -24.06222
     36.895        1   -24.06023
     37.045        1   -24.05835
     37.195        1   -24.05635
     37.345        1   -24.05434
     37.495        1   -24.05240
     37.645        1   -24.05042
     37.795        1   -24.04852
     37.945        1   -24.04679
     38.095        1   -24.04494
     38.245        1   -24.04299
     38.395        1   -24.04107
     38.545        1   -24.03913
     38.695        1   -24.03735
     38.845        1   -24.03550
     38.995        1   -24.03360
     39.145        1   -24.03177
     39.295        1   -24.02996
     39.445        1   -24.02812
     39.595        1   -24.02629
     39.745        1   -24.02443
     39.895        1   -24.02263
     40.045        1   -24.02083
     40.195        1   -24.01909
     40.345        1   -24.01731
     40.495        1   -24.01549
     40.645        1   -24.01367
     40.795        1   -24.01179
     40.945        1   -24.00999
     41.095        1   -24.00830
     41.245        1   -24.00646
     41.395        1   -24.00475
     41.545        1   -24.00299
     41.695        1   -24.00124
     41.845        1   -23.99943
     41.995        1   -23.99760
     42.145        1   -23.99586
     42.295        1   -23.99409
     42.445        1   -23.99231
     42.595        1   -23.99053
     42.745        1   -23.98880
     42.895        1   -23.98712
     43.045        1   -23.98550
     43.195        1   -23.98377
     43.345        1   -23.98203
     43.495        1   -23.98043
     43.645        1   -23.97866
     43.795        1   -23.97697
     43.945        1   -23.97533
     44.095        1   -23.97366
     44.245        1   -23.97198
     44.395        1   -23.97029
     44.545        1   -23.96861
     44.695        1   -23.96700
     44.845        1   -23.96536
     44.995        1   -23.96377
     45.145        1   -23.96214
     45.295        1   -23.96044
     45.445        1   -23.95876
     45.595        1   -23.95726
     45.745        1   -23.95559
     45.895        1   -23.95399
     46.045        1   -23.95242
     46.195        1   -23.95088
     46.345        1   -23.94925
     46.495        1   -23.94764
     46.645        1   -23.94609
     46.795        1   -23.94446
     46.945        1   -23.94289
     47.095        1   -23.94129
     47.245        1   -23.93972
     47.395        1   -23.93820
     47.545        1   -23.93670
     47.695        1   -23.93520
     47.845        1   -23.93368
     47.995        1   -23.93221
     48.145        1   -23.93070
     48.295        1   -23.92920
     48.445        1   -23.92757
     48.595        1   -23.92602
     48.745        1   -23.92451
     48.895        1   -23.92305
     49.045        1   -23.92154
     49.195        1   -23.92008
     49.345        1   -23.91861
     49.495        1   -23.91708
     49.645        1   -23.91555
     49.795        1   -23.91416
     49.945        1   -23.91263
     50.095        1   -23.91115
     50.245        1   -23.90972
     50.395        1   -23.90831
     50.545        1   -23.90685
     50.695        1   -23.90544
     50.845        1   -23.90394
     50.995        1   -23.90247
     51.145        1   -23.90095
     51.295        1   -23.89955
     51.445        1   -23.89808
     51.595        1   -23.89641
     51.745        1   -23.89499
     51.895        1   -23.89362
     52.045        1   -23.89218
     52.195        1   -23.89082
     52.345        1   -23.88943
     52.495        1   -23.88809
     52.645        1   -23.88672
     52.795        1   -23.88532
     52.945        1   -23.88386
     53.095        1   -23.88256
     53.245        1   -23.88119
     53.395        1   -23.87977
     53.545        1   -23.87848
     53.695        1   -23.87714
     53.845        1   -23.87575
     53.995        1   -23.87436
     54.145        1   -23.87291
     54.295        1   -23.87164
     54.445        1   -23.87023
     54.595        1   -23.86889
     54.745        1   -23.86758
     54.895        1   -23.86625
     55.045        1   -23.86493
     55.195        1   -23.86352
     55.345        1   -23.86220
     55.495        1   -23.86089
     55.645        1   -23.85961
     55.795        1   -23.85838
     55.945        1   -23.85704
     56.095        1   -23.85567
     56.245        1   -23.85421
     56.395        1   -23.85285
     56.545        1   -23.85160
     56.695        1   -23.85026
     56.845        1   -23.84900
     56.995        1   -23.84772
     57.145        1   -23.84637
     57.295        1   -23.84511
     57.445        1   -23.84377
     57.595        1   -23.84249
     57.745        1   -23.84116
     57.895        1   -23.83992
     58.045        1   -23.83869
     58.195        1   -23.83738
     58.345        1   -23.83609
     58.495        1   -23.83471
     58.645        1   -23.83344
     58.795        1   -23.83214
     58.945        1   -23.83086
     59.095        1   -23.82969
     59.245        1   -23.82845
     59.395        1   -23.82726
     59.545        1   -23.82603
     59.695        1   -23.82471
     59.845        1   -23.82346
     59.995        1   -23.82226
     60.145        1   -23.82108
     70.939        1   -23.66152
     97.698        1   -23.50066
     134.55        1   -23.33867
     185.30        1   -23.17756
     255.20        1   -23.01696
     351.46        1   -22.85718
     484.04        1   -22.69841
     666.62        1   -22.54003
     918.07        1   -22.38297
     1264.4        1   -22.22652
     1741.3        1   -22.07192
     2398.1        1   -21.91732
     3302.7        1   -21.76324
     4548.5        1   -21.60965
     6264.3        1   -21.45866
     8627.2        1   -21.30741
     11881.        1   -21.15726
     16363.        1   -21.00750
     22535.        1   -20.85900
     31036.        1   -20.71191
     42743.        1   -20.56520
     58866.        1   -20.41931
     81070.        1   -20.27411
    0.11165E+06    1   -20.12979
    0.15377E+06    1   -19.98664
    0.21177E+06    1   -19.84412
    0.29165E+06    1   -19.70193
    0.40166E+06    1   -19.56046
    0.55317E+06    1   -19.41896
    0.76182E+06    1   -19.27753
    0.10492E+07    1   -19.13648
    0.14449E+07    1   -18.99604
    0.19900E+07    1   -18.85485
    0.27406E+07    1   -18.71356
    0.37744E+07    1   -18.57093
    0.51981E+07    1   -18.42748
    0.71589E+07    1   -18.28349
    0.98593E+07    1   -18.13869
    0.13578E+08    1   -17.99316
    0.18700E+08    1   -17.84673
    0.25754E+08    1   -17.69973
    0.35468E+08    1   -17.55367
    0.48847E+08    1   -17.40972
    0.67273E+08    1   -17.26960
    0.92648E+08    1   -17.13284
    0.12760E+09    1   -16.99938
    0.17573E+09    1   -16.86950
    0.24201E+09    1   -16.74369
    0.33330E+09    1   -16.62268
    0.45902E+09    1   -16.50672
    0.63217E+09    1   -16.39767
    0.87062E+09    1   -16.29532
    0.11990E+10    1   -16.19964
    0.16513E+10    1   -16.11053
    0.22742E+10    1   -16.02782
    0.31320E+10    1   -15.95055
    0.43134E+10    1   -15.87858
    0.59405E+10    1   -15.81146
    0.81813E+10    1   -15.74896
    0.11267E+11    1   -15.69068
    0.15517E+11    1   -15.63663
    0.21371E+11    1   -15.58619
    0.29432E+11    1   -15.53918
    0.40534E+11    1   -15.49561
    0.55823E+11    1   -15.45524
    0.10000E+12    1   -14.95037
    -149.95        2     0.00000
    -149.79        2     0.00000
    -149.65        2     0.00000
    -149.49        2     0.00000
    -149.34        2     0.00000
    -149.20        2     0.00000
    -149.04        2     0.00000
    -148.90        2     0.00000
    -148.74        2     0.00000
    -148.59        2     0.00000
    -148.45        2     0.00000
    -148.29        2     0.00000
    -148.15        2     0.00000
    -147.99        2     0.00000
    -147.84        2     0.00000
    -147.70        2     0.00000
    -147.54        2     0.00000
    -147.40        2     0.00000
    -147.24        2     0.00000
    -147.09        2     0.00000
    -146.95        2     0.00000
    -146.79        2     0.00000
    -146.65        2     0.00000
    -146.49        2     0.00000
    -146.34        2     0.00000
    -146.20        2     0.00000
    -146.04        2     0.00000
    -145.90        2     0.00000
    -145.74        2     0.00000
    -145.59        2     0.00000
    -145.45        2     0.00000
    -145.29        2     0.00000
    -145.15        2     0.00000
    -144.99        2     0.00000
    -144.84        2     0.00000
    -144.70        2     0.00000
    -144.54        2     0.00000
    -144.40        2     0.00000
    -144.24        2     0.00000
    -144.09        2     0.00000
    -143.95        2     0.00000
    -143.79        2     0.00000
    -143.65        2     0.00000
    -143.49        2     0.00000
    -143.34        2     0.00000
    -143.20        2     0.00000
    -143.04        2     0.00000
    -142.90        2     0.00000
    -142.74        2     0.00000
    -142.59        2     0.00000
    -142.45        2     0.00000
    -142.29        2     0.00000
    -142.15        2     0.00000
    -141.99        2     0.00000
    -141.84        2     0.00000
    -141.70        2     0.00000
    -141.54        2     0.00000
    -141.40        2     0.00000
    -141.24        2     0.00000
    -141.09        2     0.00000
    -140.95        2     0.00000
    -140.79        2     0.00000
    -140.65        2     0.00000
    -140.49        2     0.00000
    -140.34        2     0.00000
    -140.20        2     0.00000
    -140.04        2     0.00000
    -139.90        2     0.00000
    -139.74        2     0.00000
    -139.59        2     0.00000
    -139.45        2     0.00000
    -139.29        2     0.00000
    -139.15        2     0.00000
    -138.99        2     0.00000
    -138.84        2     0.00000
    -138.70        2     0.00000
    -138.54        2     0.00000
    -138.40        2     0.00000
    -138.24        2     0.00000
    -138.09        2     0.00000
    -137.95        2     0.00000
    -137.79        2     0.00000
    -137.65        2     0.00000
    -137.49        2     0.00000
    -137.34        2     0.00000
    -137.20        2     0.00000
    -137.04        2     0.00000
    -136.90        2     0.00000
    -136.74        2     0.00000
    -136.59        2     0.00000
    -136.45        2     0.00000
    -136.29        2     0.00000
    -136.15        2     0.00000
    -135.99        2     0.00000
    -135.84        2     0.00000
    -135.70        2     0.00000
    -135.54        2     0.00000
    -135.40        2     0.00000
    -135.24        2     0.00000
    -135.09        2     0.00000
    -134.95        2     0.00000
    -134.79        2     0.00000
    -134.65        2     0.00000
    -134.49        2     0.00000
    -134.34        2     0.00000
    -134.20        2     0.00000
    -134.04        2     0.00000
    -133.90        2     0.00000
    -133.74        2     0.00000
    -133.59        2     0.00000
    -133.45        2     0.00000
    -133.29        2     0.00000
    -133.15        2     0.00000
    -132.99        2     0.00000
    -132.84        2     0.00000
    -132.70        2     0.00000
    -132.54        2     0.00000
    -132.40        2     0.00000
    -132.24        2     0.00000
    -132.09        2     0.00000
    -131.95        2     0.00000
    -131.79        2     0.00000
    -131.65        2     0.00000
    -131.49        2     0.00000
    -131.34        2     0.00000
    -131.20        2     0.00000
    -131.04        2     0.00000
    -130.90        2     0.00000
    -130.74        2     0.00000
    -130.59        2     0.00000
    -130.45        2     0.00000
    -130.29        2     0.00000
    -130.15        2     0.00000
    -129.99        2     0.00000
    -129.84        2     0.00000
    -129.70        2     0.00000
    -129.54        2     0.00000
    -129.40        2     0.00000
    -129.24        2     0.00000
    -129.09        2     0.00000
    -128.95        2     0.00000
    -128.79        2     0.00000
    -128.65        2     0.00000
    -128.49        2     0.00000
    -128.34        2     0.00000
    -128.20        2     0.00000
    -128.04        2     0.00000
    -127.89        2     0.00000
    -127.75        2     0.00000
    -127.60        2     0.00000
    -127.44        2     0.00000
    -127.30        2     0.00000
    -127.14        2     0.00000
    -127.00        2     0.00000
    -126.85        2     0.00000
    -126.69        2     0.00000
    -126.55        2     0.00000
    -126.39        2     0.00000
    -126.25        2     0.00000
    -126.10        2     0.00000
    -125.94        2     0.00000
    -125.80        2     0.00000
    -125.64        2     0.00000
    -125.50        2     0.00000
    -125.35        2     0.00000
    -125.19        2     0.00000
    -125.05        2     0.00000
    -124.89        2     0.00000
    -124.75        2     0.00000
    -124.60        2     0.00000
    -124.44        2     0.00000
    -124.30        2     0.00000
    -124.14        2     0.00000
    -124.00        2     0.00000
    -123.85        2     0.00000
    -123.69        2     0.00000
    -123.55        2     0.00000
    -123.39        2     0.00000
    -123.25        2     0.00000
    -123.10        2     0.00000
    -122.94        2     0.00000
    -122.80        2     0.00000
    -122.64        2     0.00000
    -122.50        2     0.00000
    -122.35        2     0.00000
    -122.19        2     0.00000
    -122.05        2     0.00000
    -121.89        2     0.00000
    -121.75        2     0.00000
    -121.60        2     0.00000
    -121.44        2     0.00000
    -121.30        2     0.00000
    -121.14        2     0.00000
    -121.00        2     0.00000
    -120.85        2     0.00000
    -120.69        2     0.00000
    -120.55        2     0.00000
    -120.39        2     0.00000
    -120.25        2     0.00000
    -120.10        2     0.00000
    -119.94        2     0.00000
    -119.80        2     0.00000
    -119.64        2     0.00000
    -119.50        2     0.00000
    -119.35        2     0.00000
    -119.19        2     0.00000
    -119.05        2     0.00000
    -118.89        2     0.00000
    -118.75        2     0.00000
    -118.60        2     0.00000
    -118.44        2     0.00000
    -118.30        2     0.00000
    -118.14        2     0.00000
    -118.00        2     0.00000
    -117.85        2     0.00000
    -117.69        2     0.00000
    -117.55        2     0.00000
    -117.39        2     0.00000
    -117.25        2     0.00000
    -117.10        2     0.00000
    -116.94        2     0.00000
    -116.80        2     0.00000
    -116.64        2     0.00000
    -116.50        2     0.00000
    -116.35        2     0.00000
    -116.19        2     0.00000
    -116.05        2     0.00000
    -115.89        2     0.00000
    -115.75        2     0.00000
    -115.60        2     0.00000
    -115.44        2     0.00000
    -115.30        2     0.00000
    -115.14        2     0.00000
    -115.00        2     0.00000
    -114.85        2     0.00000
    -114.69        2     0.00000
    -114.55        2     0.00000
    -114.39        2     0.00000
    -114.25        2     0.00000
    -114.10        2     0.00000
    -113.94        2     0.00000
    -113.80        2     0.00000
    -113.64        2     0.00000
    -113.50        2     0.00000
    -113.35        2     0.00000
    -113.19        2     0.00000
    -113.05        2     0.00000
    -112.89        2     0.00000
    -112.75        2     0.00000
    -112.60        2     0.00000
    -112.44        2     0.00000
    -112.30        2     0.00000
    -112.14        2     0.00000
    -112.00        2     0.00000
    -111.85        2     0.00000
    -111.69        2     0.00000
    -111.55        2     0.00000
    -111.39        2     0.00000
    -111.25        2     0.00000
    -111.10        2     0.00000
    -110.94        2     0.00000
    -110.80        2     0.00000
    -110.64        2     0.00000
    -110.50        2     0.00000
    -110.35        2     0.00000
    -110.19        2     0.00000
    -110.05        2     0.00000
    -109.89        2     0.00000
    -109.75        2     0.00000
    -109.60        2     0.00000
    -109.44        2     0.00000
    -109.30        2     0.00000
    -109.14        2     0.00000
    -109.00        2     0.00000
    -108.85        2     0.00000
    -108.69        2     0.00000
    -108.55        2     0.00000
    -108.39        2     0.00000
    -108.25        2     0.00000
    -108.10        2     0.00000
    -107.94        2     0.00000
    -107.80        2     0.00000
    -107.64        2     0.00000
    -107.50        2     0.00000
    -107.35        2     0.00000
    -107.19        2     0.00000
    -107.05        2     0.00000
    -106.89        2     0.00000
    -106.75        2     0.00000
    -106.60        2     0.00000
    -106.44        2     0.00000
    -106.30        2     0.00000
    -106.14        2     0.00000
    -106.00        2     0.00000
    -105.85        2     0.00000
    -105.69        2     0.00000
    -105.55        2     0.00000
    -105.39        2     0.00000
    -105.25        2     0.00000
    -105.10        2     0.00000
    -104.94        2     0.00000
    -104.80        2     0.00000
    -104.64        2     0.00000
    -104.50        2     0.00000
    -104.35        2     0.00000
    -104.19        2     0.00000
    -104.05        2     0.00000
    -103.89        2     0.00000
    -103.75        2     0.00000
    -103.60        2     0.00000
    -103.44        2     0.00000
    -103.30        2     0.00000
    -103.14        2     0.00000
    -103.00        2     0.00000
    -102.85        2     0.00000
    -102.69        2     0.00000
    -102.55        2     0.00000
    -102.39        2     0.00000
    -102.25        2     0.00000
    -102.10        2     0.00000
    -101.94        2     0.00000
    -101.80        2     0.00000
    -101.64        2     0.00000
    -101.50        2     0.00000
    -101.35        2     0.00000
    -101.19        2     0.00000
    -101.05        2     0.00000
    -100.89        2     0.00000
    -100.75        2     0.00000
    -100.60        2     0.00000
    -100.44        2     0.00000
    -100.30        2     0.00000
    -100.14        2     0.00000
    -99.995        2     0.00000
    -99.845        2     0.00000
    -99.695        2     0.00000
    -99.545        2     0.00000
    -99.395        2     0.00000
    -99.245        2     0.00000
    -99.095        2     0.00000
    -98.945        2     0.00000
    -98.795        2     0.00000
    -98.645        2     0.00000
    -98.495        2     0.00000
    -98.345        2     0.00000
    -98.195        2     0.00000
    -98.045        2     0.00000
    -97.895        2     0.00000
    -97.745        2     0.00000
    -97.595        2     0.00000
    -97.445        2     0.00000
    -97.295        2     0.00000
    -97.145        2     0.00000
    -96.995        2     0.00000
    -96.845        2     0.00000
    -96.695        2     0.00000
    -96.545        2     0.00000
    -96.395        2     0.00000
    -96.245        2     0.00000
    -96.095        2     0.00000
    -95.945        2     0.00000
    -95.795        2     0.00000
    -95.645        2     0.00000
    -95.495        2     0.00000
    -95.345        2     0.00000
    -95.195        2     0.00000
    -95.045        2     0.00000
    -94.895        2     0.00000
    -94.745        2     0.00000
    -94.595        2     0.00000
    -94.445        2     0.00000
    -94.295        2     0.00000
    -94.145        2     0.00000
    -93.995        2     0.00000
    -93.845        2     0.00000
    -93.695        2     0.00000
    -93.545        2     0.00000
    -93.395        2     0.00000
    -93.245        2     0.00000
    -93.095        2     0.00000
    -92.945        2     0.00000
    -92.795        2     0.00000
    -92.645        2     0.00000
    -92.495        2     0.00000
    -92.345        2     0.00000
    -92.195        2     0.00000
    -92.045        2     0.00000
    -91.895        2     0.00000
    -91.745        2     0.00000
    -91.595        2     0.00000
    -91.445        2     0.00000
    -91.295        2     0.00000
    -91.145        2     0.00000
    -90.995        2     0.00000
    -90.845        2     0.00000
    -90.695        2     0.00000
    -90.545        2     0.00000
    -90.395        2     0.00000
    -90.245        2     0.00000
    -90.095        2     0.00000
    -89.945        2     0.00000
    -89.795        2     0.00000
    -89.645        2     0.00000
    -89.495        2     0.00000
    -89.345        2     0.00000
    -89.195        2     0.00000
    -89.045        2     0.00000
    -88.895        2     0.00000
    -88.745        2     0.00000
    -88.595        2     0.00000
    -88.445        2     0.00000
    -88.295        2     0.00000
    -88.145        2     0.00000
    -87.995        2     0.00000
    -87.845        2     0.00000
    -87.695        2     0.00000
    -87.545        2     0.00000
    -87.395        2     0.00000
    -87.245        2     0.00000
    -87.095        2     0.00000
    -86.945        2     0.00000
    -86.795        2     0.00000
    -86.645        2     0.00000
    -86.495        2     0.00000
    -86.345        2     0.00000
    -86.195        2     0.00000
    -86.045        2     0.00000
    -85.895        2     0.00000
    -85.745        2     0.00000
    -85.595        2     0.00000
    -85.445        2     0.00000
    -85.295        2     0.00000
    -85.145        2     0.00000
    -84.995        2     0.00000
    -84.845        2     0.00000
    -84.695        2     0.00000
    -84.545        2     0.00000
    -84.395        2     0.00000
    -84.245        2     0.00000
    -84.095        2     0.00000
    -83.945        2     0.00000
    -83.795        2     0.00000
    -83.645        2     0.00000
    -83.495        2     0.00000
    -83.345        2     0.00000
    -83.195        2     0.00000
    -83.045        2     0.00000
    -82.895        2     0.00000
    -82.745        2     0.00000
    -82.595        2     0.00000
    -82.445        2     0.00000
    -82.295        2     0.00000
    -82.145        2     0.00000
    -81.995        2     0.00000
    -81.845        2     0.00000
    -81.695        2     0.00000
    -81.545        2     0.00000
    -81.395        2     0.00000
    -81.245        2     0.00000
    -81.095        2     0.00000
    -80.945        2     0.00000
    -80.795        2     0.00000
    -80.645        2     0.00000
    -80.495        2     0.00000
    -80.345        2     0.00000
    -80.195        2     0.00000
    -80.045        2     0.00000
    -79.895        2     0.00000
    -79.745        2     0.00000
    -79.595        2     0.00000
    -79.445        2     0.00000
    -79.295        2     0.00000
    -79.145        2     0.00000
    -78.995        2     0.00000
    -78.845        2     0.00000
    -78.695        2     0.00000
    -78.545        2     0.00000
    -78.395        2     0.00000
    -78.245        2     0.00000
    -78.095        2     0.00000
    -77.945        2     0.00000
    -77.795        2     0.00000
    -77.645        2     0.00000
    -77.495        2     0.00000
    -77.345        2     0.00000
    -77.195        2     0.00000
    -77.045        2     0.00000
    -76.895        2     0.00000
    -76.745        2     0.00000
    -76.595        2     0.00000
    -76.445        2     0.00000
    -76.295        2     0.00000
    -76.145        2     0.00000
    -75.995        2     0.00000
    -75.845        2     0.00000
    -75.695        2     0.00000
    -75.545        2     0.00000
    -75.395        2     0.00000
    -75.245        2     0.00000
    -75.095        2     0.00000
    -74.945        2     0.00000
    -74.795        2     0.00000
    -74.645        2     0.00000
    -74.495        2     0.00000
    -74.345        2     0.00000
    -74.195        2     0.00000
    -74.045        2     0.00000
    -73.895        2     0.00000
    -73.745        2     0.00000
    -73.595        2     0.00000
    -73.445        2     0.00000
    -73.295        2     0.00000
    -73.145        2     0.00000
    -72.995        2     0.00000
    -72.845        2     0.00000
    -72.695        2     0.00000
    -72.545        2     0.00000
    -72.395        2     0.00000
    -72.245        2     0.00000
    -72.095        2     0.00000
    -71.945        2     0.00000
    -71.795        2     0.00000
    -71.645        2     0.00000
    -71.495        2     0.00000
    -71.345        2     0.00000
    -71.195        2     0.00000
    -71.045        2     0.00000
    -70.895        2     0.00000
    -70.745        2     0.00000
    -70.595        2     0.00000
    -70.445        2     0.00000
    -70.295        2     0.00000
    -70.145        2     0.00000
    -69.995        2     0.00000
    -69.845        2     0.00000
    -69.695        2     0.00000
    -69.545        2     0.00000
    -69.395        2     0.00000
    -69.245        2     0.00000
    -69.095        2     0.00000
    -68.945        2     0.00000
    -68.795        2     0.00000
    -68.645        2     0.00000
    -68.495        2     0.00000
    -68.345        2     0.00000
    -68.195        2     0.00000
    -68.045        2     0.00000
    -67.895        2     0.00000
    -67.745        2     0.00000
    -67.595        2     0.00000
    -67.445        2     0.00000
    -67.295        2     0.00000
    -67.145        2     0.00000
    -66.995        2     0.00000
    -66.845        2     0.00000
    -66.695        2     0.00000
    -66.545        2     0.00000
    -66.395        2     0.00000
    -66.245        2     0.00000
    -66.095        2     0.00000
    -65.945        2     0.00000
    -65.795        2     0.00000
    -65.645        2     0.00000
    -65.495        2     0.00000
    -65.345        2     0.00000
    -65.195        2     0.00000
    -65.045        2     0.00000
    -64.895        2     0.00000
    -64.745        2     0.00000
    -64.595        2     0.00000
    -64.445        2     0.00000
    -64.295        2     0.00000
    -64.145        2     0.00000
    -63.995        2     0.00000
    -63.845        2     0.00000
    -63.695        2     0.00000
    -63.545        2     0.00000
    -63.395        2     0.00000
    -63.245        2     0.00000
    -63.095        2     0.00000
    -62.945        2     0.00000
    -62.795        2     0.00000
    -62.645        2     0.00000
    -62.495        2     0.00000
    -62.345        2     0.00000
    -62.195        2     0.00000
    -62.045        2     0.00000
    -61.895        2     0.00000
    -61.745        2     0.00000
    -61.595        2     0.00000
    -61.445        2     0.00000
    -61.295        2     0.00000
    -61.145        2     0.00000
    -60.995        2     0.00000
    -60.845        2     0.00000
    -60.695        2     0.00000
    -60.545        2     0.00000
    -60.395        2     0.00000
    -60.245        2     0.00000
    -60.095        2     0.00000
    -59.945        2     0.00000
    -59.795        2     0.00000
    -59.645        2     0.00000
    -59.495        2     0.00000
    -59.345        2     0.00000
    -59.195        2     0.00000
    -59.045        2     0.00000
    -58.895        2     0.00000
    -58.745        2     0.00000
    -58.595        2     0.00000
    -58.445        2     0.00000
    -58.295        2     0.00000
    -58.145        2     0.00000
    -57.995        2     0.00000
    -57.845        2     0.00000
    -57.695        2     0.00000
    -57.545        2     0.00000
    -57.395        2     0.00000
    -57.245        2     0.00000
    -57.095        2     0.00000
    -56.945        2     0.00000
    -56.795        2     0.00000
    -56.645        2     0.00000
    -56.495        2     0.00000
    -56.345        2     0.00000
    -56.195        2     0.00000
    -56.045        2     0.00000
    -55.895        2     0.00000
    -55.745        2     0.00000
    -55.595        2     0.00000
    -55.445        2     0.00000
    -55.295        2     0.00000
    -55.145        2     0.00000
    -54.995        2     0.00000
    -54.845        2     0.00000
    -54.695        2     0.00000
    -54.545        2     0.00000
    -54.395        2     0.00000
    -54.245        2     0.00000
    -54.095        2     0.00000
    -53.945        2     0.00000
    -53.795        2     0.00000
    -53.645        2     0.00000
    -53.495        2     0.00000
    -53.345        2     0.00000
    -53.195        2     0.00000
    -53.045        2     0.00000
    -52.895        2     0.00000
    -52.745        2     0.00000
    -52.595        2     0.00000
    -52.445        2     0.00000
    -52.295        2     0.00000
    -52.145        2     0.00000
    -51.995        2     0.00000
    -51.845        2     0.00000
    -51.695        2     0.00000
    -51.545        2     0.00000
    -51.395        2     0.00000
    -51.245        2     0.00000
    -51.095        2     0.00000
    -50.945        2     0.00000
    -50.795        2     0.00000
    -50.645        2     0.00000
    -50.495        2     0.00000
    -50.345        2     0.00000
    -50.195        2     0.00000
    -50.045        2     0.00000
    -49.895        2     0.00000
    -49.745        2     0.00000
    -49.595        2     0.00000
    -49.445        2     0.00000
    -49.295        2     0.00000
    -49.145        2     0.00000
    -48.995        2     0.00000
    -48.845        2     0.00000
    -48.695        2     0.00000
    -48.545        2     0.00000
    -48.395        2     0.00000
    -48.245        2     0.00000
    -48.095        2     0.00000
    -47.945        2     0.00000
    -47.795        2     0.00000
    -47.645        2     0.00000
    -47.495        2     0.00000
    -47.345        2     0.00000
    -47.195        2     0.00000
    -47.045        2     0.00000
    -46.895        2     0.00000
    -46.745        2     0.00000
    -46.595        2     0.00000
    -46.445        2     0.00000
    -46.295        2     0.00000
    -46.145        2     0.00000
    -45.995        2     0.00000
    -45.845        2     0.00000
    -45.695        2     0.00000
    -45.545        2     0.00000
    -45.395        2     0.00000
    -45.245        2     0.00000
    -45.095        2     0.00000
    -44.945        2     0.00000
    -44.795        2     0.00000
    -44.645        2     0.00000
    -44.495        2     0.00000
    -44.345        2     0.00000
    -44.195        2     0.00000
    -44.045        2     0.00000
    -43.895        2     0.00000
    -43.745        2     0.00000
    -43.595        2     0.00000
    -43.445        2     0.00000
    -43.295        2     0.00000
    -43.145        2     0.00000
    -42.995        2     0.00000
    -42.845        2     0.00000
    -42.695        2     0.00000
    -42.545        2     0.00000
    -42.395        2     0.00000
    -42.245        2     0.00000
    -42.095        2     0.00000
    -41.945        2     0.00000
    -41.795        2     0.00000
    -41.645        2     0.00000
    -41.495        2     0.00000
    -41.345        2     0.00000
    -41.195        2     0.00000
    -41.045        2     0.00000
    -40.895        2     0.00000
    -40.745        2     0.00000
    -40.595        2     0.00000
    -40.445        2     0.00000
    -40.295        2     0.00000
    -40.145        2     0.00000
    -39.995        2     0.00000
    -39.845        2     0.00000
    -39.695        2     0.00000
    -39.545        2     0.00000
    -39.395        2     0.00000
    -39.245        2     0.00000
    -39.095        2     0.00000
    -38.945        2     0.00000
    -38.795        2     0.00000
    -38.645        2     0.00000
    -38.495        2     0.00000
    -38.345        2     0.00000
    -38.195        2     0.00000
    -38.045        2     0.00000
    -37.895        2     0.00000
    -37.745        2     0.00000
    -37.595        2     0.00000
    -37.445        2     0.00000
    -37.295        2     0.00000
    -37.145        2     0.00000
    -36.995        2     0.00000
    -36.845        2     0.00000
    -36.695        2     0.00000
    -36.545        2     0.00000
    -36.395        2     0.00000
    -36.245        2     0.00000
    -36.095        2     0.00000
    -35.945        2     0.00000
    -35.795        2     0.00000
    -35.645        2     0.00000
    -35.495        2     0.00000
    -35.345        2     0.00000
    -35.195        2     0.00000
    -35.045        2     0.00000
    -34.895        2     0.00000
    -34.745        2     0.00000
    -34.595        2     0.00000
    -34.445        2     0.00000
    -34.295        2     0.00000
    -34.145        2     0.00000
    -33.995        2     0.00000
    -33.845        2     0.00000
    -33.695        2     0.00000
    -33.545        2     0.00000
    -33.395        2     0.00000
    -33.245        2     0.00000
    -33.095        2     0.00000
    -32.945        2     0.00000
    -32.795        2     0.00000
    -32.645        2     0.00000
    -32.495        2     0.00000
    -32.345        2     0.00000
    -32.195        2     0.00000
    -32.045        2     0.00000
    -31.895        2     0.00000
    -31.745        2     0.00000
    -31.595        2     0.00000
    -31.445        2     0.00000
    -31.295        2     0.00000
    -31.145        2     0.00000
    -30.995        2     0.00000
    -30.845        2     0.00000
    -30.695        2     0.00000
    -30.545        2     0.00000
    -30.395        2     0.00000
    -30.245        2     0.00000
    -30.095        2     0.00000
    -29.945        2     0.00000
    -29.795        2     0.00000
    -29.645        2     0.00000
    -29.495        2     0.00000
    -29.345        2     0.00000
    -29.195        2     0.00000
    -29.045        2     0.00000
    -28.895        2     0.00000
    -28.745        2     0.00000
    -28.595        2     0.00000
    -28.445        2     0.00000
    -28.295        2     0.00000
    -28.145        2     0.00000
    -27.995        2     0.00000
    -27.845        2     0.00000
    -27.695        2     0.00000
    -27.545        2     0.00000
    -27.395        2     0.00000
    -27.245        2     0.00000
    -27.095        2     0.00000
    -26.945        2     0.00000
    -26.795        2     0.00000
    -26.645        2     0.00000
    -26.495        2     0.00000
    -26.345        2     0.00000
    -26.195        2     0.00000
    -26.045        2     0.00000
    -25.895        2     0.00000
    -25.745        2     0.00000
    -25.595        2     0.00000
    -25.445        2     0.00000
    -25.295        2     0.00000
    -25.145        2     0.00000
    -24.995        2     0.00000
    -24.845        2     0.00000
    -24.695        2     0.00000
    -24.545        2     0.00000
    -24.395        2     0.00000
    -24.245        2     0.00000
    -24.095        2     0.00000
    -23.945        2     0.00000
    -23.795        2     0.00000
    -23.645        2     0.00000
    -23.495        2     0.00000
    -23.345        2     0.00000
    -23.195        2     0.00000
    -23.045        2     0.00000
    -22.895        2     0.00000
    -22.745        2     0.00000
    -22.595        2     0.00000
    -22.445        2     0.00000
    -22.295        2     0.00000
    -22.145        2     0.00000
    -21.995        2     0.00000
    -21.845        2     0.00000
    -21.695        2     0.00000
    -21.545        2     0.00000
    -21.395        2     0.00000
    -21.245        2     0.00000
    -21.095        2     0.00000
    -20.945        2     0.00000
    -20.795        2     0.00000
    -20.645        2     0.00000
    -20.495        2     0.00000
    -20.345        2     0.00000
    -20.195        2     0.00000
    -20.045        2     0.00000
    -19.895        2     0.00000
    -19.745        2     0.00000
    -19.595        2     0.00000
    -19.445        2     0.00000
    -19.295        2     0.00000
    -19.145        2     0.00000
    -18.995        2     0.00000
    -18.845        2     0.00000
    -18.695        2     0.00000
    -18.545        2     0.00000
    -18.395        2     0.00000
    -18.245        2     0.00000
    -18.095        2     0.00000
    -17.945        2     0.00000
    -17.795        2     0.00000
    -17.645        2     0.00000
    -17.495        2     0.00000
    -17.345        2     0.00000
    -17.195        2     0.00000
    -17.045        2     0.00000
    -16.895        2     0.00000
    -16.745        2     0.00000
    -16.595        2     0.00000
    -16.445        2     0.00000
    -16.295        2     0.00000
    -16.145        2    -0.00012
    -15.995        2    -0.00603
    -15.845        2    -0.05249
    -15.695        2    -0.18719
    -15.545        2    -0.45744
    -15.395        2    -0.89482
    -15.245        2    -1.47860
    -15.095        2    -2.17510
    -14.945        2    -2.97648
    -14.795        2    -3.86488
    -14.645        2    -4.81067
    -14.495        2    -5.76920
    -14.345        2    -6.74199
    -14.195        2    -7.77411
    -14.045        2    -8.83854
    -13.895        2    -9.99416
    -13.745        2   -11.19331
    -13.595        2   -12.44744
    -13.445        2   -13.74512
    -13.295        2   -15.07037
    -13.145        2   -16.37662
    -12.995        2   -17.68118
    -12.845        2   -18.97953
    -12.695        2   -20.27472
    -12.545        2   -21.52500
    -12.395        2   -22.77738
    -12.245        2   -23.98172
    -12.095        2   -25.16934
    -11.945        2   -26.32748
    -11.795        2   -27.46233
    -11.645        2   -28.59311
    -11.495        2   -29.74060
    -11.345        2   -30.90340
    -11.195        2   -32.10511
    -11.045        2   -33.32555
    -10.895        2   -34.55664
    -10.745        2   -35.79980
    -10.595        2   -37.05097
    -10.445        2   -38.28556
    -10.295        2   -39.50688
    -10.145        2   -40.74104
    -9.9950        2   -41.99009
    -9.8450        2   -43.26586
    -9.6950        2   -44.57321
    -9.5450        2   -45.89644
    -9.3950        2   -47.22167
    -9.2450        2   -48.56820
    -9.0950        2   -49.90627
    -8.9450        2   -51.22830
    -8.7950        2   -52.55825
    -8.6450        2   -53.88239
    -8.4950        2   -55.18680
    -8.3450        2   -56.49288
    -8.1950        2   -57.79338
    -8.0450        2   -59.09163
    -7.8950        2   -60.40106
    -7.7450        2   -61.71549
    -7.5950        2   -63.03876
    -7.4450        2   -64.42859
    -7.2950        2   -65.82195
    -7.1450        2   -67.26609
    -6.9950        2   -68.74883
    -6.8450        2   -70.23952
    -6.6950        2   -71.75527
    -6.5450        2   -73.30846
    -6.3950        2   -74.85977
    -6.2450        2   -76.42772
    -6.0950        2   -78.01845
    -5.9450        2   -79.61970
    -5.7950        2   -81.24210
    -5.6450        2   -82.88015
    -5.4950        2   -84.53504
    -5.3450        2   -86.18765
    -5.1950        2   -87.83225
    -5.0450        2   -89.49020
    -4.8950        2   -91.14198
    -4.7450        2   -92.78541
    -4.5950        2   -94.43923
    -4.4450        2   -96.11945
    -4.2950        2   -97.82788
    -4.1450        2   -99.58465
    -3.9950        2  -101.39454
    -3.8450        2  -103.28504
    -3.6950        2  -105.24776
    -3.5450        2  -107.34305
    -3.3950        2  -109.54493
    -3.2450        2  -111.86337
    -3.0950        2  -114.30525
    -2.9450        2  -116.87679
    -2.7950        2  -119.59404
    -2.6450        2  -122.47324
    -2.4950        2  -125.51254
    -2.3450        2  -128.76913
    -2.1950        2  -132.28013
    -2.0450        2  -136.11402
    -1.8950        2  -140.39190
    -1.7450        2  -145.22335
    -1.5950        2  -150.73591
    -1.4450        2  -157.02908
    -1.2950        2  -164.12245
    -1.1450        2  -171.90071
   -0.99500        2  -180.22773
   -0.84500        2  -188.94238
   -0.69500        2  -197.98851
   -0.54500        2  -207.52934
   -0.39500        2  -218.16099
   -0.25300        2  -226.19075
   -0.21500        2  -226.74104
   -0.20900        2  -227.29792
   -0.20300        2  -227.86597
   -0.19700        2  -228.44189
   -0.19100        2  -229.02741
   -0.18500        2  -229.62494
   -0.17900        2  -230.23291
   -0.17300        2  -230.85297
   -0.16700        2  -231.48645
   -0.16100        2  -232.13390
   -0.15500        2  -232.79461
   -0.14900        2  -233.46993
   -0.14300        2  -234.16315
   -0.13700        2  -234.87507
   -0.13100        2  -235.60643
   -0.12500        2  -236.35991
   -0.11900        2  -237.13724
   -0.11300        2  -237.94012
   -0.10700        2  -238.76966
   -0.10100        2  -239.62999
   -0.95000E-01    2  -240.52593
   -0.89000E-01    2  -241.46065
   -0.83000E-01    2  -242.43836
   -0.77000E-01    2  -243.46940
   -0.71000E-01    2  -244.56008
   -0.65000E-01    2  -245.72257
   -0.59000E-01    2  -246.97084
   -0.53000E-01    2  -248.32407
   -0.47000E-01    2  -249.81114
   -0.41000E-01    2  -251.47340
   -0.35000E-01    2  -253.37850
   -0.29000E-01    2  -255.63917
   -0.23000E-01    2  -258.48722
   -0.19700E-01    2  -258.81551
   -0.19100E-01    2  -259.15372
   -0.18500E-01    2  -259.50342
   -0.17900E-01    2  -259.86466
   -0.17300E-01    2  -260.23901
   -0.16700E-01    2  -260.62666
   -0.16100E-01    2  -261.02908
   -0.15500E-01    2  -261.44750
   -0.14900E-01    2  -261.88337
   -0.14300E-01    2  -262.33795
   -0.13700E-01    2  -262.81334
   -0.13100E-01    2  -263.31083
   -0.12500E-01    2  -263.83213
   -0.11900E-01    2  -264.37820
   -0.11300E-01    2  -264.95107
   -0.10700E-01    2  -265.55149
   -0.10100E-01    2  -266.18129
   -0.95000E-02    2  -266.84244
   -0.89000E-02    2  -267.53488
   -0.83000E-02    2  -268.25968
   -0.77000E-02    2  -269.01730
   -0.71000E-02    2  -269.80868
   -0.65000E-02    2  -270.63450
   -0.59000E-02    2  -271.49572
   -0.53000E-02    2  -272.38970
   -0.47000E-02    2  -273.31219
   -0.41000E-02    2  -274.25752
   -0.35000E-02    2  -275.21069
   -0.29000E-02    2  -276.14632
   -0.23000E-02    2  -277.00772
   -0.17000E-02    2  -277.72433
   -0.11000E-02    2  -278.22572
   -0.50000E-03    2  -278.46218
    0.10000E-03    2  -278.41452
    0.70000E-03    2  -278.08640
    0.13000E-02    2  -277.50614
    0.19000E-02    2  -276.73325
    0.25000E-02    2  -275.84020
    0.31000E-02    2  -274.89458
    0.37000E-02    2  -273.94495
    0.43000E-02    2  -273.01319
    0.49000E-02    2  -272.11006
    0.55000E-02    2  -271.23739
    0.61000E-02    2  -270.39758
    0.67000E-02    2  -269.59246
    0.73000E-02    2  -268.82006
    0.79000E-02    2  -268.07918
    0.85000E-02    2  -267.36970
    0.91000E-02    2  -266.69153
    0.97000E-02    2  -266.04386
    0.10300E-01    2  -265.42627
    0.10900E-01    2  -264.83738
    0.11500E-01    2  -264.27568
    0.12100E-01    2  -263.73934
    0.12700E-01    2  -263.22741
    0.13300E-01    2  -262.73879
    0.13900E-01    2  -262.27159
    0.14500E-01    2  -261.82474
    0.15100E-01    2  -261.39646
    0.15700E-01    2  -260.98477
    0.16300E-01    2  -260.58848
    0.16900E-01    2  -260.20659
    0.17500E-01    2  -259.83851
    0.18100E-01    2  -259.48289
    0.18700E-01    2  -259.13868
    0.19300E-01    2  -258.80528
    0.20200E-01    2  -257.60291
    0.25000E-01    2  -255.01460
    0.31000E-01    2  -252.93061
    0.37000E-01    2  -251.17333
    0.43000E-01    2  -249.64863
    0.49000E-01    2  -248.29784
    0.55000E-01    2  -247.08378
    0.61000E-01    2  -245.98313
    0.67000E-01    2  -244.97627
    0.73000E-01    2  -244.04785
    0.79000E-01    2  -243.18738
    0.85000E-01    2  -242.38627
    0.91000E-01    2  -241.63831
    0.97000E-01    2  -240.93715
    0.10300        2  -240.27875
    0.10900        2  -239.65826
    0.11500        2  -239.07187
    0.12100        2  -238.51681
    0.12700        2  -237.98934
    0.13300        2  -237.48693
    0.13900        2  -237.00801
    0.14500        2  -236.54993
    0.15100        2  -236.11122
    0.15700        2  -235.68941
    0.16300        2  -235.28364
    0.16900        2  -234.89291
    0.17500        2  -234.51583
    0.18100        2  -234.15277
    0.18700        2  -233.80206
    0.19300        2  -233.46354
    0.19900        2  -233.13535
    0.20500        2  -232.81779
    0.21100        2  -232.51051
    0.21700        2  -232.21119
    0.29500        2  -226.48961
    0.44500        2  -222.96099
    0.59500        2  -220.32427
    0.74500        2  -218.16005
    0.89500        2  -216.29017
     1.0450        2  -214.62707
     1.1950        2  -213.11102
     1.3450        2  -211.72470
     1.4950        2  -210.42523
     1.6450        2  -209.21719
     1.7950        2  -208.10515
     1.9450        2  -207.06453
     2.0950        2  -206.10330
     2.2450        2  -205.21606
     2.3950        2  -204.40131
     2.5450        2  -203.65159
     2.6950        2  -202.95032
     2.8450        2  -202.30442
     2.9950        2  -201.70146
     3.1450        2  -201.13820
     3.2950        2  -200.61253
     3.4450        2  -200.10995
     3.5950        2  -199.63810
     3.7450        2  -199.18432
     3.8950        2  -198.75602
     4.0450        2  -198.34271
     4.1950        2  -197.94653
     4.3450        2  -197.56407
     4.4950        2  -197.19593
     4.6450        2  -196.83978
     4.7950        2  -196.49541
     4.9450        2  -196.16338
     5.0950        2  -195.83792
     5.2450        2  -195.52575
     5.3950        2  -195.22174
     5.5450        2  -194.92518
     5.6950        2  -194.63878
     5.8450        2  -194.35774
     5.9950        2  -194.08079
     6.1450        2  -193.81244
     6.2950        2  -193.55049
     6.4450        2  -193.29577
     6.5950        2  -193.04732
     6.7450        2  -192.80203
     6.8950        2  -192.56216
     7.0450        2  -192.32918
     7.1950        2  -192.09972
     7.3450        2  -191.87463
     7.4950        2  -191.65329
     7.6450        2  -191.43525
     7.7950        2  -191.22403
     7.9450        2  -191.01570
     8.0950        2  -190.81084
     8.2450        2  -190.60981
     8.3950        2  -190.41054
     8.5450        2  -190.21817
     8.6950        2  -190.02548
     8.8450        2  -189.83542
     8.9950        2  -189.64806
     9.1450        2  -189.46533
     9.2950        2  -189.28531
     9.4450        2  -189.10907
     9.5950        2  -188.93372
     9.7450        2  -188.76382
     9.8950        2  -188.59476
     10.045        2  -188.42790
     10.195        2  -188.26227
     10.345        2  -188.10021
     10.495        2  -187.93979
     10.645        2  -187.78173
     10.795        2  -187.62559
     10.945        2  -187.47018
     11.095        2  -187.31815
     11.245        2  -187.16710
     11.395        2  -187.01893
     11.545        2  -186.87222
     11.695        2  -186.72854
     11.845        2  -186.58496
     11.995        2  -186.44484
     12.145        2  -186.30532
     12.295        2  -186.16605
     12.445        2  -186.02893
     12.595        2  -185.89429
     12.745        2  -185.75997
     12.895        2  -185.62768
     13.045        2  -185.49721
     13.195        2  -185.36665
     13.345        2  -185.23702
     13.495        2  -185.11138
     13.645        2  -184.98599
     13.795        2  -184.86167
     13.945        2  -184.73743
     14.095        2  -184.61522
     14.245        2  -184.49464
     14.395        2  -184.37491
     14.545        2  -184.25741
     14.695        2  -184.13914
     14.845        2  -184.02387
     14.995        2  -183.91001
     15.145        2  -183.79610
     15.295        2  -183.68314
     15.445        2  -183.57172
     15.595        2  -183.46168
     15.745        2  -183.35190
     15.895        2  -183.24389
     16.045        2  -183.13607
     16.195        2  -183.02862
     16.345        2  -182.92349
     16.495        2  -182.81852
     16.645        2  -182.71482
     16.795        2  -182.61186
     16.945        2  -182.50972
     17.095        2  -182.40787
     17.245        2  -182.30713
     17.395        2  -182.20655
     17.545        2  -182.10931
     17.695        2  -182.01122
     17.845        2  -181.91435
     17.995        2  -181.81899
     18.145        2  -181.72284
     18.295        2  -181.62836
     18.445        2  -181.53452
     18.595        2  -181.44213
     18.745        2  -181.34868
     18.895        2  -181.25663
     19.045        2  -181.16523
     19.195        2  -181.07419
     19.345        2  -180.98377
     19.495        2  -180.89425
     19.645        2  -180.80494
     19.795        2  -180.71592
     19.945        2  -180.62795
     20.095        2  -180.54176
     21.836        2  -177.88934
     30.068        2  -173.91031
     42.097        2  -169.89460
     58.937        2  -165.84152
     82.515        2  -161.76804
     115.53        2  -157.67416
     161.74        2  -153.60225
     226.45        2  -149.53898
     317.04        2  -145.48433
     443.87        2  -141.45446
     621.44        2  -137.47015
     870.05        2  -133.52266
     1218.1        2  -129.62712
     1705.4        2  -125.79256
     2387.7        2  -122.04278
     3342.9        2  -118.36894
     4680.2        2  -114.78750
     6552.5        2  -111.30965
     9173.8        2  -107.92545
     12844.        2  -104.64310
     17982.        2  -101.46266
     25176.        2   -98.39569
     35247.        2   -95.44000
     49348.        2   -92.60528
     69090.        2   -89.89179
     96729.        2   -87.29625
    0.13543E+06    2   -84.82301
    0.18960E+06    2   -82.46661
    0.26545E+06    2   -80.21857
    0.37165E+06    2   -78.08272
    0.52033E+06    2   -76.04913
    0.72849E+06    2   -74.11324
    0.10199E+07    2   -72.27463
    0.14279E+07    2   -70.52402
    0.19992E+07    2   -68.86024
    0.27990E+07    2   -67.27959
    0.39187E+07    2   -65.77439
    0.54864E+07    2   -64.34529
    0.76812E+07    2   -62.98565
    0.10754E+08    2   -61.69443
    0.15056E+08    2   -60.46964
    0.21080E+08    2   -59.30522
    0.29513E+08    2   -58.20164
    0.41319E+08    2   -57.16096
    0.57849E+08    2   -56.18972
    0.80991E+08    2   -55.28931
    0.11339E+09    2   -54.45258
    0.15875E+09    2   -53.67489
    0.22226E+09    2   -52.94880
    0.31118E+09    2   -52.27205
    0.43567E+09    2   -51.63797
    0.60996E+09    2   -51.05796
    0.85398E+09    2   -50.53211
    0.11956E+10    2   -50.05219
    0.16739E+10    2   -49.61017
    0.23436E+10    2   -49.20486
    0.32811E+10    2   -48.83278
    0.45937E+10    2   -48.49174
    0.64315E+10    2   -48.17602
    0.90044E+10    2   -47.88646
    0.12607E+11    2   -47.62092
    0.17650E+11    2   -47.37732
    0.24711E+11    2   -47.15325
    0.34596E+11    2   -46.94677
    0.48437E+11    2   -46.75738
    0.67814E+11    2   -46.58255
    0.10000E+12    2   -44.59094
