    -29.945        1     0.00000
    -29.795        1     0.00000
    -29.645        1     0.00000
    -29.495        1     0.00000
    -29.345        1     0.00000
    -29.195        1     0.00000
    -29.045        1     0.00000
    -28.895        1     0.00000
    -28.745        1     0.00000
    -28.595        1     0.00000
    -28.445        1     0.00000
    -28.295        1     0.00000
    -28.145        1     0.00000
    -27.995        1     0.00000
    -27.845        1     0.00000
    -27.695        1     0.00000
    -27.545        1     0.00000
    -27.395        1     0.00000
    -27.245        1     0.00000
    -27.095        1     0.00000
    -26.945        1     0.00000
    -26.795        1     0.00000
    -26.645        1     0.00000
    -26.495        1     0.00000
    -26.345        1     0.00000
    -26.195        1     0.00000
    -26.045        1     0.00000
    -25.895        1     0.00000
    -25.745        1     0.00000
    -25.595        1     0.00000
    -25.445        1     0.00000
    -25.295        1     0.00000
    -25.145        1     0.00000
    -24.995        1     0.00000
    -24.845        1     0.00000
    -24.695        1     0.00000
    -24.545        1     0.00000
    -24.395        1     0.00000
    -24.245        1     0.00000
    -24.095        1     0.00000
    -23.945        1     0.00000
    -23.795        1     0.00000
    -23.645        1     0.00000
    -23.495        1     0.00000
    -23.345        1     0.00000
    -23.195        1     0.00000
    -23.045        1     0.00000
    -22.895        1     0.00000
    -22.745        1     0.00000
    -22.595        1     0.00000
    -22.445        1     0.00000
    -22.295        1    -0.00060
    -22.145        1    -0.00137
    -21.995        1    -0.00378
    -21.845        1    -0.00846
    -21.695        1    -0.01388
    -21.545        1    -0.02673
    -21.395        1    -0.04189
    -21.245        1    -0.07002
    -21.095        1    -0.10891
    -20.945        1    -0.15827
    -20.795        1    -0.22280
    -20.645        1    -0.30509
    -20.495        1    -0.40202
    -20.345        1    -0.52091
    -20.195        1    -0.66254
    -20.045        1    -0.80988
    -19.895        1    -0.97775
    -19.745        1    -1.16277
    -19.595        1    -1.36167
    -19.445        1    -1.56851
    -19.295        1    -1.79122
    -19.145        1    -2.02607
    -18.995        1    -2.26999
    -18.845        1    -2.52427
    -18.695        1    -2.79398
    -18.545        1    -3.08167
    -18.395        1    -3.39046
    -18.245        1    -3.71397
    -18.095        1    -4.06313
    -17.945        1    -4.42212
    -17.795        1    -4.80759
    -17.645        1    -5.21581
    -17.495        1    -5.65725
    -17.345        1    -6.13368
    -17.195        1    -6.62506
    -17.045        1    -7.14712
    -16.895        1    -7.68443
    -16.745        1    -8.25789
    -16.595        1    -8.84387
    -16.445        1    -9.44448
    -16.295        1   -10.04584
    -16.145        1   -10.66481
    -15.995        1   -11.27183
    -15.845        1   -11.89859
    -15.695        1   -12.51095
    -15.545        1   -13.13177
    -15.395        1   -13.75725
    -15.245        1   -14.36815
    -15.095        1   -14.96277
    -14.945        1   -15.54547
    -14.795        1   -16.12762
    -14.645        1   -16.70892
    -14.495        1   -17.27232
    -14.345        1   -17.85400
    -14.195        1   -18.40808
    -14.045        1   -18.99378
    -13.895        1   -19.60046
    -13.745        1   -20.22022
    -13.595        1   -20.84382
    -13.445        1   -21.48226
    -13.295        1   -22.13745
    -13.145        1   -22.81234
    -12.995        1   -23.49811
    -12.845        1   -24.20658
    -12.695        1   -24.90861
    -12.545        1   -25.62307
    -12.395        1   -26.32189
    -12.245        1   -27.03334
    -12.095        1   -27.72899
    -11.945        1   -28.43480
    -11.795        1   -29.13442
    -11.645        1   -29.81869
    -11.495        1   -30.48902
    -11.345        1   -31.17453
    -11.195        1   -31.83707
    -11.045        1   -32.49076
    -10.895        1   -33.14752
    -10.745        1   -33.78936
    -10.595        1   -34.44074
    -10.445        1   -35.06003
    -10.295        1   -35.66590
    -10.145        1   -36.27351
    -9.9950        1   -36.87109
    -9.8450        1   -37.46075
    -9.6950        1   -38.05215
    -9.5450        1   -38.62752
    -9.3950        1   -39.20308
    -9.2450        1   -39.76320
    -9.0950        1   -40.31870
    -8.9450        1   -40.88783
    -8.7950        1   -41.43229
    -8.6450        1   -41.96938
    -8.4950        1   -42.49498
    -8.3450        1   -43.01912
    -8.1950        1   -43.55709
    -8.0450        1   -44.08544
    -7.8950        1   -44.62094
    -7.7450        1   -45.15251
    -7.5950        1   -45.68059
    -7.4450        1   -46.22021
    -7.2950        1   -46.77037
    -7.1450        1   -47.32545
    -6.9950        1   -47.88470
    -6.8450        1   -48.45134
    -6.6950        1   -49.03660
    -6.5450        1   -49.62191
    -6.3950        1   -50.22246
    -6.2450        1   -50.84069
    -6.0950        1   -51.46892
    -5.9450        1   -52.10996
    -5.7950        1   -52.77209
    -5.6450        1   -53.43938
    -5.4950        1   -54.10955
    -5.3450        1   -54.79638
    -5.1950        1   -55.49436
    -5.0450        1   -56.20693
    -4.8950        1   -56.94212
    -4.7450        1   -57.70329
    -4.5950        1   -58.49103
    -4.4450        1   -59.31048
    -4.2950        1   -60.17323
    -4.1450        1   -61.09589
    -3.9950        1   -62.07266
    -3.8450        1   -63.10354
    -3.6950        1   -64.20726
    -3.5450        1   -65.38135
    -3.3950        1   -66.63914
    -3.2450        1   -67.97093
    -3.0950        1   -69.39824
    -2.9450        1   -70.89928
    -2.7950        1   -72.48445
    -2.6450        1   -74.14932
    -2.4950        1   -75.90324
    -2.3450        1   -77.70989
    -2.1950        1   -79.57562
    -2.0450        1   -81.46820
    -1.8950        1   -83.39070
    -1.7450        1   -85.31896
    -1.5950        1   -87.25339
    -1.4450        1   -89.18830
    -1.2950        1   -91.12804
    -1.1450        1   -93.08835
   -0.99500        1   -95.10703
   -0.84500        1   -97.22725
   -0.69500        1   -99.53504
   -0.54500        1  -102.12112
   -0.39500        1  -105.13394
   -0.25300        1  -107.41659
   -0.21500        1  -107.57059
   -0.20900        1  -107.72732
   -0.20300        1  -107.88525
   -0.19700        1  -108.04569
   -0.19100        1  -108.20898
   -0.18500        1  -108.37532
   -0.17900        1  -108.54342
   -0.17300        1  -108.71440
   -0.16700        1  -108.88854
   -0.16100        1  -109.06580
   -0.15500        1  -109.24623
   -0.14900        1  -109.43075
   -0.14300        1  -109.61904
   -0.13700        1  -109.81154
   -0.13100        1  -110.00809
   -0.12500        1  -110.20953
   -0.11900        1  -110.41591
   -0.11300        1  -110.62885
   -0.10700        1  -110.84885
   -0.10100        1  -111.07511
   -0.95000E-01    1  -111.31015
   -0.89000E-01    1  -111.55399
   -0.83000E-01    1  -111.80793
   -0.77000E-01    1  -112.07303
   -0.71000E-01    1  -112.35205
   -0.65000E-01    1  -112.64717
   -0.59000E-01    1  -112.96147
   -0.53000E-01    1  -113.29889
   -0.47000E-01    1  -113.66518
   -0.41000E-01    1  -114.06680
   -0.35000E-01    1  -114.51462
   -0.29000E-01    1  -115.02423
   -0.23000E-01    1  -115.62727
   -0.19700E-01    1  -115.69403
   -0.19100E-01    1  -115.76227
   -0.18500E-01    1  -115.83229
   -0.17900E-01    1  -115.90406
   -0.17300E-01    1  -115.97785
   -0.16700E-01    1  -116.05361
   -0.16100E-01    1  -116.13182
   -0.15500E-01    1  -116.21251
   -0.14900E-01    1  -116.29578
   -0.14300E-01    1  -116.38169
   -0.13700E-01    1  -116.47035
   -0.13100E-01    1  -116.56188
   -0.12500E-01    1  -116.65655
   -0.11900E-01    1  -116.75432
   -0.11300E-01    1  -116.85542
   -0.10700E-01    1  -116.95986
   -0.10100E-01    1  -117.06794
   -0.95000E-02    1  -117.17972
   -0.89000E-02    1  -117.29511
   -0.83000E-02    1  -117.41440
   -0.77000E-02    1  -117.53740
   -0.71000E-02    1  -117.66366
   -0.65000E-02    1  -117.79242
   -0.59000E-02    1  -117.92302
   -0.53000E-02    1  -118.05417
   -0.47000E-02    1  -118.18415
   -0.41000E-02    1  -118.31061
   -0.35000E-02    1  -118.43075
   -0.29000E-02    1  -118.54095
   -0.23000E-02    1  -118.63675
   -0.17000E-02    1  -118.71281
   -0.11000E-02    1  -118.76433
   -0.50000E-03    1  -118.78834
    0.10000E-03    1  -118.78357
    0.70000E-03    1  -118.75021
    0.13000E-02    1  -118.69010
    0.19000E-02    1  -118.60686
    0.25000E-02    1  -118.50583
    0.31000E-02    1  -118.39189
    0.37000E-02    1  -118.26941
    0.43000E-02    1  -118.14159
    0.49000E-02    1  -118.01108
    0.55000E-02    1  -117.88008
    0.61000E-02    1  -117.75022
    0.67000E-02    1  -117.62230
    0.73000E-02    1  -117.49722
    0.79000E-02    1  -117.37569
    0.85000E-02    1  -117.25808
    0.91000E-02    1  -117.14406
    0.97000E-02    1  -117.03379
    0.10300E-01    1  -116.92736
    0.10900E-01    1  -116.82444
    0.11500E-01    1  -116.72479
    0.12100E-01    1  -116.62857
    0.12700E-01    1  -116.53545
    0.13300E-01    1  -116.44528
    0.13900E-01    1  -116.35791
    0.14500E-01    1  -116.27326
    0.15100E-01    1  -116.19138
    0.15700E-01    1  -116.11198
    0.16300E-01    1  -116.03502
    0.16900E-01    1  -115.96038
    0.17500E-01    1  -115.88764
    0.18100E-01    1  -115.81704
    0.18700E-01    1  -115.74805
    0.19300E-01    1  -115.68067
    0.20200E-01    1  -115.43272
    0.25000E-01    1  -114.87124
    0.31000E-01    1  -114.39280
    0.37000E-01    1  -113.97219
    0.43000E-01    1  -113.59509
    0.49000E-01    1  -113.25200
    0.55000E-01    1  -112.93741
    0.61000E-01    1  -112.64570
    0.67000E-01    1  -112.37342
    0.73000E-01    1  -112.11846
    0.79000E-01    1  -111.87788
    0.85000E-01    1  -111.65041
    0.91000E-01    1  -111.43377
    0.97000E-01    1  -111.22681
    0.10300        1  -111.02979
    0.10900        1  -110.84080
    0.11500        1  -110.65997
    0.12100        1  -110.48559
    0.12700        1  -110.31843
    0.13300        1  -110.15789
    0.13900        1  -110.00239
    0.14500        1  -109.85305
    0.15100        1  -109.70888
    0.15700        1  -109.56970
    0.16300        1  -109.43551
    0.16900        1  -109.30492
    0.17500        1  -109.17862
    0.18100        1  -109.05718
    0.18700        1  -108.93923
    0.19300        1  -108.82433
    0.19900        1  -108.71273
    0.20500        1  -108.60486
    0.21100        1  -108.50004
    0.21700        1  -108.39745
    0.29500        1  -106.48923
    0.44500        1  -105.49721
    0.59500        1  -104.88002
    0.74500        1  -104.41840
    0.89500        1  -104.03647
     1.0450        1  -103.70977
     1.1950        1  -103.42622
     1.3450        1  -103.17092
     1.4950        1  -102.94151
     1.6450        1  -102.73305
     1.7950        1  -102.53963
     1.9450        1  -102.35464
     2.0950        1  -102.18515
     2.2450        1  -102.02982
     2.3950        1  -101.88345
     2.5450        1  -101.74886
     2.6950        1  -101.62340
     2.8450        1  -101.50737
     2.9950        1  -101.40044
     3.1450        1  -101.30281
     3.2950        1  -101.21184
     3.4450        1  -101.12483
     3.5950        1  -101.04421
     3.7450        1  -100.96803
     3.8950        1  -100.89674
     4.0450        1  -100.82750
     4.1950        1  -100.76172
     4.3450        1  -100.69946
     4.4950        1  -100.63894
     4.6450        1  -100.58365
     4.7950        1  -100.53146
     4.9450        1  -100.47893
     5.0950        1  -100.42886
     5.2450        1  -100.37968
     5.3950        1  -100.33426
     5.5450        1  -100.28837
     5.6950        1  -100.24308
     5.8450        1  -100.19968
     5.9950        1  -100.15863
     6.1450        1  -100.11730
     6.2950        1  -100.07753
     6.4450        1  -100.03827
     6.5950        1  -100.00028
     6.7450        1   -99.96309
     6.8950        1   -99.92479
     7.0450        1   -99.88831
     7.1950        1   -99.85271
     7.3450        1   -99.81820
     7.4950        1   -99.78472
     7.6450        1   -99.75187
     7.7950        1   -99.71873
     7.9450        1   -99.68571
     8.0950        1   -99.65363
     8.2450        1   -99.62287
     8.3950        1   -99.59163
     8.5450        1   -99.56216
     8.6950        1   -99.53285
     8.8450        1   -99.50277
     8.9950        1   -99.47348
     9.1450        1   -99.44475
     9.2950        1   -99.41649
     9.4450        1   -99.38876
     9.5950        1   -99.36185
     9.7450        1   -99.33561
     9.8950        1   -99.30918
     10.045        1   -99.28320
     10.195        1   -99.25880
     10.345        1   -99.23325
     10.495        1   -99.20768
     10.645        1   -99.18267
     10.795        1   -99.15748
     10.945        1   -99.13313
     11.095        1   -99.10948
     11.245        1   -99.08632
     11.395        1   -99.06253
     11.545        1   -99.04054
     11.695        1   -99.01754
     11.845        1   -98.99435
     11.995        1   -98.97248
     12.145        1   -98.95027
     12.295        1   -98.92773
     12.445        1   -98.90604
     12.595        1   -98.88557
     12.745        1   -98.86477
     12.895        1   -98.84297
     13.045        1   -98.82191
     13.195        1   -98.80065
     13.345        1   -98.78098
     13.495        1   -98.76037
     13.645        1   -98.74073
     13.795        1   -98.72084
     13.945        1   -98.70085
     14.095        1   -98.68123
     14.245        1   -98.66168
     14.395        1   -98.64276
     14.545        1   -98.62407
     14.695        1   -98.60608
     14.845        1   -98.58677
     14.995        1   -98.56916
     15.145        1   -98.55050
     15.295        1   -98.53287
     15.445        1   -98.51525
     15.595        1   -98.49835
     15.745        1   -98.48151
     15.895        1   -98.46411
     16.045        1   -98.44699
     16.195        1   -98.42930
     16.345        1   -98.41185
     16.495        1   -98.39452
     16.645        1   -98.37817
     16.795        1   -98.36139
     16.945        1   -98.34409
     17.095        1   -98.32781
     17.245        1   -98.31206
     17.395        1   -98.29609
     17.545        1   -98.27978
     17.695        1   -98.26302
     17.845        1   -98.24676
     17.995        1   -98.23141
     18.145        1   -98.21678
     18.295        1   -98.20135
     18.445        1   -98.18610
     18.595        1   -98.17116
     18.745        1   -98.15625
     18.895        1   -98.14160
     19.045        1   -98.12732
     19.195        1   -98.11307
     19.345        1   -98.09857
     19.495        1   -98.08362
     19.645        1   -98.06963
     19.795        1   -98.05596
     19.945        1   -98.04176
     20.095        1   -98.02703
     20.245        1   -98.01339
     20.395        1   -97.99964
     20.545        1   -97.98574
     20.695        1   -97.97233
     20.845        1   -97.95935
     20.995        1   -97.94621
     21.145        1   -97.93277
     21.295        1   -97.91990
     21.445        1   -97.90698
     21.595        1   -97.89366
     21.745        1   -97.88089
     21.895        1   -97.86764
     22.045        1   -97.85463
     22.195        1   -97.84216
     22.345        1   -97.82989
     22.495        1   -97.81721
     22.645        1   -97.80408
     22.795        1   -97.79184
     22.945        1   -97.77935
     23.095        1   -97.76759
     23.245        1   -97.75501
     23.395        1   -97.74262
     23.545        1   -97.73060
     23.695        1   -97.71866
     23.845        1   -97.70692
     23.995        1   -97.69559
     24.145        1   -97.68363
     24.295        1   -97.67229
     24.445        1   -97.65990
     24.595        1   -97.64823
     24.745        1   -97.63694
     24.895        1   -97.62573
     25.045        1   -97.61434
     25.195        1   -97.60208
     25.345        1   -97.59019
     25.495        1   -97.57904
     25.645        1   -97.56834
     25.795        1   -97.55725
     25.945        1   -97.54533
     26.095        1   -97.53433
     26.245        1   -97.52311
     26.395        1   -97.51147
     26.545        1   -97.50060
     26.695        1   -97.49026
     26.845        1   -97.47971
     26.995        1   -97.46931
     27.145        1   -97.45843
     27.295        1   -97.44835
     27.445        1   -97.43780
     27.595        1   -97.42753
     27.745        1   -97.41774
     27.895        1   -97.40743
     28.045        1   -97.39717
     28.195        1   -97.38701
     28.345        1   -97.37591
     28.495        1   -97.36555
     28.645        1   -97.35564
     28.795        1   -97.34547
     28.945        1   -97.33521
     29.095        1   -97.32612
     29.245        1   -97.31647
     29.395        1   -97.30646
     29.545        1   -97.29675
     29.695        1   -97.28686
     29.845        1   -97.27705
     29.995        1   -97.26741
     30.145        1   -97.25785
     30.295        1   -97.24818
     30.445        1   -97.23891
     30.595        1   -97.22958
     30.745        1   -97.22018
     30.895        1   -97.21101
     31.045        1   -97.20182
     31.195        1   -97.19281
     31.345        1   -97.18305
     31.495        1   -97.17399
     31.645        1   -97.16492
     31.795        1   -97.15620
     31.945        1   -97.14686
     32.095        1   -97.13763
     32.245        1   -97.12862
     32.395        1   -97.11983
     32.545        1   -97.11125
     32.695        1   -97.10242
     32.845        1   -97.09349
     32.995        1   -97.08463
     33.145        1   -97.07601
     33.295        1   -97.06703
     33.445        1   -97.05823
     33.595        1   -97.04993
     33.745        1   -97.04153
     33.895        1   -97.03289
     34.045        1   -97.02450
     34.195        1   -97.01618
     34.345        1   -97.00758
     34.495        1   -96.99906
     34.645        1   -96.99074
     34.795        1   -96.98216
     34.945        1   -96.97381
     35.095        1   -96.96529
     35.245        1   -96.95680
     35.395        1   -96.94825
     35.545        1   -96.93928
     35.695        1   -96.93135
     35.845        1   -96.92305
     35.995        1   -96.91474
     36.145        1   -96.90703
     36.295        1   -96.89916
     36.445        1   -96.89048
     36.595        1   -96.88265
     36.745        1   -96.87471
     36.895        1   -96.86687
     37.045        1   -96.85914
     37.195        1   -96.85088
     37.345        1   -96.84330
     37.495        1   -96.83539
     37.645        1   -96.82760
     37.795        1   -96.81972
     37.945        1   -96.81214
     38.095        1   -96.80457
     38.245        1   -96.79693
     38.395        1   -96.78869
     38.545        1   -96.78119
     38.695        1   -96.77362
     38.845        1   -96.76603
     38.995        1   -96.75830
     39.145        1   -96.75092
     39.295        1   -96.74342
     39.445        1   -96.73575
     39.595        1   -96.72855
     39.745        1   -96.72129
     39.895        1   -96.71375
     40.045        1   -96.70647
     40.195        1   -96.69900
     40.345        1   -96.69133
     40.495        1   -96.68411
     40.645        1   -96.67615
     40.795        1   -96.66889
     40.945        1   -96.66154
     41.095        1   -96.65463
     41.245        1   -96.64677
     41.395        1   -96.63977
     41.545        1   -96.63261
     41.695        1   -96.62537
     41.845        1   -96.61832
     41.995        1   -96.61128
     42.145        1   -96.60428
     42.295        1   -96.59721
     42.445        1   -96.59036
     42.595        1   -96.58355
     42.745        1   -96.57634
     42.895        1   -96.56920
     43.045        1   -96.56230
     43.195        1   -96.55543
     43.345        1   -96.54902
     43.495        1   -96.54237
     43.645        1   -96.53558
     43.795        1   -96.52900
     43.945        1   -96.52239
     44.095        1   -96.51577
     44.245        1   -96.50928
     44.395        1   -96.50251
     44.545        1   -96.49578
     44.695        1   -96.48903
     44.845        1   -96.48265
     44.995        1   -96.47591
     45.145        1   -96.46947
     45.295        1   -96.46301
     45.445        1   -96.45655
     45.595        1   -96.45054
     45.745        1   -96.44417
     45.895        1   -96.43772
     46.045        1   -96.43126
     46.195        1   -96.42511
     46.345        1   -96.41870
     46.495        1   -96.41253
     46.645        1   -96.40633
     46.795        1   -96.40018
     46.945        1   -96.39343
     47.095        1   -96.38741
     47.245        1   -96.38116
     47.395        1   -96.37496
     47.545        1   -96.36871
     47.695        1   -96.36251
     47.845        1   -96.35605
     47.995        1   -96.34994
     48.145        1   -96.34370
     48.295        1   -96.33753
     48.445        1   -96.33092
     48.595        1   -96.32495
     48.745        1   -96.31903
     48.895        1   -96.31239
     49.045        1   -96.30610
     49.195        1   -96.30012
     49.345        1   -96.29374
     49.495        1   -96.28791
     49.645        1   -96.28202
     49.795        1   -96.27556
     49.945        1   -96.26982
     50.095        1   -96.26342
     50.245        1   -96.25737
     50.395        1   -96.25142
     50.545        1   -96.24527
     50.695        1   -96.23944
     50.845        1   -96.23376
     50.995        1   -96.22791
     51.145        1   -96.22229
     51.295        1   -96.21630
     51.445        1   -96.21063
     51.595        1   -96.20496
     51.745        1   -96.19937
     51.895        1   -96.19377
     52.045        1   -96.18778
     52.195        1   -96.18212
     52.345        1   -96.17649
     52.495        1   -96.17077
     52.645        1   -96.16510
     52.795        1   -96.15904
     52.945        1   -96.15374
     53.095        1   -96.14764
     53.245        1   -96.14237
     53.395        1   -96.13708
     53.545        1   -96.13149
     53.695        1   -96.12626
     53.845        1   -96.12106
     53.995        1   -96.11523
     54.145        1   -96.10970
     54.295        1   -96.10401
     54.445        1   -96.09868
     54.595        1   -96.09337
     54.745        1   -96.08771
     54.895        1   -96.08240
     55.045        1   -96.07711
     55.195        1   -96.07131
     55.345        1   -96.06596
     55.495        1   -96.06081
     55.645        1   -96.05517
     55.795        1   -96.04999
     55.945        1   -96.04481
     56.095        1   -96.03953
     56.245        1   -96.03410
     56.395        1   -96.02855
     56.545        1   -96.02322
     56.695        1   -96.01785
     56.845        1   -96.01248
     56.995        1   -96.00740
     57.145        1   -96.00204
     57.295        1   -95.99680
     57.445        1   -95.99131
     57.595        1   -95.98590
     57.745        1   -95.98096
     57.895        1   -95.97535
     58.045        1   -95.97036
     58.195        1   -95.96530
     58.345        1   -95.96002
     58.495        1   -95.95529
     58.645        1   -95.95038
     58.795        1   -95.94552
     58.945        1   -95.94064
     59.095        1   -95.93545
     59.245        1   -95.93062
     59.395        1   -95.92558
     59.545        1   -95.92058
     59.695        1   -95.91497
     59.845        1   -95.91016
     59.995        1   -95.90524
     60.145        1   -95.90040
     70.939        1   -95.26115
     97.698        1   -94.62296
     134.55        1   -93.98339
     185.30        1   -93.35433
     255.20        1   -92.73064
     351.46        1   -92.11105
     484.04        1   -91.50477
     666.62        1   -90.90522
     918.07        1   -90.31384
     1264.4        1   -89.73268
     1741.3        1   -89.16219
     2398.1        1   -88.59918
     3302.7        1   -88.04418
     4548.5        1   -87.50207
     6264.3        1   -86.96595
     8627.2        1   -86.43757
     11881.        1   -85.91853
     16363.        1   -85.40934
     22535.        1   -84.91022
     31036.        1   -84.41559
     42743.        1   -83.93081
     58866.        1   -83.45395
     81070.        1   -82.98317
    0.11165E+06    1   -82.51846
    0.15377E+06    1   -82.05952
    0.21177E+06    1   -81.60740
    0.29165E+06    1   -81.16017
    0.40166E+06    1   -80.71643
    0.55317E+06    1   -80.27612
    0.76182E+06    1   -79.83766
    0.10492E+07    1   -79.40446
    0.14449E+07    1   -78.97219
    0.19900E+07    1   -78.54306
    0.27406E+07    1   -78.11353
    0.37744E+07    1   -77.68255
    0.51981E+07    1   -77.24726
    0.71589E+07    1   -76.81116
    0.98593E+07    1   -76.37464
    0.13578E+08    1   -75.93762
    0.18700E+08    1   -75.49613
    0.25754E+08    1   -75.05501
    0.35468E+08    1   -74.61683
    0.48847E+08    1   -74.18581
    0.67273E+08    1   -73.76539
    0.92648E+08    1   -73.35549
    0.12760E+09    1   -72.95598
    0.17573E+09    1   -72.56779
    0.24201E+09    1   -72.19196
    0.33330E+09    1   -71.82780
    0.45902E+09    1   -71.48126
    0.63217E+09    1   -71.15478
    0.87062E+09    1   -70.84782
    0.11990E+10    1   -70.56216
    0.16513E+10    1   -70.29568
    0.22742E+10    1   -70.04661
    0.31320E+10    1   -69.81526
    0.43134E+10    1   -69.59986
    0.59405E+10    1   -69.39847
    0.81813E+10    1   -69.21094
    0.11267E+11    1   -69.03656
    0.15517E+11    1   -68.87407
    0.21371E+11    1   -68.72384
    0.29432E+11    1   -68.58385
    0.40534E+11    1   -68.45389
    0.55823E+11    1   -68.33296
    0.10000E+12    1   -66.82262
    -149.95        2     0.00000
    -149.80        2     0.00000
    -149.65        2     0.00000
    -149.49        2     0.00000
    -149.34        2     0.00000
    -149.20        2     0.00000
    -149.05        2     0.00000
    -148.90        2     0.00000
    -148.74        2     0.00000
    -148.59        2     0.00000
    -148.45        2     0.00000
    -148.30        2     0.00000
    -148.15        2     0.00000
    -147.99        2     0.00000
    -147.84        2     0.00000
    -147.70        2     0.00000
    -147.55        2     0.00000
    -147.40        2     0.00000
    -147.24        2     0.00000
    -147.09        2     0.00000
    -146.95        2     0.00000
    -146.80        2     0.00000
    -146.65        2     0.00000
    -146.49        2     0.00000
    -146.34        2     0.00000
    -146.20        2     0.00000
    -146.05        2     0.00000
    -145.90        2     0.00000
    -145.74        2     0.00000
    -145.59        2     0.00000
    -145.45        2     0.00000
    -145.30        2     0.00000
    -145.15        2     0.00000
    -144.99        2     0.00000
    -144.84        2     0.00000
    -144.70        2     0.00000
    -144.55        2     0.00000
    -144.40        2     0.00000
    -144.24        2     0.00000
    -144.09        2     0.00000
    -143.95        2     0.00000
    -143.80        2     0.00000
    -143.65        2     0.00000
    -143.49        2     0.00000
    -143.34        2     0.00000
    -143.20        2     0.00000
    -143.05        2     0.00000
    -142.90        2     0.00000
    -142.74        2     0.00000
    -142.59        2     0.00000
    -142.45        2     0.00000
    -142.30        2     0.00000
    -142.15        2     0.00000
    -141.99        2     0.00000
    -141.84        2     0.00000
    -141.70        2     0.00000
    -141.55        2     0.00000
    -141.40        2     0.00000
    -141.24        2     0.00000
    -141.09        2     0.00000
    -140.95        2     0.00000
    -140.80        2     0.00000
    -140.65        2     0.00000
    -140.49        2     0.00000
    -140.34        2     0.00000
    -140.20        2     0.00000
    -140.05        2     0.00000
    -139.90        2     0.00000
    -139.74        2     0.00000
    -139.59        2     0.00000
    -139.45        2     0.00000
    -139.30        2     0.00000
    -139.15        2     0.00000
    -138.99        2     0.00000
    -138.84        2     0.00000
    -138.70        2     0.00000
    -138.55        2     0.00000
    -138.40        2     0.00000
    -138.24        2     0.00000
    -138.09        2     0.00000
    -137.95        2     0.00000
    -137.80        2     0.00000
    -137.65        2     0.00000
    -137.49        2     0.00000
    -137.34        2     0.00000
    -137.20        2     0.00000
    -137.05        2     0.00000
    -136.90        2     0.00000
    -136.74        2     0.00000
    -136.59        2     0.00000
    -136.45        2     0.00000
    -136.30        2     0.00000
    -136.15        2     0.00000
    -135.99        2     0.00000
    -135.84        2     0.00000
    -135.70        2     0.00000
    -135.55        2     0.00000
    -135.40        2     0.00000
    -135.24        2     0.00000
    -135.09        2     0.00000
    -134.95        2     0.00000
    -134.80        2     0.00000
    -134.65        2     0.00000
    -134.49        2     0.00000
    -134.34        2     0.00000
    -134.20        2     0.00000
    -134.05        2     0.00000
    -133.90        2     0.00000
    -133.74        2     0.00000
    -133.59        2     0.00000
    -133.45        2     0.00000
    -133.30        2     0.00000
    -133.15        2     0.00000
    -132.99        2     0.00000
    -132.84        2     0.00000
    -132.70        2     0.00000
    -132.55        2     0.00000
    -132.40        2     0.00000
    -132.24        2     0.00000
    -132.09        2     0.00000
    -131.95        2     0.00000
    -131.80        2     0.00000
    -131.65        2     0.00000
    -131.49        2     0.00000
    -131.34        2     0.00000
    -131.20        2     0.00000
    -131.05        2     0.00000
    -130.90        2     0.00000
    -130.74        2     0.00000
    -130.59        2     0.00000
    -130.45        2     0.00000
    -130.30        2     0.00000
    -130.15        2     0.00000
    -129.99        2     0.00000
    -129.84        2     0.00000
    -129.70        2     0.00000
    -129.55        2     0.00000
    -129.40        2     0.00000
    -129.24        2     0.00000
    -129.09        2     0.00000
    -128.95        2     0.00000
    -128.80        2     0.00000
    -128.65        2     0.00000
    -128.49        2     0.00000
    -128.34        2     0.00000
    -128.20        2     0.00000
    -128.05        2     0.00000
    -127.89        2     0.00000
    -127.75        2     0.00000
    -127.60        2     0.00000
    -127.44        2     0.00000
    -127.30        2     0.00000
    -127.14        2     0.00000
    -127.00        2     0.00000
    -126.85        2     0.00000
    -126.69        2     0.00000
    -126.55        2     0.00000
    -126.39        2     0.00000
    -126.25        2     0.00000
    -126.10        2     0.00000
    -125.94        2     0.00000
    -125.80        2     0.00000
    -125.64        2     0.00000
    -125.50        2     0.00000
    -125.35        2     0.00000
    -125.19        2     0.00000
    -125.05        2     0.00000
    -124.89        2     0.00000
    -124.75        2     0.00000
    -124.60        2     0.00000
    -124.44        2     0.00000
    -124.30        2     0.00000
    -124.14        2     0.00000
    -124.00        2     0.00000
    -123.85        2     0.00000
    -123.69        2     0.00000
    -123.55        2     0.00000
    -123.39        2     0.00000
    -123.25        2     0.00000
    -123.10        2     0.00000
    -122.94        2     0.00000
    -122.80        2     0.00000
    -122.64        2     0.00000
    -122.50        2     0.00000
    -122.35        2     0.00000
    -122.19        2     0.00000
    -122.05        2     0.00000
    -121.89        2     0.00000
    -121.75        2     0.00000
    -121.60        2     0.00000
    -121.44        2     0.00000
    -121.30        2     0.00000
    -121.14        2     0.00000
    -121.00        2     0.00000
    -120.85        2     0.00000
    -120.69        2     0.00000
    -120.55        2     0.00000
    -120.39        2     0.00000
    -120.25        2     0.00000
    -120.10        2     0.00000
    -119.94        2     0.00000
    -119.80        2     0.00000
    -119.64        2     0.00000
    -119.50        2     0.00000
    -119.35        2     0.00000
    -119.19        2     0.00000
    -119.05        2     0.00000
    -118.89        2     0.00000
    -118.75        2     0.00000
    -118.60        2     0.00000
    -118.44        2     0.00000
    -118.30        2     0.00000
    -118.14        2     0.00000
    -118.00        2     0.00000
    -117.85        2     0.00000
    -117.69        2     0.00000
    -117.55        2     0.00000
    -117.39        2     0.00000
    -117.25        2     0.00000
    -117.10        2     0.00000
    -116.94        2     0.00000
    -116.80        2     0.00000
    -116.64        2     0.00000
    -116.50        2     0.00000
    -116.35        2     0.00000
    -116.19        2     0.00000
    -116.05        2     0.00000
    -115.89        2     0.00000
    -115.75        2     0.00000
    -115.60        2     0.00000
    -115.44        2     0.00000
    -115.30        2     0.00000
    -115.14        2     0.00000
    -115.00        2     0.00000
    -114.85        2     0.00000
    -114.69        2     0.00000
    -114.55        2     0.00000
    -114.39        2     0.00000
    -114.25        2     0.00000
    -114.10        2     0.00000
    -113.94        2     0.00000
    -113.80        2     0.00000
    -113.64        2     0.00000
    -113.50        2     0.00000
    -113.35        2     0.00000
    -113.19        2     0.00000
    -113.05        2     0.00000
    -112.89        2     0.00000
    -112.75        2     0.00000
    -112.60        2     0.00000
    -112.44        2     0.00000
    -112.30        2     0.00000
    -112.14        2     0.00000
    -112.00        2     0.00000
    -111.85        2     0.00000
    -111.69        2     0.00000
    -111.55        2     0.00000
    -111.39        2     0.00000
    -111.25        2     0.00000
    -111.10        2     0.00000
    -110.94        2     0.00000
    -110.80        2     0.00000
    -110.64        2     0.00000
    -110.50        2     0.00000
    -110.35        2     0.00000
    -110.19        2     0.00000
    -110.05        2     0.00000
    -109.89        2     0.00000
    -109.75        2     0.00000
    -109.60        2     0.00000
    -109.44        2     0.00000
    -109.30        2     0.00000
    -109.14        2     0.00000
    -109.00        2     0.00000
    -108.85        2     0.00000
    -108.69        2     0.00000
    -108.55        2     0.00000
    -108.39        2     0.00000
    -108.25        2     0.00000
    -108.10        2     0.00000
    -107.94        2     0.00000
    -107.80        2     0.00000
    -107.64        2     0.00000
    -107.50        2     0.00000
    -107.35        2     0.00000
    -107.19        2     0.00000
    -107.05        2     0.00000
    -106.89        2     0.00000
    -106.75        2     0.00000
    -106.60        2     0.00000
    -106.44        2     0.00000
    -106.30        2     0.00000
    -106.14        2     0.00000
    -106.00        2     0.00000
    -105.85        2     0.00000
    -105.69        2     0.00000
    -105.55        2     0.00000
    -105.39        2     0.00000
    -105.25        2     0.00000
    -105.10        2     0.00000
    -104.94        2     0.00000
    -104.80        2     0.00000
    -104.64        2     0.00000
    -104.50        2     0.00000
    -104.35        2     0.00000
    -104.19        2     0.00000
    -104.05        2     0.00000
    -103.89        2     0.00000
    -103.75        2     0.00000
    -103.60        2     0.00000
    -103.44        2     0.00000
    -103.30        2     0.00000
    -103.14        2     0.00000
    -103.00        2     0.00000
    -102.85        2     0.00000
    -102.69        2     0.00000
    -102.55        2     0.00000
    -102.39        2     0.00000
    -102.25        2     0.00000
    -102.10        2     0.00000
    -101.94        2     0.00000
    -101.80        2     0.00000
    -101.64        2     0.00000
    -101.50        2     0.00000
    -101.35        2     0.00000
    -101.19        2     0.00000
    -101.05        2     0.00000
    -100.89        2     0.00000
    -100.75        2     0.00000
    -100.60        2     0.00000
    -100.44        2     0.00000
    -100.30        2     0.00000
    -100.14        2     0.00000
    -99.995        2     0.00000
    -99.845        2     0.00000
    -99.695        2     0.00000
    -99.545        2     0.00000
    -99.395        2     0.00000
    -99.245        2     0.00000
    -99.095        2     0.00000
    -98.945        2     0.00000
    -98.795        2     0.00000
    -98.645        2     0.00000
    -98.495        2     0.00000
    -98.345        2     0.00000
    -98.195        2     0.00000
    -98.045        2     0.00000
    -97.895        2     0.00000
    -97.745        2     0.00000
    -97.595        2     0.00000
    -97.445        2     0.00000
    -97.295        2     0.00000
    -97.145        2     0.00000
    -96.995        2     0.00000
    -96.845        2     0.00000
    -96.695        2     0.00000
    -96.545        2     0.00000
    -96.395        2     0.00000
    -96.245        2     0.00000
    -96.095        2     0.00000
    -95.945        2     0.00000
    -95.795        2     0.00000
    -95.645        2     0.00000
    -95.495        2     0.00000
    -95.345        2     0.00000
    -95.195        2     0.00000
    -95.045        2     0.00000
    -94.895        2     0.00000
    -94.745        2     0.00000
    -94.595        2     0.00000
    -94.445        2     0.00000
    -94.295        2     0.00000
    -94.145        2     0.00000
    -93.995        2     0.00000
    -93.845        2     0.00000
    -93.695        2     0.00000
    -93.545        2     0.00000
    -93.395        2     0.00000
    -93.245        2     0.00000
    -93.095        2     0.00000
    -92.945        2     0.00000
    -92.795        2     0.00000
    -92.645        2     0.00000
    -92.495        2     0.00000
    -92.345        2     0.00000
    -92.195        2     0.00000
    -92.045        2     0.00000
    -91.895        2     0.00000
    -91.745        2     0.00000
    -91.595        2     0.00000
    -91.445        2     0.00000
    -91.295        2     0.00000
    -91.145        2     0.00000
    -90.995        2     0.00000
    -90.845        2     0.00000
    -90.695        2     0.00000
    -90.545        2     0.00000
    -90.395        2     0.00000
    -90.245        2     0.00000
    -90.095        2     0.00000
    -89.945        2     0.00000
    -89.795        2     0.00000
    -89.645        2     0.00000
    -89.495        2     0.00000
    -89.345        2     0.00000
    -89.195        2     0.00000
    -89.045        2     0.00000
    -88.895        2     0.00000
    -88.745        2     0.00000
    -88.595        2     0.00000
    -88.445        2     0.00000
    -88.295        2     0.00000
    -88.145        2     0.00000
    -87.995        2     0.00000
    -87.845        2     0.00000
    -87.695        2     0.00000
    -87.545        2     0.00000
    -87.395        2     0.00000
    -87.245        2     0.00000
    -87.095        2     0.00000
    -86.945        2     0.00000
    -86.795        2     0.00000
    -86.645        2     0.00000
    -86.495        2     0.00000
    -86.345        2     0.00000
    -86.195        2     0.00000
    -86.045        2     0.00000
    -85.895        2     0.00000
    -85.745        2     0.00000
    -85.595        2     0.00000
    -85.445        2     0.00000
    -85.295        2     0.00000
    -85.145        2     0.00000
    -84.995        2     0.00000
    -84.845        2     0.00000
    -84.695        2     0.00000
    -84.545        2     0.00000
    -84.395        2     0.00000
    -84.245        2     0.00000
    -84.095        2     0.00000
    -83.945        2     0.00000
    -83.795        2     0.00000
    -83.645        2     0.00000
    -83.495        2     0.00000
    -83.345        2     0.00000
    -83.195        2     0.00000
    -83.045        2     0.00000
    -82.895        2     0.00000
    -82.745        2     0.00000
    -82.595        2     0.00000
    -82.445        2     0.00000
    -82.295        2     0.00000
    -82.145        2     0.00000
    -81.995        2     0.00000
    -81.845        2     0.00000
    -81.695        2     0.00000
    -81.545        2     0.00000
    -81.395        2     0.00000
    -81.245        2     0.00000
    -81.095        2     0.00000
    -80.945        2     0.00000
    -80.795        2     0.00000
    -80.645        2     0.00000
    -80.495        2     0.00000
    -80.345        2     0.00000
    -80.195        2     0.00000
    -80.045        2     0.00000
    -79.895        2     0.00000
    -79.745        2     0.00000
    -79.595        2     0.00000
    -79.445        2     0.00000
    -79.295        2     0.00000
    -79.145        2     0.00000
    -78.995        2     0.00000
    -78.845        2     0.00000
    -78.695        2     0.00000
    -78.545        2     0.00000
    -78.395        2     0.00000
    -78.245        2     0.00000
    -78.095        2     0.00000
    -77.945        2     0.00000
    -77.795        2     0.00000
    -77.645        2     0.00000
    -77.495        2     0.00000
    -77.345        2     0.00000
    -77.195        2     0.00000
    -77.045        2     0.00000
    -76.895        2     0.00000
    -76.745        2     0.00000
    -76.595        2     0.00000
    -76.445        2     0.00000
    -76.295        2     0.00000
    -76.145        2     0.00000
    -75.995        2     0.00000
    -75.845        2     0.00000
    -75.695        2     0.00000
    -75.545        2     0.00000
    -75.395        2     0.00000
    -75.245        2     0.00000
    -75.095        2     0.00000
    -74.945        2     0.00000
    -74.795        2     0.00000
    -74.645        2     0.00000
    -74.495        2     0.00000
    -74.345        2     0.00000
    -74.195        2     0.00000
    -74.045        2     0.00000
    -73.895        2     0.00000
    -73.745        2     0.00000
    -73.595        2     0.00000
    -73.445        2     0.00000
    -73.295        2     0.00000
    -73.145        2     0.00000
    -72.995        2     0.00000
    -72.845        2     0.00000
    -72.695        2     0.00000
    -72.545        2     0.00000
    -72.395        2     0.00000
    -72.245        2     0.00000
    -72.095        2     0.00000
    -71.945        2     0.00000
    -71.795        2     0.00000
    -71.645        2     0.00000
    -71.495        2     0.00000
    -71.345        2     0.00000
    -71.195        2     0.00000
    -71.045        2     0.00000
    -70.895        2     0.00000
    -70.745        2     0.00000
    -70.595        2     0.00000
    -70.445        2     0.00000
    -70.295        2     0.00000
    -70.145        2     0.00000
    -69.995        2     0.00000
    -69.845        2     0.00000
    -69.695        2     0.00000
    -69.545        2     0.00000
    -69.395        2     0.00000
    -69.245        2     0.00000
    -69.095        2     0.00000
    -68.945        2     0.00000
    -68.795        2     0.00000
    -68.645        2     0.00000
    -68.495        2     0.00000
    -68.345        2     0.00000
    -68.195        2     0.00000
    -68.045        2     0.00000
    -67.895        2     0.00000
    -67.745        2     0.00000
    -67.595        2     0.00000
    -67.445        2     0.00000
    -67.295        2     0.00000
    -67.145        2     0.00000
    -66.995        2     0.00000
    -66.845        2     0.00000
    -66.695        2     0.00000
    -66.545        2     0.00000
    -66.395        2     0.00000
    -66.245        2     0.00000
    -66.095        2     0.00000
    -65.945        2     0.00000
    -65.795        2     0.00000
    -65.645        2     0.00000
    -65.495        2     0.00000
    -65.345        2     0.00000
    -65.195        2     0.00000
    -65.045        2     0.00000
    -64.895        2     0.00000
    -64.745        2     0.00000
    -64.595        2     0.00000
    -64.445        2     0.00000
    -64.295        2     0.00000
    -64.145        2     0.00000
    -63.995        2     0.00000
    -63.845        2     0.00000
    -63.695        2     0.00000
    -63.545        2     0.00000
    -63.395        2     0.00000
    -63.245        2     0.00000
    -63.095        2     0.00000
    -62.945        2     0.00000
    -62.795        2     0.00000
    -62.645        2     0.00000
    -62.495        2     0.00000
    -62.345        2     0.00000
    -62.195        2     0.00000
    -62.045        2     0.00000
    -61.895        2     0.00000
    -61.745        2     0.00000
    -61.595        2     0.00000
    -61.445        2     0.00000
    -61.295        2     0.00000
    -61.145        2     0.00000
    -60.995        2     0.00000
    -60.845        2     0.00000
    -60.695        2     0.00000
    -60.545        2     0.00000
    -60.395        2     0.00000
    -60.245        2     0.00000
    -60.095        2     0.00000
    -59.945        2     0.00000
    -59.795        2     0.00000
    -59.645        2     0.00000
    -59.495        2     0.00000
    -59.345        2     0.00000
    -59.195        2     0.00000
    -59.045        2     0.00000
    -58.895        2     0.00000
    -58.745        2     0.00000
    -58.595        2     0.00000
    -58.445        2     0.00000
    -58.295        2     0.00000
    -58.145        2     0.00000
    -57.995        2     0.00000
    -57.845        2     0.00000
    -57.695        2     0.00000
    -57.545        2     0.00000
    -57.395        2     0.00000
    -57.245        2     0.00000
    -57.095        2     0.00000
    -56.945        2     0.00000
    -56.795        2     0.00000
    -56.645        2     0.00000
    -56.495        2     0.00000
    -56.345        2     0.00000
    -56.195        2     0.00000
    -56.045        2     0.00000
    -55.895        2     0.00000
    -55.745        2     0.00000
    -55.595        2     0.00000
    -55.445        2     0.00000
    -55.295        2     0.00000
    -55.145        2     0.00000
    -54.995        2     0.00000
    -54.845        2     0.00000
    -54.695        2     0.00000
    -54.545        2     0.00000
    -54.395        2     0.00000
    -54.245        2     0.00000
    -54.095        2     0.00000
    -53.945        2     0.00000
    -53.795        2     0.00000
    -53.645        2     0.00000
    -53.495        2     0.00000
    -53.345        2     0.00000
    -53.195        2     0.00000
    -53.045        2     0.00000
    -52.895        2     0.00000
    -52.745        2     0.00000
    -52.595        2     0.00000
    -52.445        2     0.00000
    -52.295        2     0.00000
    -52.145        2     0.00000
    -51.995        2     0.00000
    -51.845        2     0.00000
    -51.695        2     0.00000
    -51.545        2     0.00000
    -51.395        2     0.00000
    -51.245        2     0.00000
    -51.095        2     0.00000
    -50.945        2     0.00000
    -50.795        2     0.00000
    -50.645        2     0.00000
    -50.495        2     0.00000
    -50.345        2     0.00000
    -50.195        2     0.00000
    -50.045        2     0.00000
    -49.895        2     0.00000
    -49.745        2     0.00000
    -49.595        2     0.00000
    -49.445        2     0.00000
    -49.295        2     0.00000
    -49.145        2     0.00000
    -48.995        2     0.00000
    -48.845        2     0.00000
    -48.695        2     0.00000
    -48.545        2     0.00000
    -48.395        2     0.00000
    -48.245        2     0.00000
    -48.095        2     0.00000
    -47.945        2     0.00000
    -47.795        2     0.00000
    -47.645        2     0.00000
    -47.495        2     0.00000
    -47.345        2     0.00000
    -47.195        2     0.00000
    -47.045        2     0.00000
    -46.895        2     0.00000
    -46.745        2     0.00000
    -46.595        2     0.00000
    -46.445        2     0.00000
    -46.295        2     0.00000
    -46.145        2     0.00000
    -45.995        2     0.00000
    -45.845        2     0.00000
    -45.695        2     0.00000
    -45.545        2     0.00000
    -45.395        2     0.00000
    -45.245        2     0.00000
    -45.095        2     0.00000
    -44.945        2     0.00000
    -44.795        2     0.00000
    -44.645        2     0.00000
    -44.495        2     0.00000
    -44.345        2     0.00000
    -44.195        2     0.00000
    -44.045        2     0.00000
    -43.895        2     0.00000
    -43.745        2     0.00000
    -43.595        2     0.00000
    -43.445        2     0.00000
    -43.295        2     0.00000
    -43.145        2     0.00000
    -42.995        2     0.00000
    -42.845        2     0.00000
    -42.695        2     0.00000
    -42.545        2     0.00000
    -42.395        2     0.00000
    -42.245        2     0.00000
    -42.095        2     0.00000
    -41.945        2     0.00000
    -41.795        2     0.00000
    -41.645        2     0.00000
    -41.495        2     0.00000
    -41.345        2     0.00000
    -41.195        2     0.00000
    -41.045        2     0.00000
    -40.895        2     0.00000
    -40.745        2     0.00000
    -40.595        2     0.00000
    -40.445        2     0.00000
    -40.295        2     0.00000
    -40.145        2     0.00000
    -39.995        2     0.00000
    -39.845        2     0.00000
    -39.695        2     0.00000
    -39.545        2     0.00000
    -39.395        2     0.00000
    -39.245        2     0.00000
    -39.095        2     0.00000
    -38.945        2     0.00000
    -38.795        2     0.00000
    -38.645        2     0.00000
    -38.495        2     0.00000
    -38.345        2     0.00000
    -38.195        2     0.00000
    -38.045        2     0.00000
    -37.895        2     0.00000
    -37.745        2     0.00000
    -37.595        2     0.00000
    -37.445        2     0.00000
    -37.295        2     0.00000
    -37.145        2     0.00000
    -36.995        2     0.00000
    -36.845        2     0.00000
    -36.695        2     0.00000
    -36.545        2     0.00000
    -36.395        2     0.00000
    -36.245        2     0.00000
    -36.095        2     0.00000
    -35.945        2     0.00000
    -35.795        2     0.00000
    -35.645        2     0.00000
    -35.495        2     0.00000
    -35.345        2     0.00000
    -35.195        2     0.00000
    -35.045        2     0.00000
    -34.895        2     0.00000
    -34.745        2     0.00000
    -34.595        2     0.00000
    -34.445        2     0.00000
    -34.295        2     0.00000
    -34.145        2     0.00000
    -33.995        2     0.00000
    -33.845        2     0.00000
    -33.695        2     0.00000
    -33.545        2     0.00000
    -33.395        2     0.00000
    -33.245        2     0.00000
    -33.095        2     0.00000
    -32.945        2     0.00000
    -32.795        2     0.00000
    -32.645        2     0.00000
    -32.495        2     0.00000
    -32.345        2     0.00000
    -32.195        2     0.00000
    -32.045        2     0.00000
    -31.895        2     0.00000
    -31.745        2     0.00000
    -31.595        2     0.00000
    -31.445        2     0.00000
    -31.295        2     0.00000
    -31.145        2     0.00000
    -30.995        2     0.00000
    -30.845        2     0.00000
    -30.695        2     0.00000
    -30.545        2     0.00000
    -30.395        2     0.00000
    -30.245        2     0.00000
    -30.095        2     0.00000
    -29.945        2     0.00000
    -29.795        2     0.00000
    -29.645        2     0.00000
    -29.495        2     0.00000
    -29.345        2     0.00000
    -29.195        2     0.00000
    -29.045        2     0.00000
    -28.895        2     0.00000
    -28.745        2     0.00000
    -28.595        2     0.00000
    -28.445        2     0.00000
    -28.295        2     0.00000
    -28.145        2     0.00000
    -27.995        2     0.00000
    -27.845        2     0.00000
    -27.695        2     0.00000
    -27.545        2     0.00000
    -27.395        2     0.00000
    -27.245        2     0.00000
    -27.095        2     0.00000
    -26.945        2     0.00000
    -26.795        2     0.00000
    -26.645        2     0.00000
    -26.495        2     0.00000
    -26.345        2     0.00000
    -26.195        2     0.00000
    -26.045        2     0.00000
    -25.895        2     0.00000
    -25.745        2     0.00000
    -25.595        2     0.00000
    -25.445        2     0.00000
    -25.295        2     0.00000
    -25.145        2     0.00000
    -24.995        2     0.00000
    -24.845        2     0.00000
    -24.695        2     0.00000
    -24.545        2     0.00000
    -24.395        2     0.00000
    -24.245        2     0.00000
    -24.095        2     0.00000
    -23.945        2     0.00000
    -23.795        2     0.00000
    -23.645        2     0.00000
    -23.495        2     0.00000
    -23.345        2     0.00000
    -23.195        2     0.00000
    -23.045        2     0.00000
    -22.895        2     0.00000
    -22.745        2     0.00000
    -22.595        2     0.00000
    -22.445        2     0.00000
    -22.295        2     0.00000
    -22.145        2     0.00000
    -21.995        2     0.00000
    -21.845        2     0.00000
    -21.695        2     0.00000
    -21.545        2     0.00000
    -21.395        2     0.00000
    -21.245        2     0.00000
    -21.095        2     0.00000
    -20.945        2     0.00000
    -20.795        2     0.00000
    -20.645        2     0.00000
    -20.495        2     0.00000
    -20.345        2     0.00000
    -20.195        2     0.00000
    -20.045        2     0.00000
    -19.895        2     0.00000
    -19.745        2     0.00000
    -19.595        2     0.00000
    -19.445        2     0.00000
    -19.295        2     0.00000
    -19.145        2     0.00000
    -18.995        2     0.00000
    -18.845        2     0.00000
    -18.695        2     0.00000
    -18.545        2     0.00000
    -18.395        2     0.00000
    -18.245        2     0.00000
    -18.095        2     0.00000
    -17.945        2     0.00000
    -17.795        2     0.00000
    -17.645        2     0.00000
    -17.495        2     0.00000
    -17.345        2     0.00000
    -17.195        2     0.00000
    -17.045        2     0.00000
    -16.895        2     0.00000
    -16.745        2     0.00000
    -16.595        2     0.00000
    -16.445        2     0.00000
    -16.295        2     0.00000
    -16.145        2     0.00000
    -15.995        2     0.00000
    -15.845        2     0.00000
    -15.695        2     0.00000
    -15.545        2     0.00000
    -15.395        2     0.00000
    -15.245        2     0.00000
    -15.095        2     0.00000
    -14.945        2     0.00000
    -14.795        2     0.00000
    -14.645        2     0.00000
    -14.495        2    -0.00061
    -14.345        2    -0.00971
    -14.195        2    -0.04336
    -14.045        2    -0.13322
    -13.895        2    -0.30541
    -13.745        2    -0.56824
    -13.595        2    -0.89500
    -13.445        2    -1.32904
    -13.295        2    -1.86445
    -13.145        2    -2.48812
    -12.995        2    -3.19941
    -12.845        2    -3.96865
    -12.695        2    -4.79326
    -12.545        2    -5.67015
    -12.395        2    -6.58222
    -12.245        2    -7.52529
    -12.095        2    -8.49265
    -11.945        2    -9.47550
    -11.795        2   -10.46436
    -11.645        2   -11.45218
    -11.495        2   -12.41969
    -11.345        2   -13.35085
    -11.195        2   -14.27969
    -11.045        2   -15.17523
    -10.895        2   -16.05503
    -10.745        2   -16.90445
    -10.595        2   -17.73872
    -10.445        2   -18.56076
    -10.295        2   -19.37292
    -10.145        2   -20.19810
    -9.9950        2   -21.01588
    -9.8450        2   -21.86192
    -9.6950        2   -22.71522
    -9.5450        2   -23.57101
    -9.3950        2   -24.44407
    -9.2450        2   -25.35646
    -9.0950        2   -26.25213
    -8.9450        2   -27.18004
    -8.7950        2   -28.12285
    -8.6450        2   -29.05485
    -8.4950        2   -29.99659
    -8.3450        2   -30.96449
    -8.1950        2   -31.95570
    -8.0450        2   -32.95622
    -7.8950        2   -33.97693
    -7.7450        2   -35.03800
    -7.5950        2   -36.12426
    -7.4450        2   -37.24002
    -7.2950        2   -38.39914
    -7.1450        2   -39.60909
    -6.9950        2   -40.85703
    -6.8450        2   -42.16934
    -6.6950        2   -43.50394
    -6.5450        2   -44.86754
    -6.3950        2   -46.28635
    -6.2450        2   -47.75216
    -6.0950        2   -49.24321
    -5.9450        2   -50.75721
    -5.7950        2   -52.28642
    -5.6450        2   -53.82860
    -5.4950        2   -55.37530
    -5.3450        2   -56.93547
    -5.1950        2   -58.50922
    -5.0450        2   -60.07705
    -4.8950        2   -61.65694
    -4.7450        2   -63.23660
    -4.5950        2   -64.82361
    -4.4450        2   -66.44882
    -4.2950        2   -68.10422
    -4.1450        2   -69.79893
    -3.9950        2   -71.53716
    -3.8450        2   -73.31057
    -3.6950        2   -75.14354
    -3.5450        2   -77.05736
    -3.3950        2   -79.06775
    -3.2450        2   -81.18009
    -3.0950        2   -83.41418
    -2.9450        2   -85.79227
    -2.7950        2   -88.37538
    -2.6450        2   -91.17431
    -2.4950        2   -94.25146
    -2.3450        2   -97.66231
    -2.1950        2  -101.54593
    -2.0450        2  -106.01024
    -1.8950        2  -111.19864
    -1.7450        2  -117.19114
    -1.5950        2  -124.01735
    -1.4450        2  -131.70973
    -1.2950        2  -140.24129
    -1.1450        2  -149.46930
   -0.99500        2  -159.31273
   -0.84500        2  -169.69987
   -0.69500        2  -180.65810
   -0.54500        2  -192.46897
   -0.39500        2  -205.94684
   -0.25300        2  -216.19714
   -0.21500        2  -216.89646
   -0.20900        2  -217.60601
   -0.20300        2  -218.32514
   -0.19700        2  -219.05737
   -0.19100        2  -219.79918
   -0.18500        2  -220.55282
   -0.17900        2  -221.32128
   -0.17300        2  -222.10146
   -0.16700        2  -222.89576
   -0.16100        2  -223.70443
   -0.15500        2  -224.52902
   -0.14900        2  -225.36985
   -0.14300        2  -226.22720
   -0.13700        2  -227.10420
   -0.13100        2  -228.00156
   -0.12500        2  -228.92030
   -0.11900        2  -229.86245
   -0.11300        2  -230.83155
   -0.10700        2  -231.82839
   -0.10100        2  -232.85433
   -0.95000E-01    2  -233.91505
   -0.89000E-01    2  -235.01448
   -0.83000E-01    2  -236.15503
   -0.77000E-01    2  -237.34379
   -0.71000E-01    2  -238.58993
   -0.65000E-01    2  -239.89908
   -0.59000E-01    2  -241.28523
   -0.53000E-01    2  -242.76128
   -0.47000E-01    2  -244.35014
   -0.41000E-01    2  -246.08094
   -0.35000E-01    2  -247.99897
   -0.29000E-01    2  -250.17934
   -0.23000E-01    2  -252.74792
   -0.19700E-01    2  -253.03017
   -0.19100E-01    2  -253.31843
   -0.18500E-01    2  -253.61304
   -0.17900E-01    2  -253.91430
   -0.17300E-01    2  -254.22258
   -0.16700E-01    2  -254.53878
   -0.16100E-01    2  -254.86301
   -0.15500E-01    2  -255.19582
   -0.14900E-01    2  -255.53790
   -0.14300E-01    2  -255.89003
   -0.13700E-01    2  -256.25344
   -0.13100E-01    2  -256.62829
   -0.12500E-01    2  -257.01542
   -0.11900E-01    2  -257.41667
   -0.11300E-01    2  -257.83366
   -0.10700E-01    2  -258.26729
   -0.10100E-01    2  -258.72029
   -0.95000E-02    2  -259.19489
   -0.89000E-02    2  -259.69435
   -0.83000E-02    2  -260.22271
   -0.77000E-02    2  -260.78421
   -0.71000E-02    2  -261.38189
   -0.65000E-02    2  -262.01842
   -0.59000E-02    2  -262.69673
   -0.53000E-02    2  -263.42090
   -0.47000E-02    2  -264.19366
   -0.41000E-02    2  -265.01632
   -0.35000E-02    2  -265.88348
   -0.29000E-02    2  -266.77526
   -0.23000E-02    2  -267.65563
   -0.17000E-02    2  -268.45898
   -0.11000E-02    2  -269.08392
   -0.50000E-03    2  -269.39962
    0.10000E-03    2  -269.33497
    0.70000E-03    2  -268.90363
    0.13000E-02    2  -268.20474
    0.19000E-02    2  -267.36653
    0.25000E-02    2  -266.47650
    0.31000E-02    2  -265.59062
    0.37000E-02    2  -264.73703
    0.43000E-02    2  -263.93227
    0.49000E-02    2  -263.17876
    0.55000E-02    2  -262.47495
    0.61000E-02    2  -261.81542
    0.67000E-02    2  -261.19620
    0.73000E-02    2  -260.61445
    0.79000E-02    2  -260.06801
    0.85000E-02    2  -259.55323
    0.91000E-02    2  -259.06556
    0.97000E-02    2  -258.60127
    0.10300E-01    2  -258.15755
    0.10900E-01    2  -257.73194
    0.11500E-01    2  -257.32295
    0.12100E-01    2  -256.92877
    0.12700E-01    2  -256.54850
    0.13300E-01    2  -256.18070
    0.13900E-01    2  -255.82410
    0.14500E-01    2  -255.47843
    0.15100E-01    2  -255.14251
    0.15700E-01    2  -254.81584
    0.16300E-01    2  -254.49754
    0.16900E-01    2  -254.18751
    0.17500E-01    2  -253.88513
    0.18100E-01    2  -253.58949
    0.18700E-01    2  -253.30061
    0.19300E-01    2  -253.01832
    0.20200E-01    2  -251.97554
    0.25000E-01    2  -249.60219
    0.31000E-01    2  -247.57389
    0.37000E-01    2  -245.78653
    0.43000E-01    2  -244.17763
    0.49000E-01    2  -242.70623
    0.55000E-01    2  -241.34912
    0.61000E-01    2  -240.08508
    0.67000E-01    2  -238.89951
    0.73000E-01    2  -237.78273
    0.79000E-01    2  -236.72562
    0.85000E-01    2  -235.72294
    0.91000E-01    2  -234.76823
    0.97000E-01    2  -233.85632
    0.10300        2  -232.98359
    0.10900        2  -232.14799
    0.11500        2  -231.34396
    0.12100        2  -230.57107
    0.12700        2  -229.82720
    0.13300        2  -229.10946
    0.13900        2  -228.41610
    0.14500        2  -227.74727
    0.15100        2  -227.10210
    0.15700        2  -226.47740
    0.16300        2  -225.87274
    0.16900        2  -225.28680
    0.17500        2  -224.71724
    0.18100        2  -224.16587
    0.18700        2  -223.63112
    0.19300        2  -223.11239
    0.19900        2  -222.60914
    0.20500        2  -222.11840
    0.21100        2  -221.64082
    0.21700        2  -221.17617
    0.29500        2  -212.06328
    0.44500        2  -206.45834
    0.59500        2  -202.46717
    0.74500        2  -199.34203
    0.89500        2  -196.72916
     1.0450        2  -194.45959
     1.1950        2  -192.43670
     1.3450        2  -190.61026
     1.4950        2  -188.93787
     1.6450        2  -187.40667
     1.7950        2  -185.99188
     1.9450        2  -184.69801
     2.0950        2  -183.50793
     2.2450        2  -182.42314
     2.3950        2  -181.43611
     2.5450        2  -180.52971
     2.6950        2  -179.70797
     2.8450        2  -178.95521
     2.9950        2  -178.26168
     3.1450        2  -177.62321
     3.2950        2  -177.02390
     3.4450        2  -176.47355
     3.5950        2  -175.95027
     3.7450        2  -175.46794
     3.8950        2  -175.00285
     4.0450        2  -174.56512
     4.1950        2  -174.14319
     4.3450        2  -173.75027
     4.4950        2  -173.36417
     4.6450        2  -172.99730
     4.7950        2  -172.64469
     4.9450        2  -172.30242
     5.0950        2  -171.97769
     5.2450        2  -171.65957
     5.3950        2  -171.35014
     5.5450        2  -171.05100
     5.6950        2  -170.75807
     5.8450        2  -170.47075
     5.9950        2  -170.18752
     6.1450        2  -169.91783
     6.2950        2  -169.65188
     6.4450        2  -169.39451
     6.5950        2  -169.14604
     6.7450        2  -168.90282
     6.8950        2  -168.66431
     7.0450        2  -168.42511
     7.1950        2  -168.19902
     7.3450        2  -167.97273
     7.4950        2  -167.75390
     7.6450        2  -167.53904
     7.7950        2  -167.32655
     7.9450        2  -167.11761
     8.0950        2  -166.91129
     8.2450        2  -166.70881
     8.3950        2  -166.51489
     8.5450        2  -166.31642
     8.6950        2  -166.12394
     8.8450        2  -165.93631
     8.9950        2  -165.75298
     9.1450        2  -165.57515
     9.2950        2  -165.39602
     9.4450        2  -165.21981
     9.5950        2  -165.04856
     9.7450        2  -164.88060
     9.8950        2  -164.71732
     10.045        2  -164.55395
     10.195        2  -164.39167
     10.345        2  -164.23151
     10.495        2  -164.07601
     10.645        2  -163.92240
     10.795        2  -163.76849
     10.945        2  -163.61365
     11.095        2  -163.46682
     11.245        2  -163.32266
     11.395        2  -163.17935
     11.545        2  -163.03769
     11.695        2  -162.89793
     11.845        2  -162.76093
     11.995        2  -162.62415
     12.145        2  -162.48709
     12.295        2  -162.35077
     12.445        2  -162.21873
     12.595        2  -162.08818
     12.745        2  -161.95952
     12.895        2  -161.83226
     13.045        2  -161.70739
     13.195        2  -161.58564
     13.345        2  -161.46288
     13.495        2  -161.33759
     13.645        2  -161.21881
     13.795        2  -161.09932
     13.945        2  -160.97644
     14.095        2  -160.85948
     14.245        2  -160.74107
     14.395        2  -160.62856
     14.545        2  -160.51682
     14.695        2  -160.40677
     14.845        2  -160.29246
     14.995        2  -160.18268
     15.145        2  -160.07179
     15.295        2  -159.96430
     15.445        2  -159.85473
     15.595        2  -159.75049
     15.745        2  -159.64489
     15.895        2  -159.54015
     16.045        2  -159.43536
     16.195        2  -159.33274
     16.345        2  -159.23246
     16.495        2  -159.13308
     16.645        2  -159.03241
     16.795        2  -158.93407
     16.945        2  -158.83649
     17.095        2  -158.74002
     17.245        2  -158.64395
     17.395        2  -158.54994
     17.545        2  -158.45583
     17.695        2  -158.36134
     17.845        2  -158.26981
     17.995        2  -158.17530
     18.145        2  -158.08338
     18.295        2  -157.99704
     18.445        2  -157.90517
     18.595        2  -157.81703
     18.745        2  -157.72838
     18.895        2  -157.64296
     19.045        2  -157.55600
     19.195        2  -157.47012
     19.345        2  -157.38401
     19.495        2  -157.29885
     19.645        2  -157.21390
     19.795        2  -157.12928
     19.945        2  -157.04593
     20.095        2  -156.96477
     21.836        2  -154.48547
     30.068        2  -150.80114
     42.097        2  -147.14355
     58.937        2  -143.53195
     82.515        2  -139.97174
     115.53        2  -136.48560
     161.74        2  -133.06964
     226.45        2  -129.71772
     317.04        2  -126.44837
     443.87        2  -123.25052
     621.44        2  -120.11902
     870.05        2  -117.06809
     1218.1        2  -114.07649
     1705.4        2  -111.17108
     2387.7        2  -108.33386
     3342.9        2  -105.56617
     4680.2        2  -102.87071
     6552.5        2  -100.23970
     9173.8        2   -97.68066
     12844.        2   -95.19250
     17982.        2   -92.78214
     25176.        2   -90.45617
     35247.        2   -88.21435
     49348.        2   -86.06013
     69090.        2   -83.99219
     96729.        2   -82.01360
    0.13543E+06    2   -80.12446
    0.18960E+06    2   -78.32340
    0.26545E+06    2   -76.60570
    0.37165E+06    2   -74.96921
    0.52033E+06    2   -73.41404
    0.72849E+06    2   -71.93229
    0.10199E+07    2   -70.52018
    0.14279E+07    2   -69.17634
    0.19992E+07    2   -67.90362
    0.27990E+07    2   -66.69095
    0.39187E+07    2   -65.53605
    0.54864E+07    2   -64.43444
    0.76812E+07    2   -63.39232
    0.10754E+08    2   -62.39713
    0.15056E+08    2   -61.45427
    0.21080E+08    2   -60.56159
    0.29513E+08    2   -59.70704
    0.41319E+08    2   -58.90617
    0.57849E+08    2   -58.15637
    0.80991E+08    2   -57.46354
    0.11339E+09    2   -56.81618
    0.15875E+09    2   -56.21614
    0.22226E+09    2   -55.65779
    0.31118E+09    2   -55.13492
    0.43567E+09    2   -54.64799
    0.60996E+09    2   -54.20319
    0.85398E+09    2   -53.79929
    0.11956E+10    2   -53.43060
    0.16739E+10    2   -53.08938
    0.23436E+10    2   -52.77963
    0.32811E+10    2   -52.49160
    0.45937E+10    2   -52.22751
    0.64315E+10    2   -51.98561
    0.90044E+10    2   -51.76291
    0.12607E+11    2   -51.55905
    0.17650E+11    2   -51.36970
    0.24711E+11    2   -51.19705
    0.34596E+11    2   -51.03805
    0.48437E+11    2   -50.89185
    0.67814E+11    2   -50.75737
    0.10000E+12    2   -49.22484
