    -29.945        1     0.00000
    -29.795        1     0.00000
    -29.645        1     0.00000
    -29.495        1     0.00000
    -29.345        1     0.00000
    -29.195        1     0.00000
    -29.045        1     0.00000
    -28.895        1     0.00000
    -28.745        1     0.00000
    -28.595        1     0.00000
    -28.445        1     0.00000
    -28.295        1     0.00000
    -28.145        1     0.00000
    -27.995        1     0.00000
    -27.845        1     0.00000
    -27.695        1     0.00000
    -27.545        1     0.00000
    -27.395        1     0.00000
    -27.245        1     0.00000
    -27.095        1     0.00000
    -26.945        1     0.00000
    -26.795        1     0.00000
    -26.645        1     0.00000
    -26.495        1     0.00000
    -26.345        1     0.00000
    -26.195        1     0.00000
    -26.045        1     0.00000
    -25.895        1     0.00000
    -25.745        1     0.00000
    -25.595        1     0.00000
    -25.445        1     0.00000
    -25.295        1     0.00000
    -25.145        1     0.00000
    -24.995        1     0.00000
    -24.845        1     0.00000
    -24.695        1     0.00000
    -24.545        1     0.00000
    -24.395        1     0.00000
    -24.245        1     0.00000
    -24.095        1     0.00000
    -23.945        1     0.00000
    -23.795        1     0.00000
    -23.645        1     0.00000
    -23.495        1     0.00000
    -23.345        1     0.00000
    -23.195        1     0.00000
    -23.045        1     0.00000
    -22.895        1     0.00000
    -22.745        1     0.00000
    -22.595        1     0.00000
    -22.445        1     0.00000
    -22.295        1     0.00000
    -22.145        1     0.00000
    -21.995        1     0.00000
    -21.845        1     0.00000
    -21.695        1     0.00000
    -21.545        1     0.00000
    -21.395        1     0.00000
    -21.245        1     0.00000
    -21.095        1     0.00000
    -20.945        1    -0.00028
    -20.795        1    -0.00042
    -20.645        1    -0.00096
    -20.495        1    -0.00219
    -20.345        1    -0.00480
    -20.195        1    -0.01031
    -20.045        1    -0.01723
    -19.895        1    -0.02701
    -19.745        1    -0.04222
    -19.595        1    -0.06455
    -19.445        1    -0.09158
    -19.295        1    -0.12875
    -19.145        1    -0.17147
    -18.995        1    -0.22928
    -18.845        1    -0.29715
    -18.695        1    -0.38544
    -18.545        1    -0.48109
    -18.395        1    -0.59520
    -18.245        1    -0.72128
    -18.095        1    -0.86825
    -17.945        1    -1.02957
    -17.795        1    -1.20660
    -17.645        1    -1.40719
    -17.495        1    -1.62673
    -17.345        1    -1.85555
    -17.195        1    -2.09919
    -17.045        1    -2.36578
    -16.895        1    -2.64109
    -16.745        1    -2.93428
    -16.595        1    -3.24416
    -16.445        1    -3.56219
    -16.295        1    -3.89371
    -16.145        1    -4.22881
    -15.995        1    -4.56157
    -15.845        1    -4.89710
    -15.695        1    -5.23988
    -15.545        1    -5.57972
    -15.395        1    -5.93119
    -15.245        1    -6.28333
    -15.095        1    -6.62132
    -14.945        1    -6.95733
    -14.795        1    -7.30368
    -14.645        1    -7.63261
    -14.495        1    -7.95980
    -14.345        1    -8.28255
    -14.195        1    -8.61210
    -14.045        1    -8.93136
    -13.895        1    -9.24645
    -13.745        1    -9.56188
    -13.595        1    -9.87957
    -13.445        1   -10.18411
    -13.295        1   -10.49766
    -13.145        1   -10.79680
    -12.995        1   -11.09075
    -12.845        1   -11.38975
    -12.695        1   -11.68865
    -12.545        1   -11.97784
    -12.395        1   -12.27284
    -12.245        1   -12.57395
    -12.095        1   -12.86952
    -11.945        1   -13.16685
    -11.795        1   -13.45498
    -11.645        1   -13.74741
    -11.495        1   -14.03348
    -11.345        1   -14.31530
    -11.195        1   -14.59303
    -11.045        1   -14.87208
    -10.895        1   -15.15271
    -10.745        1   -15.43281
    -10.595        1   -15.71504
    -10.445        1   -15.98728
    -10.295        1   -16.25468
    -10.145        1   -16.51070
    -9.9950        1   -16.76810
    -9.8450        1   -17.01680
    -9.6950        1   -17.26898
    -9.5450        1   -17.51190
    -9.3950        1   -17.74645
    -9.2450        1   -17.98166
    -9.0950        1   -18.21249
    -8.9450        1   -18.43094
    -8.7950        1   -18.66095
    -8.6450        1   -18.88899
    -8.4950        1   -19.11811
    -8.3450        1   -19.34799
    -8.1950        1   -19.58414
    -8.0450        1   -19.81764
    -7.8950        1   -20.05309
    -7.7450        1   -20.29910
    -7.5950        1   -20.54473
    -7.4450        1   -20.79635
    -7.2950        1   -21.06133
    -7.1450        1   -21.32375
    -6.9950        1   -21.60021
    -6.8450        1   -21.87483
    -6.6950        1   -22.15775
    -6.5450        1   -22.44479
    -6.3950        1   -22.74365
    -6.2450        1   -23.04544
    -6.0950        1   -23.35055
    -5.9450        1   -23.65729
    -5.7950        1   -23.96478
    -5.6450        1   -24.27835
    -5.4950        1   -24.59468
    -5.3450        1   -24.90776
    -5.1950        1   -25.22535
    -5.0450        1   -25.55081
    -4.8950        1   -25.87914
    -4.7450        1   -26.20629
    -4.5950        1   -26.53616
    -4.4450        1   -26.87494
    -4.2950        1   -27.22372
    -4.1450        1   -27.58317
    -3.9950        1   -27.95527
    -3.8450        1   -28.34383
    -3.6950        1   -28.74765
    -3.5450        1   -29.17046
    -3.3950        1   -29.61946
    -3.2450        1   -30.09676
    -3.0950        1   -30.59597
    -2.9450        1   -31.13045
    -2.7950        1   -31.68596
    -2.6450        1   -32.27654
    -2.4950        1   -32.88947
    -2.3450        1   -33.52327
    -2.1950        1   -34.17751
    -2.0450        1   -34.84306
    -1.8950        1   -35.49650
    -1.7450        1   -36.14969
    -1.5950        1   -36.79386
    -1.4450        1   -37.43288
    -1.2950        1   -38.05964
    -1.1450        1   -38.68423
   -0.99500        1   -39.30973
   -0.84500        1   -39.95711
   -0.69500        1   -40.63355
   -0.54500        1   -41.37599
   -0.39500        1   -42.22018
   -0.25300        1   -42.83970
   -0.21500        1   -42.88154
   -0.20900        1   -42.92319
   -0.20300        1   -42.96529
   -0.19700        1   -43.00816
   -0.19100        1   -43.05174
   -0.18500        1   -43.09558
   -0.17900        1   -43.14007
   -0.17300        1   -43.18527
   -0.16700        1   -43.23117
   -0.16100        1   -43.27766
   -0.15500        1   -43.32497
   -0.14900        1   -43.37352
   -0.14300        1   -43.42281
   -0.13700        1   -43.47324
   -0.13100        1   -43.52434
   -0.12500        1   -43.57750
   -0.11900        1   -43.63153
   -0.11300        1   -43.68684
   -0.10700        1   -43.74408
   -0.10100        1   -43.80358
   -0.95000E-01    1   -43.86495
   -0.89000E-01    1   -43.92887
   -0.83000E-01    1   -43.99542
   -0.77000E-01    1   -44.06535
   -0.71000E-01    1   -44.13930
   -0.65000E-01    1   -44.21796
   -0.59000E-01    1   -44.30261
   -0.53000E-01    1   -44.39455
   -0.47000E-01    1   -44.49623
   -0.41000E-01    1   -44.61175
   -0.35000E-01    1   -44.74698
   -0.29000E-01    1   -44.90950
   -0.23000E-01    1   -45.10927
   -0.19700E-01    1   -45.13159
   -0.19100E-01    1   -45.15443
   -0.18500E-01    1   -45.17760
   -0.17900E-01    1   -45.20153
   -0.17300E-01    1   -45.22589
   -0.16700E-01    1   -45.25083
   -0.16100E-01    1   -45.27637
   -0.15500E-01    1   -45.30250
   -0.14900E-01    1   -45.32923
   -0.14300E-01    1   -45.35659
   -0.13700E-01    1   -45.38457
   -0.13100E-01    1   -45.41324
   -0.12500E-01    1   -45.44265
   -0.11900E-01    1   -45.47276
   -0.11300E-01    1   -45.50372
   -0.10700E-01    1   -45.53562
   -0.10100E-01    1   -45.56850
   -0.95000E-02    1   -45.60240
   -0.89000E-02    1   -45.63721
   -0.83000E-02    1   -45.67286
   -0.77000E-02    1   -45.70920
   -0.71000E-02    1   -45.74594
   -0.65000E-02    1   -45.78280
   -0.59000E-02    1   -45.81915
   -0.53000E-02    1   -45.85434
   -0.47000E-02    1   -45.88750
   -0.41000E-02    1   -45.91815
   -0.35000E-02    1   -45.94548
   -0.29000E-02    1   -45.96897
   -0.23000E-02    1   -45.98817
   -0.17000E-02    1   -46.00270
   -0.11000E-02    1   -46.01228
   -0.50000E-03    1   -46.01679
    0.10000E-03    1   -46.01610
    0.70000E-03    1   -46.01025
    0.13000E-02    1   -45.99930
    0.19000E-02    1   -45.98345
    0.25000E-02    1   -45.96294
    0.31000E-02    1   -45.93822
    0.37000E-02    1   -45.90987
    0.43000E-02    1   -45.87834
    0.49000E-02    1   -45.84447
    0.55000E-02    1   -45.80884
    0.61000E-02    1   -45.77237
    0.67000E-02    1   -45.73554
    0.73000E-02    1   -45.69892
    0.79000E-02    1   -45.66285
    0.85000E-02    1   -45.62757
    0.91000E-02    1   -45.59315
    0.97000E-02    1   -45.55965
    0.10300E-01    1   -45.52716
    0.10900E-01    1   -45.49573
    0.11500E-01    1   -45.46514
    0.12100E-01    1   -45.43538
    0.12700E-01    1   -45.40641
    0.13300E-01    1   -45.37814
    0.13900E-01    1   -45.35050
    0.14500E-01    1   -45.32352
    0.15100E-01    1   -45.29716
    0.15700E-01    1   -45.27137
    0.16300E-01    1   -45.24625
    0.16900E-01    1   -45.22159
    0.17500E-01    1   -45.19759
    0.18100E-01    1   -45.17412
    0.18700E-01    1   -45.15119
    0.19300E-01    1   -45.12874
    0.20200E-01    1   -45.04600
    0.25000E-01    1   -44.86117
    0.31000E-01    1   -44.70973
    0.37000E-01    1   -44.58361
    0.43000E-01    1   -44.47535
    0.49000E-01    1   -44.37976
    0.55000E-01    1   -44.29417
    0.61000E-01    1   -44.21534
    0.67000E-01    1   -44.14296
    0.73000E-01    1   -44.07575
    0.79000E-01    1   -44.01350
    0.85000E-01    1   -43.95468
    0.91000E-01    1   -43.89943
    0.97000E-01    1   -43.84717
    0.10300        1   -43.79755
    0.10900        1   -43.75048
    0.11500        1   -43.70542
    0.12100        1   -43.66268
    0.12700        1   -43.62175
    0.13300        1   -43.58250
    0.13900        1   -43.54470
    0.14500        1   -43.50834
    0.15100        1   -43.47374
    0.15700        1   -43.44027
    0.16300        1   -43.40792
    0.16900        1   -43.37674
    0.17500        1   -43.34666
    0.18100        1   -43.31765
    0.18700        1   -43.28963
    0.19300        1   -43.26285
    0.19900        1   -43.23682
    0.20500        1   -43.21169
    0.21100        1   -43.18736
    0.21700        1   -43.16371
    0.29500        1   -42.73301
    0.44500        1   -42.50545
    0.59500        1   -42.36000
    0.74500        1   -42.24793
    0.89500        1   -42.15204
     1.0450        1   -42.06753
     1.1950        1   -41.99190
     1.3450        1   -41.92229
     1.4950        1   -41.85906
     1.6450        1   -41.79867
     1.7950        1   -41.74174
     1.9450        1   -41.68850
     2.0950        1   -41.63904
     2.2450        1   -41.59265
     2.3950        1   -41.54725
     2.5450        1   -41.50767
     2.6950        1   -41.47032
     2.8450        1   -41.43271
     2.9950        1   -41.39927
     3.1450        1   -41.36886
     3.2950        1   -41.33974
     3.4450        1   -41.31242
     3.5950        1   -41.28678
     3.7450        1   -41.26150
     3.8950        1   -41.23857
     4.0450        1   -41.21678
     4.1950        1   -41.19747
     4.3450        1   -41.17833
     4.4950        1   -41.16017
     4.6450        1   -41.14271
     4.7950        1   -41.12612
     4.9450        1   -41.11015
     5.0950        1   -41.09470
     5.2450        1   -41.07938
     5.3950        1   -41.06516
     5.5450        1   -41.05077
     5.6950        1   -41.03662
     5.8450        1   -41.02279
     5.9950        1   -41.00979
     6.1450        1   -40.99719
     6.2950        1   -40.98509
     6.4450        1   -40.97313
     6.5950        1   -40.96146
     6.7450        1   -40.94958
     6.8950        1   -40.93866
     7.0450        1   -40.92746
     7.1950        1   -40.91631
     7.3450        1   -40.90482
     7.4950        1   -40.89458
     7.6450        1   -40.88410
     7.7950        1   -40.87394
     7.9450        1   -40.86378
     8.0950        1   -40.85382
     8.2450        1   -40.84454
     8.3950        1   -40.83530
     8.5450        1   -40.82615
     8.6950        1   -40.81731
     8.8450        1   -40.80866
     8.9950        1   -40.79925
     9.1450        1   -40.79053
     9.2950        1   -40.78261
     9.4450        1   -40.77375
     9.5950        1   -40.76528
     9.7450        1   -40.75679
     9.8950        1   -40.74864
     10.045        1   -40.74056
     10.195        1   -40.73219
     10.345        1   -40.72461
     10.495        1   -40.71658
     10.645        1   -40.70878
     10.795        1   -40.70122
     10.945        1   -40.69368
     11.095        1   -40.68604
     11.245        1   -40.67839
     11.395        1   -40.67067
     11.545        1   -40.66369
     11.695        1   -40.65639
     11.845        1   -40.64959
     11.995        1   -40.64245
     12.145        1   -40.63567
     12.295        1   -40.62862
     12.445        1   -40.62204
     12.595        1   -40.61547
     12.745        1   -40.60905
     12.895        1   -40.60217
     13.045        1   -40.59549
     13.195        1   -40.58917
     13.345        1   -40.58286
     13.495        1   -40.57649
     13.645        1   -40.57077
     13.795        1   -40.56485
     13.945        1   -40.55850
     14.095        1   -40.55207
     14.245        1   -40.54594
     14.395        1   -40.54032
     14.545        1   -40.53491
     14.695        1   -40.52838
     14.845        1   -40.52283
     14.995        1   -40.51701
     15.145        1   -40.51128
     15.295        1   -40.50553
     15.445        1   -40.49999
     15.595        1   -40.49444
     15.745        1   -40.48901
     15.895        1   -40.48363
     16.045        1   -40.47826
     16.195        1   -40.47307
     16.345        1   -40.46790
     16.495        1   -40.46301
     16.645        1   -40.45766
     16.795        1   -40.45261
     16.945        1   -40.44713
     17.095        1   -40.44213
     17.245        1   -40.43707
     17.395        1   -40.43221
     17.545        1   -40.42725
     17.695        1   -40.42246
     17.845        1   -40.41754
     17.995        1   -40.41283
     18.145        1   -40.40802
     18.295        1   -40.40308
     18.445        1   -40.39810
     18.595        1   -40.39323
     18.745        1   -40.38831
     18.895        1   -40.38368
     19.045        1   -40.37891
     19.195        1   -40.37448
     19.345        1   -40.36977
     19.495        1   -40.36499
     19.645        1   -40.35986
     19.795        1   -40.35537
     19.945        1   -40.35109
     20.095        1   -40.34672
     20.245        1   -40.34267
     20.395        1   -40.33860
     20.545        1   -40.33429
     20.695        1   -40.32998
     20.845        1   -40.32577
     20.995        1   -40.32168
     21.145        1   -40.31764
     21.295        1   -40.31336
     21.445        1   -40.30927
     21.595        1   -40.30502
     21.745        1   -40.30122
     21.895        1   -40.29703
     22.045        1   -40.29282
     22.195        1   -40.28882
     22.345        1   -40.28471
     22.495        1   -40.28084
     22.645        1   -40.27664
     22.795        1   -40.27311
     22.945        1   -40.26926
     23.095        1   -40.26503
     23.245        1   -40.26132
     23.395        1   -40.25736
     23.545        1   -40.25344
     23.695        1   -40.24984
     23.845        1   -40.24602
     23.995        1   -40.24223
     24.145        1   -40.23851
     24.295        1   -40.23473
     24.445        1   -40.23088
     24.595        1   -40.22742
     24.745        1   -40.22378
     24.895        1   -40.22000
     25.045        1   -40.21618
     25.195        1   -40.21272
     25.345        1   -40.20917
     25.495        1   -40.20539
     25.645        1   -40.20197
     25.795        1   -40.19860
     25.945        1   -40.19510
     26.095        1   -40.19181
     26.245        1   -40.18846
     26.395        1   -40.18503
     26.545        1   -40.18171
     26.695        1   -40.17842
     26.845        1   -40.17514
     26.995        1   -40.17167
     27.145        1   -40.16815
     27.295        1   -40.16488
     27.445        1   -40.16139
     27.595        1   -40.15803
     27.745        1   -40.15480
     27.895        1   -40.15154
     28.045        1   -40.14833
     28.195        1   -40.14492
     28.345        1   -40.14167
     28.495        1   -40.13833
     28.645        1   -40.13507
     28.795        1   -40.13184
     28.945        1   -40.12855
     29.095        1   -40.12556
     29.245        1   -40.12237
     29.395        1   -40.11920
     29.545        1   -40.11612
     29.695        1   -40.11302
     29.845        1   -40.11003
     29.995        1   -40.10683
     30.145        1   -40.10387
     30.295        1   -40.10071
     30.445        1   -40.09735
     30.595        1   -40.09437
     30.745        1   -40.09144
     30.895        1   -40.08874
     31.045        1   -40.08560
     31.195        1   -40.08255
     31.345        1   -40.07960
     31.495        1   -40.07685
     31.645        1   -40.07401
     31.795        1   -40.07096
     31.945        1   -40.06829
     32.095        1   -40.06513
     32.245        1   -40.06220
     32.395        1   -40.05951
     32.545        1   -40.05674
     32.695        1   -40.05400
     32.845        1   -40.05141
     32.995        1   -40.04848
     33.145        1   -40.04550
     33.295        1   -40.04283
     33.445        1   -40.04013
     33.595        1   -40.03749
     33.745        1   -40.03473
     33.895        1   -40.03164
     34.045        1   -40.02887
     34.195        1   -40.02607
     34.345        1   -40.02338
     34.495        1   -40.02071
     34.645        1   -40.01805
     34.795        1   -40.01539
     34.945        1   -40.01282
     35.095        1   -40.01028
     35.245        1   -40.00754
     35.395        1   -40.00503
     35.545        1   -40.00256
     35.695        1   -40.00000
     35.845        1   -39.99748
     35.995        1   -39.99508
     36.145        1   -39.99252
     36.295        1   -39.98999
     36.445        1   -39.98739
     36.595        1   -39.98491
     36.745        1   -39.98237
     36.895        1   -39.97980
     37.045        1   -39.97737
     37.195        1   -39.97499
     37.345        1   -39.97219
     37.495        1   -39.96968
     37.645        1   -39.96724
     37.795        1   -39.96475
     37.945        1   -39.96231
     38.095        1   -39.95971
     38.245        1   -39.95732
     38.395        1   -39.95501
     38.545        1   -39.95258
     38.695        1   -39.95022
     38.845        1   -39.94790
     38.995        1   -39.94544
     39.145        1   -39.94308
     39.295        1   -39.94075
     39.445        1   -39.93827
     39.595        1   -39.93592
     39.745        1   -39.93339
     39.895        1   -39.93103
     40.045        1   -39.92870
     40.195        1   -39.92640
     40.345        1   -39.92415
     40.495        1   -39.92180
     40.645        1   -39.91952
     40.795        1   -39.91712
     40.945        1   -39.91463
     41.095        1   -39.91227
     41.245        1   -39.91013
     41.395        1   -39.90795
     41.545        1   -39.90550
     41.695        1   -39.90327
     41.845        1   -39.90106
     41.995        1   -39.89887
     42.145        1   -39.89668
     42.295        1   -39.89454
     42.445        1   -39.89239
     42.595        1   -39.89024
     42.745        1   -39.88818
     42.895        1   -39.88588
     43.045        1   -39.88371
     43.195        1   -39.88159
     43.345        1   -39.87920
     43.495        1   -39.87711
     43.645        1   -39.87505
     43.795        1   -39.87296
     43.945        1   -39.87078
     44.095        1   -39.86877
     44.245        1   -39.86649
     44.395        1   -39.86426
     44.545        1   -39.86223
     44.695        1   -39.86027
     44.845        1   -39.85819
     44.995        1   -39.85611
     45.145        1   -39.85416
     45.295        1   -39.85201
     45.445        1   -39.84992
     45.595        1   -39.84796
     45.745        1   -39.84605
     45.895        1   -39.84391
     46.045        1   -39.84190
     46.195        1   -39.83980
     46.345        1   -39.83776
     46.495        1   -39.83565
     46.645        1   -39.83382
     46.795        1   -39.83198
     46.945        1   -39.83009
     47.095        1   -39.82816
     47.245        1   -39.82591
     47.395        1   -39.82400
     47.545        1   -39.82206
     47.695        1   -39.82015
     47.845        1   -39.81816
     47.995        1   -39.81621
     48.145        1   -39.81424
     48.295        1   -39.81241
     48.445        1   -39.81053
     48.595        1   -39.80854
     48.745        1   -39.80656
     48.895        1   -39.80461
     49.045        1   -39.80255
     49.195        1   -39.80060
     49.345        1   -39.79860
     49.495        1   -39.79677
     49.645        1   -39.79470
     49.795        1   -39.79273
     49.945        1   -39.79080
     50.095        1   -39.78885
     50.245        1   -39.78696
     50.395        1   -39.78501
     50.545        1   -39.78315
     50.695        1   -39.78135
     50.845        1   -39.77929
     50.995        1   -39.77747
     51.145        1   -39.77561
     51.295        1   -39.77387
     51.445        1   -39.77210
     51.595        1   -39.77025
     51.745        1   -39.76832
     51.895        1   -39.76645
     52.045        1   -39.76481
     52.195        1   -39.76293
     52.345        1   -39.76113
     52.495        1   -39.75918
     52.645        1   -39.75744
     52.795        1   -39.75565
     52.945        1   -39.75400
     53.095        1   -39.75232
     53.245        1   -39.75042
     53.395        1   -39.74859
     53.545        1   -39.74679
     53.695        1   -39.74501
     53.845        1   -39.74336
     53.995        1   -39.74150
     54.145        1   -39.73967
     54.295        1   -39.73784
     54.445        1   -39.73603
     54.595        1   -39.73425
     54.745        1   -39.73257
     54.895        1   -39.73089
     55.045        1   -39.72928
     55.195        1   -39.72756
     55.345        1   -39.72592
     55.495        1   -39.72422
     55.645        1   -39.72254
     55.795        1   -39.72077
     55.945        1   -39.71901
     56.095        1   -39.71732
     56.245        1   -39.71576
     56.395        1   -39.71412
     56.545        1   -39.71250
     56.695        1   -39.71075
     56.845        1   -39.70902
     56.995        1   -39.70733
     57.145        1   -39.70562
     57.295        1   -39.70403
     57.445        1   -39.70233
     57.595        1   -39.70067
     57.745        1   -39.69916
     57.895        1   -39.69720
     58.045        1   -39.69555
     58.195        1   -39.69400
     58.345        1   -39.69224
     58.495        1   -39.69064
     58.645        1   -39.68903
     58.795        1   -39.68749
     58.945        1   -39.68588
     59.095        1   -39.68428
     59.245        1   -39.68271
     59.395        1   -39.68103
     59.545        1   -39.67946
     59.695        1   -39.67774
     59.845        1   -39.67608
     59.995        1   -39.67448
     60.145        1   -39.67293
     70.939        1   -39.46927
     97.698        1   -39.26467
     134.55        1   -39.06027
     185.30        1   -38.85506
     255.20        1   -38.65340
     351.46        1   -38.45326
     484.04        1   -38.25385
     666.62        1   -38.05837
     918.07        1   -37.86567
     1264.4        1   -37.67383
     1741.3        1   -37.48639
     2398.1        1   -37.30078
     3302.7        1   -37.11851
     4548.5        1   -36.93864
     6264.3        1   -36.76183
     8627.2        1   -36.58717
     11881.        1   -36.41594
     16363.        1   -36.24801
     22535.        1   -36.08214
     31036.        1   -35.91888
     42743.        1   -35.75796
     58866.        1   -35.59823
     81070.        1   -35.44210
    0.11165E+06    1   -35.28744
    0.15377E+06    1   -35.13506
    0.21177E+06    1   -34.98503
    0.29165E+06    1   -34.83635
    0.40166E+06    1   -34.68926
    0.55317E+06    1   -34.54319
    0.76182E+06    1   -34.39870
    0.10492E+07    1   -34.25348
    0.14449E+07    1   -34.11015
    0.19900E+07    1   -33.96614
    0.27406E+07    1   -33.82338
    0.37744E+07    1   -33.68080
    0.51981E+07    1   -33.53719
    0.71589E+07    1   -33.39288
    0.98593E+07    1   -33.24883
    0.13578E+08    1   -33.10362
    0.18700E+08    1   -32.95809
    0.25754E+08    1   -32.81176
    0.35468E+08    1   -32.66670
    0.48847E+08    1   -32.52484
    0.67273E+08    1   -32.38617
    0.92648E+08    1   -32.25006
    0.12760E+09    1   -32.11781
    0.17573E+09    1   -31.98962
    0.24201E+09    1   -31.86527
    0.33330E+09    1   -31.74570
    0.45902E+09    1   -31.63191
    0.63217E+09    1   -31.52428
    0.87062E+09    1   -31.42344
    0.11990E+10    1   -31.32941
    0.16513E+10    1   -31.24175
    0.22742E+10    1   -31.16021
    0.31320E+10    1   -31.08438
    0.43134E+10    1   -31.01337
    0.59405E+10    1   -30.94721
    0.81813E+10    1   -30.88550
    0.11267E+11    1   -30.82809
    0.15517E+11    1   -30.77475
    0.21371E+11    1   -30.72481
    0.29432E+11    1   -30.67851
    0.40534E+11    1   -30.63562
    0.55823E+11    1   -30.59584
    0.10000E+12    1   -30.09807
    -149.95        2     0.00000
    -149.80        2     0.00000
    -149.65        2     0.00000
    -149.49        2     0.00000
    -149.34        2     0.00000
    -149.20        2     0.00000
    -149.05        2     0.00000
    -148.90        2     0.00000
    -148.74        2     0.00000
    -148.59        2     0.00000
    -148.45        2     0.00000
    -148.30        2     0.00000
    -148.15        2     0.00000
    -147.99        2     0.00000
    -147.84        2     0.00000
    -147.70        2     0.00000
    -147.55        2     0.00000
    -147.40        2     0.00000
    -147.24        2     0.00000
    -147.09        2     0.00000
    -146.95        2     0.00000
    -146.80        2     0.00000
    -146.65        2     0.00000
    -146.49        2     0.00000
    -146.34        2     0.00000
    -146.20        2     0.00000
    -146.05        2     0.00000
    -145.90        2     0.00000
    -145.74        2     0.00000
    -145.59        2     0.00000
    -145.45        2     0.00000
    -145.30        2     0.00000
    -145.15        2     0.00000
    -144.99        2     0.00000
    -144.84        2     0.00000
    -144.70        2     0.00000
    -144.55        2     0.00000
    -144.40        2     0.00000
    -144.24        2     0.00000
    -144.09        2     0.00000
    -143.95        2     0.00000
    -143.80        2     0.00000
    -143.65        2     0.00000
    -143.49        2     0.00000
    -143.34        2     0.00000
    -143.20        2     0.00000
    -143.05        2     0.00000
    -142.90        2     0.00000
    -142.74        2     0.00000
    -142.59        2     0.00000
    -142.45        2     0.00000
    -142.30        2     0.00000
    -142.15        2     0.00000
    -141.99        2     0.00000
    -141.84        2     0.00000
    -141.70        2     0.00000
    -141.55        2     0.00000
    -141.40        2     0.00000
    -141.24        2     0.00000
    -141.09        2     0.00000
    -140.95        2     0.00000
    -140.80        2     0.00000
    -140.65        2     0.00000
    -140.49        2     0.00000
    -140.34        2     0.00000
    -140.20        2     0.00000
    -140.05        2     0.00000
    -139.90        2     0.00000
    -139.74        2     0.00000
    -139.59        2     0.00000
    -139.45        2     0.00000
    -139.30        2     0.00000
    -139.15        2     0.00000
    -138.99        2     0.00000
    -138.84        2     0.00000
    -138.70        2     0.00000
    -138.55        2     0.00000
    -138.40        2     0.00000
    -138.24        2     0.00000
    -138.09        2     0.00000
    -137.95        2     0.00000
    -137.80        2     0.00000
    -137.65        2     0.00000
    -137.49        2     0.00000
    -137.34        2     0.00000
    -137.20        2     0.00000
    -137.05        2     0.00000
    -136.90        2     0.00000
    -136.74        2     0.00000
    -136.59        2     0.00000
    -136.45        2     0.00000
    -136.30        2     0.00000
    -136.15        2     0.00000
    -135.99        2     0.00000
    -135.84        2     0.00000
    -135.70        2     0.00000
    -135.55        2     0.00000
    -135.40        2     0.00000
    -135.24        2     0.00000
    -135.09        2     0.00000
    -134.95        2     0.00000
    -134.80        2     0.00000
    -134.65        2     0.00000
    -134.49        2     0.00000
    -134.34        2     0.00000
    -134.20        2     0.00000
    -134.05        2     0.00000
    -133.90        2     0.00000
    -133.74        2     0.00000
    -133.59        2     0.00000
    -133.45        2     0.00000
    -133.30        2     0.00000
    -133.15        2     0.00000
    -132.99        2     0.00000
    -132.84        2     0.00000
    -132.70        2     0.00000
    -132.55        2     0.00000
    -132.40        2     0.00000
    -132.24        2     0.00000
    -132.09        2     0.00000
    -131.95        2     0.00000
    -131.80        2     0.00000
    -131.65        2     0.00000
    -131.49        2     0.00000
    -131.34        2     0.00000
    -131.20        2     0.00000
    -131.05        2     0.00000
    -130.90        2     0.00000
    -130.74        2     0.00000
    -130.59        2     0.00000
    -130.45        2     0.00000
    -130.30        2     0.00000
    -130.15        2     0.00000
    -129.99        2     0.00000
    -129.84        2     0.00000
    -129.70        2     0.00000
    -129.55        2     0.00000
    -129.40        2     0.00000
    -129.24        2     0.00000
    -129.09        2     0.00000
    -128.95        2     0.00000
    -128.80        2     0.00000
    -128.65        2     0.00000
    -128.49        2     0.00000
    -128.34        2     0.00000
    -128.20        2     0.00000
    -128.05        2     0.00000
    -127.89        2     0.00000
    -127.75        2     0.00000
    -127.60        2     0.00000
    -127.44        2     0.00000
    -127.30        2     0.00000
    -127.14        2     0.00000
    -127.00        2     0.00000
    -126.85        2     0.00000
    -126.69        2     0.00000
    -126.55        2     0.00000
    -126.39        2     0.00000
    -126.25        2     0.00000
    -126.10        2     0.00000
    -125.94        2     0.00000
    -125.80        2     0.00000
    -125.64        2     0.00000
    -125.50        2     0.00000
    -125.35        2     0.00000
    -125.19        2     0.00000
    -125.05        2     0.00000
    -124.89        2     0.00000
    -124.75        2     0.00000
    -124.60        2     0.00000
    -124.44        2     0.00000
    -124.30        2     0.00000
    -124.14        2     0.00000
    -124.00        2     0.00000
    -123.85        2     0.00000
    -123.69        2     0.00000
    -123.55        2     0.00000
    -123.39        2     0.00000
    -123.25        2     0.00000
    -123.10        2     0.00000
    -122.94        2     0.00000
    -122.80        2     0.00000
    -122.64        2     0.00000
    -122.50        2     0.00000
    -122.35        2     0.00000
    -122.19        2     0.00000
    -122.05        2     0.00000
    -121.89        2     0.00000
    -121.75        2     0.00000
    -121.60        2     0.00000
    -121.44        2     0.00000
    -121.30        2     0.00000
    -121.14        2     0.00000
    -121.00        2     0.00000
    -120.85        2     0.00000
    -120.69        2     0.00000
    -120.55        2     0.00000
    -120.39        2     0.00000
    -120.25        2     0.00000
    -120.10        2     0.00000
    -119.94        2     0.00000
    -119.80        2     0.00000
    -119.64        2     0.00000
    -119.50        2     0.00000
    -119.35        2     0.00000
    -119.19        2     0.00000
    -119.05        2     0.00000
    -118.89        2     0.00000
    -118.75        2     0.00000
    -118.60        2     0.00000
    -118.44        2     0.00000
    -118.30        2     0.00000
    -118.14        2     0.00000
    -118.00        2     0.00000
    -117.85        2     0.00000
    -117.69        2     0.00000
    -117.55        2     0.00000
    -117.39        2     0.00000
    -117.25        2     0.00000
    -117.10        2     0.00000
    -116.94        2     0.00000
    -116.80        2     0.00000
    -116.64        2     0.00000
    -116.50        2     0.00000
    -116.35        2     0.00000
    -116.19        2     0.00000
    -116.05        2     0.00000
    -115.89        2     0.00000
    -115.75        2     0.00000
    -115.60        2     0.00000
    -115.44        2     0.00000
    -115.30        2     0.00000
    -115.14        2     0.00000
    -115.00        2     0.00000
    -114.85        2     0.00000
    -114.69        2     0.00000
    -114.55        2     0.00000
    -114.39        2     0.00000
    -114.25        2     0.00000
    -114.10        2     0.00000
    -113.94        2     0.00000
    -113.80        2     0.00000
    -113.64        2     0.00000
    -113.50        2     0.00000
    -113.35        2     0.00000
    -113.19        2     0.00000
    -113.05        2     0.00000
    -112.89        2     0.00000
    -112.75        2     0.00000
    -112.60        2     0.00000
    -112.44        2     0.00000
    -112.30        2     0.00000
    -112.14        2     0.00000
    -112.00        2     0.00000
    -111.85        2     0.00000
    -111.69        2     0.00000
    -111.55        2     0.00000
    -111.39        2     0.00000
    -111.25        2     0.00000
    -111.10        2     0.00000
    -110.94        2     0.00000
    -110.80        2     0.00000
    -110.64        2     0.00000
    -110.50        2     0.00000
    -110.35        2     0.00000
    -110.19        2     0.00000
    -110.05        2     0.00000
    -109.89        2     0.00000
    -109.75        2     0.00000
    -109.60        2     0.00000
    -109.44        2     0.00000
    -109.30        2     0.00000
    -109.14        2     0.00000
    -109.00        2     0.00000
    -108.85        2     0.00000
    -108.69        2     0.00000
    -108.55        2     0.00000
    -108.39        2     0.00000
    -108.25        2     0.00000
    -108.10        2     0.00000
    -107.94        2     0.00000
    -107.80        2     0.00000
    -107.64        2     0.00000
    -107.50        2     0.00000
    -107.35        2     0.00000
    -107.19        2     0.00000
    -107.05        2     0.00000
    -106.89        2     0.00000
    -106.75        2     0.00000
    -106.60        2     0.00000
    -106.44        2     0.00000
    -106.30        2     0.00000
    -106.14        2     0.00000
    -106.00        2     0.00000
    -105.85        2     0.00000
    -105.69        2     0.00000
    -105.55        2     0.00000
    -105.39        2     0.00000
    -105.25        2     0.00000
    -105.10        2     0.00000
    -104.94        2     0.00000
    -104.80        2     0.00000
    -104.64        2     0.00000
    -104.50        2     0.00000
    -104.35        2     0.00000
    -104.19        2     0.00000
    -104.05        2     0.00000
    -103.89        2     0.00000
    -103.75        2     0.00000
    -103.60        2     0.00000
    -103.44        2     0.00000
    -103.30        2     0.00000
    -103.14        2     0.00000
    -103.00        2     0.00000
    -102.85        2     0.00000
    -102.69        2     0.00000
    -102.55        2     0.00000
    -102.39        2     0.00000
    -102.25        2     0.00000
    -102.10        2     0.00000
    -101.94        2     0.00000
    -101.80        2     0.00000
    -101.64        2     0.00000
    -101.50        2     0.00000
    -101.35        2     0.00000
    -101.19        2     0.00000
    -101.05        2     0.00000
    -100.89        2     0.00000
    -100.75        2     0.00000
    -100.60        2     0.00000
    -100.44        2     0.00000
    -100.30        2     0.00000
    -100.14        2     0.00000
    -99.995        2     0.00000
    -99.845        2     0.00000
    -99.695        2     0.00000
    -99.545        2     0.00000
    -99.395        2     0.00000
    -99.245        2     0.00000
    -99.095        2     0.00000
    -98.945        2     0.00000
    -98.795        2     0.00000
    -98.645        2     0.00000
    -98.495        2     0.00000
    -98.345        2     0.00000
    -98.195        2     0.00000
    -98.045        2     0.00000
    -97.895        2     0.00000
    -97.745        2     0.00000
    -97.595        2     0.00000
    -97.445        2     0.00000
    -97.295        2     0.00000
    -97.145        2     0.00000
    -96.995        2     0.00000
    -96.845        2     0.00000
    -96.695        2     0.00000
    -96.545        2     0.00000
    -96.395        2     0.00000
    -96.245        2     0.00000
    -96.095        2     0.00000
    -95.945        2     0.00000
    -95.795        2     0.00000
    -95.645        2     0.00000
    -95.495        2     0.00000
    -95.345        2     0.00000
    -95.195        2     0.00000
    -95.045        2     0.00000
    -94.895        2     0.00000
    -94.745        2     0.00000
    -94.595        2     0.00000
    -94.445        2     0.00000
    -94.295        2     0.00000
    -94.145        2     0.00000
    -93.995        2     0.00000
    -93.845        2     0.00000
    -93.695        2     0.00000
    -93.545        2     0.00000
    -93.395        2     0.00000
    -93.245        2     0.00000
    -93.095        2     0.00000
    -92.945        2     0.00000
    -92.795        2     0.00000
    -92.645        2     0.00000
    -92.495        2     0.00000
    -92.345        2     0.00000
    -92.195        2     0.00000
    -92.045        2     0.00000
    -91.895        2     0.00000
    -91.745        2     0.00000
    -91.595        2     0.00000
    -91.445        2     0.00000
    -91.295        2     0.00000
    -91.145        2     0.00000
    -90.995        2     0.00000
    -90.845        2     0.00000
    -90.695        2     0.00000
    -90.545        2     0.00000
    -90.395        2     0.00000
    -90.245        2     0.00000
    -90.095        2     0.00000
    -89.945        2     0.00000
    -89.795        2     0.00000
    -89.645        2     0.00000
    -89.495        2     0.00000
    -89.345        2     0.00000
    -89.195        2     0.00000
    -89.045        2     0.00000
    -88.895        2     0.00000
    -88.745        2     0.00000
    -88.595        2     0.00000
    -88.445        2     0.00000
    -88.295        2     0.00000
    -88.145        2     0.00000
    -87.995        2     0.00000
    -87.845        2     0.00000
    -87.695        2     0.00000
    -87.545        2     0.00000
    -87.395        2     0.00000
    -87.245        2     0.00000
    -87.095        2     0.00000
    -86.945        2     0.00000
    -86.795        2     0.00000
    -86.645        2     0.00000
    -86.495        2     0.00000
    -86.345        2     0.00000
    -86.195        2     0.00000
    -86.045        2     0.00000
    -85.895        2     0.00000
    -85.745        2     0.00000
    -85.595        2     0.00000
    -85.445        2     0.00000
    -85.295        2     0.00000
    -85.145        2     0.00000
    -84.995        2     0.00000
    -84.845        2     0.00000
    -84.695        2     0.00000
    -84.545        2     0.00000
    -84.395        2     0.00000
    -84.245        2     0.00000
    -84.095        2     0.00000
    -83.945        2     0.00000
    -83.795        2     0.00000
    -83.645        2     0.00000
    -83.495        2     0.00000
    -83.345        2     0.00000
    -83.195        2     0.00000
    -83.045        2     0.00000
    -82.895        2     0.00000
    -82.745        2     0.00000
    -82.595        2     0.00000
    -82.445        2     0.00000
    -82.295        2     0.00000
    -82.145        2     0.00000
    -81.995        2     0.00000
    -81.845        2     0.00000
    -81.695        2     0.00000
    -81.545        2     0.00000
    -81.395        2     0.00000
    -81.245        2     0.00000
    -81.095        2     0.00000
    -80.945        2     0.00000
    -80.795        2     0.00000
    -80.645        2     0.00000
    -80.495        2     0.00000
    -80.345        2     0.00000
    -80.195        2     0.00000
    -80.045        2     0.00000
    -79.895        2     0.00000
    -79.745        2     0.00000
    -79.595        2     0.00000
    -79.445        2     0.00000
    -79.295        2     0.00000
    -79.145        2     0.00000
    -78.995        2     0.00000
    -78.845        2     0.00000
    -78.695        2     0.00000
    -78.545        2     0.00000
    -78.395        2     0.00000
    -78.245        2     0.00000
    -78.095        2     0.00000
    -77.945        2     0.00000
    -77.795        2     0.00000
    -77.645        2     0.00000
    -77.495        2     0.00000
    -77.345        2     0.00000
    -77.195        2     0.00000
    -77.045        2     0.00000
    -76.895        2     0.00000
    -76.745        2     0.00000
    -76.595        2     0.00000
    -76.445        2     0.00000
    -76.295        2     0.00000
    -76.145        2     0.00000
    -75.995        2     0.00000
    -75.845        2     0.00000
    -75.695        2     0.00000
    -75.545        2     0.00000
    -75.395        2     0.00000
    -75.245        2     0.00000
    -75.095        2     0.00000
    -74.945        2     0.00000
    -74.795        2     0.00000
    -74.645        2     0.00000
    -74.495        2     0.00000
    -74.345        2     0.00000
    -74.195        2     0.00000
    -74.045        2     0.00000
    -73.895        2     0.00000
    -73.745        2     0.00000
    -73.595        2     0.00000
    -73.445        2     0.00000
    -73.295        2     0.00000
    -73.145        2     0.00000
    -72.995        2     0.00000
    -72.845        2     0.00000
    -72.695        2     0.00000
    -72.545        2     0.00000
    -72.395        2     0.00000
    -72.245        2     0.00000
    -72.095        2     0.00000
    -71.945        2     0.00000
    -71.795        2     0.00000
    -71.645        2     0.00000
    -71.495        2     0.00000
    -71.345        2     0.00000
    -71.195        2     0.00000
    -71.045        2     0.00000
    -70.895        2     0.00000
    -70.745        2     0.00000
    -70.595        2     0.00000
    -70.445        2     0.00000
    -70.295        2     0.00000
    -70.145        2     0.00000
    -69.995        2     0.00000
    -69.845        2     0.00000
    -69.695        2     0.00000
    -69.545        2     0.00000
    -69.395        2     0.00000
    -69.245        2     0.00000
    -69.095        2     0.00000
    -68.945        2     0.00000
    -68.795        2     0.00000
    -68.645        2     0.00000
    -68.495        2     0.00000
    -68.345        2     0.00000
    -68.195        2     0.00000
    -68.045        2     0.00000
    -67.895        2     0.00000
    -67.745        2     0.00000
    -67.595        2     0.00000
    -67.445        2     0.00000
    -67.295        2     0.00000
    -67.145        2     0.00000
    -66.995        2     0.00000
    -66.845        2     0.00000
    -66.695        2     0.00000
    -66.545        2     0.00000
    -66.395        2     0.00000
    -66.245        2     0.00000
    -66.095        2     0.00000
    -65.945        2     0.00000
    -65.795        2     0.00000
    -65.645        2     0.00000
    -65.495        2     0.00000
    -65.345        2     0.00000
    -65.195        2     0.00000
    -65.045        2     0.00000
    -64.895        2     0.00000
    -64.745        2     0.00000
    -64.595        2     0.00000
    -64.445        2     0.00000
    -64.295        2     0.00000
    -64.145        2     0.00000
    -63.995        2     0.00000
    -63.845        2     0.00000
    -63.695        2     0.00000
    -63.545        2     0.00000
    -63.395        2     0.00000
    -63.245        2     0.00000
    -63.095        2     0.00000
    -62.945        2     0.00000
    -62.795        2     0.00000
    -62.645        2     0.00000
    -62.495        2     0.00000
    -62.345        2     0.00000
    -62.195        2     0.00000
    -62.045        2     0.00000
    -61.895        2     0.00000
    -61.745        2     0.00000
    -61.595        2     0.00000
    -61.445        2     0.00000
    -61.295        2     0.00000
    -61.145        2     0.00000
    -60.995        2     0.00000
    -60.845        2     0.00000
    -60.695        2     0.00000
    -60.545        2     0.00000
    -60.395        2     0.00000
    -60.245        2     0.00000
    -60.095        2     0.00000
    -59.945        2     0.00000
    -59.795        2     0.00000
    -59.645        2     0.00000
    -59.495        2     0.00000
    -59.345        2     0.00000
    -59.195        2     0.00000
    -59.045        2     0.00000
    -58.895        2     0.00000
    -58.745        2     0.00000
    -58.595        2     0.00000
    -58.445        2     0.00000
    -58.295        2     0.00000
    -58.145        2     0.00000
    -57.995        2     0.00000
    -57.845        2     0.00000
    -57.695        2     0.00000
    -57.545        2     0.00000
    -57.395        2     0.00000
    -57.245        2     0.00000
    -57.095        2     0.00000
    -56.945        2     0.00000
    -56.795        2     0.00000
    -56.645        2     0.00000
    -56.495        2     0.00000
    -56.345        2     0.00000
    -56.195        2     0.00000
    -56.045        2     0.00000
    -55.895        2     0.00000
    -55.745        2     0.00000
    -55.595        2     0.00000
    -55.445        2     0.00000
    -55.295        2     0.00000
    -55.145        2     0.00000
    -54.995        2     0.00000
    -54.845        2     0.00000
    -54.695        2     0.00000
    -54.545        2     0.00000
    -54.395        2     0.00000
    -54.245        2     0.00000
    -54.095        2     0.00000
    -53.945        2     0.00000
    -53.795        2     0.00000
    -53.645        2     0.00000
    -53.495        2     0.00000
    -53.345        2     0.00000
    -53.195        2     0.00000
    -53.045        2     0.00000
    -52.895        2     0.00000
    -52.745        2     0.00000
    -52.595        2     0.00000
    -52.445        2     0.00000
    -52.295        2     0.00000
    -52.145        2     0.00000
    -51.995        2     0.00000
    -51.845        2     0.00000
    -51.695        2     0.00000
    -51.545        2     0.00000
    -51.395        2     0.00000
    -51.245        2     0.00000
    -51.095        2     0.00000
    -50.945        2     0.00000
    -50.795        2     0.00000
    -50.645        2     0.00000
    -50.495        2     0.00000
    -50.345        2     0.00000
    -50.195        2     0.00000
    -50.045        2     0.00000
    -49.895        2     0.00000
    -49.745        2     0.00000
    -49.595        2     0.00000
    -49.445        2     0.00000
    -49.295        2     0.00000
    -49.145        2     0.00000
    -48.995        2     0.00000
    -48.845        2     0.00000
    -48.695        2     0.00000
    -48.545        2     0.00000
    -48.395        2     0.00000
    -48.245        2     0.00000
    -48.095        2     0.00000
    -47.945        2     0.00000
    -47.795        2     0.00000
    -47.645        2     0.00000
    -47.495        2     0.00000
    -47.345        2     0.00000
    -47.195        2     0.00000
    -47.045        2     0.00000
    -46.895        2     0.00000
    -46.745        2     0.00000
    -46.595        2     0.00000
    -46.445        2     0.00000
    -46.295        2     0.00000
    -46.145        2     0.00000
    -45.995        2     0.00000
    -45.845        2     0.00000
    -45.695        2     0.00000
    -45.545        2     0.00000
    -45.395        2     0.00000
    -45.245        2     0.00000
    -45.095        2     0.00000
    -44.945        2     0.00000
    -44.795        2     0.00000
    -44.645        2     0.00000
    -44.495        2     0.00000
    -44.345        2     0.00000
    -44.195        2     0.00000
    -44.045        2     0.00000
    -43.895        2     0.00000
    -43.745        2     0.00000
    -43.595        2     0.00000
    -43.445        2     0.00000
    -43.295        2     0.00000
    -43.145        2     0.00000
    -42.995        2     0.00000
    -42.845        2     0.00000
    -42.695        2     0.00000
    -42.545        2     0.00000
    -42.395        2     0.00000
    -42.245        2     0.00000
    -42.095        2     0.00000
    -41.945        2     0.00000
    -41.795        2     0.00000
    -41.645        2     0.00000
    -41.495        2     0.00000
    -41.345        2     0.00000
    -41.195        2     0.00000
    -41.045        2     0.00000
    -40.895        2     0.00000
    -40.745        2     0.00000
    -40.595        2     0.00000
    -40.445        2     0.00000
    -40.295        2     0.00000
    -40.145        2     0.00000
    -39.995        2     0.00000
    -39.845        2     0.00000
    -39.695        2     0.00000
    -39.545        2     0.00000
    -39.395        2     0.00000
    -39.245        2     0.00000
    -39.095        2     0.00000
    -38.945        2     0.00000
    -38.795        2     0.00000
    -38.645        2     0.00000
    -38.495        2     0.00000
    -38.345        2     0.00000
    -38.195        2     0.00000
    -38.045        2     0.00000
    -37.895        2     0.00000
    -37.745        2     0.00000
    -37.595        2     0.00000
    -37.445        2     0.00000
    -37.295        2     0.00000
    -37.145        2     0.00000
    -36.995        2     0.00000
    -36.845        2     0.00000
    -36.695        2     0.00000
    -36.545        2     0.00000
    -36.395        2     0.00000
    -36.245        2     0.00000
    -36.095        2     0.00000
    -35.945        2     0.00000
    -35.795        2     0.00000
    -35.645        2     0.00000
    -35.495        2     0.00000
    -35.345        2     0.00000
    -35.195        2     0.00000
    -35.045        2     0.00000
    -34.895        2     0.00000
    -34.745        2     0.00000
    -34.595        2     0.00000
    -34.445        2     0.00000
    -34.295        2     0.00000
    -34.145        2     0.00000
    -33.995        2     0.00000
    -33.845        2     0.00000
    -33.695        2     0.00000
    -33.545        2     0.00000
    -33.395        2     0.00000
    -33.245        2     0.00000
    -33.095        2     0.00000
    -32.945        2     0.00000
    -32.795        2     0.00000
    -32.645        2     0.00000
    -32.495        2     0.00000
    -32.345        2     0.00000
    -32.195        2     0.00000
    -32.045        2     0.00000
    -31.895        2     0.00000
    -31.745        2     0.00000
    -31.595        2     0.00000
    -31.445        2     0.00000
    -31.295        2     0.00000
    -31.145        2     0.00000
    -30.995        2     0.00000
    -30.845        2     0.00000
    -30.695        2     0.00000
    -30.545        2     0.00000
    -30.395        2     0.00000
    -30.245        2     0.00000
    -30.095        2     0.00000
    -29.945        2     0.00000
    -29.795        2     0.00000
    -29.645        2     0.00000
    -29.495        2     0.00000
    -29.345        2     0.00000
    -29.195        2     0.00000
    -29.045        2     0.00000
    -28.895        2     0.00000
    -28.745        2     0.00000
    -28.595        2     0.00000
    -28.445        2     0.00000
    -28.295        2     0.00000
    -28.145        2     0.00000
    -27.995        2     0.00000
    -27.845        2     0.00000
    -27.695        2     0.00000
    -27.545        2     0.00000
    -27.395        2     0.00000
    -27.245        2     0.00000
    -27.095        2     0.00000
    -26.945        2     0.00000
    -26.795        2     0.00000
    -26.645        2     0.00000
    -26.495        2     0.00000
    -26.345        2     0.00000
    -26.195        2     0.00000
    -26.045        2     0.00000
    -25.895        2     0.00000
    -25.745        2     0.00000
    -25.595        2     0.00000
    -25.445        2     0.00000
    -25.295        2     0.00000
    -25.145        2     0.00000
    -24.995        2     0.00000
    -24.845        2     0.00000
    -24.695        2     0.00000
    -24.545        2     0.00000
    -24.395        2     0.00000
    -24.245        2     0.00000
    -24.095        2     0.00000
    -23.945        2     0.00000
    -23.795        2     0.00000
    -23.645        2     0.00000
    -23.495        2     0.00000
    -23.345        2     0.00000
    -23.195        2     0.00000
    -23.045        2     0.00000
    -22.895        2     0.00000
    -22.745        2     0.00000
    -22.595        2     0.00000
    -22.445        2     0.00000
    -22.295        2     0.00000
    -22.145        2     0.00000
    -21.995        2     0.00000
    -21.845        2     0.00000
    -21.695        2     0.00000
    -21.545        2     0.00000
    -21.395        2     0.00000
    -21.245        2     0.00000
    -21.095        2     0.00000
    -20.945        2     0.00000
    -20.795        2     0.00000
    -20.645        2     0.00000
    -20.495        2     0.00000
    -20.345        2     0.00000
    -20.195        2     0.00000
    -20.045        2     0.00000
    -19.895        2     0.00000
    -19.745        2     0.00000
    -19.595        2     0.00000
    -19.445        2     0.00000
    -19.295        2     0.00000
    -19.145        2     0.00000
    -18.995        2     0.00000
    -18.845        2     0.00000
    -18.695        2     0.00000
    -18.545        2     0.00000
    -18.395        2     0.00000
    -18.245        2     0.00000
    -18.095        2     0.00000
    -17.945        2     0.00000
    -17.795        2     0.00000
    -17.645        2     0.00000
    -17.495        2     0.00000
    -17.345        2     0.00000
    -17.195        2     0.00000
    -17.045        2     0.00000
    -16.895        2     0.00000
    -16.745        2     0.00000
    -16.595        2     0.00000
    -16.445        2     0.00000
    -16.295        2     0.00000
    -16.145        2    -0.00036
    -15.995        2    -0.00431
    -15.845        2    -0.02358
    -15.695        2    -0.07525
    -15.545        2    -0.16461
    -15.395        2    -0.29344
    -15.245        2    -0.44628
    -15.095        2    -0.62711
    -14.945        2    -0.83009
    -14.795        2    -1.05641
    -14.645        2    -1.28856
    -14.495        2    -1.53313
    -14.345        2    -1.78767
    -14.195        2    -2.06785
    -14.045        2    -2.35545
    -13.895        2    -2.66376
    -13.745        2    -2.98957
    -13.595        2    -3.35967
    -13.445        2    -3.79083
    -13.295        2    -4.25591
    -13.145        2    -4.80240
    -12.995        2    -5.43669
    -12.845        2    -6.17645
    -12.695        2    -6.99423
    -12.545        2    -7.89082
    -12.395        2    -8.85318
    -12.245        2    -9.83981
    -12.095        2   -10.85081
    -11.945        2   -11.84072
    -11.795        2   -12.80370
    -11.645        2   -13.71239
    -11.495        2   -14.58448
    -11.345        2   -15.42682
    -11.195        2   -16.19875
    -11.045        2   -16.95221
    -10.895        2   -17.69471
    -10.745        2   -18.46316
    -10.595        2   -19.25411
    -10.445        2   -20.05252
    -10.295        2   -20.87264
    -10.145        2   -21.72770
    -9.9950        2   -22.57587
    -9.8450        2   -23.48339
    -9.6950        2   -24.40369
    -9.5450        2   -25.33853
    -9.3950        2   -26.27626
    -9.2450        2   -27.26133
    -9.0950        2   -28.28021
    -8.9450        2   -29.35770
    -8.7950        2   -30.47162
    -8.6450        2   -31.66851
    -8.4950        2   -32.94202
    -8.3450        2   -34.30695
    -8.1950        2   -35.78234
    -8.0450        2   -37.38627
    -7.8950        2   -39.11831
    -7.7450        2   -40.96626
    -7.5950        2   -42.95631
    -7.4450        2   -45.07469
    -7.2950        2   -47.27233
    -7.1450        2   -49.56700
    -6.9950        2   -51.94549
    -6.8450        2   -54.37560
    -6.6950        2   -56.82409
    -6.5450        2   -59.27929
    -6.3950        2   -61.78169
    -6.2450        2   -64.24597
    -6.0950        2   -66.67814
    -5.9450        2   -69.08521
    -5.7950        2   -71.43459
    -5.6450        2   -73.72023
    -5.4950        2   -75.95396
    -5.3450        2   -78.15152
    -5.1950        2   -80.33934
    -5.0450        2   -82.51296
    -4.8950        2   -84.65520
    -4.7450        2   -86.80066
    -4.5950        2   -88.96168
    -4.4450        2   -91.13813
    -4.2950        2   -93.35435
    -4.1450        2   -95.60953
    -3.9950        2   -97.91910
    -3.8450        2  -100.28929
    -3.6950        2  -102.74416
    -3.5450        2  -105.31235
    -3.3950        2  -108.00201
    -3.2450        2  -110.84987
    -3.0950        2  -113.86119
    -2.9450        2  -117.09444
    -2.7950        2  -120.58363
    -2.6450        2  -124.36409
    -2.4950        2  -128.48225
    -2.3450        2  -133.02795
    -2.1950        2  -138.07261
    -2.0450        2  -143.71352
    -1.8950        2  -150.10208
    -1.7450        2  -157.37158
    -1.5950        2  -165.66073
    -1.4450        2  -174.97280
    -1.2950        2  -185.22414
    -1.1450        2  -196.27779
   -0.99500        2  -207.93335
   -0.84500        2  -220.02050
   -0.69500        2  -232.50269
   -0.54500        2  -245.59958
   -0.39500        2  -260.08044
   -0.25300        2  -270.92228
   -0.21500        2  -271.65672
   -0.20900        2  -272.39932
   -0.20300        2  -273.15141
   -0.19700        2  -273.91240
   -0.19100        2  -274.68359
   -0.18500        2  -275.46794
   -0.17900        2  -276.26205
   -0.17300        2  -277.06824
   -0.16700        2  -277.88785
   -0.16100        2  -278.72146
   -0.15500        2  -279.56959
   -0.14900        2  -280.43234
   -0.14300        2  -281.31147
   -0.13700        2  -282.20878
   -0.13100        2  -283.12502
   -0.12500        2  -284.06277
   -0.11900        2  -285.02259
   -0.11300        2  -286.00713
   -0.10700        2  -287.01765
   -0.10100        2  -288.05836
   -0.95000E-01    2  -289.13277
   -0.89000E-01    2  -290.24513
   -0.83000E-01    2  -291.39770
   -0.77000E-01    2  -292.60051
   -0.71000E-01    2  -293.85909
   -0.65000E-01    2  -295.18431
   -0.59000E-01    2  -296.58808
   -0.53000E-01    2  -298.08786
   -0.47000E-01    2  -299.70921
   -0.41000E-01    2  -301.48915
   -0.35000E-01    2  -303.48654
   -0.29000E-01    2  -305.80598
   -0.23000E-01    2  -308.65544
   -0.19700E-01    2  -308.98122
   -0.19100E-01    2  -309.31759
   -0.18500E-01    2  -309.66491
   -0.17900E-01    2  -310.02432
   -0.17300E-01    2  -310.39605
   -0.16700E-01    2  -310.78135
   -0.16100E-01    2  -311.18060
   -0.15500E-01    2  -311.59476
   -0.14900E-01    2  -312.02462
   -0.14300E-01    2  -312.47125
   -0.13700E-01    2  -312.93498
   -0.13100E-01    2  -313.41754
   -0.12500E-01    2  -313.91982
   -0.11900E-01    2  -314.44261
   -0.11300E-01    2  -314.98803
   -0.10700E-01    2  -315.55678
   -0.10100E-01    2  -316.15085
   -0.95000E-02    2  -316.77229
   -0.89000E-02    2  -317.42204
   -0.83000E-02    2  -318.10117
   -0.77000E-02    2  -318.81124
   -0.71000E-02    2  -319.55401
   -0.65000E-02    2  -320.33167
   -0.59000E-02    2  -321.14964
   -0.53000E-02    2  -322.01648
   -0.47000E-02    2  -322.93362
   -0.41000E-02    2  -323.89302
   -0.35000E-02    2  -324.87493
   -0.29000E-02    2  -325.83474
   -0.23000E-02    2  -326.69974
   -0.17000E-02    2  -327.40048
   -0.11000E-02    2  -327.88117
   -0.50000E-03    2  -328.10681
    0.10000E-03    2  -328.06187
    0.70000E-03    2  -327.74907
    0.13000E-02    2  -327.19020
    0.19000E-02    2  -326.42787
    0.25000E-02    2  -325.52320
    0.31000E-02    2  -324.54973
    0.37000E-02    2  -323.57277
    0.43000E-02    2  -322.62728
    0.49000E-02    2  -321.72702
    0.55000E-02    2  -320.87782
    0.61000E-02    2  -320.07453
    0.67000E-02    2  -319.30942
    0.73000E-02    2  -318.57878
    0.79000E-02    2  -317.88029
    0.85000E-02    2  -317.21227
    0.91000E-02    2  -316.57389
    0.97000E-02    2  -315.96322
    0.10300E-01    2  -315.37939
    0.10900E-01    2  -314.82047
    0.11500E-01    2  -314.28470
    0.12100E-01    2  -313.77055
    0.12700E-01    2  -313.27707
    0.13300E-01    2  -312.80258
    0.13900E-01    2  -312.34634
    0.14500E-01    2  -311.90743
    0.15100E-01    2  -311.48461
    0.15700E-01    2  -311.07751
    0.16300E-01    2  -310.68522
    0.16900E-01    2  -310.30673
    0.17500E-01    2  -309.94193
    0.18100E-01    2  -309.58909
    0.18700E-01    2  -309.24761
    0.19300E-01    2  -308.91734
    0.20200E-01    2  -307.72699
    0.25000E-01    2  -305.12407
    0.31000E-01    2  -302.97390
    0.37000E-01    2  -301.11641
    0.43000E-01    2  -299.46873
    0.49000E-01    2  -297.97814
    0.55000E-01    2  -296.61143
    0.61000E-01    2  -295.34780
    0.67000E-01    2  -294.16911
    0.73000E-01    2  -293.06299
    0.79000E-01    2  -292.01960
    0.85000E-01    2  -291.03257
    0.91000E-01    2  -290.09471
    0.97000E-01    2  -289.20153
    0.10300        2  -288.34974
    0.10900        2  -287.53363
    0.11500        2  -286.75153
    0.12100        2  -285.99995
    0.12700        2  -285.27720
    0.13300        2  -284.58186
    0.13900        2  -283.90985
    0.14500        2  -283.26189
    0.15100        2  -282.63458
    0.15700        2  -282.02718
    0.16300        2  -281.43811
    0.16900        2  -280.86587
    0.17500        2  -280.31260
    0.18100        2  -279.77488
    0.18700        2  -279.25208
    0.19300        2  -278.74317
    0.19900        2  -278.24903
    0.20500        2  -277.76790
    0.21100        2  -277.29872
    0.21700        2  -276.84212
    0.29500        2  -267.79071
    0.44500        2  -261.95895
    0.59500        2  -257.57514
    0.74500        2  -254.03427
    0.89500        2  -251.01481
     1.0450        2  -248.36344
     1.1950        2  -245.96676
     1.3450        2  -243.76692
     1.4950        2  -241.73441
     1.6450        2  -239.85618
     1.7950        2  -238.11139
     1.9450        2  -236.50153
     2.0950        2  -235.02631
     2.2450        2  -233.66997
     2.3950        2  -232.43012
     2.5450        2  -231.30125
     2.6950        2  -230.26750
     2.8450        2  -229.31968
     2.9950        2  -228.44574
     3.1450        2  -227.64037
     3.2950        2  -226.89324
     3.4450        2  -226.19810
     3.5950        2  -225.54833
     3.7450        2  -224.93945
     3.8950        2  -224.35952
     4.0450        2  -223.81397
     4.1950        2  -223.28918
     4.3450        2  -222.79193
     4.4950        2  -222.31621
     4.6450        2  -221.85361
     4.7950        2  -221.40719
     4.9450        2  -220.97517
     5.0950        2  -220.55602
     5.2450        2  -220.15317
     5.3950        2  -219.76516
     5.5450        2  -219.38343
     5.6950        2  -219.01696
     5.8450        2  -218.65878
     5.9950        2  -218.30689
     6.1450        2  -217.96633
     6.2950        2  -217.63053
     6.4450        2  -217.30651
     6.5950        2  -216.99062
     6.7450        2  -216.68090
     6.8950        2  -216.37635
     7.0450        2  -216.07510
     7.1950        2  -215.78854
     7.3450        2  -215.50124
     7.4950        2  -215.21927
     7.6450        2  -214.94793
     7.7950        2  -214.67993
     7.9450        2  -214.41612
     8.0950        2  -214.15998
     8.2450        2  -213.90710
     8.3950        2  -213.65919
     8.5450        2  -213.41371
     8.6950        2  -213.17361
     8.8450        2  -212.93668
     8.9950        2  -212.70394
     9.1450        2  -212.47385
     9.2950        2  -212.24914
     9.4450        2  -212.02641
     9.5950        2  -211.80976
     9.7450        2  -211.59814
     9.8950        2  -211.38916
     10.045        2  -211.17988
     10.195        2  -210.97339
     10.345        2  -210.77014
     10.495        2  -210.56979
     10.645        2  -210.37390
     10.795        2  -210.18508
     10.945        2  -209.99472
     11.095        2  -209.80544
     11.245        2  -209.61919
     11.395        2  -209.43672
     11.545        2  -209.25613
     11.695        2  -209.08104
     11.845        2  -208.90336
     11.995        2  -208.72989
     12.145        2  -208.55809
     12.295        2  -208.38814
     12.445        2  -208.22046
     12.595        2  -208.05329
     12.745        2  -207.89218
     12.895        2  -207.72545
     13.045        2  -207.56538
     13.195        2  -207.40516
     13.345        2  -207.24807
     13.495        2  -207.09212
     13.645        2  -206.94031
     13.795        2  -206.78986
     13.945        2  -206.63917
     14.095        2  -206.48834
     14.245        2  -206.34109
     14.395        2  -206.19570
     14.545        2  -206.05375
     14.695        2  -205.91222
     14.845        2  -205.77229
     14.995        2  -205.63230
     15.145        2  -205.49437
     15.295        2  -205.35908
     15.445        2  -205.22379
     15.595        2  -205.08918
     15.745        2  -204.95465
     15.895        2  -204.82247
     16.045        2  -204.69157
     16.195        2  -204.56231
     16.345        2  -204.43480
     16.495        2  -204.30673
     16.645        2  -204.18055
     16.795        2  -204.05489
     16.945        2  -203.92997
     17.095        2  -203.80653
     17.245        2  -203.68347
     17.395        2  -203.56219
     17.545        2  -203.44200
     17.695        2  -203.32419
     17.845        2  -203.20700
     17.995        2  -203.09006
     18.145        2  -202.97417
     18.295        2  -202.86066
     18.445        2  -202.74858
     18.595        2  -202.63636
     18.745        2  -202.52070
     18.895        2  -202.40866
     19.045        2  -202.29904
     19.195        2  -202.19004
     19.345        2  -202.08221
     19.495        2  -201.97422
     19.645        2  -201.86399
     19.795        2  -201.75858
     19.945        2  -201.65327
     20.095        2  -201.54782
     21.836        2  -198.36581
     30.068        2  -193.64394
     42.097        2  -188.94661
     58.937        2  -184.27499
     82.515        2  -179.67116
     115.53        2  -175.13366
     161.74        2  -170.68486
     226.45        2  -166.30245
     317.04        2  -161.99937
     443.87        2  -157.79458
     621.44        2  -153.67912
     870.05        2  -149.66808
     1218.1        2  -145.76681
     1705.4        2  -141.97903
     2387.7        2  -138.28751
     3342.9        2  -134.70577
     4680.2        2  -131.21508
     6552.5        2  -127.81863
     9173.8        2  -124.51485
     12844.        2  -121.31520
     17982.        2  -118.20979
     25176.        2  -115.20099
     35247.        2  -112.29195
     49348.        2  -109.50561
     69090.        2  -106.83687
     96729.        2  -104.28319
    0.13543E+06    2  -101.84963
    0.18960E+06    2   -99.52630
    0.26545E+06    2   -97.30977
    0.37165E+06    2   -95.19968
    0.52033E+06    2   -93.18586
    0.72849E+06    2   -91.27195
    0.10199E+07    2   -89.44954
    0.14279E+07    2   -87.71608
    0.19992E+07    2   -86.06564
    0.27990E+07    2   -84.49295
    0.39187E+07    2   -83.00417
    0.54864E+07    2   -81.58610
    0.76812E+07    2   -80.23892
    0.10754E+08    2   -78.95937
    0.15056E+08    2   -77.74338
    0.21080E+08    2   -76.58647
    0.29513E+08    2   -75.49145
    0.41319E+08    2   -74.45468
    0.57849E+08    2   -73.49176
    0.80991E+08    2   -72.60124
    0.11339E+09    2   -71.77209
    0.15875E+09    2   -70.99873
    0.22226E+09    2   -70.27936
    0.31118E+09    2   -69.60535
    0.43567E+09    2   -68.97498
    0.60996E+09    2   -68.39726
    0.85398E+09    2   -67.87432
    0.11956E+10    2   -67.39795
    0.16739E+10    2   -66.96035
    0.23436E+10    2   -66.55816
    0.32811E+10    2   -66.19076
    0.45937E+10    2   -65.85133
    0.64315E+10    2   -65.54068
    0.90044E+10    2   -65.25264
    0.12607E+11    2   -64.98975
    0.17650E+11    2   -64.74810
    0.24711E+11    2   -64.52625
    0.34596E+11    2   -64.32090
    0.48437E+11    2   -64.13198
    0.67814E+11    2   -63.95923
    0.10000E+12    2   -61.97956
