    -29.945        1     0.00000
    -29.795        1     0.00000
    -29.645        1     0.00000
    -29.495        1     0.00000
    -29.345        1     0.00000
    -29.195        1     0.00000
    -29.045        1     0.00000
    -28.895        1     0.00000
    -28.745        1     0.00000
    -28.595        1     0.00000
    -28.445        1     0.00000
    -28.295        1     0.00000
    -28.145        1     0.00000
    -27.995        1     0.00000
    -27.845        1     0.00000
    -27.695        1     0.00000
    -27.545        1     0.00000
    -27.395        1     0.00000
    -27.245        1     0.00000
    -27.095        1     0.00000
    -26.945        1     0.00000
    -26.795        1     0.00000
    -26.645        1     0.00000
    -26.495        1     0.00000
    -26.345        1     0.00000
    -26.195        1    -0.00039
    -26.045        1    -0.00039
    -25.895        1    -0.00039
    -25.745        1    -0.00078
    -25.595        1    -0.00153
    -25.445        1    -0.00284
    -25.295        1    -0.00675
    -25.145        1    -0.01270
    -24.995        1    -0.02163
    -24.845        1    -0.03211
    -24.695        1    -0.05123
    -24.545        1    -0.07547
    -24.395        1    -0.11479
    -24.245        1    -0.17422
    -24.095        1    -0.25431
    -23.945        1    -0.35033
    -23.795        1    -0.47140
    -23.645        1    -0.61350
    -23.495        1    -0.78001
    -23.345        1    -0.97976
    -23.195        1    -1.20996
    -23.045        1    -1.44786
    -22.895        1    -1.72461
    -22.745        1    -2.00848
    -22.595        1    -2.32369
    -22.445        1    -2.64881
    -22.295        1    -2.97339
    -22.145        1    -3.30769
    -21.995        1    -3.65397
    -21.845        1    -3.98629
    -21.695        1    -4.32111
    -21.545        1    -4.64913
    -21.395        1    -4.97422
    -21.245        1    -5.29679
    -21.095        1    -5.60194
    -20.945        1    -5.90140
    -20.795        1    -6.20061
    -20.645        1    -6.49992
    -20.495        1    -6.79113
    -20.345        1    -7.09938
    -20.195        1    -7.43690
    -20.045        1    -7.77442
    -19.895        1    -8.16359
    -19.745        1    -8.61008
    -19.595        1    -9.11272
    -19.445        1    -9.65241
    -19.295        1   -10.27513
    -19.145        1   -10.95036
    -18.995        1   -11.66994
    -18.845        1   -12.44600
    -18.695        1   -13.30435
    -18.545        1   -14.19052
    -18.395        1   -15.11603
    -18.245        1   -16.05729
    -18.095        1   -17.03951
    -17.945        1   -18.02807
    -17.795        1   -19.02370
    -17.645        1   -20.01178
    -17.495        1   -20.98520
    -17.345        1   -21.96341
    -17.195        1   -22.90230
    -17.045        1   -23.86176
    -16.895        1   -24.79343
    -16.745        1   -25.72167
    -16.595        1   -26.61534
    -16.445        1   -27.50707
    -16.295        1   -28.38698
    -16.145        1   -29.26215
    -15.995        1   -30.12970
    -15.845        1   -30.97918
    -15.695        1   -31.83718
    -15.545        1   -32.68507
    -15.395        1   -33.53954
    -15.245        1   -34.39013
    -15.095        1   -35.25332
    -14.945        1   -36.12432
    -14.795        1   -36.96588
    -14.645        1   -37.80443
    -14.495        1   -38.64825
    -14.345        1   -39.48825
    -14.195        1   -40.31712
    -14.045        1   -41.13933
    -13.895        1   -41.96106
    -13.745        1   -42.78259
    -13.595        1   -43.58600
    -13.445        1   -44.39690
    -13.295        1   -45.19929
    -13.145        1   -45.97924
    -12.995        1   -46.75557
    -12.845        1   -47.52412
    -12.695        1   -48.28507
    -12.545        1   -49.02741
    -12.395        1   -49.73649
    -12.245        1   -50.45443
    -12.095        1   -51.12744
    -11.945        1   -51.79539
    -11.795        1   -52.43546
    -11.645        1   -53.05373
    -11.495        1   -53.65589
    -11.345        1   -54.24610
    -11.195        1   -54.80695
    -11.045        1   -55.36728
    -10.895        1   -55.91859
    -10.745        1   -56.46514
    -10.595        1   -56.99007
    -10.445        1   -57.50360
    -10.295        1   -58.00955
    -10.145        1   -58.51156
    -9.9950        1   -59.00724
    -9.8450        1   -59.50522
    -9.6950        1   -59.98725
    -9.5450        1   -60.44297
    -9.3950        1   -60.91158
    -9.2450        1   -61.35943
    -9.0950        1   -61.81224
    -8.9450        1   -62.25135
    -8.7950        1   -62.68696
    -8.6450        1   -63.10739
    -8.4950        1   -63.52263
    -8.3450        1   -63.94007
    -8.1950        1   -64.35226
    -8.0450        1   -64.76237
    -7.8950        1   -65.16632
    -7.7450        1   -65.57469
    -7.5950        1   -65.98271
    -7.4450        1   -66.39341
    -7.2950        1   -66.79792
    -7.1450        1   -67.21525
    -6.9950        1   -67.63176
    -6.8450        1   -68.05492
    -6.6950        1   -68.48190
    -6.5450        1   -68.91773
    -6.3950        1   -69.36835
    -6.2450        1   -69.82050
    -6.0950        1   -70.29609
    -5.9450        1   -70.77618
    -5.7950        1   -71.25857
    -5.6450        1   -71.75435
    -5.4950        1   -72.25486
    -5.3450        1   -72.75569
    -5.1950        1   -73.27897
    -5.0450        1   -73.81330
    -4.8950        1   -74.35829
    -4.7450        1   -74.92112
    -4.5950        1   -75.51977
    -4.4450        1   -76.13814
    -4.2950        1   -76.79848
    -4.1450        1   -77.49493
    -3.9950        1   -78.23550
    -3.8450        1   -79.01912
    -3.6950        1   -79.85055
    -3.5450        1   -80.73824
    -3.3950        1   -81.68414
    -3.2450        1   -82.69935
    -3.0950        1   -83.79211
    -2.9450        1   -84.96922
    -2.7950        1   -86.23704
    -2.6450        1   -87.58838
    -2.4950        1   -89.01011
    -2.3450        1   -90.49659
    -2.1950        1   -92.00577
    -2.0450        1   -93.53995
    -1.8950        1   -95.06902
    -1.7450        1   -96.58682
    -1.5950        1   -98.09702
    -1.4450        1   -99.60087
    -1.2950        1  -101.10018
    -1.1450        1  -102.61837
   -0.99500        1  -104.18024
   -0.84500        1  -105.83137
   -0.69500        1  -107.62848
   -0.54500        1  -109.65640
   -0.39500        1  -112.04562
   -0.25300        1  -113.88413
   -0.21500        1  -114.00977
   -0.20900        1  -114.13732
   -0.20300        1  -114.26704
   -0.19700        1  -114.39864
   -0.19100        1  -114.53173
   -0.18500        1  -114.66761
   -0.17900        1  -114.80586
   -0.17300        1  -114.94696
   -0.16700        1  -115.09146
   -0.16100        1  -115.23888
   -0.15500        1  -115.38907
   -0.14900        1  -115.54308
   -0.14300        1  -115.70010
   -0.13700        1  -115.86200
   -0.13100        1  -116.02851
   -0.12500        1  -116.19963
   -0.11900        1  -116.37623
   -0.11300        1  -116.55969
   -0.10700        1  -116.75017
   -0.10100        1  -116.94771
   -0.95000E-01    1  -117.15548
   -0.89000E-01    1  -117.37276
   -0.83000E-01    1  -117.60197
   -0.77000E-01    1  -117.84452
   -0.71000E-01    1  -118.10369
   -0.65000E-01    1  -118.38280
   -0.59000E-01    1  -118.68619
   -0.53000E-01    1  -119.02004
   -0.47000E-01    1  -119.39432
   -0.41000E-01    1  -119.82505
   -0.35000E-01    1  -120.34331
   -0.29000E-01    1  -120.99957
   -0.23000E-01    1  -121.84229
   -0.19700E-01    1  -121.93707
   -0.19100E-01    1  -122.03420
   -0.18500E-01    1  -122.13339
   -0.17900E-01    1  -122.23451
   -0.17300E-01    1  -122.33792
   -0.16700E-01    1  -122.44325
   -0.16100E-01    1  -122.55094
   -0.15500E-01    1  -122.66107
   -0.14900E-01    1  -122.77346
   -0.14300E-01    1  -122.88831
   -0.13700E-01    1  -123.00550
   -0.13100E-01    1  -123.12520
   -0.12500E-01    1  -123.24777
   -0.11900E-01    1  -123.37326
   -0.11300E-01    1  -123.50197
   -0.10700E-01    1  -123.63391
   -0.10100E-01    1  -123.76908
   -0.95000E-02    1  -123.90737
   -0.89000E-02    1  -124.04857
   -0.83000E-02    1  -124.19228
   -0.77000E-02    1  -124.33793
   -0.71000E-02    1  -124.48422
   -0.65000E-02    1  -124.62986
   -0.59000E-02    1  -124.77309
   -0.53000E-02    1  -124.91185
   -0.47000E-02    1  -125.04324
   -0.41000E-02    1  -125.16439
   -0.35000E-02    1  -125.27271
   -0.29000E-02    1  -125.36580
   -0.23000E-02    1  -125.44166
   -0.17000E-02    1  -125.49887
   -0.11000E-02    1  -125.53638
   -0.50000E-03    1  -125.55356
    0.10000E-03    1  -125.55012
    0.70000E-03    1  -125.52613
    0.13000E-02    1  -125.48201
    0.19000E-02    1  -125.41856
    0.25000E-02    1  -125.33685
    0.31000E-02    1  -125.23861
    0.37000E-02    1  -125.12588
    0.43000E-02    1  -125.00106
    0.49000E-02    1  -124.86691
    0.55000E-02    1  -124.72622
    0.61000E-02    1  -124.58214
    0.67000E-02    1  -124.43631
    0.73000E-02    1  -124.29046
    0.79000E-02    1  -124.14566
    0.85000E-02    1  -124.00293
    0.91000E-02    1  -123.86285
    0.97000E-02    1  -123.72590
    0.10300E-01    1  -123.59227
    0.10900E-01    1  -123.46176
    0.11500E-01    1  -123.33443
    0.12100E-01    1  -123.21033
    0.12700E-01    1  -123.08915
    0.13300E-01    1  -122.97079
    0.13900E-01    1  -122.85484
    0.14500E-01    1  -122.74124
    0.15100E-01    1  -122.63000
    0.15700E-01    1  -122.52118
    0.16300E-01    1  -122.41453
    0.16900E-01    1  -122.31002
    0.17500E-01    1  -122.20777
    0.18100E-01    1  -122.10748
    0.18700E-01    1  -122.00939
    0.19300E-01    1  -121.91336
    0.20200E-01    1  -121.56071
    0.25000E-01    1  -120.78951
    0.31000E-01    1  -120.18982
    0.37000E-01    1  -119.71108
    0.43000E-01    1  -119.30785
    0.49000E-01    1  -118.95547
    0.55000E-01    1  -118.64141
    0.61000E-01    1  -118.35731
    0.67000E-01    1  -118.09697
    0.73000E-01    1  -117.85695
    0.79000E-01    1  -117.63381
    0.85000E-01    1  -117.42518
    0.91000E-01    1  -117.22919
    0.97000E-01    1  -117.04502
    0.10300        1  -116.87036
    0.10900        1  -116.70477
    0.11500        1  -116.54797
    0.12100        1  -116.39821
    0.12700        1  -116.25589
    0.13300        1  -116.11921
    0.13900        1  -115.98816
    0.14500        1  -115.86276
    0.15100        1  -115.74297
    0.15700        1  -115.62795
    0.16300        1  -115.51715
    0.16900        1  -115.41063
    0.17500        1  -115.30770
    0.18100        1  -115.20902
    0.18700        1  -115.11367
    0.19300        1  -115.02157
    0.19900        1  -114.93268
    0.20500        1  -114.84704
    0.21100        1  -114.76446
    0.21700        1  -114.68472
    0.29500        1  -113.24280
    0.44500        1  -112.57114
    0.59500        1  -112.17079
    0.74500        1  -111.87167
    0.89500        1  -111.63072
     1.0450        1  -111.42516
     1.1950        1  -111.24194
     1.3450        1  -111.07599
     1.4950        1  -110.92635
     1.6450        1  -110.78672
     1.7950        1  -110.65812
     1.9450        1  -110.53785
     2.0950        1  -110.42488
     2.2450        1  -110.31648
     2.3950        1  -110.21690
     2.5450        1  -110.12532
     2.6950        1  -110.03972
     2.8450        1  -109.95941
     2.9950        1  -109.88509
     3.1450        1  -109.81379
     3.2950        1  -109.74908
     3.4450        1  -109.68845
     3.5950        1  -109.63273
     3.7450        1  -109.57968
     3.8950        1  -109.52829
     4.0450        1  -109.47764
     4.1950        1  -109.43059
     4.3450        1  -109.38461
     4.4950        1  -109.34036
     4.6450        1  -109.29543
     4.7950        1  -109.25498
     4.9450        1  -109.21291
     5.0950        1  -109.17092
     5.2450        1  -109.13245
     5.3950        1  -109.09432
     5.5450        1  -109.05717
     5.6950        1  -109.02181
     5.8450        1  -108.98966
     5.9950        1  -108.95516
     6.1450        1  -108.92230
     6.2950        1  -108.88846
     6.4450        1  -108.85674
     6.5950        1  -108.82593
     6.7450        1  -108.79643
     6.8950        1  -108.76658
     7.0450        1  -108.73790
     7.1950        1  -108.70952
     7.3450        1  -108.68112
     7.4950        1  -108.65303
     7.6450        1  -108.62537
     7.7950        1  -108.59883
     7.9450        1  -108.57383
     8.0950        1  -108.54743
     8.2450        1  -108.52302
     8.3950        1  -108.49871
     8.5450        1  -108.47438
     8.6950        1  -108.44979
     8.8450        1  -108.42628
     8.9950        1  -108.40298
     9.1450        1  -108.38062
     9.2950        1  -108.35616
     9.4450        1  -108.33283
     9.5950        1  -108.30900
     9.7450        1  -108.28755
     9.8950        1  -108.26482
     10.045        1  -108.24438
     10.195        1  -108.22338
     10.345        1  -108.20129
     10.495        1  -108.17933
     10.645        1  -108.15869
     10.795        1  -108.13847
     10.945        1  -108.11778
     11.095        1  -108.09807
     11.245        1  -108.07666
     11.395        1  -108.05719
     11.545        1  -108.03845
     11.695        1  -108.02044
     11.845        1  -108.00125
     11.995        1  -107.98348
     12.145        1  -107.96520
     12.295        1  -107.94625
     12.445        1  -107.92902
     12.595        1  -107.91147
     12.745        1  -107.89426
     12.895        1  -107.87542
     13.045        1  -107.85842
     13.195        1  -107.84225
     13.345        1  -107.82595
     13.495        1  -107.80850
     13.645        1  -107.79206
     13.795        1  -107.77549
     13.945        1  -107.75963
     14.095        1  -107.74375
     14.245        1  -107.72823
     14.395        1  -107.71284
     14.545        1  -107.69687
     14.695        1  -107.68186
     14.845        1  -107.66706
     14.995        1  -107.65242
     15.145        1  -107.63747
     15.295        1  -107.62217
     15.445        1  -107.60800
     15.595        1  -107.59342
     15.745        1  -107.57898
     15.895        1  -107.56445
     16.045        1  -107.55027
     16.195        1  -107.53663
     16.345        1  -107.52346
     16.495        1  -107.50911
     16.645        1  -107.49527
     16.795        1  -107.48099
     16.945        1  -107.46727
     17.095        1  -107.45417
     17.245        1  -107.44094
     17.395        1  -107.42828
     17.545        1  -107.41595
     17.695        1  -107.40342
     17.845        1  -107.39054
     17.995        1  -107.37735
     18.145        1  -107.36406
     18.295        1  -107.35162
     18.445        1  -107.33868
     18.595        1  -107.32683
     18.745        1  -107.31489
     18.895        1  -107.30261
     19.045        1  -107.29019
     19.195        1  -107.27760
     19.345        1  -107.26563
     19.495        1  -107.25342
     19.645        1  -107.24203
     19.795        1  -107.22982
     19.945        1  -107.21834
     20.095        1  -107.20672
     20.245        1  -107.19471
     20.395        1  -107.18341
     20.545        1  -107.17174
     20.695        1  -107.15919
     20.845        1  -107.14637
     20.995        1  -107.13536
     21.145        1  -107.12399
     21.295        1  -107.11230
     21.445        1  -107.10113
     21.595        1  -107.08953
     21.745        1  -107.07845
     21.895        1  -107.06691
     22.045        1  -107.05654
     22.195        1  -107.04581
     22.345        1  -107.03529
     22.495        1  -107.02484
     22.645        1  -107.01419
     22.795        1  -107.00422
     22.945        1  -106.99380
     23.095        1  -106.98310
     23.245        1  -106.97288
     23.395        1  -106.96271
     23.545        1  -106.95287
     23.695        1  -106.94260
     23.845        1  -106.93229
     23.995        1  -106.92190
     24.145        1  -106.91130
     24.295        1  -106.90205
     24.445        1  -106.89263
     24.595        1  -106.88276
     24.745        1  -106.87305
     24.895        1  -106.86364
     25.045        1  -106.85377
     25.195        1  -106.84453
     25.345        1  -106.83418
     25.495        1  -106.82501
     25.645        1  -106.81524
     25.795        1  -106.80637
     25.945        1  -106.79715
     26.095        1  -106.78755
     26.245        1  -106.77847
     26.395        1  -106.76981
     26.545        1  -106.76067
     26.695        1  -106.75243
     26.845        1  -106.74343
     26.995        1  -106.73517
     27.145        1  -106.72677
     27.295        1  -106.71786
     27.445        1  -106.70947
     27.595        1  -106.70083
     27.745        1  -106.69152
     27.895        1  -106.68384
     28.045        1  -106.67578
     28.195        1  -106.66713
     28.345        1  -106.65908
     28.495        1  -106.65078
     28.645        1  -106.64228
     28.795        1  -106.63423
     28.945        1  -106.62586
     29.095        1  -106.61756
     29.245        1  -106.60870
     29.395        1  -106.60019
     29.545        1  -106.59191
     29.695        1  -106.58429
     29.845        1  -106.57616
     29.995        1  -106.56788
     30.145        1  -106.56030
     30.295        1  -106.55252
     30.445        1  -106.54452
     30.595        1  -106.53695
     30.745        1  -106.52926
     30.895        1  -106.52196
     31.045        1  -106.51437
     31.195        1  -106.50680
     31.345        1  -106.49918
     31.495        1  -106.49145
     31.645        1  -106.48394
     31.795        1  -106.47655
     31.945        1  -106.46944
     32.095        1  -106.46175
     32.245        1  -106.45387
     32.395        1  -106.44620
     32.545        1  -106.43845
     32.695        1  -106.43131
     32.845        1  -106.42408
     32.995        1  -106.41625
     33.145        1  -106.40882
     33.295        1  -106.40045
     33.445        1  -106.39311
     33.595        1  -106.38632
     33.745        1  -106.37894
     33.895        1  -106.37188
     34.045        1  -106.36485
     34.195        1  -106.35801
     34.345        1  -106.35030
     34.495        1  -106.34355
     34.645        1  -106.33697
     34.795        1  -106.32977
     34.945        1  -106.32282
     35.095        1  -106.31601
     35.245        1  -106.30944
     35.395        1  -106.30228
     35.545        1  -106.29478
     35.695        1  -106.28751
     35.845        1  -106.28053
     35.995        1  -106.27388
     36.145        1  -106.26731
     36.295        1  -106.26086
     36.445        1  -106.25400
     36.595        1  -106.24657
     36.745        1  -106.23978
     36.895        1  -106.23309
     37.045        1  -106.22591
     37.195        1  -106.21907
     37.345        1  -106.21223
     37.495        1  -106.20567
     37.645        1  -106.19947
     37.795        1  -106.19300
     37.945        1  -106.18605
     38.095        1  -106.17929
     38.245        1  -106.17341
     38.395        1  -106.16708
     38.545        1  -106.16063
     38.695        1  -106.15477
     38.845        1  -106.14845
     38.995        1  -106.14194
     39.145        1  -106.13586
     39.295        1  -106.12995
     39.445        1  -106.12402
     39.595        1  -106.11778
     39.745        1  -106.11174
     39.895        1  -106.10561
     40.045        1  -106.09969
     40.195        1  -106.09377
     40.345        1  -106.08722
     40.495        1  -106.08118
     40.645        1  -106.07499
     40.795        1  -106.06858
     40.945        1  -106.06254
     41.095        1  -106.05687
     41.245        1  -106.05095
     41.395        1  -106.04473
     41.545        1  -106.03923
     41.695        1  -106.03337
     41.845        1  -106.02756
     41.995        1  -106.02167
     42.145        1  -106.01607
     42.295        1  -106.00997
     42.445        1  -106.00389
     42.595        1  -105.99876
     42.745        1  -105.99251
     42.895        1  -105.98666
     43.045        1  -105.98082
     43.195        1  -105.97498
     43.345        1  -105.96942
     43.495        1  -105.96246
     43.645        1  -105.95678
     43.795        1  -105.95120
     43.945        1  -105.94571
     44.095        1  -105.93962
     44.245        1  -105.93406
     44.395        1  -105.92909
     44.545        1  -105.92387
     44.695        1  -105.91831
     44.845        1  -105.91288
     44.995        1  -105.90694
     45.145        1  -105.90163
     45.295        1  -105.89582
     45.445        1  -105.89034
     45.595        1  -105.88520
     45.745        1  -105.87941
     45.895        1  -105.87364
     46.045        1  -105.86738
     46.195        1  -105.86206
     46.345        1  -105.85664
     46.495        1  -105.85175
     46.645        1  -105.84651
     46.795        1  -105.84153
     46.945        1  -105.83595
     47.095        1  -105.83041
     47.245        1  -105.82476
     47.395        1  -105.81956
     47.545        1  -105.81454
     47.695        1  -105.80864
     47.845        1  -105.80331
     47.995        1  -105.79768
     48.145        1  -105.79247
     48.295        1  -105.78722
     48.445        1  -105.78212
     48.595        1  -105.77720
     48.745        1  -105.77202
     48.895        1  -105.76661
     49.045        1  -105.76152
     49.195        1  -105.75670
     49.345        1  -105.75152
     49.495        1  -105.74678
     49.645        1  -105.74185
     49.795        1  -105.73691
     49.945        1  -105.73140
     50.095        1  -105.72647
     50.245        1  -105.72082
     50.395        1  -105.71600
     50.545        1  -105.71109
     50.695        1  -105.70629
     50.845        1  -105.70127
     50.995        1  -105.69660
     51.145        1  -105.69122
     51.295        1  -105.68683
     51.445        1  -105.68203
     51.595        1  -105.67729
     51.745        1  -105.67236
     51.895        1  -105.66784
     52.045        1  -105.66246
     52.195        1  -105.65770
     52.345        1  -105.65297
     52.495        1  -105.64858
     52.645        1  -105.64386
     52.795        1  -105.63902
     52.945        1  -105.63430
     53.095        1  -105.62964
     53.245        1  -105.62517
     53.395        1  -105.62027
     53.545        1  -105.61569
     53.695        1  -105.61141
     53.845        1  -105.60617
     53.995        1  -105.60176
     54.145        1  -105.59719
     54.295        1  -105.59291
     54.445        1  -105.58850
     54.595        1  -105.58384
     54.745        1  -105.57854
     54.895        1  -105.57407
     55.045        1  -105.56944
     55.195        1  -105.56496
     55.345        1  -105.56053
     55.495        1  -105.55601
     55.645        1  -105.55086
     55.795        1  -105.54602
     55.945        1  -105.54167
     56.095        1  -105.53723
     56.245        1  -105.53310
     56.395        1  -105.52869
     56.545        1  -105.52396
     56.695        1  -105.51973
     56.845        1  -105.51481
     56.995        1  -105.51077
     57.145        1  -105.50678
     57.295        1  -105.50240
     57.445        1  -105.49838
     57.595        1  -105.49348
     57.745        1  -105.48929
     57.895        1  -105.48487
     58.045        1  -105.48081
     58.195        1  -105.47595
     58.345        1  -105.47171
     58.495        1  -105.46701
     58.645        1  -105.46277
     58.795        1  -105.45844
     58.945        1  -105.45411
     59.095        1  -105.45002
     59.245        1  -105.44564
     59.395        1  -105.44146
     59.545        1  -105.43736
     59.695        1  -105.43329
     59.845        1  -105.42877
     59.995        1  -105.42505
     60.145        1  -105.42072
     70.939        1  -104.87450
     97.698        1  -104.32870
     134.55        1  -103.77707
     185.30        1  -103.22591
     255.20        1  -102.67075
     351.46        1  -102.12346
     484.04        1  -101.58124
     666.62        1  -101.03781
     918.07        1  -100.50393
     1264.4        1   -99.96732
     1741.3        1   -99.44051
     2398.1        1   -98.92215
     3302.7        1   -98.40749
     4548.5        1   -97.89713
     6264.3        1   -97.38972
     8627.2        1   -96.89017
     11881.        1   -96.39659
     16363.        1   -95.90408
     22535.        1   -95.42030
     31036.        1   -94.94114
     42743.        1   -94.46745
     58866.        1   -94.00229
     81070.        1   -93.53483
    0.11165E+06    1   -93.07994
    0.15377E+06    1   -92.62777
    0.21177E+06    1   -92.17835
    0.29165E+06    1   -91.73566
    0.40166E+06    1   -91.29410
    0.55317E+06    1   -90.85595
    0.76182E+06    1   -90.41699
    0.10492E+07    1   -89.98250
    0.14449E+07    1   -89.55103
    0.19900E+07    1   -89.11903
    0.27406E+07    1   -88.68627
    0.37744E+07    1   -88.25204
    0.51981E+07    1   -87.81490
    0.71589E+07    1   -87.37484
    0.98593E+07    1   -86.93557
    0.13578E+08    1   -86.49350
    0.18700E+08    1   -86.05026
    0.25754E+08    1   -85.60410
    0.35468E+08    1   -85.16157
    0.48847E+08    1   -84.72630
    0.67273E+08    1   -84.30068
    0.92648E+08    1   -83.88482
    0.12760E+09    1   -83.48115
    0.17573E+09    1   -83.08854
    0.24201E+09    1   -82.70689
    0.33330E+09    1   -82.34105
    0.45902E+09    1   -81.99138
    0.63217E+09    1   -81.66138
    0.87062E+09    1   -81.35227
    0.11990E+10    1   -81.06241
    0.16513E+10    1   -80.79322
    0.22742E+10    1   -80.54157
    0.31320E+10    1   -80.30869
    0.43134E+10    1   -80.09080
    0.59405E+10    1   -79.88809
    0.81813E+10    1   -79.69865
    0.11267E+11    1   -79.52173
    0.15517E+11    1   -79.35840
    0.21371E+11    1   -79.20523
    0.29432E+11    1   -79.06328
    0.40534E+11    1   -78.93088
    0.55823E+11    1   -78.80876
    0.10000E+12    1   -77.27902
    -149.95        2     0.00000
    -149.80        2     0.00000
    -149.65        2     0.00000
    -149.49        2     0.00000
    -149.34        2     0.00000
    -149.20        2     0.00000
    -149.05        2     0.00000
    -148.90        2     0.00000
    -148.74        2     0.00000
    -148.59        2     0.00000
    -148.45        2     0.00000
    -148.30        2     0.00000
    -148.15        2     0.00000
    -147.99        2     0.00000
    -147.84        2     0.00000
    -147.70        2     0.00000
    -147.55        2     0.00000
    -147.40        2     0.00000
    -147.24        2     0.00000
    -147.09        2     0.00000
    -146.95        2     0.00000
    -146.80        2     0.00000
    -146.65        2     0.00000
    -146.49        2     0.00000
    -146.34        2     0.00000
    -146.20        2     0.00000
    -146.05        2     0.00000
    -145.90        2     0.00000
    -145.74        2     0.00000
    -145.59        2     0.00000
    -145.45        2     0.00000
    -145.30        2     0.00000
    -145.15        2     0.00000
    -144.99        2     0.00000
    -144.84        2     0.00000
    -144.70        2     0.00000
    -144.55        2     0.00000
    -144.40        2     0.00000
    -144.24        2     0.00000
    -144.09        2     0.00000
    -143.95        2     0.00000
    -143.80        2     0.00000
    -143.65        2     0.00000
    -143.49        2     0.00000
    -143.34        2     0.00000
    -143.20        2     0.00000
    -143.05        2     0.00000
    -142.90        2     0.00000
    -142.74        2     0.00000
    -142.59        2     0.00000
    -142.45        2     0.00000
    -142.30        2     0.00000
    -142.15        2     0.00000
    -141.99        2     0.00000
    -141.84        2     0.00000
    -141.70        2     0.00000
    -141.55        2     0.00000
    -141.40        2     0.00000
    -141.24        2     0.00000
    -141.09        2     0.00000
    -140.95        2     0.00000
    -140.80        2     0.00000
    -140.65        2     0.00000
    -140.49        2     0.00000
    -140.34        2     0.00000
    -140.20        2     0.00000
    -140.05        2     0.00000
    -139.90        2     0.00000
    -139.74        2     0.00000
    -139.59        2     0.00000
    -139.45        2     0.00000
    -139.30        2     0.00000
    -139.15        2     0.00000
    -138.99        2     0.00000
    -138.84        2     0.00000
    -138.70        2     0.00000
    -138.55        2     0.00000
    -138.40        2     0.00000
    -138.24        2     0.00000
    -138.09        2     0.00000
    -137.95        2     0.00000
    -137.80        2     0.00000
    -137.65        2     0.00000
    -137.49        2     0.00000
    -137.34        2     0.00000
    -137.20        2     0.00000
    -137.05        2     0.00000
    -136.90        2     0.00000
    -136.74        2     0.00000
    -136.59        2     0.00000
    -136.45        2     0.00000
    -136.30        2     0.00000
    -136.15        2     0.00000
    -135.99        2     0.00000
    -135.84        2     0.00000
    -135.70        2     0.00000
    -135.55        2     0.00000
    -135.40        2     0.00000
    -135.24        2     0.00000
    -135.09        2     0.00000
    -134.95        2     0.00000
    -134.80        2     0.00000
    -134.65        2     0.00000
    -134.49        2     0.00000
    -134.34        2     0.00000
    -134.20        2     0.00000
    -134.05        2     0.00000
    -133.90        2     0.00000
    -133.74        2     0.00000
    -133.59        2     0.00000
    -133.45        2     0.00000
    -133.30        2     0.00000
    -133.15        2     0.00000
    -132.99        2     0.00000
    -132.84        2     0.00000
    -132.70        2     0.00000
    -132.55        2     0.00000
    -132.40        2     0.00000
    -132.24        2     0.00000
    -132.09        2     0.00000
    -131.95        2     0.00000
    -131.80        2     0.00000
    -131.65        2     0.00000
    -131.49        2     0.00000
    -131.34        2     0.00000
    -131.20        2     0.00000
    -131.05        2     0.00000
    -130.90        2     0.00000
    -130.74        2     0.00000
    -130.59        2     0.00000
    -130.45        2     0.00000
    -130.30        2     0.00000
    -130.15        2     0.00000
    -129.99        2     0.00000
    -129.84        2     0.00000
    -129.70        2     0.00000
    -129.55        2     0.00000
    -129.40        2     0.00000
    -129.24        2     0.00000
    -129.09        2     0.00000
    -128.95        2     0.00000
    -128.80        2     0.00000
    -128.65        2     0.00000
    -128.49        2     0.00000
    -128.34        2     0.00000
    -128.20        2     0.00000
    -128.05        2     0.00000
    -127.89        2     0.00000
    -127.75        2     0.00000
    -127.60        2     0.00000
    -127.44        2     0.00000
    -127.30        2     0.00000
    -127.14        2     0.00000
    -127.00        2     0.00000
    -126.85        2     0.00000
    -126.69        2     0.00000
    -126.55        2     0.00000
    -126.39        2     0.00000
    -126.25        2     0.00000
    -126.10        2     0.00000
    -125.94        2     0.00000
    -125.80        2     0.00000
    -125.64        2     0.00000
    -125.50        2     0.00000
    -125.35        2     0.00000
    -125.19        2     0.00000
    -125.05        2     0.00000
    -124.89        2     0.00000
    -124.75        2     0.00000
    -124.60        2     0.00000
    -124.44        2     0.00000
    -124.30        2     0.00000
    -124.14        2     0.00000
    -124.00        2     0.00000
    -123.85        2     0.00000
    -123.69        2     0.00000
    -123.55        2     0.00000
    -123.39        2     0.00000
    -123.25        2     0.00000
    -123.10        2     0.00000
    -122.94        2     0.00000
    -122.80        2     0.00000
    -122.64        2     0.00000
    -122.50        2     0.00000
    -122.35        2     0.00000
    -122.19        2     0.00000
    -122.05        2     0.00000
    -121.89        2     0.00000
    -121.75        2     0.00000
    -121.60        2     0.00000
    -121.44        2     0.00000
    -121.30        2     0.00000
    -121.14        2     0.00000
    -121.00        2     0.00000
    -120.85        2     0.00000
    -120.69        2     0.00000
    -120.55        2     0.00000
    -120.39        2     0.00000
    -120.25        2     0.00000
    -120.10        2     0.00000
    -119.94        2     0.00000
    -119.80        2     0.00000
    -119.64        2     0.00000
    -119.50        2     0.00000
    -119.35        2     0.00000
    -119.19        2     0.00000
    -119.05        2     0.00000
    -118.89        2     0.00000
    -118.75        2     0.00000
    -118.60        2     0.00000
    -118.44        2     0.00000
    -118.30        2     0.00000
    -118.14        2     0.00000
    -118.00        2     0.00000
    -117.85        2     0.00000
    -117.69        2     0.00000
    -117.55        2     0.00000
    -117.39        2     0.00000
    -117.25        2     0.00000
    -117.10        2     0.00000
    -116.94        2     0.00000
    -116.80        2     0.00000
    -116.64        2     0.00000
    -116.50        2     0.00000
    -116.35        2     0.00000
    -116.19        2     0.00000
    -116.05        2     0.00000
    -115.89        2     0.00000
    -115.75        2     0.00000
    -115.60        2     0.00000
    -115.44        2     0.00000
    -115.30        2     0.00000
    -115.14        2     0.00000
    -115.00        2     0.00000
    -114.85        2     0.00000
    -114.69        2     0.00000
    -114.55        2     0.00000
    -114.39        2     0.00000
    -114.25        2     0.00000
    -114.10        2     0.00000
    -113.94        2     0.00000
    -113.80        2     0.00000
    -113.64        2     0.00000
    -113.50        2     0.00000
    -113.35        2     0.00000
    -113.19        2     0.00000
    -113.05        2     0.00000
    -112.89        2     0.00000
    -112.75        2     0.00000
    -112.60        2     0.00000
    -112.44        2     0.00000
    -112.30        2     0.00000
    -112.14        2     0.00000
    -112.00        2     0.00000
    -111.85        2     0.00000
    -111.69        2     0.00000
    -111.55        2     0.00000
    -111.39        2     0.00000
    -111.25        2     0.00000
    -111.10        2     0.00000
    -110.94        2     0.00000
    -110.80        2     0.00000
    -110.64        2     0.00000
    -110.50        2     0.00000
    -110.35        2     0.00000
    -110.19        2     0.00000
    -110.05        2     0.00000
    -109.89        2     0.00000
    -109.75        2     0.00000
    -109.60        2     0.00000
    -109.44        2     0.00000
    -109.30        2     0.00000
    -109.14        2     0.00000
    -109.00        2     0.00000
    -108.85        2     0.00000
    -108.69        2     0.00000
    -108.55        2     0.00000
    -108.39        2     0.00000
    -108.25        2     0.00000
    -108.10        2     0.00000
    -107.94        2     0.00000
    -107.80        2     0.00000
    -107.64        2     0.00000
    -107.50        2     0.00000
    -107.35        2     0.00000
    -107.19        2     0.00000
    -107.05        2     0.00000
    -106.89        2     0.00000
    -106.75        2     0.00000
    -106.60        2     0.00000
    -106.44        2     0.00000
    -106.30        2     0.00000
    -106.14        2     0.00000
    -106.00        2     0.00000
    -105.85        2     0.00000
    -105.69        2     0.00000
    -105.55        2     0.00000
    -105.39        2     0.00000
    -105.25        2     0.00000
    -105.10        2     0.00000
    -104.94        2     0.00000
    -104.80        2     0.00000
    -104.64        2     0.00000
    -104.50        2     0.00000
    -104.35        2     0.00000
    -104.19        2     0.00000
    -104.05        2     0.00000
    -103.89        2     0.00000
    -103.75        2     0.00000
    -103.60        2     0.00000
    -103.44        2     0.00000
    -103.30        2     0.00000
    -103.14        2     0.00000
    -103.00        2     0.00000
    -102.85        2     0.00000
    -102.69        2     0.00000
    -102.55        2     0.00000
    -102.39        2     0.00000
    -102.25        2     0.00000
    -102.10        2     0.00000
    -101.94        2     0.00000
    -101.80        2     0.00000
    -101.64        2     0.00000
    -101.50        2     0.00000
    -101.35        2     0.00000
    -101.19        2     0.00000
    -101.05        2     0.00000
    -100.89        2     0.00000
    -100.75        2     0.00000
    -100.60        2     0.00000
    -100.44        2     0.00000
    -100.30        2     0.00000
    -100.14        2     0.00000
    -99.995        2     0.00000
    -99.845        2     0.00000
    -99.695        2     0.00000
    -99.545        2     0.00000
    -99.395        2     0.00000
    -99.245        2     0.00000
    -99.095        2     0.00000
    -98.945        2     0.00000
    -98.795        2     0.00000
    -98.645        2     0.00000
    -98.495        2     0.00000
    -98.345        2     0.00000
    -98.195        2     0.00000
    -98.045        2     0.00000
    -97.895        2     0.00000
    -97.745        2     0.00000
    -97.595        2     0.00000
    -97.445        2     0.00000
    -97.295        2     0.00000
    -97.145        2     0.00000
    -96.995        2     0.00000
    -96.845        2     0.00000
    -96.695        2     0.00000
    -96.545        2     0.00000
    -96.395        2     0.00000
    -96.245        2     0.00000
    -96.095        2     0.00000
    -95.945        2     0.00000
    -95.795        2     0.00000
    -95.645        2     0.00000
    -95.495        2     0.00000
    -95.345        2     0.00000
    -95.195        2     0.00000
    -95.045        2     0.00000
    -94.895        2     0.00000
    -94.745        2     0.00000
    -94.595        2     0.00000
    -94.445        2     0.00000
    -94.295        2     0.00000
    -94.145        2     0.00000
    -93.995        2     0.00000
    -93.845        2     0.00000
    -93.695        2     0.00000
    -93.545        2     0.00000
    -93.395        2     0.00000
    -93.245        2     0.00000
    -93.095        2     0.00000
    -92.945        2     0.00000
    -92.795        2     0.00000
    -92.645        2     0.00000
    -92.495        2     0.00000
    -92.345        2     0.00000
    -92.195        2     0.00000
    -92.045        2     0.00000
    -91.895        2     0.00000
    -91.745        2     0.00000
    -91.595        2     0.00000
    -91.445        2     0.00000
    -91.295        2     0.00000
    -91.145        2     0.00000
    -90.995        2     0.00000
    -90.845        2     0.00000
    -90.695        2     0.00000
    -90.545        2     0.00000
    -90.395        2     0.00000
    -90.245        2     0.00000
    -90.095        2     0.00000
    -89.945        2     0.00000
    -89.795        2     0.00000
    -89.645        2     0.00000
    -89.495        2     0.00000
    -89.345        2     0.00000
    -89.195        2     0.00000
    -89.045        2     0.00000
    -88.895        2     0.00000
    -88.745        2     0.00000
    -88.595        2     0.00000
    -88.445        2     0.00000
    -88.295        2     0.00000
    -88.145        2     0.00000
    -87.995        2     0.00000
    -87.845        2     0.00000
    -87.695        2     0.00000
    -87.545        2     0.00000
    -87.395        2     0.00000
    -87.245        2     0.00000
    -87.095        2     0.00000
    -86.945        2     0.00000
    -86.795        2     0.00000
    -86.645        2     0.00000
    -86.495        2     0.00000
    -86.345        2     0.00000
    -86.195        2     0.00000
    -86.045        2     0.00000
    -85.895        2     0.00000
    -85.745        2     0.00000
    -85.595        2     0.00000
    -85.445        2     0.00000
    -85.295        2     0.00000
    -85.145        2     0.00000
    -84.995        2     0.00000
    -84.845        2     0.00000
    -84.695        2     0.00000
    -84.545        2     0.00000
    -84.395        2     0.00000
    -84.245        2     0.00000
    -84.095        2     0.00000
    -83.945        2     0.00000
    -83.795        2     0.00000
    -83.645        2     0.00000
    -83.495        2     0.00000
    -83.345        2     0.00000
    -83.195        2     0.00000
    -83.045        2     0.00000
    -82.895        2     0.00000
    -82.745        2     0.00000
    -82.595        2     0.00000
    -82.445        2     0.00000
    -82.295        2     0.00000
    -82.145        2     0.00000
    -81.995        2     0.00000
    -81.845        2     0.00000
    -81.695        2     0.00000
    -81.545        2     0.00000
    -81.395        2     0.00000
    -81.245        2     0.00000
    -81.095        2     0.00000
    -80.945        2     0.00000
    -80.795        2     0.00000
    -80.645        2     0.00000
    -80.495        2     0.00000
    -80.345        2     0.00000
    -80.195        2     0.00000
    -80.045        2     0.00000
    -79.895        2     0.00000
    -79.745        2     0.00000
    -79.595        2     0.00000
    -79.445        2     0.00000
    -79.295        2     0.00000
    -79.145        2     0.00000
    -78.995        2     0.00000
    -78.845        2     0.00000
    -78.695        2     0.00000
    -78.545        2     0.00000
    -78.395        2     0.00000
    -78.245        2     0.00000
    -78.095        2     0.00000
    -77.945        2     0.00000
    -77.795        2     0.00000
    -77.645        2     0.00000
    -77.495        2     0.00000
    -77.345        2     0.00000
    -77.195        2     0.00000
    -77.045        2     0.00000
    -76.895        2     0.00000
    -76.745        2     0.00000
    -76.595        2     0.00000
    -76.445        2     0.00000
    -76.295        2     0.00000
    -76.145        2     0.00000
    -75.995        2     0.00000
    -75.845        2     0.00000
    -75.695        2     0.00000
    -75.545        2     0.00000
    -75.395        2     0.00000
    -75.245        2     0.00000
    -75.095        2     0.00000
    -74.945        2     0.00000
    -74.795        2     0.00000
    -74.645        2     0.00000
    -74.495        2     0.00000
    -74.345        2     0.00000
    -74.195        2     0.00000
    -74.045        2     0.00000
    -73.895        2     0.00000
    -73.745        2     0.00000
    -73.595        2     0.00000
    -73.445        2     0.00000
    -73.295        2     0.00000
    -73.145        2     0.00000
    -72.995        2     0.00000
    -72.845        2     0.00000
    -72.695        2     0.00000
    -72.545        2     0.00000
    -72.395        2     0.00000
    -72.245        2     0.00000
    -72.095        2     0.00000
    -71.945        2     0.00000
    -71.795        2     0.00000
    -71.645        2     0.00000
    -71.495        2     0.00000
    -71.345        2     0.00000
    -71.195        2     0.00000
    -71.045        2     0.00000
    -70.895        2     0.00000
    -70.745        2     0.00000
    -70.595        2     0.00000
    -70.445        2     0.00000
    -70.295        2     0.00000
    -70.145        2     0.00000
    -69.995        2     0.00000
    -69.845        2     0.00000
    -69.695        2     0.00000
    -69.545        2     0.00000
    -69.395        2     0.00000
    -69.245        2     0.00000
    -69.095        2     0.00000
    -68.945        2     0.00000
    -68.795        2     0.00000
    -68.645        2     0.00000
    -68.495        2     0.00000
    -68.345        2     0.00000
    -68.195        2     0.00000
    -68.045        2     0.00000
    -67.895        2     0.00000
    -67.745        2     0.00000
    -67.595        2     0.00000
    -67.445        2     0.00000
    -67.295        2     0.00000
    -67.145        2     0.00000
    -66.995        2     0.00000
    -66.845        2     0.00000
    -66.695        2     0.00000
    -66.545        2     0.00000
    -66.395        2     0.00000
    -66.245        2     0.00000
    -66.095        2     0.00000
    -65.945        2     0.00000
    -65.795        2     0.00000
    -65.645        2     0.00000
    -65.495        2     0.00000
    -65.345        2     0.00000
    -65.195        2     0.00000
    -65.045        2     0.00000
    -64.895        2     0.00000
    -64.745        2     0.00000
    -64.595        2     0.00000
    -64.445        2     0.00000
    -64.295        2     0.00000
    -64.145        2     0.00000
    -63.995        2     0.00000
    -63.845        2     0.00000
    -63.695        2     0.00000
    -63.545        2     0.00000
    -63.395        2     0.00000
    -63.245        2     0.00000
    -63.095        2     0.00000
    -62.945        2     0.00000
    -62.795        2     0.00000
    -62.645        2     0.00000
    -62.495        2     0.00000
    -62.345        2     0.00000
    -62.195        2     0.00000
    -62.045        2     0.00000
    -61.895        2     0.00000
    -61.745        2     0.00000
    -61.595        2     0.00000
    -61.445        2     0.00000
    -61.295        2     0.00000
    -61.145        2     0.00000
    -60.995        2     0.00000
    -60.845        2     0.00000
    -60.695        2     0.00000
    -60.545        2     0.00000
    -60.395        2     0.00000
    -60.245        2     0.00000
    -60.095        2     0.00000
    -59.945        2     0.00000
    -59.795        2     0.00000
    -59.645        2     0.00000
    -59.495        2     0.00000
    -59.345        2     0.00000
    -59.195        2     0.00000
    -59.045        2     0.00000
    -58.895        2     0.00000
    -58.745        2     0.00000
    -58.595        2     0.00000
    -58.445        2     0.00000
    -58.295        2     0.00000
    -58.145        2     0.00000
    -57.995        2     0.00000
    -57.845        2     0.00000
    -57.695        2     0.00000
    -57.545        2     0.00000
    -57.395        2     0.00000
    -57.245        2     0.00000
    -57.095        2     0.00000
    -56.945        2     0.00000
    -56.795        2     0.00000
    -56.645        2     0.00000
    -56.495        2     0.00000
    -56.345        2     0.00000
    -56.195        2     0.00000
    -56.045        2     0.00000
    -55.895        2     0.00000
    -55.745        2     0.00000
    -55.595        2     0.00000
    -55.445        2     0.00000
    -55.295        2     0.00000
    -55.145        2     0.00000
    -54.995        2     0.00000
    -54.845        2     0.00000
    -54.695        2     0.00000
    -54.545        2     0.00000
    -54.395        2     0.00000
    -54.245        2     0.00000
    -54.095        2     0.00000
    -53.945        2     0.00000
    -53.795        2     0.00000
    -53.645        2     0.00000
    -53.495        2     0.00000
    -53.345        2     0.00000
    -53.195        2     0.00000
    -53.045        2     0.00000
    -52.895        2     0.00000
    -52.745        2     0.00000
    -52.595        2     0.00000
    -52.445        2     0.00000
    -52.295        2     0.00000
    -52.145        2     0.00000
    -51.995        2     0.00000
    -51.845        2     0.00000
    -51.695        2     0.00000
    -51.545        2     0.00000
    -51.395        2     0.00000
    -51.245        2     0.00000
    -51.095        2     0.00000
    -50.945        2     0.00000
    -50.795        2     0.00000
    -50.645        2     0.00000
    -50.495        2     0.00000
    -50.345        2     0.00000
    -50.195        2     0.00000
    -50.045        2     0.00000
    -49.895        2     0.00000
    -49.745        2     0.00000
    -49.595        2     0.00000
    -49.445        2     0.00000
    -49.295        2     0.00000
    -49.145        2     0.00000
    -48.995        2     0.00000
    -48.845        2     0.00000
    -48.695        2     0.00000
    -48.545        2     0.00000
    -48.395        2     0.00000
    -48.245        2     0.00000
    -48.095        2     0.00000
    -47.945        2     0.00000
    -47.795        2     0.00000
    -47.645        2     0.00000
    -47.495        2     0.00000
    -47.345        2     0.00000
    -47.195        2     0.00000
    -47.045        2     0.00000
    -46.895        2     0.00000
    -46.745        2     0.00000
    -46.595        2     0.00000
    -46.445        2     0.00000
    -46.295        2     0.00000
    -46.145        2     0.00000
    -45.995        2     0.00000
    -45.845        2     0.00000
    -45.695        2     0.00000
    -45.545        2     0.00000
    -45.395        2     0.00000
    -45.245        2     0.00000
    -45.095        2     0.00000
    -44.945        2     0.00000
    -44.795        2     0.00000
    -44.645        2     0.00000
    -44.495        2     0.00000
    -44.345        2     0.00000
    -44.195        2     0.00000
    -44.045        2     0.00000
    -43.895        2     0.00000
    -43.745        2     0.00000
    -43.595        2     0.00000
    -43.445        2     0.00000
    -43.295        2     0.00000
    -43.145        2     0.00000
    -42.995        2     0.00000
    -42.845        2     0.00000
    -42.695        2     0.00000
    -42.545        2     0.00000
    -42.395        2     0.00000
    -42.245        2     0.00000
    -42.095        2     0.00000
    -41.945        2     0.00000
    -41.795        2     0.00000
    -41.645        2     0.00000
    -41.495        2     0.00000
    -41.345        2     0.00000
    -41.195        2     0.00000
    -41.045        2     0.00000
    -40.895        2     0.00000
    -40.745        2     0.00000
    -40.595        2     0.00000
    -40.445        2     0.00000
    -40.295        2     0.00000
    -40.145        2     0.00000
    -39.995        2     0.00000
    -39.845        2     0.00000
    -39.695        2     0.00000
    -39.545        2     0.00000
    -39.395        2     0.00000
    -39.245        2     0.00000
    -39.095        2     0.00000
    -38.945        2     0.00000
    -38.795        2     0.00000
    -38.645        2     0.00000
    -38.495        2     0.00000
    -38.345        2     0.00000
    -38.195        2     0.00000
    -38.045        2     0.00000
    -37.895        2     0.00000
    -37.745        2     0.00000
    -37.595        2     0.00000
    -37.445        2     0.00000
    -37.295        2     0.00000
    -37.145        2     0.00000
    -36.995        2     0.00000
    -36.845        2     0.00000
    -36.695        2     0.00000
    -36.545        2     0.00000
    -36.395        2     0.00000
    -36.245        2     0.00000
    -36.095        2     0.00000
    -35.945        2     0.00000
    -35.795        2     0.00000
    -35.645        2     0.00000
    -35.495        2     0.00000
    -35.345        2     0.00000
    -35.195        2     0.00000
    -35.045        2     0.00000
    -34.895        2     0.00000
    -34.745        2     0.00000
    -34.595        2     0.00000
    -34.445        2     0.00000
    -34.295        2     0.00000
    -34.145        2     0.00000
    -33.995        2     0.00000
    -33.845        2     0.00000
    -33.695        2     0.00000
    -33.545        2     0.00000
    -33.395        2     0.00000
    -33.245        2     0.00000
    -33.095        2     0.00000
    -32.945        2     0.00000
    -32.795        2     0.00000
    -32.645        2     0.00000
    -32.495        2     0.00000
    -32.345        2     0.00000
    -32.195        2     0.00000
    -32.045        2     0.00000
    -31.895        2     0.00000
    -31.745        2     0.00000
    -31.595        2     0.00000
    -31.445        2     0.00000
    -31.295        2     0.00000
    -31.145        2     0.00000
    -30.995        2     0.00000
    -30.845        2     0.00000
    -30.695        2     0.00000
    -30.545        2     0.00000
    -30.395        2     0.00000
    -30.245        2     0.00000
    -30.095        2     0.00000
    -29.945        2     0.00000
    -29.795        2     0.00000
    -29.645        2     0.00000
    -29.495        2     0.00000
    -29.345        2     0.00000
    -29.195        2     0.00000
    -29.045        2     0.00000
    -28.895        2     0.00000
    -28.745        2     0.00000
    -28.595        2     0.00000
    -28.445        2     0.00000
    -28.295        2     0.00000
    -28.145        2     0.00000
    -27.995        2     0.00000
    -27.845        2     0.00000
    -27.695        2     0.00000
    -27.545        2     0.00000
    -27.395        2     0.00000
    -27.245        2     0.00000
    -27.095        2     0.00000
    -26.945        2     0.00000
    -26.795        2     0.00000
    -26.645        2     0.00000
    -26.495        2     0.00000
    -26.345        2     0.00000
    -26.195        2     0.00000
    -26.045        2     0.00000
    -25.895        2     0.00000
    -25.745        2     0.00000
    -25.595        2     0.00000
    -25.445        2     0.00000
    -25.295        2     0.00000
    -25.145        2     0.00000
    -24.995        2     0.00000
    -24.845        2     0.00000
    -24.695        2     0.00000
    -24.545        2     0.00000
    -24.395        2     0.00000
    -24.245        2     0.00000
    -24.095        2     0.00000
    -23.945        2     0.00000
    -23.795        2     0.00000
    -23.645        2     0.00000
    -23.495        2     0.00000
    -23.345        2     0.00000
    -23.195        2     0.00000
    -23.045        2     0.00000
    -22.895        2     0.00000
    -22.745        2     0.00000
    -22.595        2     0.00000
    -22.445        2     0.00000
    -22.295        2     0.00000
    -22.145        2     0.00000
    -21.995        2     0.00000
    -21.845        2     0.00000
    -21.695        2     0.00000
    -21.545        2     0.00000
    -21.395        2     0.00000
    -21.245        2     0.00000
    -21.095        2     0.00000
    -20.945        2     0.00000
    -20.795        2     0.00000
    -20.645        2     0.00000
    -20.495        2     0.00000
    -20.345        2     0.00000
    -20.195        2     0.00000
    -20.045        2     0.00000
    -19.895        2     0.00000
    -19.745        2     0.00000
    -19.595        2     0.00000
    -19.445        2     0.00000
    -19.295        2     0.00000
    -19.145        2     0.00000
    -18.995        2     0.00000
    -18.845        2     0.00000
    -18.695        2     0.00000
    -18.545        2     0.00000
    -18.395        2     0.00000
    -18.245        2     0.00000
    -18.095        2     0.00000
    -17.945        2     0.00000
    -17.795        2     0.00000
    -17.645        2     0.00000
    -17.495        2     0.00000
    -17.345        2     0.00000
    -17.195        2     0.00000
    -17.045        2     0.00000
    -16.895        2     0.00000
    -16.745        2     0.00000
    -16.595        2     0.00000
    -16.445        2     0.00000
    -16.295        2     0.00000
    -16.145        2     0.00000
    -15.995        2     0.00000
    -15.845        2     0.00000
    -15.695        2     0.00000
    -15.545        2     0.00000
    -15.395        2     0.00000
    -15.245        2     0.00000
    -15.095        2     0.00000
    -14.945        2    -0.00046
    -14.795        2    -0.00235
    -14.645        2    -0.00930
    -14.495        2    -0.02158
    -14.345        2    -0.03823
    -14.195        2    -0.06559
    -14.045        2    -0.10326
    -13.895        2    -0.15333
    -13.745        2    -0.23318
    -13.595        2    -0.36845
    -13.445        2    -0.58782
    -13.295        2    -0.90606
    -13.145        2    -1.29617
    -12.995        2    -1.76949
    -12.845        2    -2.27994
    -12.695        2    -2.85121
    -12.545        2    -3.44018
    -12.395        2    -4.04680
    -12.245        2    -4.68305
    -12.095        2    -5.30876
    -11.945        2    -5.92829
    -11.795        2    -6.56046
    -11.645        2    -7.18475
    -11.495        2    -7.81388
    -11.345        2    -8.42389
    -11.195        2    -9.04411
    -11.045        2    -9.64949
    -10.895        2   -10.23711
    -10.745        2   -10.82259
    -10.595        2   -11.39383
    -10.445        2   -11.96219
    -10.295        2   -12.52812
    -10.145        2   -13.09479
    -9.9950        2   -13.67350
    -9.8450        2   -14.27466
    -9.6950        2   -14.91479
    -9.5450        2   -15.60685
    -9.3950        2   -16.37331
    -9.2450        2   -17.21718
    -9.0950        2   -18.09761
    -8.9450        2   -19.02197
    -8.7950        2   -19.97923
    -8.6450        2   -20.96178
    -8.4950        2   -21.95841
    -8.3450        2   -23.00275
    -8.1950        2   -24.08691
    -8.0450        2   -25.19802
    -7.8950        2   -26.37583
    -7.7450        2   -27.59631
    -7.5950        2   -28.86155
    -7.4450        2   -30.14848
    -7.2950        2   -31.47458
    -7.1450        2   -32.83780
    -6.9950        2   -34.18226
    -6.8450        2   -35.57096
    -6.6950        2   -36.97835
    -6.5450        2   -38.39281
    -6.3950        2   -39.82545
    -6.2450        2   -41.28814
    -6.0950        2   -42.73277
    -5.9450        2   -44.17015
    -5.7950        2   -45.60628
    -5.6450        2   -47.02962
    -5.4950        2   -48.43810
    -5.3450        2   -49.83240
    -5.1950        2   -51.19124
    -5.0450        2   -52.55330
    -4.8950        2   -53.88324
    -4.7450        2   -55.19072
    -4.5950        2   -56.48858
    -4.4450        2   -57.75954
    -4.2950        2   -59.03932
    -4.1450        2   -60.33849
    -3.9950        2   -61.63924
    -3.8450        2   -62.98789
    -3.6950        2   -64.38734
    -3.5450        2   -65.87340
    -3.3950        2   -67.48207
    -3.2450        2   -69.19781
    -3.0950        2   -71.07338
    -2.9450        2   -73.10653
    -2.7950        2   -75.31448
    -2.6450        2   -77.72359
    -2.4950        2   -80.37676
    -2.3450        2   -83.29296
    -2.1950        2   -86.55126
    -2.0450        2   -90.21376
    -1.8950        2   -94.37489
    -1.7450        2   -99.17917
    -1.5950        2  -104.69304
    -1.4450        2  -110.92742
    -1.2950        2  -117.74139
    -1.1450        2  -124.98160
   -0.99500        2  -132.55467
   -0.84500        2  -140.41236
   -0.69500        2  -148.61062
   -0.54500        2  -157.42078
   -0.39500        2  -167.55526
   -0.25300        2  -175.37878
   -0.21500        2  -175.91775
   -0.20900        2  -176.46594
   -0.20300        2  -177.02238
   -0.19700        2  -177.58648
   -0.19100        2  -178.16022
   -0.18500        2  -178.74561
   -0.17900        2  -179.34323
   -0.17300        2  -179.95117
   -0.16700        2  -180.57021
   -0.16100        2  -181.20193
   -0.15500        2  -181.84870
   -0.14900        2  -182.50866
   -0.14300        2  -183.18510
   -0.13700        2  -183.87799
   -0.13100        2  -184.58982
   -0.12500        2  -185.32152
   -0.11900        2  -186.07460
   -0.11300        2  -186.85087
   -0.10700        2  -187.65185
   -0.10100        2  -188.48325
   -0.95000E-01    2  -189.34468
   -0.89000E-01    2  -190.24346
   -0.83000E-01    2  -191.18215
   -0.77000E-01    2  -192.16929
   -0.71000E-01    2  -193.21093
   -0.65000E-01    2  -194.31721
   -0.59000E-01    2  -195.50273
   -0.53000E-01    2  -196.78525
   -0.47000E-01    2  -198.19241
   -0.41000E-01    2  -199.76230
   -0.35000E-01    2  -201.55572
   -0.29000E-01    2  -203.68012
   -0.23000E-01    2  -206.35268
   -0.19700E-01    2  -206.66111
   -0.19100E-01    2  -206.98023
   -0.18500E-01    2  -207.31163
   -0.17900E-01    2  -207.65693
   -0.17300E-01    2  -208.01794
   -0.16700E-01    2  -208.39585
   -0.16100E-01    2  -208.79184
   -0.15500E-01    2  -209.20661
   -0.14900E-01    2  -209.64152
   -0.14300E-01    2  -210.09817
   -0.13700E-01    2  -210.57738
   -0.13100E-01    2  -211.08177
   -0.12500E-01    2  -211.61194
   -0.11900E-01    2  -212.16874
   -0.11300E-01    2  -212.75349
   -0.10700E-01    2  -213.36643
   -0.10100E-01    2  -214.00834
   -0.95000E-02    2  -214.67922
   -0.89000E-02    2  -215.37997
   -0.83000E-02    2  -216.11090
   -0.77000E-02    2  -216.87274
   -0.71000E-02    2  -217.66659
   -0.65000E-02    2  -218.49648
   -0.59000E-02    2  -219.36771
   -0.53000E-02    2  -220.28298
   -0.47000E-02    2  -221.24182
   -0.41000E-02    2  -222.23351
   -0.35000E-02    2  -223.23548
   -0.29000E-02    2  -224.20770
   -0.23000E-02    2  -225.08669
   -0.17000E-02    2  -225.79963
   -0.11000E-02    2  -226.28840
   -0.50000E-03    2  -226.51735
    0.10000E-03    2  -226.47122
    0.70000E-03    2  -226.15316
    0.13000E-02    2  -225.58469
    0.19000E-02    2  -224.80967
    0.25000E-02    2  -223.89174
    0.31000E-02    2  -222.90557
    0.37000E-02    2  -221.90583
    0.43000E-02    2  -220.92598
    0.49000E-02    2  -219.98405
    0.55000E-02    2  -219.08606
    0.61000E-02    2  -218.23241
    0.67000E-02    2  -217.41776
    0.73000E-02    2  -216.63755
    0.79000E-02    2  -215.88885
    0.85000E-02    2  -215.17037
    0.91000E-02    2  -214.48171
    0.97000E-02    2  -213.82219
    0.10300E-01    2  -213.19208
    0.10900E-01    2  -212.59054
    0.11500E-01    2  -212.01739
    0.12100E-01    2  -211.47191
    0.12700E-01    2  -210.95321
    0.13300E-01    2  -210.46005
    0.13900E-01    2  -209.99085
    0.14500E-01    2  -209.54418
    0.15100E-01    2  -209.11866
    0.15700E-01    2  -208.71314
    0.16300E-01    2  -208.32648
    0.16900E-01    2  -207.95705
    0.17500E-01    2  -207.60449
    0.18100E-01    2  -207.26713
    0.18700E-01    2  -206.94330
    0.19300E-01    2  -206.63093
    0.20200E-01    2  -205.50937
    0.25000E-01    2  -203.09201
    0.31000E-01    2  -201.13434
    0.37000E-01    2  -199.47201
    0.43000E-01    2  -198.01696
    0.49000E-01    2  -196.71717
    0.55000E-01    2  -195.53978
    0.61000E-01    2  -194.45968
    0.67000E-01    2  -193.46042
    0.73000E-01    2  -192.52922
    0.79000E-01    2  -191.65869
    0.85000E-01    2  -190.84003
    0.91000E-01    2  -190.06514
    0.97000E-01    2  -189.33189
    0.10300        2  -188.63339
    0.10900        2  -187.96762
    0.11500        2  -187.33000
    0.12100        2  -186.72054
    0.12700        2  -186.13383
    0.13300        2  -185.57214
    0.13900        2  -185.03078
    0.14500        2  -184.50939
    0.15100        2  -184.00588
    0.15700        2  -183.52035
    0.16300        2  -183.05192
    0.16900        2  -182.59941
    0.17500        2  -182.16165
    0.18100        2  -181.73975
    0.18700        2  -181.33258
    0.19300        2  -180.93881
    0.19900        2  -180.55795
    0.20500        2  -180.18948
    0.21100        2  -179.83195
    0.21700        2  -179.48480
    0.29500        2  -172.90424
    0.44500        2  -169.02371
    0.59500        2  -166.25697
    0.74500        2  -164.06957
    0.89500        2  -162.21343
     1.0450        2  -160.56027
     1.1950        2  -159.07063
     1.3450        2  -157.69683
     1.4950        2  -156.42603
     1.6450        2  -155.24832
     1.7950        2  -154.15721
     1.9450        2  -153.15139
     2.0950        2  -152.23069
     2.2450        2  -151.38380
     2.3950        2  -150.59856
     2.5450        2  -149.88235
     2.6950        2  -149.21709
     2.8450        2  -148.60262
     2.9950        2  -148.02984
     3.1450        2  -147.50186
     3.2950        2  -146.99632
     3.4450        2  -146.51855
     3.5950        2  -146.08328
     3.7450        2  -145.65937
     3.8950        2  -145.26719
     4.0450        2  -144.88978
     4.1950        2  -144.52825
     4.3450        2  -144.17316
     4.4950        2  -143.83443
     4.6450        2  -143.51145
     4.7950        2  -143.20750
     4.9450        2  -142.90350
     5.0950        2  -142.60794
     5.2450        2  -142.32033
     5.3950        2  -142.04731
     5.5450        2  -141.77999
     5.6950        2  -141.51613
     5.8450        2  -141.27140
     5.9950        2  -141.02675
     6.1450        2  -140.79254
     6.2950        2  -140.55512
     6.4450        2  -140.33661
     6.5950        2  -140.11415
     6.7450        2  -139.90288
     6.8950        2  -139.69211
     7.0450        2  -139.47886
     7.1950        2  -139.27353
     7.3450        2  -139.07431
     7.4950        2  -138.87611
     7.6450        2  -138.68875
     7.7950        2  -138.49856
     7.9450        2  -138.31495
     8.0950        2  -138.13578
     8.2450        2  -137.96043
     8.3950        2  -137.78348
     8.5450        2  -137.61154
     8.6950        2  -137.44167
     8.8450        2  -137.28188
     8.9950        2  -137.11958
     9.1450        2  -136.96169
     9.2950        2  -136.80588
     9.4450        2  -136.64911
     9.5950        2  -136.49194
     9.7450        2  -136.34138
     9.8950        2  -136.18837
     10.045        2  -136.04372
     10.195        2  -135.89455
     10.345        2  -135.74939
     10.495        2  -135.60571
     10.645        2  -135.46977
     10.795        2  -135.33276
     10.945        2  -135.20135
     11.095        2  -135.06551
     11.245        2  -134.93216
     11.395        2  -134.79946
     11.545        2  -134.67045
     11.695        2  -134.54279
     11.845        2  -134.41336
     11.995        2  -134.28963
     12.145        2  -134.16624
     12.295        2  -134.04224
     12.445        2  -133.92356
     12.595        2  -133.80072
     12.745        2  -133.68028
     12.895        2  -133.56367
     13.045        2  -133.45033
     13.195        2  -133.33702
     13.345        2  -133.22719
     13.495        2  -133.11828
     13.645        2  -133.00613
     13.795        2  -132.89731
     13.945        2  -132.79152
     14.095        2  -132.68634
     14.245        2  -132.58249
     14.395        2  -132.47932
     14.545        2  -132.37783
     14.695        2  -132.27838
     14.845        2  -132.17973
     14.995        2  -132.07929
     15.145        2  -131.98121
     15.295        2  -131.88327
     15.445        2  -131.78720
     15.595        2  -131.69276
     15.745        2  -131.60058
     15.895        2  -131.50636
     16.045        2  -131.41069
     16.195        2  -131.31703
     16.345        2  -131.22282
     16.495        2  -131.13088
     16.645        2  -131.03895
     16.795        2  -130.95065
     16.945        2  -130.86217
     17.095        2  -130.77371
     17.245        2  -130.68757
     17.395        2  -130.60151
     17.545        2  -130.51519
     17.695        2  -130.42997
     17.845        2  -130.34934
     17.995        2  -130.26535
     18.145        2  -130.17948
     18.295        2  -130.09460
     18.445        2  -130.01162
     18.595        2  -129.93072
     18.745        2  -129.85140
     18.895        2  -129.77049
     19.045        2  -129.69635
     19.195        2  -129.61761
     19.345        2  -129.53646
     19.495        2  -129.45961
     19.645        2  -129.38330
     19.795        2  -129.30648
     19.945        2  -129.22825
     20.095        2  -129.15204
     21.836        2  -126.85389
     30.068        2  -123.41493
     42.097        2  -119.99328
     58.937        2  -116.57024
     82.515        2  -113.17330
     115.53        2  -109.78560
     161.74        2  -106.43903
     226.45        2  -103.12009
     317.04        2   -99.87731
     443.87        2   -96.66092
     621.44        2   -93.51227
     870.05        2   -90.45779
     1218.1        2   -87.44368
     1705.4        2   -84.47778
     2387.7        2   -81.59379
     3342.9        2   -78.77986
     4680.2        2   -76.04715
     6552.5        2   -73.37878
     9173.8        2   -70.79865
     12844.        2   -68.28573
     17982.        2   -65.85755
     25176.        2   -63.49674
     35247.        2   -61.23331
     49348.        2   -59.05416
     69090.        2   -56.96491
     96729.        2   -54.96931
    0.13543E+06    2   -53.06196
    0.18960E+06    2   -51.24456
    0.26545E+06    2   -49.51553
    0.37165E+06    2   -47.86081
    0.52033E+06    2   -46.28872
    0.72849E+06    2   -44.79522
    0.10199E+07    2   -43.36888
    0.14279E+07    2   -42.00894
    0.19992E+07    2   -40.72001
    0.27990E+07    2   -39.49598
    0.39187E+07    2   -38.33930
    0.54864E+07    2   -37.22900
    0.76812E+07    2   -36.17087
    0.10754E+08    2   -35.16996
    0.15056E+08    2   -34.21985
    0.21080E+08    2   -33.31162
    0.29513E+08    2   -32.45475
    0.41319E+08    2   -31.64663
    0.57849E+08    2   -30.89016
    0.80991E+08    2   -30.19022
    0.11339E+09    2   -29.54323
    0.15875E+09    2   -28.93659
    0.22226E+09    2   -28.37227
    0.31118E+09    2   -27.84539
    0.43567E+09    2   -27.35153
    0.60996E+09    2   -26.90025
    0.85398E+09    2   -26.49177
    0.11956E+10    2   -26.11858
    0.16739E+10    2   -25.77506
    0.23436E+10    2   -25.45912
    0.32811E+10    2   -25.17179
    0.45937E+10    2   -24.90695
    0.64315E+10    2   -24.66047
    0.90044E+10    2   -24.43560
    0.12607E+11    2   -24.23087
    0.17650E+11    2   -24.04063
    0.24711E+11    2   -23.86631
    0.34596E+11    2   -23.70629
    0.48437E+11    2   -23.55999
    0.67814E+11    2   -23.42554
    0.10000E+12    2   -21.87560
