    -29.945         0.00000
    -29.795         0.00000
    -29.645         0.00000
    -29.495         0.00000
    -29.345         0.00000
    -29.195         0.00000
    -29.045         0.00000
    -28.895         0.00000
    -28.745         0.00000
    -28.595         0.00000
    -28.445         0.00000
    -28.295         0.00000
    -28.145         0.00000
    -27.995         0.00000
    -27.845         0.00000
    -27.695         0.00000
    -27.545         0.00000
    -27.395         0.00000
    -27.245         0.00000
    -27.095         0.00000
    -26.945         0.00000
    -26.795         0.00000
    -26.645         0.00000
    -26.495         0.00000
    -26.345         0.00000
    -26.195         0.00000
    -26.045         0.00000
    -25.895         0.00000
    -25.745         0.00000
    -25.595         0.00000
    -25.445         0.00000
    -25.295         0.00000
    -25.145         0.00000
    -24.995         0.00000
    -24.845         0.00000
    -24.695         0.00000
    -24.545         0.00000
    -24.395         0.00000
    -24.245         0.00000
    -24.095         0.00000
    -23.945         0.00000
    -23.795         0.00000
    -23.645         0.00000
    -23.495         0.00000
    -23.345         0.00000
    -23.195         0.00000
    -23.045         0.00000
    -22.895         0.00000
    -22.745         0.00000
    -22.595         0.00000
    -22.445         0.00000
    -22.295         0.00000
    -22.145         0.00000
    -21.995         0.00000
    -21.845         0.00000
    -21.695         0.00000
    -21.545         0.00000
    -21.395         0.00000
    -21.245         0.00000
    -21.095         0.00000
    -20.945         0.00000
    -20.795         0.00000
    -20.645         0.00000
    -20.495         0.00000
    -20.345         0.00000
    -20.195         0.00000
    -20.045         0.00000
    -19.895         0.00000
    -19.745         0.00000
    -19.595         0.00000
    -19.445         0.00000
    -19.295         0.00000
    -19.145         0.00000
    -18.995         0.00000
    -18.845         0.00000
    -18.695         0.00000
    -18.545         0.00000
    -18.395         0.00000
    -18.245         0.00000
    -18.095         0.00000
    -17.945         0.00000
    -17.795         0.00000
    -17.645         0.00000
    -17.495         0.00000
    -17.345         0.00000
    -17.195         0.00000
    -17.045         0.00000
    -16.895         0.00000
    -16.745         0.00000
    -16.595        -0.00126
    -16.445        -0.01829
    -16.295        -0.07360
    -16.145        -0.18928
    -15.995        -0.36902
    -15.845        -0.61489
    -15.695        -0.98781
    -15.545        -1.49616
    -15.395        -2.18496
    -15.245        -3.03509
    -15.095        -4.02075
    -14.945        -5.13498
    -14.795        -6.39125
    -14.645        -7.74308
    -14.495        -9.19165
    -14.345       -10.73076
    -14.195       -12.34889
    -14.045       -14.06634
    -13.895       -15.87889
    -13.745       -17.78469
    -13.595       -19.75641
    -13.445       -21.76465
    -13.295       -23.77022
    -13.145       -25.73388
    -12.995       -27.62968
    -12.845       -29.45888
    -12.695       -31.20152
    -12.545       -32.85589
    -12.395       -34.42559
    -12.245       -35.91175
    -12.095       -37.36751
    -11.945       -38.76203
    -11.795       -40.15360
    -11.645       -41.55067
    -11.495       -42.97176
    -11.345       -44.43310
    -11.195       -45.91630
    -11.045       -47.44894
    -10.895       -49.02564
    -10.745       -50.58906
    -10.595       -52.17880
    -10.445       -53.76935
    -10.295       -55.37150
    -10.145       -56.97758
    -9.9950       -58.59441
    -9.8450       -60.21898
    -9.6950       -61.81027
    -9.5450       -63.40830
    -9.3950       -64.99379
    -9.2450       -66.60094
    -9.0950       -68.17957
    -8.9450       -69.76713
    -8.7950       -71.34101
    -8.6450       -72.92940
    -8.4950       -74.52336
    -8.3450       -76.11190
    -8.1950       -77.71535
    -8.0450       -79.29553
    -7.8950       -80.85985
    -7.7450       -82.44149
    -7.5950       -84.03502
    -7.4450       -85.65081
    -7.2950       -87.29087
    -7.1450       -88.98025
    -6.9950       -90.73598
    -6.8450       -92.56564
    -6.6950       -94.40260
    -6.5450       -96.29447
    -6.3950       -98.18488
    -6.2450      -100.09687
    -6.0950      -102.01065
    -5.9450      -103.94248
    -5.7950      -105.89077
    -5.6450      -107.89324
    -5.4950      -109.95433
    -5.3450      -112.08816
    -5.1950      -114.26314
    -5.0450      -116.52643
    -4.8950      -118.87820
    -4.7450      -121.29793
    -4.5950      -123.76939
    -4.4450      -126.28921
    -4.2950      -128.84958
    -4.1450      -131.45396
    -3.9950      -134.12237
    -3.8450      -136.84477
    -3.6950      -139.62852
    -3.5450      -142.52629
    -3.3950      -145.52211
    -3.2450      -148.65081
    -3.0950      -151.90351
    -2.9450      -155.33122
    -2.7950      -158.95665
    -2.6450      -162.79031
    -2.4950      -166.88859
    -2.3450      -171.26547
    -2.1950      -175.96917
    -2.0450      -181.06719
    -1.8950      -186.71093
    -1.7450      -192.99254
    -1.5950      -200.02388
    -1.4450      -207.88971
    -1.2950      -216.60020
    -1.1450      -226.07920
   -0.99500      -236.23940
   -0.84500      -246.91199
   -0.69500      -258.07876
   -0.54500      -269.94697
   -0.39500      -283.28203
   -0.25300      -293.29028
   -0.21500      -293.96798
   -0.20900      -294.65455
   -0.20300      -295.35028
   -0.19700      -296.05516
   -0.19100      -296.77072
   -0.18500      -297.49642
   -0.17900      -298.23349
   -0.17300      -298.98301
   -0.16700      -299.74329
   -0.16100      -300.51749
   -0.15500      -301.30692
   -0.14900      -302.11286
   -0.14300      -302.93149
   -0.13700      -303.76736
   -0.13100      -304.62103
   -0.12500      -305.49610
   -0.11900      -306.39173
   -0.11300      -307.31134
   -0.10700      -308.25735
   -0.10100      -309.23398
   -0.95000E-01  -310.24254
   -0.89000E-01  -311.28610
   -0.83000E-01  -312.37100
   -0.77000E-01  -313.50423
   -0.71000E-01  -314.69168
   -0.65000E-01  -315.94541
   -0.59000E-01  -317.27640
   -0.53000E-01  -318.70239
   -0.47000E-01  -320.24874
   -0.41000E-01  -321.94964
   -0.35000E-01  -323.85854
   -0.29000E-01  -326.06439
   -0.23000E-01  -328.74202
   -0.19700E-01  -329.04357
   -0.19100E-01  -329.35342
   -0.18500E-01  -329.67264
   -0.17900E-01  -330.00130
   -0.17300E-01  -330.34002
   -0.16700E-01  -330.69021
   -0.16100E-01  -331.05258
   -0.15500E-01  -331.42770
   -0.14900E-01  -331.81745
   -0.14300E-01  -332.22282
   -0.13700E-01  -332.64642
   -0.13100E-01  -333.08985
   -0.12500E-01  -333.55456
   -0.11900E-01  -334.04312
   -0.11300E-01  -334.55609
   -0.10700E-01  -335.09502
   -0.10100E-01  -335.66129
   -0.95000E-02  -336.25626
   -0.89000E-02  -336.88095
   -0.83000E-02  -337.53745
   -0.77000E-02  -338.22924
   -0.71000E-02  -338.95970
   -0.65000E-02  -339.73281
   -0.59000E-02  -340.55145
   -0.53000E-02  -341.41790
   -0.47000E-02  -342.33447
   -0.41000E-02  -343.29639
   -0.35000E-02  -344.28394
   -0.29000E-02  -345.25663
   -0.23000E-02  -346.14370
   -0.17000E-02  -346.87486
   -0.11000E-02  -347.39723
   -0.50000E-03  -347.67077
    0.10000E-03  -347.66280
    0.70000E-03  -347.35725
    0.13000E-02  -346.77650
    0.19000E-02  -345.98697
    0.25000E-02  -345.06281
    0.31000E-02  -344.07946
    0.37000E-02  -343.09783
    0.43000E-02  -342.15146
    0.49000E-02  -341.25343
    0.55000E-02  -340.40537
    0.61000E-02  -339.60492
    0.67000E-02  -338.84841
    0.73000E-02  -338.13397
    0.79000E-02  -337.45655
    0.85000E-02  -336.81275
    0.91000E-02  -336.20093
    0.97000E-02  -335.61823
    0.10300E-01  -335.06411
    0.10900E-01  -334.53677
    0.11500E-01  -334.03465
    0.12100E-01  -333.55678
    0.12700E-01  -333.10215
    0.13300E-01  -332.66781
    0.13900E-01  -332.25275
    0.14500E-01  -331.85487
    0.15100E-01  -331.47271
    0.15700E-01  -331.10468
    0.16300E-01  -330.74964
    0.16900E-01  -330.40664
    0.17500E-01  -330.07440
    0.18100E-01  -329.75254
    0.18700E-01  -329.44005
    0.19300E-01  -329.13657
    0.20200E-01  -328.03202
    0.25000E-01  -325.58598
    0.31000E-01  -323.55179
    0.37000E-01  -321.79236
    0.43000E-01  -320.23240
    0.49000E-01  -318.82561
    0.55000E-01  -317.54024
    0.61000E-01  -316.35394
    0.67000E-01  -315.25099
    0.73000E-01  -314.21790
    0.79000E-01  -313.24653
    0.85000E-01  -312.32959
    0.91000E-01  -311.46027
    0.97000E-01  -310.63399
    0.10300      -309.84524
    0.10900      -309.09282
    0.11500      -308.37116
    0.12100      -307.67880
    0.12700      -307.01248
    0.13300      -306.36940
    0.13900      -305.75020
    0.14500      -305.15126
    0.15100      -304.57187
    0.15700      -304.01168
    0.16300      -303.46955
    0.16900      -302.94207
    0.17500      -302.43148
    0.18100      -301.93598
    0.18700      -301.45563
    0.19300      -300.98756
    0.19900      -300.53314
    0.20500      -300.09192
    0.21100      -299.66173
    0.21700      -299.24478
    0.29500      -291.08867
    0.44500      -286.12902
    0.59500      -282.58044
    0.74500      -279.72859
    0.89500      -277.28131
     1.0450      -275.10516
     1.1950      -273.14032
     1.3450      -271.33985
     1.4950      -269.69175
     1.6450      -268.17641
     1.7950      -266.78146
     1.9450      -265.49712
     2.0950      -264.31152
     2.2450      -263.21485
     2.3950      -262.20506
     2.5450      -261.27787
     2.6950      -260.41904
     2.8450      -259.61686
     2.9950      -258.87215
     3.1450      -258.18222
     3.2950      -257.53433
     3.4450      -256.93202
     3.5950      -256.35580
     3.7450      -255.80751
     3.8950      -255.28687
     4.0450      -254.79446
     4.1950      -254.32104
     4.3450      -253.87049
     4.4950      -253.42929
     4.6450      -253.00565
     4.7950      -252.59371
     4.9450      -252.19319
     5.0950      -251.80591
     5.2450      -251.43203
     5.3950      -251.06754
     5.5450      -250.71206
     5.6950      -250.36643
     5.8450      -250.02841
     5.9950      -249.70426
     6.1450      -249.38692
     6.2950      -249.07699
     6.4450      -248.77175
     6.5950      -248.47015
     6.7450      -248.17835
     6.8950      -247.88997
     7.0450      -247.60812
     7.1950      -247.33108
     7.3450      -247.06075
     7.4950      -246.79614
     7.6450      -246.53425
     7.7950      -246.28007
     7.9450      -246.03170
     8.0950      -245.78605
     8.2450      -245.54377
     8.3950      -245.30648
     8.5450      -245.07132
     8.6950      -244.84138
     8.8450      -244.61564
     8.9950      -244.39391
     9.1450      -244.17921
     9.2950      -243.96629
     9.4450      -243.75808
     9.5950      -243.55033
     9.7450      -243.34418
     9.8950      -243.14016
     10.045      -242.94234
     10.195      -242.74263
     10.345      -242.54780
     10.495      -242.35639
     10.645      -242.16689
     10.795      -241.98095
     10.945      -241.79502
     11.095      -241.61198
     11.245      -241.43270
     11.395      -241.25847
     11.545      -241.08371
     11.695      -240.91029
     11.845      -240.73954
     11.995      -240.57099
     12.145      -240.40614
     12.295      -240.24383
     12.445      -240.08144
     12.595      -239.92055
     12.745      -239.76403
     12.895      -239.60699
     13.045      -239.45130
     13.195      -239.29737
     13.345      -239.14415
     13.495      -238.99462
     13.645      -238.84569
     13.795      -238.69702
     13.945      -238.55294
     14.095      -238.40704
     14.245      -238.26442
     14.395      -238.12325
     14.545      -237.98255
     14.695      -237.84210
     14.845      -237.70549
     14.995      -237.57092
     15.145      -237.43495
     15.295      -237.30049
     15.445      -237.17032
     15.595      -237.03903
     15.745      -236.91037
     15.895      -236.78327
     16.045      -236.65527
     16.195      -236.52954
     16.345      -236.40423
     16.495      -236.28020
     16.645      -236.15844
     16.795      -236.03837
     16.945      -235.91777
     17.095      -235.79791
     17.245      -235.67866
     17.395      -235.56015
     17.545      -235.44438
     17.695      -235.32866
     17.845      -235.21285
     17.995      -235.09951
     18.145      -234.98768
     18.295      -234.87474
     18.445      -234.76400
     18.595      -234.65519
     18.745      -234.54548
     18.895      -234.43729
     19.045      -234.32876
     19.195      -234.22135
     19.345      -234.11541
     19.495      -234.00839
     19.645      -233.90438
     19.795      -233.79912
     19.945      -233.69592
     20.095      -233.59185
     20.245      -233.48940
     20.395      -233.38976
     20.545      -233.29004
     20.695      -233.19061
     20.845      -233.08939
     20.995      -232.99148
     21.145      -232.89283
     21.295      -232.79494
     21.445      -232.69932
     21.595      -232.60354
     21.745      -232.50869
     21.895      -232.41400
     22.045      -232.32061
     22.195      -232.22649
     22.345      -232.13506
     22.495      -232.04286
     22.645      -231.95136
     22.795      -231.86134
     22.945      -231.77124
     23.095      -231.68207
     23.245      -231.59217
     23.395      -231.50352
     23.545      -231.41427
     23.695      -231.32515
     23.845      -231.23802
     23.995      -231.15055
     24.145      -231.06413
     24.295      -230.97772
     24.445      -230.89119
     24.595      -230.80668
     24.745      -230.72136
     24.895      -230.63768
     25.045      -230.55567
     25.195      -230.47207
     25.345      -230.39047
     25.495      -230.30968
     25.645      -230.22904
     25.795      -230.14743
     25.945      -230.06589
     26.095      -229.98602
     26.245      -229.90642
     26.395      -229.82701
     26.545      -229.74929
     26.695      -229.67080
     26.845      -229.59285
     26.995      -229.51674
     27.145      -229.43988
     27.295      -229.36454
     27.445      -229.28875
     27.595      -229.21235
     27.745      -229.13846
     27.895      -229.06291
     28.045      -228.98790
     28.195      -228.91352
     28.345      -228.83983
     28.495      -228.76701
     28.645      -228.69377
     28.795      -228.62014
     28.945      -228.54719
     29.095      -228.47576
     29.245      -228.40365
     29.395      -228.33263
     29.545      -228.26174
     29.695      -228.19104
     29.845      -228.12148
     29.995      -228.05205
     30.145      -227.98272
     30.295      -227.91463
     30.445      -227.84702
     30.595      -227.78013
     30.745      -227.71189
     30.895      -227.64466
     31.045      -227.57708
     31.195      -227.50992
     31.345      -227.44401
     31.495      -227.37658
     31.645      -227.31067
     31.795      -227.24679
     31.945      -227.18281
     32.095      -227.11737
     32.245      -227.05266
     32.395      -226.98839
     32.545      -226.92439
     32.695      -226.86045
     32.845      -226.79774
     32.995      -226.73385
     33.145      -226.67007
     33.295      -226.60739
     33.445      -226.54453
     33.595      -226.48169
     33.745      -226.42061
     33.895      -226.35835
     34.045      -226.29704
     34.195      -226.23566
     34.345      -226.17617
     34.495      -226.11490
     34.645      -226.05452
     34.795      -225.99393
     34.945      -225.93536
     35.095      -225.87505
     35.245      -225.81548
     35.395      -225.75672
     35.545      -225.69821
     35.695      -225.63967
     35.845      -225.58130
     35.995      -225.52309
     36.145      -225.46419
     36.295      -225.40575
     36.445      -225.34887
     36.595      -225.29232
     36.745      -225.23565
     36.895      -225.17970
     37.045      -225.12294
     37.195      -225.06758
     37.345      -225.01310
     37.495      -224.95691
     37.645      -224.90219
     37.795      -224.84659
     37.945      -224.79137
     38.095      -224.73559
     38.245      -224.68058
     38.395      -224.62612
     38.545      -224.57203
     38.695      -224.51750
     38.845      -224.46342
     38.995      -224.40917
     39.145      -224.35569
     39.295      -224.30262
     39.445      -224.24895
     39.595      -224.19597
     39.745      -224.14367
     39.895      -224.09154
     40.045      -224.04015
     40.195      -223.98798
     40.345      -223.93602
     40.495      -223.88486
     40.645      -223.83400
     40.795      -223.78316
     40.945      -223.73218
     41.095      -223.68120
     41.245      -223.62987
     41.395      -223.57943
     41.545      -223.52922
     41.695      -223.47974
     41.845      -223.43015
     41.995      -223.38063
     42.145      -223.33060
     42.295      -223.28098
     42.445      -223.23089
     42.595      -223.18154
     42.745      -223.13117
     42.895      -223.08293
     43.045      -223.03418
     43.195      -222.98556
     43.345      -222.93741
     43.495      -222.88976
     43.645      -222.84201
     43.795      -222.79401
     43.945      -222.74697
     44.095      -222.69978
     44.245      -222.65248
     44.395      -222.60596
     44.545      -222.55873
     44.695      -222.51151
     44.845      -222.46562
     44.995      -222.42026
     45.145      -222.37377
     45.295      -222.32782
     45.445      -222.28064
     45.595      -222.23507
     45.745      -222.19043
     45.895      -222.14468
     46.045      -222.09808
     46.195      -222.05218
     46.345      -222.00596
     46.495      -221.96206
     46.645      -221.91776
     46.795      -221.87312
     46.945      -221.82934
     47.095      -221.78451
     47.245      -221.74014
     47.395      -221.69674
     47.545      -221.65285
     47.695      -221.60890
     47.845      -221.56608
     47.995      -221.52383
     48.145      -221.48154
     48.295      -221.43809
     48.445      -221.39590
     48.595      -221.35290
     48.745      -221.31094
     48.895      -221.26756
     49.045      -221.22469
     49.195      -221.18240
     49.345      -221.14078
     49.495      -221.09913
     49.645      -221.05690
     49.795      -221.01522
     49.945      -220.97319
     50.095      -220.93147
     50.245      -220.89048
     50.395      -220.84887
     50.545      -220.80705
     50.695      -220.76548
     50.845      -220.72540
     50.995      -220.68390
     51.145      -220.64345
     51.295      -220.60277
     51.445      -220.56303
     51.595      -220.52282
     51.745      -220.48182
     51.895      -220.44141
     52.045      -220.40124
     52.195      -220.36087
     52.345      -220.32121
     52.495      -220.28077
     52.645      -220.24112
     52.795      -220.20251
     52.945      -220.16326
     53.095      -220.12407
     53.245      -220.08549
     53.395      -220.04553
     53.545      -220.00591
     53.695      -219.96657
     53.845      -219.92760
     53.995      -219.88912
     54.145      -219.85055
     54.295      -219.81208
     54.445      -219.77288
     54.595      -219.73492
     54.745      -219.69645
     54.895      -219.65919
     55.045      -219.62171
     55.195      -219.58389
     55.345      -219.54706
     55.495      -219.50941
     55.645      -219.47170
     55.795      -219.43462
     55.945      -219.39758
     56.095      -219.35970
     56.245      -219.32312
     56.395      -219.28616
     56.545      -219.24956
     56.695      -219.21300
     56.845      -219.17690
     56.995      -219.13988
     57.145      -219.10324
     57.295      -219.06643
     57.445      -219.02947
     57.595      -218.99333
     57.745      -218.95682
     57.895      -218.92044
     58.045      -218.88410
     58.195      -218.84773
     58.345      -218.81166
     58.495      -218.77603
     58.645      -218.74017
     58.795      -218.70441
     58.945      -218.66854
     59.095      -218.63324
     59.245      -218.59928
     59.395      -218.56403
     59.545      -218.52890
     59.695      -218.49477
     59.845      -218.46027
     59.995      -218.42540
     60.145      -218.39032
     70.939      -213.96147
     97.698      -209.56011
     134.55      -205.20115
     185.30      -200.88776
     255.20      -196.60671
     351.46      -192.35592
     484.04      -188.12168
     666.62      -183.94230
     918.07      -179.82924
     1264.4      -175.79327
     1741.3      -171.84433
     2398.1      -167.98536
     3302.7      -164.20558
     4548.5      -160.51576
     6264.3      -156.91448
     8627.2      -153.40533
     11881.      -149.98895
     16363.      -146.66804
     22535.      -143.44728
     31036.      -140.33258
     42743.      -137.33276
     58866.      -134.44624
     81070.      -131.67780
    0.11165E+06  -129.03101
    0.15377E+06  -126.50242
    0.21177E+06  -124.08504
    0.29165E+06  -121.78075
    0.40166E+06  -119.57826
    0.55317E+06  -117.47746
    0.76182E+06  -115.47269
    0.10492E+07  -113.55995
    0.14449E+07  -111.73867
    0.19900E+07  -109.99956
    0.27406E+07  -108.34317
    0.37744E+07  -106.76329
    0.51981E+07  -105.25728
    0.71589E+07  -103.82565
    0.98593E+07  -102.45785
    0.13578E+08  -101.15755
    0.18700E+08   -99.91812
    0.25754E+08   -98.73720
    0.35468E+08   -97.61625
    0.48847E+08   -96.55739
    0.67273E+08   -95.56942
    0.92648E+08   -94.65428
    0.12760E+09   -93.80086
    0.17573E+09   -93.00266
    0.24201E+09   -92.25403
    0.33330E+09   -91.55346
    0.45902E+09   -90.89570
    0.63217E+09   -90.29222
    0.87062E+09   -89.74540
    0.11990E+10   -89.24415
    0.16513E+10   -88.78168
    0.22742E+10   -88.35497
    0.31320E+10   -87.96021
    0.43134E+10   -87.59521
    0.59405E+10   -87.25823
    0.81813E+10   -86.94828
    0.11267E+11   -86.66075
    0.15517E+11   -86.39600
    0.21371E+11   -86.15148
    0.29432E+11   -85.92673
    0.40534E+11   -85.71865
    0.55823E+11   -85.52675
    0.10000E+12   -83.21319
