    -29.945        1     0.00000
    -29.795        1     0.00000
    -29.645        1     0.00000
    -29.495        1     0.00000
    -29.345        1     0.00000
    -29.195        1     0.00000
    -29.045        1     0.00000
    -28.895        1     0.00000
    -28.745        1     0.00000
    -28.595        1     0.00000
    -28.445        1     0.00000
    -28.295        1     0.00000
    -28.145        1     0.00000
    -27.995        1     0.00000
    -27.845        1     0.00000
    -27.695        1     0.00000
    -27.545        1     0.00000
    -27.395        1     0.00000
    -27.245        1     0.00000
    -27.095        1     0.00000
    -26.945        1     0.00000
    -26.795        1     0.00000
    -26.645        1     0.00000
    -26.495        1     0.00000
    -26.345        1     0.00000
    -26.195        1     0.00000
    -26.045        1     0.00000
    -25.895        1     0.00000
    -25.745        1     0.00000
    -25.595        1     0.00000
    -25.445        1     0.00000
    -25.295        1     0.00000
    -25.145        1     0.00000
    -24.995        1     0.00000
    -24.845        1     0.00000
    -24.695        1     0.00000
    -24.545        1     0.00000
    -24.395        1     0.00000
    -24.245        1     0.00000
    -24.095        1     0.00000
    -23.945        1     0.00000
    -23.795        1     0.00000
    -23.645        1     0.00000
    -23.495        1     0.00000
    -23.345        1     0.00000
    -23.195        1     0.00000
    -23.045        1     0.00000
    -22.895        1     0.00000
    -22.745        1     0.00000
    -22.595        1     0.00000
    -22.445        1     0.00000
    -22.295        1     0.00000
    -22.145        1     0.00000
    -21.995        1     0.00000
    -21.845        1     0.00000
    -21.695        1     0.00000
    -21.545        1     0.00000
    -21.395        1     0.00000
    -21.245        1     0.00000
    -21.095        1     0.00000
    -20.945        1     0.00000
    -20.795        1     0.00000
    -20.645        1     0.00000
    -20.495        1     0.00000
    -20.345        1     0.00000
    -20.195        1     0.00000
    -20.045        1     0.00000
    -19.895        1     0.00000
    -19.745        1     0.00000
    -19.595        1     0.00000
    -19.445        1    -0.00014
    -19.295        1    -0.00014
    -19.145        1    -0.00014
    -18.995        1    -0.00042
    -18.845        1    -0.00056
    -18.695        1    -0.00097
    -18.545        1    -0.00138
    -18.395        1    -0.00206
    -18.245        1    -0.00261
    -18.095        1    -0.00328
    -17.945        1    -0.00553
    -17.795        1    -0.00851
    -17.645        1    -0.01364
    -17.495        1    -0.01821
    -17.345        1    -0.02498
    -17.195        1    -0.03229
    -17.045        1    -0.04262
    -16.895        1    -0.05561
    -16.745        1    -0.07059
    -16.595        1    -0.09089
    -16.445        1    -0.11123
    -16.295        1    -0.13440
    -16.145        1    -0.16433
    -15.995        1    -0.19724
    -15.845        1    -0.23789
    -15.695        1    -0.27869
    -15.545        1    -0.33051
    -15.395        1    -0.38235
    -15.245        1    -0.43904
    -15.095        1    -0.49873
    -14.945        1    -0.55916
    -14.795        1    -0.62840
    -14.645        1    -0.70307
    -14.495        1    -0.77286
    -14.345        1    -0.84467
    -14.195        1    -0.92491
    -14.045        1    -1.01128
    -13.895        1    -1.09594
    -13.745        1    -1.19022
    -13.595        1    -1.28721
    -13.445        1    -1.39219
    -13.295        1    -1.50488
    -13.145        1    -1.62386
    -12.995        1    -1.75661
    -12.845        1    -1.89038
    -12.695        1    -2.03870
    -12.545        1    -2.19630
    -12.395        1    -2.36674
    -12.245        1    -2.54766
    -12.095        1    -2.73647
    -11.945        1    -2.93700
    -11.795        1    -3.14320
    -11.645        1    -3.34976
    -11.495        1    -3.57162
    -11.345        1    -3.80160
    -11.195        1    -4.03325
    -11.045        1    -4.26747
    -10.895        1    -4.50670
    -10.745        1    -4.75259
    -10.595        1    -4.99938
    -10.445        1    -5.24570
    -10.295        1    -5.48934
    -10.145        1    -5.73231
    -9.9950        1    -5.98284
    -9.8450        1    -6.23104
    -9.6950        1    -6.47711
    -9.5450        1    -6.73087
    -9.3950        1    -6.97591
    -9.2450        1    -7.22929
    -9.0950        1    -7.47864
    -8.9450        1    -7.72608
    -8.7950        1    -7.97375
    -8.6450        1    -8.21646
    -8.4950        1    -8.46166
    -8.3450        1    -8.70611
    -8.1950        1    -8.95166
    -8.0450        1    -9.19968
    -7.8950        1    -9.44825
    -7.7450        1    -9.71091
    -7.5950        1    -9.96055
    -7.4450        1   -10.22738
    -7.2950        1   -10.48729
    -7.1450        1   -10.75887
    -6.9950        1   -11.04021
    -6.8450        1   -11.31444
    -6.6950        1   -11.60093
    -6.5450        1   -11.89150
    -6.3950        1   -12.18295
    -6.2450        1   -12.48213
    -6.0950        1   -12.78604
    -5.9450        1   -13.08328
    -5.7950        1   -13.38750
    -5.6450        1   -13.69715
    -5.4950        1   -14.00590
    -5.3450        1   -14.32288
    -5.1950        1   -14.64382
    -5.0450        1   -14.97131
    -4.8950        1   -15.30222
    -4.7450        1   -15.64121
    -4.5950        1   -15.99348
    -4.4450        1   -16.35618
    -4.2950        1   -16.72278
    -4.1450        1   -17.11555
    -3.9950        1   -17.52001
    -3.8450        1   -17.93916
    -3.6950        1   -18.37713
    -3.5450        1   -18.84326
    -3.3950        1   -19.32754
    -3.2450        1   -19.82668
    -3.0950        1   -20.35245
    -2.9450        1   -20.90630
    -2.7950        1   -21.48585
    -2.6450        1   -22.08819
    -2.4950        1   -22.70242
    -2.3450        1   -23.33326
    -2.1950        1   -23.97627
    -2.0450        1   -24.62926
    -1.8950        1   -25.28327
    -1.7450        1   -25.93597
    -1.5950        1   -26.58353
    -1.4450        1   -27.22819
    -1.2950        1   -27.86869
    -1.1450        1   -28.51664
   -0.99500        1   -29.18079
   -0.84500        1   -29.87052
   -0.69500        1   -30.60861
   -0.54500        1   -31.43057
   -0.39500        1   -32.38242
   -0.25300        1   -33.10013
   -0.21500        1   -33.14852
   -0.20900        1   -33.19737
   -0.20300        1   -33.24656
   -0.19700        1   -33.29690
   -0.19100        1   -33.34778
   -0.18500        1   -33.39941
   -0.17900        1   -33.45194
   -0.17300        1   -33.50511
   -0.16700        1   -33.55902
   -0.16100        1   -33.61381
   -0.15500        1   -33.67023
   -0.14900        1   -33.72775
   -0.14300        1   -33.78619
   -0.13700        1   -33.84669
   -0.13100        1   -33.90822
   -0.12500        1   -33.97161
   -0.11900        1   -34.03668
   -0.11300        1   -34.10407
   -0.10700        1   -34.17388
   -0.10100        1   -34.24631
   -0.95000E-01    1   -34.32194
   -0.89000E-01    1   -34.40105
   -0.83000E-01    1   -34.48381
   -0.77000E-01    1   -34.57177
   -0.71000E-01    1   -34.66505
   -0.65000E-01    1   -34.76474
   -0.59000E-01    1   -34.87179
   -0.53000E-01    1   -34.98786
   -0.47000E-01    1   -35.11493
   -0.41000E-01    1   -35.25700
   -0.35000E-01    1   -35.41819
   -0.29000E-01    1   -35.60468
   -0.23000E-01    1   -35.82810
   -0.19700E-01    1   -35.85282
   -0.19100E-01    1   -35.87810
   -0.18500E-01    1   -35.90392
   -0.17900E-01    1   -35.93031
   -0.17300E-01    1   -35.95723
   -0.16700E-01    1   -35.98476
   -0.16100E-01    1   -36.01286
   -0.15500E-01    1   -36.04152
   -0.14900E-01    1   -36.07078
   -0.14300E-01    1   -36.10059
   -0.13700E-01    1   -36.13096
   -0.13100E-01    1   -36.16183
   -0.12500E-01    1   -36.19321
   -0.11900E-01    1   -36.22515
   -0.11300E-01    1   -36.25761
   -0.10700E-01    1   -36.29048
   -0.10100E-01    1   -36.32375
   -0.95000E-02    1   -36.35733
   -0.89000E-02    1   -36.39120
   -0.83000E-02    1   -36.42515
   -0.77000E-02    1   -36.45908
   -0.71000E-02    1   -36.49281
   -0.65000E-02    1   -36.52610
   -0.59000E-02    1   -36.55863
   -0.53000E-02    1   -36.58972
   -0.47000E-02    1   -36.61888
   -0.41000E-02    1   -36.64579
   -0.35000E-02    1   -36.66996
   -0.29000E-02    1   -36.69089
   -0.23000E-02    1   -36.70808
   -0.17000E-02    1   -36.72116
   -0.11000E-02    1   -36.72974
   -0.50000E-03    1   -36.73367
    0.10000E-03    1   -36.73288
    0.70000E-03    1   -36.72739
    0.13000E-02    1   -36.71731
    0.19000E-02    1   -36.70283
    0.25000E-02    1   -36.68435
    0.31000E-02    1   -36.66234
    0.37000E-02    1   -36.63729
    0.43000E-02    1   -36.60961
    0.49000E-02    1   -36.57981
    0.55000E-02    1   -36.54829
    0.61000E-02    1   -36.51564
    0.67000E-02    1   -36.48223
    0.73000E-02    1   -36.44853
    0.79000E-02    1   -36.41475
    0.85000E-02    1   -36.38105
    0.91000E-02    1   -36.34753
    0.97000E-02    1   -36.31430
    0.10300E-01    1   -36.28159
    0.10900E-01    1   -36.24939
    0.11500E-01    1   -36.21790
    0.12100E-01    1   -36.18700
    0.12700E-01    1   -36.15673
    0.13300E-01    1   -36.12710
    0.13900E-01    1   -36.09827
    0.14500E-01    1   -36.07009
    0.15100E-01    1   -36.04248
    0.15700E-01    1   -36.01544
    0.16300E-01    1   -35.98891
    0.16900E-01    1   -35.96281
    0.17500E-01    1   -35.93730
    0.18100E-01    1   -35.91212
    0.18700E-01    1   -35.88759
    0.19300E-01    1   -35.86356
    0.20200E-01    1   -35.77363
    0.25000E-01    1   -35.56711
    0.31000E-01    1   -35.39108
    0.37000E-01    1   -35.23773
    0.43000E-01    1   -35.10259
    0.49000E-01    1   -34.98120
    0.55000E-01    1   -34.87071
    0.61000E-01    1   -34.76862
    0.67000E-01    1   -34.67465
    0.73000E-01    1   -34.58715
    0.79000E-01    1   -34.50539
    0.85000E-01    1   -34.42908
    0.91000E-01    1   -34.35712
    0.97000E-01    1   -34.28905
    0.10300        1   -34.22483
    0.10900        1   -34.16344
    0.11500        1   -34.10500
    0.12100        1   -34.04914
    0.12700        1   -33.99582
    0.13300        1   -33.94467
    0.13900        1   -33.89579
    0.14500        1   -33.84878
    0.15100        1   -33.80346
    0.15700        1   -33.75960
    0.16300        1   -33.71740
    0.16900        1   -33.67692
    0.17500        1   -33.63783
    0.18100        1   -33.59976
    0.18700        1   -33.56293
    0.19300        1   -33.52701
    0.19900        1   -33.49260
    0.20500        1   -33.45890
    0.21100        1   -33.42645
    0.21700        1   -33.39485
    0.29500        1   -32.79800
    0.44500        1   -32.46854
    0.59500        1   -32.25168
    0.74500        1   -32.09184
    0.89500        1   -31.96458
     1.0450        1   -31.85657
     1.1950        1   -31.76095
     1.3450        1   -31.67600
     1.4950        1   -31.59841
     1.6450        1   -31.52907
     1.7950        1   -31.46533
     1.9450        1   -31.40529
     2.0950        1   -31.35166
     2.2450        1   -31.30254
     2.3950        1   -31.25377
     2.5450        1   -31.21121
     2.6950        1   -31.16964
     2.8450        1   -31.12946
     2.9950        1   -31.09425
     3.1450        1   -31.06080
     3.2950        1   -31.02974
     3.4450        1   -30.99850
     3.5950        1   -30.96958
     3.7450        1   -30.94431
     3.8950        1   -30.92071
     4.0450        1   -30.89716
     4.1950        1   -30.87514
     4.3450        1   -30.85428
     4.4950        1   -30.83387
     4.6450        1   -30.81519
     4.7950        1   -30.79737
     4.9450        1   -30.78010
     5.0950        1   -30.76335
     5.2450        1   -30.74778
     5.3950        1   -30.73255
     5.5450        1   -30.71857
     5.6950        1   -30.70396
     5.8450        1   -30.69098
     5.9950        1   -30.67784
     6.1450        1   -30.66486
     6.2950        1   -30.65221
     6.4450        1   -30.63964
     6.5950        1   -30.62795
     6.7450        1   -30.61563
     6.8950        1   -30.60444
     7.0450        1   -30.59353
     7.1950        1   -30.58263
     7.3450        1   -30.57205
     7.4950        1   -30.56152
     7.6450        1   -30.55126
     7.7950        1   -30.54111
     7.9450        1   -30.53107
     8.0950        1   -30.52106
     8.2450        1   -30.51105
     8.3950        1   -30.50114
     8.5450        1   -30.49155
     8.6950        1   -30.48224
     8.8450        1   -30.47318
     8.9950        1   -30.46404
     9.1450        1   -30.45515
     9.2950        1   -30.44615
     9.4450        1   -30.43776
     9.5950        1   -30.42957
     9.7450        1   -30.42112
     9.8950        1   -30.41302
     10.045        1   -30.40480
     10.195        1   -30.39677
     10.345        1   -30.38889
     10.495        1   -30.38110
     10.645        1   -30.37356
     10.795        1   -30.36557
     10.945        1   -30.35812
     11.095        1   -30.35045
     11.245        1   -30.34299
     11.395        1   -30.33554
     11.545        1   -30.32791
     11.695        1   -30.32089
     11.845        1   -30.31371
     11.995        1   -30.30662
     12.145        1   -30.29952
     12.295        1   -30.29262
     12.445        1   -30.28590
     12.595        1   -30.27904
     12.745        1   -30.27253
     12.895        1   -30.26615
     13.045        1   -30.25988
     13.195        1   -30.25336
     13.345        1   -30.24702
     13.495        1   -30.24085
     13.645        1   -30.23431
     13.795        1   -30.22822
     13.945        1   -30.22212
     14.095        1   -30.21602
     14.245        1   -30.21002
     14.395        1   -30.20405
     14.545        1   -30.19823
     14.695        1   -30.19256
     14.845        1   -30.18693
     14.995        1   -30.18121
     15.145        1   -30.17527
     15.295        1   -30.16968
     15.445        1   -30.16385
     15.595        1   -30.15809
     15.745        1   -30.15248
     15.895        1   -30.14696
     16.045        1   -30.14175
     16.195        1   -30.13628
     16.345        1   -30.13083
     16.495        1   -30.12543
     16.645        1   -30.12025
     16.795        1   -30.11507
     16.945        1   -30.10990
     17.095        1   -30.10462
     17.245        1   -30.09965
     17.395        1   -30.09452
     17.545        1   -30.08934
     17.695        1   -30.08448
     17.845        1   -30.07954
     17.995        1   -30.07468
     18.145        1   -30.06996
     18.295        1   -30.06506
     18.445        1   -30.06028
     18.595        1   -30.05552
     18.745        1   -30.05073
     18.895        1   -30.04609
     19.045        1   -30.04160
     19.195        1   -30.03713
     19.345        1   -30.03263
     19.495        1   -30.02813
     19.645        1   -30.02361
     19.795        1   -30.01927
     19.945        1   -30.01479
     20.095        1   -30.01023
     20.245        1   -30.00576
     20.395        1   -30.00137
     20.545        1   -29.99701
     20.695        1   -29.99263
     20.845        1   -29.98839
     20.995        1   -29.98411
     21.145        1   -29.97977
     21.295        1   -29.97569
     21.445        1   -29.97150
     21.595        1   -29.96725
     21.745        1   -29.96310
     21.895        1   -29.95909
     22.045        1   -29.95514
     22.195        1   -29.95115
     22.345        1   -29.94710
     22.495        1   -29.94319
     22.645        1   -29.93929
     22.795        1   -29.93531
     22.945        1   -29.93126
     23.095        1   -29.92725
     23.245        1   -29.92316
     23.395        1   -29.91923
     23.545        1   -29.91537
     23.695        1   -29.91163
     23.845        1   -29.90779
     23.995        1   -29.90397
     24.145        1   -29.90009
     24.295        1   -29.89634
     24.445        1   -29.89247
     24.595        1   -29.88863
     24.745        1   -29.88498
     24.895        1   -29.88145
     25.045        1   -29.87790
     25.195        1   -29.87423
     25.345        1   -29.87058
     25.495        1   -29.86691
     25.645        1   -29.86340
     25.795        1   -29.85981
     25.945        1   -29.85622
     26.095        1   -29.85279
     26.245        1   -29.84937
     26.395        1   -29.84582
     26.545        1   -29.84247
     26.695        1   -29.83907
     26.845        1   -29.83576
     26.995        1   -29.83236
     27.145        1   -29.82916
     27.295        1   -29.82582
     27.445        1   -29.82256
     27.595        1   -29.81925
     27.745        1   -29.81592
     27.895        1   -29.81278
     28.045        1   -29.80945
     28.195        1   -29.80615
     28.345        1   -29.80285
     28.495        1   -29.79951
     28.645        1   -29.79634
     28.795        1   -29.79321
     28.945        1   -29.79017
     29.095        1   -29.78701
     29.245        1   -29.78376
     29.395        1   -29.78072
     29.545        1   -29.77765
     29.695        1   -29.77463
     29.845        1   -29.77171
     29.995        1   -29.76865
     30.145        1   -29.76572
     30.295        1   -29.76259
     30.445        1   -29.75962
     30.595        1   -29.75660
     30.745        1   -29.75361
     30.895        1   -29.75067
     31.045        1   -29.74772
     31.195        1   -29.74470
     31.345        1   -29.74156
     31.495        1   -29.73867
     31.645        1   -29.73591
     31.795        1   -29.73314
     31.945        1   -29.73021
     32.095        1   -29.72734
     32.245        1   -29.72455
     32.395        1   -29.72180
     32.545        1   -29.71902
     32.695        1   -29.71627
     32.845        1   -29.71350
     32.995        1   -29.71071
     33.145        1   -29.70802
     33.295        1   -29.70515
     33.445        1   -29.70242
     33.595        1   -29.69953
     33.745        1   -29.69681
     33.895        1   -29.69404
     34.045        1   -29.69136
     34.195        1   -29.68861
     34.345        1   -29.68598
     34.495        1   -29.68323
     34.645        1   -29.68054
     34.795        1   -29.67796
     34.945        1   -29.67524
     35.095        1   -29.67262
     35.245        1   -29.66993
     35.395        1   -29.66734
     35.545        1   -29.66459
     35.695        1   -29.66208
     35.845        1   -29.65943
     35.995        1   -29.65683
     36.145        1   -29.65439
     36.295        1   -29.65181
     36.445        1   -29.64926
     36.595        1   -29.64661
     36.745        1   -29.64405
     36.895        1   -29.64154
     37.045        1   -29.63899
     37.195        1   -29.63652
     37.345        1   -29.63407
     37.495        1   -29.63139
     37.645        1   -29.62891
     37.795        1   -29.62648
     37.945        1   -29.62413
     38.095        1   -29.62175
     38.245        1   -29.61940
     38.395        1   -29.61704
     38.545        1   -29.61467
     38.695        1   -29.61230
     38.845        1   -29.60996
     38.995        1   -29.60756
     39.145        1   -29.60516
     39.295        1   -29.60270
     39.445        1   -29.60034
     39.595        1   -29.59799
     39.745        1   -29.59545
     39.895        1   -29.59320
     40.045        1   -29.59082
     40.195        1   -29.58852
     40.345        1   -29.58610
     40.495        1   -29.58379
     40.645        1   -29.58146
     40.795        1   -29.57922
     40.945        1   -29.57681
     41.095        1   -29.57449
     41.245        1   -29.57217
     41.395        1   -29.56996
     41.545        1   -29.56765
     41.695        1   -29.56543
     41.845        1   -29.56323
     41.995        1   -29.56090
     42.145        1   -29.55861
     42.295        1   -29.55643
     42.445        1   -29.55425
     42.595        1   -29.55206
     42.745        1   -29.54988
     42.895        1   -29.54778
     43.045        1   -29.54564
     43.195        1   -29.54348
     43.345        1   -29.54136
     43.495        1   -29.53915
     43.645        1   -29.53696
     43.795        1   -29.53477
     43.945        1   -29.53259
     44.095        1   -29.53050
     44.245        1   -29.52841
     44.395        1   -29.52624
     44.545        1   -29.52403
     44.695        1   -29.52199
     44.845        1   -29.52002
     44.995        1   -29.51804
     45.145        1   -29.51581
     45.295        1   -29.51379
     45.445        1   -29.51177
     45.595        1   -29.50969
     45.745        1   -29.50775
     45.895        1   -29.50563
     46.045        1   -29.50364
     46.195        1   -29.50166
     46.345        1   -29.49958
     46.495        1   -29.49764
     46.645        1   -29.49569
     46.795        1   -29.49367
     46.945        1   -29.49170
     47.095        1   -29.48960
     47.245        1   -29.48760
     47.395        1   -29.48562
     47.545        1   -29.48369
     47.695        1   -29.48175
     47.845        1   -29.47966
     47.995        1   -29.47768
     48.145        1   -29.47574
     48.295        1   -29.47371
     48.445        1   -29.47178
     48.595        1   -29.46984
     48.745        1   -29.46796
     48.895        1   -29.46607
     49.045        1   -29.46418
     49.195        1   -29.46223
     49.345        1   -29.46036
     49.495        1   -29.45844
     49.645        1   -29.45645
     49.795        1   -29.45455
     49.945        1   -29.45257
     50.095        1   -29.45057
     50.245        1   -29.44869
     50.395        1   -29.44679
     50.545        1   -29.44498
     50.695        1   -29.44313
     50.845        1   -29.44119
     50.995        1   -29.43941
     51.145        1   -29.43747
     51.295        1   -29.43566
     51.445        1   -29.43370
     51.595        1   -29.43191
     51.745        1   -29.43009
     51.895        1   -29.42830
     52.045        1   -29.42652
     52.195        1   -29.42466
     52.345        1   -29.42280
     52.495        1   -29.42102
     52.645        1   -29.41924
     52.795        1   -29.41752
     52.945        1   -29.41574
     53.095        1   -29.41390
     53.245        1   -29.41214
     53.395        1   -29.41030
     53.545        1   -29.40854
     53.695        1   -29.40687
     53.845        1   -29.40506
     53.995        1   -29.40327
     54.145        1   -29.40156
     54.295        1   -29.39989
     54.445        1   -29.39820
     54.595        1   -29.39657
     54.745        1   -29.39482
     54.895        1   -29.39316
     55.045        1   -29.39138
     55.195        1   -29.38975
     55.345        1   -29.38807
     55.495        1   -29.38647
     55.645        1   -29.38473
     55.795        1   -29.38293
     55.945        1   -29.38126
     56.095        1   -29.37959
     56.245        1   -29.37782
     56.395        1   -29.37622
     56.545        1   -29.37456
     56.695        1   -29.37289
     56.845        1   -29.37122
     56.995        1   -29.36955
     57.145        1   -29.36786
     57.295        1   -29.36632
     57.445        1   -29.36467
     57.595        1   -29.36309
     57.745        1   -29.36146
     57.895        1   -29.35991
     58.045        1   -29.35827
     58.195        1   -29.35656
     58.345        1   -29.35487
     58.495        1   -29.35325
     58.645        1   -29.35168
     58.795        1   -29.35005
     58.945        1   -29.34843
     59.095        1   -29.34685
     59.245        1   -29.34533
     59.395        1   -29.34374
     59.545        1   -29.34205
     59.695        1   -29.34045
     59.845        1   -29.33888
     59.995        1   -29.33721
     60.145        1   -29.33554
     70.939        1   -29.13346
     97.698        1   -28.93050
     134.55        1   -28.72940
     185.30        1   -28.52863
     255.20        1   -28.32927
     351.46        1   -28.13204
     484.04        1   -27.93889
     666.62        1   -27.74685
     918.07        1   -27.55834
     1264.4        1   -27.37253
     1741.3        1   -27.18975
     2398.1        1   -27.00966
     3302.7        1   -26.83280
     4548.5        1   -26.65884
     6264.3        1   -26.48786
     8627.2        1   -26.31914
     11881.        1   -26.15324
     16363.        1   -25.98986
     22535.        1   -25.82832
     31036.        1   -25.66933
     42743.        1   -25.51308
     58866.        1   -25.35835
     81070.        1   -25.20633
    0.11165E+06    1   -25.05579
    0.15377E+06    1   -24.90685
    0.21177E+06    1   -24.75963
    0.29165E+06    1   -24.61412
    0.40166E+06    1   -24.46951
    0.55317E+06    1   -24.32607
    0.76182E+06    1   -24.18354
    0.10492E+07    1   -24.04186
    0.14449E+07    1   -23.90088
    0.19900E+07    1   -23.76043
    0.27406E+07    1   -23.61957
    0.37744E+07    1   -23.47840
    0.51981E+07    1   -23.33621
    0.71589E+07    1   -23.19354
    0.98593E+07    1   -23.05038
    0.13578E+08    1   -22.90656
    0.18700E+08    1   -22.76185
    0.25754E+08    1   -22.61643
    0.35468E+08    1   -22.47221
    0.48847E+08    1   -22.33016
    0.67273E+08    1   -22.19208
    0.92648E+08    1   -22.05715
    0.12760E+09    1   -21.92588
    0.17573E+09    1   -21.79834
    0.24201E+09    1   -21.67434
    0.33330E+09    1   -21.55472
    0.45902E+09    1   -21.44044
    0.63217E+09    1   -21.33326
    0.87062E+09    1   -21.23238
    0.11990E+10    1   -21.13831
    0.16513E+10    1   -21.05057
    0.22742E+10    1   -20.96908
    0.31320E+10    1   -20.89279
    0.43134E+10    1   -20.82175
    0.59405E+10    1   -20.75546
    0.81813E+10    1   -20.69402
    0.11267E+11    1   -20.63672
    0.15517E+11    1   -20.58324
    0.21371E+11    1   -20.53355
    0.29432E+11    1   -20.48752
    0.40534E+11    1   -20.44475
    0.55823E+11    1   -20.40485
    0.10000E+12    1   -19.90796
    -149.95        2     0.00000
    -149.79        2     0.00000
    -149.65        2     0.00000
    -149.49        2     0.00000
    -149.34        2     0.00000
    -149.20        2     0.00000
    -149.04        2     0.00000
    -148.90        2     0.00000
    -148.74        2     0.00000
    -148.59        2     0.00000
    -148.45        2     0.00000
    -148.29        2     0.00000
    -148.15        2     0.00000
    -147.99        2     0.00000
    -147.84        2     0.00000
    -147.70        2     0.00000
    -147.54        2     0.00000
    -147.40        2     0.00000
    -147.24        2     0.00000
    -147.09        2     0.00000
    -146.95        2     0.00000
    -146.79        2     0.00000
    -146.65        2     0.00000
    -146.49        2     0.00000
    -146.34        2     0.00000
    -146.20        2     0.00000
    -146.04        2     0.00000
    -145.90        2     0.00000
    -145.74        2     0.00000
    -145.59        2     0.00000
    -145.45        2     0.00000
    -145.29        2     0.00000
    -145.15        2     0.00000
    -144.99        2     0.00000
    -144.84        2     0.00000
    -144.70        2     0.00000
    -144.54        2     0.00000
    -144.40        2     0.00000
    -144.24        2     0.00000
    -144.09        2     0.00000
    -143.95        2     0.00000
    -143.79        2     0.00000
    -143.65        2     0.00000
    -143.49        2     0.00000
    -143.34        2     0.00000
    -143.20        2     0.00000
    -143.04        2     0.00000
    -142.90        2     0.00000
    -142.74        2     0.00000
    -142.59        2     0.00000
    -142.45        2     0.00000
    -142.29        2     0.00000
    -142.15        2     0.00000
    -141.99        2     0.00000
    -141.84        2     0.00000
    -141.70        2     0.00000
    -141.54        2     0.00000
    -141.40        2     0.00000
    -141.24        2     0.00000
    -141.09        2     0.00000
    -140.95        2     0.00000
    -140.79        2     0.00000
    -140.65        2     0.00000
    -140.49        2     0.00000
    -140.34        2     0.00000
    -140.20        2     0.00000
    -140.04        2     0.00000
    -139.90        2     0.00000
    -139.74        2     0.00000
    -139.59        2     0.00000
    -139.45        2     0.00000
    -139.29        2     0.00000
    -139.15        2     0.00000
    -138.99        2     0.00000
    -138.84        2     0.00000
    -138.70        2     0.00000
    -138.54        2     0.00000
    -138.40        2     0.00000
    -138.24        2     0.00000
    -138.09        2     0.00000
    -137.95        2     0.00000
    -137.79        2     0.00000
    -137.65        2     0.00000
    -137.49        2     0.00000
    -137.34        2     0.00000
    -137.20        2     0.00000
    -137.04        2     0.00000
    -136.90        2     0.00000
    -136.74        2     0.00000
    -136.59        2     0.00000
    -136.45        2     0.00000
    -136.29        2     0.00000
    -136.15        2     0.00000
    -135.99        2     0.00000
    -135.84        2     0.00000
    -135.70        2     0.00000
    -135.54        2     0.00000
    -135.40        2     0.00000
    -135.24        2     0.00000
    -135.09        2     0.00000
    -134.95        2     0.00000
    -134.79        2     0.00000
    -134.65        2     0.00000
    -134.49        2     0.00000
    -134.34        2     0.00000
    -134.20        2     0.00000
    -134.04        2     0.00000
    -133.90        2     0.00000
    -133.74        2     0.00000
    -133.59        2     0.00000
    -133.45        2     0.00000
    -133.29        2     0.00000
    -133.15        2     0.00000
    -132.99        2     0.00000
    -132.84        2     0.00000
    -132.70        2     0.00000
    -132.54        2     0.00000
    -132.40        2     0.00000
    -132.24        2     0.00000
    -132.09        2     0.00000
    -131.95        2     0.00000
    -131.79        2     0.00000
    -131.65        2     0.00000
    -131.49        2     0.00000
    -131.34        2     0.00000
    -131.20        2     0.00000
    -131.04        2     0.00000
    -130.90        2     0.00000
    -130.74        2     0.00000
    -130.59        2     0.00000
    -130.45        2     0.00000
    -130.29        2     0.00000
    -130.15        2     0.00000
    -129.99        2     0.00000
    -129.84        2     0.00000
    -129.70        2     0.00000
    -129.54        2     0.00000
    -129.40        2     0.00000
    -129.24        2     0.00000
    -129.09        2     0.00000
    -128.95        2     0.00000
    -128.79        2     0.00000
    -128.65        2     0.00000
    -128.49        2     0.00000
    -128.34        2     0.00000
    -128.20        2     0.00000
    -128.04        2     0.00000
    -127.89        2     0.00000
    -127.75        2     0.00000
    -127.60        2     0.00000
    -127.44        2     0.00000
    -127.30        2     0.00000
    -127.14        2     0.00000
    -127.00        2     0.00000
    -126.85        2     0.00000
    -126.69        2     0.00000
    -126.55        2     0.00000
    -126.39        2     0.00000
    -126.25        2     0.00000
    -126.10        2     0.00000
    -125.94        2     0.00000
    -125.80        2     0.00000
    -125.64        2     0.00000
    -125.50        2     0.00000
    -125.35        2     0.00000
    -125.19        2     0.00000
    -125.05        2     0.00000
    -124.89        2     0.00000
    -124.75        2     0.00000
    -124.60        2     0.00000
    -124.44        2     0.00000
    -124.30        2     0.00000
    -124.14        2     0.00000
    -124.00        2     0.00000
    -123.85        2     0.00000
    -123.69        2     0.00000
    -123.55        2     0.00000
    -123.39        2     0.00000
    -123.25        2     0.00000
    -123.10        2     0.00000
    -122.94        2     0.00000
    -122.80        2     0.00000
    -122.64        2     0.00000
    -122.50        2     0.00000
    -122.35        2     0.00000
    -122.19        2     0.00000
    -122.05        2     0.00000
    -121.89        2     0.00000
    -121.75        2     0.00000
    -121.60        2     0.00000
    -121.44        2     0.00000
    -121.30        2     0.00000
    -121.14        2     0.00000
    -121.00        2     0.00000
    -120.85        2     0.00000
    -120.69        2     0.00000
    -120.55        2     0.00000
    -120.39        2     0.00000
    -120.25        2     0.00000
    -120.10        2     0.00000
    -119.94        2     0.00000
    -119.80        2     0.00000
    -119.64        2     0.00000
    -119.50        2     0.00000
    -119.35        2     0.00000
    -119.19        2     0.00000
    -119.05        2     0.00000
    -118.89        2     0.00000
    -118.75        2     0.00000
    -118.60        2     0.00000
    -118.44        2     0.00000
    -118.30        2     0.00000
    -118.14        2     0.00000
    -118.00        2     0.00000
    -117.85        2     0.00000
    -117.69        2     0.00000
    -117.55        2     0.00000
    -117.39        2     0.00000
    -117.25        2     0.00000
    -117.10        2     0.00000
    -116.94        2     0.00000
    -116.80        2     0.00000
    -116.64        2     0.00000
    -116.50        2     0.00000
    -116.35        2     0.00000
    -116.19        2     0.00000
    -116.05        2     0.00000
    -115.89        2     0.00000
    -115.75        2     0.00000
    -115.60        2     0.00000
    -115.44        2     0.00000
    -115.30        2     0.00000
    -115.14        2     0.00000
    -115.00        2     0.00000
    -114.85        2     0.00000
    -114.69        2     0.00000
    -114.55        2     0.00000
    -114.39        2     0.00000
    -114.25        2     0.00000
    -114.10        2     0.00000
    -113.94        2     0.00000
    -113.80        2     0.00000
    -113.64        2     0.00000
    -113.50        2     0.00000
    -113.35        2     0.00000
    -113.19        2     0.00000
    -113.05        2     0.00000
    -112.89        2     0.00000
    -112.75        2     0.00000
    -112.60        2     0.00000
    -112.44        2     0.00000
    -112.30        2     0.00000
    -112.14        2     0.00000
    -112.00        2     0.00000
    -111.85        2     0.00000
    -111.69        2     0.00000
    -111.55        2     0.00000
    -111.39        2     0.00000
    -111.25        2     0.00000
    -111.10        2     0.00000
    -110.94        2     0.00000
    -110.80        2     0.00000
    -110.64        2     0.00000
    -110.50        2     0.00000
    -110.35        2     0.00000
    -110.19        2     0.00000
    -110.05        2     0.00000
    -109.89        2     0.00000
    -109.75        2     0.00000
    -109.60        2     0.00000
    -109.44        2     0.00000
    -109.30        2     0.00000
    -109.14        2     0.00000
    -109.00        2     0.00000
    -108.85        2     0.00000
    -108.69        2     0.00000
    -108.55        2     0.00000
    -108.39        2     0.00000
    -108.25        2     0.00000
    -108.10        2     0.00000
    -107.94        2     0.00000
    -107.80        2     0.00000
    -107.64        2     0.00000
    -107.50        2     0.00000
    -107.35        2     0.00000
    -107.19        2     0.00000
    -107.05        2     0.00000
    -106.89        2     0.00000
    -106.75        2     0.00000
    -106.60        2     0.00000
    -106.44        2     0.00000
    -106.30        2     0.00000
    -106.14        2     0.00000
    -106.00        2     0.00000
    -105.85        2     0.00000
    -105.69        2     0.00000
    -105.55        2     0.00000
    -105.39        2     0.00000
    -105.25        2     0.00000
    -105.10        2     0.00000
    -104.94        2     0.00000
    -104.80        2     0.00000
    -104.64        2     0.00000
    -104.50        2     0.00000
    -104.35        2     0.00000
    -104.19        2     0.00000
    -104.05        2     0.00000
    -103.89        2     0.00000
    -103.75        2     0.00000
    -103.60        2     0.00000
    -103.44        2     0.00000
    -103.30        2     0.00000
    -103.14        2     0.00000
    -103.00        2     0.00000
    -102.85        2     0.00000
    -102.69        2     0.00000
    -102.55        2     0.00000
    -102.39        2     0.00000
    -102.25        2     0.00000
    -102.10        2     0.00000
    -101.94        2     0.00000
    -101.80        2     0.00000
    -101.64        2     0.00000
    -101.50        2     0.00000
    -101.35        2     0.00000
    -101.19        2     0.00000
    -101.05        2     0.00000
    -100.89        2     0.00000
    -100.75        2     0.00000
    -100.60        2     0.00000
    -100.44        2     0.00000
    -100.30        2     0.00000
    -100.14        2     0.00000
    -99.995        2     0.00000
    -99.845        2     0.00000
    -99.695        2     0.00000
    -99.545        2     0.00000
    -99.395        2     0.00000
    -99.245        2     0.00000
    -99.095        2     0.00000
    -98.945        2     0.00000
    -98.795        2     0.00000
    -98.645        2     0.00000
    -98.495        2     0.00000
    -98.345        2     0.00000
    -98.195        2     0.00000
    -98.045        2     0.00000
    -97.895        2     0.00000
    -97.745        2     0.00000
    -97.595        2     0.00000
    -97.445        2     0.00000
    -97.295        2     0.00000
    -97.145        2     0.00000
    -96.995        2     0.00000
    -96.845        2     0.00000
    -96.695        2     0.00000
    -96.545        2     0.00000
    -96.395        2     0.00000
    -96.245        2     0.00000
    -96.095        2     0.00000
    -95.945        2     0.00000
    -95.795        2     0.00000
    -95.645        2     0.00000
    -95.495        2     0.00000
    -95.345        2     0.00000
    -95.195        2     0.00000
    -95.045        2     0.00000
    -94.895        2     0.00000
    -94.745        2     0.00000
    -94.595        2     0.00000
    -94.445        2     0.00000
    -94.295        2     0.00000
    -94.145        2     0.00000
    -93.995        2     0.00000
    -93.845        2     0.00000
    -93.695        2     0.00000
    -93.545        2     0.00000
    -93.395        2     0.00000
    -93.245        2     0.00000
    -93.095        2     0.00000
    -92.945        2     0.00000
    -92.795        2     0.00000
    -92.645        2     0.00000
    -92.495        2     0.00000
    -92.345        2     0.00000
    -92.195        2     0.00000
    -92.045        2     0.00000
    -91.895        2     0.00000
    -91.745        2     0.00000
    -91.595        2     0.00000
    -91.445        2     0.00000
    -91.295        2     0.00000
    -91.145        2     0.00000
    -90.995        2     0.00000
    -90.845        2     0.00000
    -90.695        2     0.00000
    -90.545        2     0.00000
    -90.395        2     0.00000
    -90.245        2     0.00000
    -90.095        2     0.00000
    -89.945        2     0.00000
    -89.795        2     0.00000
    -89.645        2     0.00000
    -89.495        2     0.00000
    -89.345        2     0.00000
    -89.195        2     0.00000
    -89.045        2     0.00000
    -88.895        2     0.00000
    -88.745        2     0.00000
    -88.595        2     0.00000
    -88.445        2     0.00000
    -88.295        2     0.00000
    -88.145        2     0.00000
    -87.995        2     0.00000
    -87.845        2     0.00000
    -87.695        2     0.00000
    -87.545        2     0.00000
    -87.395        2     0.00000
    -87.245        2     0.00000
    -87.095        2     0.00000
    -86.945        2     0.00000
    -86.795        2     0.00000
    -86.645        2     0.00000
    -86.495        2     0.00000
    -86.345        2     0.00000
    -86.195        2     0.00000
    -86.045        2     0.00000
    -85.895        2     0.00000
    -85.745        2     0.00000
    -85.595        2     0.00000
    -85.445        2     0.00000
    -85.295        2     0.00000
    -85.145        2     0.00000
    -84.995        2     0.00000
    -84.845        2     0.00000
    -84.695        2     0.00000
    -84.545        2     0.00000
    -84.395        2     0.00000
    -84.245        2     0.00000
    -84.095        2     0.00000
    -83.945        2     0.00000
    -83.795        2     0.00000
    -83.645        2     0.00000
    -83.495        2     0.00000
    -83.345        2     0.00000
    -83.195        2     0.00000
    -83.045        2     0.00000
    -82.895        2     0.00000
    -82.745        2     0.00000
    -82.595        2     0.00000
    -82.445        2     0.00000
    -82.295        2     0.00000
    -82.145        2     0.00000
    -81.995        2     0.00000
    -81.845        2     0.00000
    -81.695        2     0.00000
    -81.545        2     0.00000
    -81.395        2     0.00000
    -81.245        2     0.00000
    -81.095        2     0.00000
    -80.945        2     0.00000
    -80.795        2     0.00000
    -80.645        2     0.00000
    -80.495        2     0.00000
    -80.345        2     0.00000
    -80.195        2     0.00000
    -80.045        2     0.00000
    -79.895        2     0.00000
    -79.745        2     0.00000
    -79.595        2     0.00000
    -79.445        2     0.00000
    -79.295        2     0.00000
    -79.145        2     0.00000
    -78.995        2     0.00000
    -78.845        2     0.00000
    -78.695        2     0.00000
    -78.545        2     0.00000
    -78.395        2     0.00000
    -78.245        2     0.00000
    -78.095        2     0.00000
    -77.945        2     0.00000
    -77.795        2     0.00000
    -77.645        2     0.00000
    -77.495        2     0.00000
    -77.345        2     0.00000
    -77.195        2     0.00000
    -77.045        2     0.00000
    -76.895        2     0.00000
    -76.745        2     0.00000
    -76.595        2     0.00000
    -76.445        2     0.00000
    -76.295        2     0.00000
    -76.145        2     0.00000
    -75.995        2     0.00000
    -75.845        2     0.00000
    -75.695        2     0.00000
    -75.545        2     0.00000
    -75.395        2     0.00000
    -75.245        2     0.00000
    -75.095        2     0.00000
    -74.945        2     0.00000
    -74.795        2     0.00000
    -74.645        2     0.00000
    -74.495        2     0.00000
    -74.345        2     0.00000
    -74.195        2     0.00000
    -74.045        2     0.00000
    -73.895        2     0.00000
    -73.745        2     0.00000
    -73.595        2     0.00000
    -73.445        2     0.00000
    -73.295        2     0.00000
    -73.145        2     0.00000
    -72.995        2     0.00000
    -72.845        2     0.00000
    -72.695        2     0.00000
    -72.545        2     0.00000
    -72.395        2     0.00000
    -72.245        2     0.00000
    -72.095        2     0.00000
    -71.945        2     0.00000
    -71.795        2     0.00000
    -71.645        2     0.00000
    -71.495        2     0.00000
    -71.345        2     0.00000
    -71.195        2     0.00000
    -71.045        2     0.00000
    -70.895        2     0.00000
    -70.745        2     0.00000
    -70.595        2     0.00000
    -70.445        2     0.00000
    -70.295        2     0.00000
    -70.145        2     0.00000
    -69.995        2     0.00000
    -69.845        2     0.00000
    -69.695        2     0.00000
    -69.545        2     0.00000
    -69.395        2     0.00000
    -69.245        2     0.00000
    -69.095        2     0.00000
    -68.945        2     0.00000
    -68.795        2     0.00000
    -68.645        2     0.00000
    -68.495        2     0.00000
    -68.345        2     0.00000
    -68.195        2     0.00000
    -68.045        2     0.00000
    -67.895        2     0.00000
    -67.745        2     0.00000
    -67.595        2     0.00000
    -67.445        2     0.00000
    -67.295        2     0.00000
    -67.145        2     0.00000
    -66.995        2     0.00000
    -66.845        2     0.00000
    -66.695        2     0.00000
    -66.545        2     0.00000
    -66.395        2     0.00000
    -66.245        2     0.00000
    -66.095        2     0.00000
    -65.945        2     0.00000
    -65.795        2     0.00000
    -65.645        2     0.00000
    -65.495        2     0.00000
    -65.345        2     0.00000
    -65.195        2     0.00000
    -65.045        2     0.00000
    -64.895        2     0.00000
    -64.745        2     0.00000
    -64.595        2     0.00000
    -64.445        2     0.00000
    -64.295        2     0.00000
    -64.145        2     0.00000
    -63.995        2     0.00000
    -63.845        2     0.00000
    -63.695        2     0.00000
    -63.545        2     0.00000
    -63.395        2     0.00000
    -63.245        2     0.00000
    -63.095        2     0.00000
    -62.945        2     0.00000
    -62.795        2     0.00000
    -62.645        2     0.00000
    -62.495        2     0.00000
    -62.345        2     0.00000
    -62.195        2     0.00000
    -62.045        2     0.00000
    -61.895        2     0.00000
    -61.745        2     0.00000
    -61.595        2     0.00000
    -61.445        2     0.00000
    -61.295        2     0.00000
    -61.145        2     0.00000
    -60.995        2     0.00000
    -60.845        2     0.00000
    -60.695        2     0.00000
    -60.545        2     0.00000
    -60.395        2     0.00000
    -60.245        2     0.00000
    -60.095        2     0.00000
    -59.945        2     0.00000
    -59.795        2     0.00000
    -59.645        2     0.00000
    -59.495        2     0.00000
    -59.345        2     0.00000
    -59.195        2     0.00000
    -59.045        2     0.00000
    -58.895        2     0.00000
    -58.745        2     0.00000
    -58.595        2     0.00000
    -58.445        2     0.00000
    -58.295        2     0.00000
    -58.145        2     0.00000
    -57.995        2     0.00000
    -57.845        2     0.00000
    -57.695        2     0.00000
    -57.545        2     0.00000
    -57.395        2     0.00000
    -57.245        2     0.00000
    -57.095        2     0.00000
    -56.945        2     0.00000
    -56.795        2     0.00000
    -56.645        2     0.00000
    -56.495        2     0.00000
    -56.345        2     0.00000
    -56.195        2     0.00000
    -56.045        2     0.00000
    -55.895        2     0.00000
    -55.745        2     0.00000
    -55.595        2     0.00000
    -55.445        2     0.00000
    -55.295        2     0.00000
    -55.145        2     0.00000
    -54.995        2     0.00000
    -54.845        2     0.00000
    -54.695        2     0.00000
    -54.545        2     0.00000
    -54.395        2     0.00000
    -54.245        2     0.00000
    -54.095        2     0.00000
    -53.945        2     0.00000
    -53.795        2     0.00000
    -53.645        2     0.00000
    -53.495        2     0.00000
    -53.345        2     0.00000
    -53.195        2     0.00000
    -53.045        2     0.00000
    -52.895        2     0.00000
    -52.745        2     0.00000
    -52.595        2     0.00000
    -52.445        2     0.00000
    -52.295        2     0.00000
    -52.145        2     0.00000
    -51.995        2     0.00000
    -51.845        2     0.00000
    -51.695        2     0.00000
    -51.545        2     0.00000
    -51.395        2     0.00000
    -51.245        2     0.00000
    -51.095        2     0.00000
    -50.945        2     0.00000
    -50.795        2     0.00000
    -50.645        2     0.00000
    -50.495        2     0.00000
    -50.345        2     0.00000
    -50.195        2     0.00000
    -50.045        2     0.00000
    -49.895        2     0.00000
    -49.745        2     0.00000
    -49.595        2     0.00000
    -49.445        2     0.00000
    -49.295        2     0.00000
    -49.145        2     0.00000
    -48.995        2     0.00000
    -48.845        2     0.00000
    -48.695        2     0.00000
    -48.545        2     0.00000
    -48.395        2     0.00000
    -48.245        2     0.00000
    -48.095        2     0.00000
    -47.945        2     0.00000
    -47.795        2     0.00000
    -47.645        2     0.00000
    -47.495        2     0.00000
    -47.345        2     0.00000
    -47.195        2     0.00000
    -47.045        2     0.00000
    -46.895        2     0.00000
    -46.745        2     0.00000
    -46.595        2     0.00000
    -46.445        2     0.00000
    -46.295        2     0.00000
    -46.145        2     0.00000
    -45.995        2     0.00000
    -45.845        2     0.00000
    -45.695        2     0.00000
    -45.545        2     0.00000
    -45.395        2     0.00000
    -45.245        2     0.00000
    -45.095        2     0.00000
    -44.945        2     0.00000
    -44.795        2     0.00000
    -44.645        2     0.00000
    -44.495        2     0.00000
    -44.345        2     0.00000
    -44.195        2     0.00000
    -44.045        2     0.00000
    -43.895        2     0.00000
    -43.745        2     0.00000
    -43.595        2     0.00000
    -43.445        2     0.00000
    -43.295        2     0.00000
    -43.145        2     0.00000
    -42.995        2     0.00000
    -42.845        2     0.00000
    -42.695        2     0.00000
    -42.545        2     0.00000
    -42.395        2     0.00000
    -42.245        2     0.00000
    -42.095        2     0.00000
    -41.945        2     0.00000
    -41.795        2     0.00000
    -41.645        2     0.00000
    -41.495        2     0.00000
    -41.345        2     0.00000
    -41.195        2     0.00000
    -41.045        2     0.00000
    -40.895        2     0.00000
    -40.745        2     0.00000
    -40.595        2     0.00000
    -40.445        2     0.00000
    -40.295        2     0.00000
    -40.145        2     0.00000
    -39.995        2     0.00000
    -39.845        2     0.00000
    -39.695        2     0.00000
    -39.545        2     0.00000
    -39.395        2     0.00000
    -39.245        2     0.00000
    -39.095        2     0.00000
    -38.945        2     0.00000
    -38.795        2     0.00000
    -38.645        2     0.00000
    -38.495        2     0.00000
    -38.345        2     0.00000
    -38.195        2     0.00000
    -38.045        2     0.00000
    -37.895        2     0.00000
    -37.745        2     0.00000
    -37.595        2     0.00000
    -37.445        2     0.00000
    -37.295        2     0.00000
    -37.145        2     0.00000
    -36.995        2     0.00000
    -36.845        2     0.00000
    -36.695        2     0.00000
    -36.545        2     0.00000
    -36.395        2     0.00000
    -36.245        2     0.00000
    -36.095        2     0.00000
    -35.945        2     0.00000
    -35.795        2     0.00000
    -35.645        2     0.00000
    -35.495        2     0.00000
    -35.345        2     0.00000
    -35.195        2     0.00000
    -35.045        2     0.00000
    -34.895        2     0.00000
    -34.745        2     0.00000
    -34.595        2     0.00000
    -34.445        2     0.00000
    -34.295        2     0.00000
    -34.145        2     0.00000
    -33.995        2     0.00000
    -33.845        2     0.00000
    -33.695        2     0.00000
    -33.545        2     0.00000
    -33.395        2     0.00000
    -33.245        2     0.00000
    -33.095        2     0.00000
    -32.945        2     0.00000
    -32.795        2     0.00000
    -32.645        2     0.00000
    -32.495        2     0.00000
    -32.345        2     0.00000
    -32.195        2     0.00000
    -32.045        2     0.00000
    -31.895        2     0.00000
    -31.745        2     0.00000
    -31.595        2     0.00000
    -31.445        2     0.00000
    -31.295        2     0.00000
    -31.145        2     0.00000
    -30.995        2     0.00000
    -30.845        2     0.00000
    -30.695        2     0.00000
    -30.545        2     0.00000
    -30.395        2     0.00000
    -30.245        2     0.00000
    -30.095        2     0.00000
    -29.945        2     0.00000
    -29.795        2     0.00000
    -29.645        2     0.00000
    -29.495        2     0.00000
    -29.345        2     0.00000
    -29.195        2     0.00000
    -29.045        2     0.00000
    -28.895        2     0.00000
    -28.745        2     0.00000
    -28.595        2     0.00000
    -28.445        2     0.00000
    -28.295        2     0.00000
    -28.145        2     0.00000
    -27.995        2     0.00000
    -27.845        2     0.00000
    -27.695        2     0.00000
    -27.545        2     0.00000
    -27.395        2     0.00000
    -27.245        2     0.00000
    -27.095        2     0.00000
    -26.945        2     0.00000
    -26.795        2     0.00000
    -26.645        2     0.00000
    -26.495        2     0.00000
    -26.345        2     0.00000
    -26.195        2     0.00000
    -26.045        2     0.00000
    -25.895        2     0.00000
    -25.745        2     0.00000
    -25.595        2     0.00000
    -25.445        2     0.00000
    -25.295        2     0.00000
    -25.145        2     0.00000
    -24.995        2     0.00000
    -24.845        2     0.00000
    -24.695        2     0.00000
    -24.545        2     0.00000
    -24.395        2     0.00000
    -24.245        2     0.00000
    -24.095        2     0.00000
    -23.945        2     0.00000
    -23.795        2     0.00000
    -23.645        2     0.00000
    -23.495        2     0.00000
    -23.345        2     0.00000
    -23.195        2     0.00000
    -23.045        2     0.00000
    -22.895        2     0.00000
    -22.745        2     0.00000
    -22.595        2     0.00000
    -22.445        2     0.00000
    -22.295        2     0.00000
    -22.145        2     0.00000
    -21.995        2     0.00000
    -21.845        2     0.00000
    -21.695        2     0.00000
    -21.545        2     0.00000
    -21.395        2     0.00000
    -21.245        2     0.00000
    -21.095        2     0.00000
    -20.945        2     0.00000
    -20.795        2     0.00000
    -20.645        2     0.00000
    -20.495        2     0.00000
    -20.345        2     0.00000
    -20.195        2     0.00000
    -20.045        2     0.00000
    -19.895        2     0.00000
    -19.745        2     0.00000
    -19.595        2     0.00000
    -19.445        2     0.00000
    -19.295        2     0.00000
    -19.145        2     0.00000
    -18.995        2     0.00000
    -18.845        2     0.00000
    -18.695        2     0.00000
    -18.545        2     0.00000
    -18.395        2     0.00000
    -18.245        2     0.00000
    -18.095        2     0.00000
    -17.945        2     0.00000
    -17.795        2     0.00000
    -17.645        2     0.00000
    -17.495        2     0.00000
    -17.345        2     0.00000
    -17.195        2     0.00000
    -17.045        2     0.00000
    -16.895        2     0.00000
    -16.745        2     0.00000
    -16.595        2     0.00000
    -16.445        2     0.00000
    -16.295        2     0.00000
    -16.145        2     0.00000
    -15.995        2     0.00000
    -15.845        2     0.00000
    -15.695        2     0.00000
    -15.545        2     0.00000
    -15.395        2     0.00000
    -15.245        2     0.00000
    -15.095        2     0.00000
    -14.945        2     0.00000
    -14.795        2    -0.00010
    -14.645        2    -0.01209
    -14.495        2    -0.06884
    -14.345        2    -0.20757
    -14.195        2    -0.43908
    -14.045        2    -0.76293
    -13.895        2    -1.14765
    -13.745        2    -1.58472
    -13.595        2    -2.06319
    -13.445        2    -2.55074
    -13.295        2    -3.04086
    -13.145        2    -3.53916
    -12.995        2    -4.06529
    -12.845        2    -4.61062
    -12.695        2    -5.15765
    -12.545        2    -5.69960
    -12.395        2    -6.22891
    -12.245        2    -6.74322
    -12.095        2    -7.24284
    -11.945        2    -7.71751
    -11.795        2    -8.18294
    -11.645        2    -8.64978
    -11.495        2    -9.11464
    -11.345        2    -9.58500
    -11.195        2   -10.06260
    -11.045        2   -10.56913
    -10.895        2   -11.11249
    -10.745        2   -11.68791
    -10.595        2   -12.30807
    -10.445        2   -12.98304
    -10.295        2   -13.71961
    -10.145        2   -14.51666
    -9.9950        2   -15.38262
    -9.8450        2   -16.30167
    -9.6950        2   -17.26221
    -9.5450        2   -18.25795
    -9.3950        2   -19.27918
    -9.2450        2   -20.33705
    -9.0950        2   -21.43564
    -8.9450        2   -22.56292
    -8.7950        2   -23.71530
    -8.6450        2   -24.92009
    -8.4950        2   -26.20198
    -8.3450        2   -27.56374
    -8.1950        2   -29.02257
    -8.0450        2   -30.58139
    -7.8950        2   -32.23592
    -7.7450        2   -34.00220
    -7.5950        2   -35.86798
    -7.4450        2   -37.81926
    -7.2950        2   -39.88201
    -7.1450        2   -42.04147
    -6.9950        2   -44.27336
    -6.8450        2   -46.58369
    -6.6950        2   -48.97091
    -6.5450        2   -51.38469
    -6.3950        2   -53.86662
    -6.2450        2   -56.35762
    -6.0950        2   -58.86979
    -5.9450        2   -61.42146
    -5.7950        2   -63.97030
    -5.6450        2   -66.51929
    -5.4950        2   -69.05782
    -5.3450        2   -71.56777
    -5.1950        2   -74.05807
    -5.0450        2   -76.51912
    -4.8950        2   -78.93932
    -4.7450        2   -81.33496
    -4.5950        2   -83.70437
    -4.4450        2   -86.06370
    -4.2950        2   -88.41852
    -4.1450        2   -90.79176
    -3.9950        2   -93.24258
    -3.8450        2   -95.78033
    -3.6950        2   -98.38830
    -3.5450        2  -101.12159
    -3.3950        2  -103.98328
    -3.2450        2  -107.00351
    -3.0950        2  -110.19199
    -2.9450        2  -113.58096
    -2.7950        2  -117.21086
    -2.6450        2  -121.11725
    -2.4950        2  -125.36539
    -2.3450        2  -130.03924
    -2.1950        2  -135.30420
    -2.0450        2  -141.25137
    -1.8950        2  -148.01833
    -1.7450        2  -155.71098
    -1.5950        2  -164.42817
    -1.4450        2  -174.19074
    -1.2950        2  -184.87132
    -1.1450        2  -196.31467
   -0.99500        2  -208.39966
   -0.84500        2  -221.02923
   -0.69500        2  -234.29050
   -0.54500        2  -248.52506
   -0.39500        2  -264.78752
   -0.25300        2  -277.23139
   -0.21500        2  -278.08146
   -0.20900        2  -278.94233
   -0.20300        2  -279.81551
   -0.19700        2  -280.70299
   -0.19100        2  -281.60467
   -0.18500        2  -282.52015
   -0.17900        2  -283.45234
   -0.17300        2  -284.39649
   -0.16700        2  -285.36085
   -0.16100        2  -286.34060
   -0.15500        2  -287.34010
   -0.14900        2  -288.36051
   -0.14300        2  -289.40152
   -0.13700        2  -290.46431
   -0.13100        2  -291.55323
   -0.12500        2  -292.66853
   -0.11900        2  -293.81476
   -0.11300        2  -294.99144
   -0.10700        2  -296.20296
   -0.10100        2  -297.45511
   -0.95000E-01    2  -298.74886
   -0.89000E-01    2  -300.09321
   -0.83000E-01    2  -301.49310
   -0.77000E-01    2  -302.95600
   -0.71000E-01    2  -304.49479
   -0.65000E-01    2  -306.12084
   -0.59000E-01    2  -307.85504
   -0.53000E-01    2  -309.72284
   -0.47000E-01    2  -311.75805
   -0.41000E-01    2  -314.01664
   -0.35000E-01    2  -316.57528
   -0.29000E-01    2  -319.53994
   -0.23000E-01    2  -323.10686
   -0.19700E-01    2  -323.50450
   -0.19100E-01    2  -323.91207
   -0.18500E-01    2  -324.33018
   -0.17900E-01    2  -324.75878
   -0.17300E-01    2  -325.19873
   -0.16700E-01    2  -325.65044
   -0.16100E-01    2  -326.11506
   -0.15500E-01    2  -326.59338
   -0.14900E-01    2  -327.08597
   -0.14300E-01    2  -327.59366
   -0.13700E-01    2  -328.11848
   -0.13100E-01    2  -328.66108
   -0.12500E-01    2  -329.22321
   -0.11900E-01    2  -329.80716
   -0.11300E-01    2  -330.41475
   -0.10700E-01    2  -331.04817
   -0.10100E-01    2  -331.70942
   -0.95000E-02    2  -332.40069
   -0.89000E-02    2  -333.12299
   -0.83000E-02    2  -333.87575
   -0.77000E-02    2  -334.65812
   -0.71000E-02    2  -335.46817
   -0.65000E-02    2  -336.30363
   -0.59000E-02    2  -337.16311
   -0.53000E-02    2  -338.04456
   -0.47000E-02    2  -338.94177
   -0.41000E-02    2  -339.84288
   -0.35000E-02    2  -340.73200
   -0.29000E-02    2  -341.58008
   -0.23000E-02    2  -342.33582
   -0.17000E-02    2  -342.95363
   -0.11000E-02    2  -343.38561
   -0.50000E-03    2  -343.58915
    0.10000E-03    2  -343.54815
    0.70000E-03    2  -343.26530
    0.13000E-02    2  -342.76594
    0.19000E-02    2  -342.09673
    0.25000E-02    2  -341.30472
    0.31000E-02    2  -340.43744
    0.37000E-02    2  -339.54332
    0.43000E-02    2  -338.64515
    0.49000E-02    2  -337.75986
    0.55000E-02    2  -336.90007
    0.61000E-02    2  -336.07573
    0.67000E-02    2  -335.28903
    0.73000E-02    2  -334.53618
    0.79000E-02    2  -333.81466
    0.85000E-02    2  -333.12094
    0.91000E-02    2  -332.45178
    0.97000E-02    2  -331.80537
    0.10300E-01    2  -331.17951
    0.10900E-01    2  -330.57336
    0.11500E-01    2  -329.98664
    0.12100E-01    2  -329.41824
    0.12700E-01    2  -328.86779
    0.13300E-01    2  -328.33500
    0.13900E-01    2  -327.81928
    0.14500E-01    2  -327.31942
    0.15100E-01    2  -326.83463
    0.15700E-01    2  -326.36391
    0.16300E-01    2  -325.90652
    0.16900E-01    2  -325.46170
    0.17500E-01    2  -325.02856
    0.18100E-01    2  -324.60665
    0.18700E-01    2  -324.19554
    0.19300E-01    2  -323.79429
    0.20200E-01    2  -322.32197
    0.25000E-01    2  -319.02139
    0.31000E-01    2  -316.24750
    0.37000E-01    2  -313.85115
    0.43000E-01    2  -311.73884
    0.49000E-01    2  -309.84192
    0.55000E-01    2  -308.11191
    0.61000E-01    2  -306.51781
    0.67000E-01    2  -305.03568
    0.73000E-01    2  -303.64782
    0.79000E-01    2  -302.34011
    0.85000E-01    2  -301.10366
    0.91000E-01    2  -299.93061
    0.97000E-01    2  -298.81217
    0.10300        2  -297.74426
    0.10900        2  -296.72209
    0.11500        2  -295.74034
    0.12100        2  -294.79689
    0.12700        2  -293.88676
    0.13300        2  -293.00922
    0.13900        2  -292.16036
    0.14500        2  -291.33982
    0.15100        2  -290.54499
    0.15700        2  -289.77527
    0.16300        2  -289.02752
    0.16900        2  -288.30128
    0.17500        2  -287.59705
    0.18100        2  -286.91424
    0.18700        2  -286.24891
    0.19300        2  -285.60024
    0.19900        2  -284.96963
    0.20500        2  -284.35527
    0.21100        2  -283.75712
    0.21700        2  -283.17478
    0.29500        2  -271.58679
    0.44500        2  -264.26806
    0.59500        2  -258.97599
    0.74500        2  -254.86524
    0.89500        2  -251.49272
     1.0450        2  -248.60020
     1.1950        2  -246.06156
     1.3450        2  -243.78341
     1.4950        2  -241.71960
     1.6450        2  -239.84299
     1.7950        2  -238.12914
     1.9450        2  -236.55256
     2.0950        2  -235.11304
     2.2450        2  -233.80520
     2.3950        2  -232.62469
     2.5450        2  -231.53578
     2.6950        2  -230.55174
     2.8450        2  -229.64757
     2.9950        2  -228.81525
     3.1450        2  -228.04825
     3.2950        2  -227.34609
     3.4450        2  -226.68169
     3.5950        2  -226.05675
     3.7450        2  -225.46764
     3.8950        2  -224.91337
     4.0450        2  -224.38145
     4.1950        2  -223.88224
     4.3450        2  -223.40313
     4.4950        2  -222.93997
     4.6450        2  -222.49787
     4.7950        2  -222.06900
     4.9450        2  -221.65524
     5.0950        2  -221.25388
     5.2450        2  -220.86496
     5.3950        2  -220.48879
     5.5450        2  -220.12440
     5.6950        2  -219.77019
     5.8450        2  -219.42323
     5.9950        2  -219.08600
     6.1450        2  -218.75677
     6.2950        2  -218.43606
     6.4450        2  -218.12057
     6.5950        2  -217.81398
     6.7450        2  -217.51414
     6.8950        2  -217.22341
     7.0450        2  -216.93777
     7.1950        2  -216.65750
     7.3450        2  -216.38373
     7.4950        2  -216.11534
     7.6450        2  -215.85464
     7.7950        2  -215.59651
     7.9450        2  -215.34364
     8.0950        2  -215.09345
     8.2450        2  -214.84986
     8.3950        2  -214.61074
     8.5450        2  -214.37446
     8.6950        2  -214.14212
     8.8450        2  -213.91331
     8.9950        2  -213.68890
     9.1450        2  -213.46891
     9.2950        2  -213.25210
     9.4450        2  -213.03762
     9.5950        2  -212.82711
     9.7450        2  -212.62008
     9.8950        2  -212.41559
     10.045        2  -212.21400
     10.195        2  -212.01618
     10.345        2  -211.82177
     10.495        2  -211.62776
     10.645        2  -211.43680
     10.795        2  -211.24930
     10.945        2  -211.06547
     11.095        2  -210.88378
     11.245        2  -210.70353
     11.395        2  -210.52706
     11.545        2  -210.35315
     11.695        2  -210.17898
     11.845        2  -210.00838
     11.995        2  -209.83991
     12.145        2  -209.67396
     12.295        2  -209.50849
     12.445        2  -209.34672
     12.595        2  -209.18568
     12.745        2  -209.02577
     12.895        2  -208.86795
     13.045        2  -208.71250
     13.195        2  -208.55930
     13.345        2  -208.40686
     13.495        2  -208.25595
     13.645        2  -208.10684
     13.795        2  -207.96036
     13.945        2  -207.81486
     14.095        2  -207.66980
     14.245        2  -207.52621
     14.395        2  -207.38561
     14.545        2  -207.24613
     14.695        2  -207.10781
     14.845        2  -206.97108
     14.995        2  -206.83543
     15.145        2  -206.69935
     15.295        2  -206.56609
     15.445        2  -206.43521
     15.595        2  -206.30400
     15.745        2  -206.17426
     15.895        2  -206.04614
     16.045        2  -205.91974
     16.195        2  -205.79452
     16.345        2  -205.67148
     16.495        2  -205.54801
     16.645        2  -205.42612
     16.795        2  -205.30419
     16.945        2  -205.18457
     17.095        2  -205.06568
     17.245        2  -204.94730
     17.395        2  -204.83053
     17.545        2  -204.71334
     17.695        2  -204.59948
     17.845        2  -204.48518
     17.995        2  -204.37276
     18.145        2  -204.26014
     18.295        2  -204.14880
     18.445        2  -204.03769
     18.595        2  -203.92809
     18.745        2  -203.81980
     18.895        2  -203.71250
     19.045        2  -203.60483
     19.195        2  -203.49822
     19.345        2  -203.39197
     19.495        2  -203.28671
     19.645        2  -203.18407
     19.795        2  -203.08158
     19.945        2  -202.97872
     20.095        2  -202.87854
     21.836        2  -199.79634
     30.068        2  -195.22839
     42.097        2  -190.68046
     58.937        2  -186.16661
     82.515        2  -181.69974
     115.53        2  -177.30537
     161.74        2  -172.98274
     226.45        2  -168.74304
     317.04        2  -164.58157
     443.87        2  -160.50803
     621.44        2  -156.52095
     870.05        2  -152.60946
     1218.1        2  -148.78861
     1705.4        2  -145.05090
     2387.7        2  -141.39465
     3342.9        2  -137.82572
     4680.2        2  -134.33904
     6552.5        2  -130.94072
     9173.8        2  -127.63762
     12844.        2  -124.42217
     17982.        2  -121.30532
     25176.        2  -118.28994
     35247.        2  -115.38165
     49348.        2  -112.58821
     69090.        2  -109.91357
     96729.        2  -107.35603
    0.13543E+06    2  -104.91811
    0.18960E+06    2  -102.59063
    0.26545E+06    2  -100.37438
    0.37165E+06    2   -98.26348
    0.52033E+06    2   -96.25316
    0.72849E+06    2   -94.34118
    0.10199E+07    2   -92.52469
    0.14279E+07    2   -90.79608
    0.19992E+07    2   -89.15231
    0.27990E+07    2   -87.58986
    0.39187E+07    2   -86.10020
    0.54864E+07    2   -84.68424
    0.76812E+07    2   -83.33915
    0.10754E+08    2   -82.06316
    0.15056E+08    2   -80.84861
    0.21080E+08    2   -79.69483
    0.29513E+08    2   -78.59909
    0.41319E+08    2   -77.56791
    0.57849E+08    2   -76.60711
    0.80991E+08    2   -75.71646
    0.11339E+09    2   -74.88856
    0.15875E+09    2   -74.11834
    0.22226E+09    2   -73.39808
    0.31118E+09    2   -72.72590
    0.43567E+09    2   -72.09800
    0.60996E+09    2   -71.52392
    0.85398E+09    2   -71.00316
    0.11956E+10    2   -70.52775
    0.16739E+10    2   -70.09092
    0.23436E+10    2   -69.69000
    0.32811E+10    2   -69.32211
    0.45937E+10    2   -68.98325
    0.64315E+10    2   -68.67194
    0.90044E+10    2   -68.38550
    0.12607E+11    2   -68.12253
    0.17650E+11    2   -67.88063
    0.24711E+11    2   -67.65842
    0.34596E+11    2   -67.45420
    0.48437E+11    2   -67.26601
    0.67814E+11    2   -67.09399
    0.10000E+12    2   -65.12204
