    -29.945        1     0.00000
    -29.795        1     0.00000
    -29.645        1     0.00000
    -29.495        1     0.00000
    -29.345        1     0.00000
    -29.195        1     0.00000
    -29.045        1     0.00000
    -28.895        1     0.00000
    -28.745        1     0.00000
    -28.595        1     0.00000
    -28.445        1     0.00000
    -28.295        1     0.00000
    -28.145        1     0.00000
    -27.995        1     0.00000
    -27.845        1     0.00000
    -27.695        1     0.00000
    -27.545        1     0.00000
    -27.395        1     0.00000
    -27.245        1     0.00000
    -27.095        1     0.00000
    -26.945        1     0.00000
    -26.795        1     0.00000
    -26.645        1     0.00000
    -26.495        1     0.00000
    -26.345        1     0.00000
    -26.195        1     0.00000
    -26.045        1     0.00000
    -25.895        1     0.00000
    -25.745        1     0.00000
    -25.595        1     0.00000
    -25.445        1     0.00000
    -25.295        1     0.00000
    -25.145        1     0.00000
    -24.995        1     0.00000
    -24.845        1     0.00000
    -24.695        1     0.00000
    -24.545        1     0.00000
    -24.395        1     0.00000
    -24.245        1     0.00000
    -24.095        1     0.00000
    -23.945        1     0.00000
    -23.795        1     0.00000
    -23.645        1     0.00000
    -23.495        1     0.00000
    -23.345        1     0.00000
    -23.195        1     0.00000
    -23.045        1     0.00000
    -22.895        1     0.00000
    -22.745        1     0.00000
    -22.595        1     0.00000
    -22.445        1     0.00000
    -22.295        1     0.00000
    -22.145        1     0.00000
    -21.995        1     0.00000
    -21.845        1     0.00000
    -21.695        1     0.00000
    -21.545        1     0.00000
    -21.395        1     0.00000
    -21.245        1     0.00000
    -21.095        1     0.00000
    -20.945        1     0.00000
    -20.795        1     0.00000
    -20.645        1     0.00000
    -20.495        1     0.00000
    -20.345        1     0.00000
    -20.195        1     0.00000
    -20.045        1    -0.00043
    -19.895        1    -0.00072
    -19.745        1    -0.00086
    -19.595        1    -0.00157
    -19.445        1    -0.00268
    -19.295        1    -0.00506
    -19.145        1    -0.00838
    -18.995        1    -0.01331
    -18.845        1    -0.02124
    -18.695        1    -0.03340
    -18.545        1    -0.04958
    -18.395        1    -0.07441
    -18.245        1    -0.10354
    -18.095        1    -0.14106
    -17.945        1    -0.18946
    -17.795        1    -0.24825
    -17.645        1    -0.31935
    -17.495        1    -0.40218
    -17.345        1    -0.50038
    -17.195        1    -0.61508
    -17.045        1    -0.74601
    -16.895        1    -0.88691
    -16.745        1    -1.04786
    -16.595        1    -1.22353
    -16.445        1    -1.41985
    -16.295        1    -1.62483
    -16.145        1    -1.85536
    -15.995        1    -2.09367
    -15.845        1    -2.35093
    -15.695        1    -2.61060
    -15.545        1    -2.88173
    -15.395        1    -3.15926
    -15.245        1    -3.43490
    -15.095        1    -3.73503
    -14.945        1    -4.04231
    -14.795        1    -4.35558
    -14.645        1    -4.67482
    -14.495        1    -5.01821
    -14.345        1    -5.37231
    -14.195        1    -5.73690
    -14.045        1    -6.11942
    -13.895        1    -6.52279
    -13.745        1    -6.94514
    -13.595        1    -7.39965
    -13.445        1    -7.88440
    -13.295        1    -8.37804
    -13.145        1    -8.90717
    -12.995        1    -9.46177
    -12.845        1   -10.03348
    -12.695        1   -10.65297
    -12.545        1   -11.29023
    -12.395        1   -11.95097
    -12.245        1   -12.63052
    -12.095        1   -13.33720
    -11.945        1   -14.04418
    -11.795        1   -14.75087
    -11.645        1   -15.46602
    -11.495        1   -16.19653
    -11.345        1   -16.92572
    -11.195        1   -17.66824
    -11.045        1   -18.37711
    -10.895        1   -19.09201
    -10.745        1   -19.78433
    -10.595        1   -20.47048
    -10.445        1   -21.14127
    -10.295        1   -21.81223
    -10.145        1   -22.47184
    -9.9950        1   -23.11375
    -9.8450        1   -23.75140
    -9.6950        1   -24.36315
    -9.5450        1   -24.97204
    -9.3950        1   -25.57536
    -9.2450        1   -26.16780
    -9.0950        1   -26.74913
    -8.9450        1   -27.32649
    -8.7950        1   -27.88988
    -8.6450        1   -28.45624
    -8.4950        1   -29.01575
    -8.3450        1   -29.56541
    -8.1950        1   -30.11749
    -8.0450        1   -30.68394
    -7.8950        1   -31.24729
    -7.7450        1   -31.81572
    -7.5950        1   -32.38315
    -7.4450        1   -32.96459
    -7.2950        1   -33.54109
    -7.1450        1   -34.13563
    -6.9950        1   -34.73053
    -6.8450        1   -35.33807
    -6.6950        1   -35.94989
    -6.5450        1   -36.55616
    -6.3950        1   -37.17703
    -6.2450        1   -37.79014
    -6.0950        1   -38.41490
    -5.9450        1   -39.04344
    -5.7950        1   -39.66872
    -5.6450        1   -40.32152
    -5.4950        1   -40.97768
    -5.3450        1   -41.64020
    -5.1950        1   -42.32067
    -5.0450        1   -43.01878
    -4.8950        1   -43.72928
    -4.7450        1   -44.46112
    -4.5950        1   -45.21151
    -4.4450        1   -45.98256
    -4.2950        1   -46.79287
    -4.1450        1   -47.64159
    -3.9950        1   -48.53600
    -3.8450        1   -49.47841
    -3.6950        1   -50.48835
    -3.5450        1   -51.58500
    -3.3950        1   -52.75912
    -3.2450        1   -54.00939
    -3.0950        1   -55.35718
    -2.9450        1   -56.79760
    -2.7950        1   -58.35121
    -2.6450        1   -59.99634
    -2.4950        1   -61.74639
    -2.3450        1   -63.58579
    -2.1950        1   -65.49893
    -2.0450        1   -67.46762
    -1.8950        1   -69.47573
    -1.7450        1   -71.50351
    -1.5950        1   -73.51666
    -1.4450        1   -75.53172
    -1.2950        1   -77.53943
    -1.1450        1   -79.56039
   -0.99500        1   -81.61684
   -0.84500        1   -83.74734
   -0.69500        1   -86.01354
   -0.54500        1   -88.53496
   -0.39500        1   -91.46758
   -0.25300        1   -93.68338
   -0.21500        1   -93.83257
   -0.20900        1   -93.98423
   -0.20300        1   -94.13822
   -0.19700        1   -94.29406
   -0.19100        1   -94.45222
   -0.18500        1   -94.61229
   -0.17900        1   -94.77542
   -0.17300        1   -94.94076
   -0.16700        1   -95.10924
   -0.16100        1   -95.28055
   -0.15500        1   -95.45552
   -0.14900        1   -95.63424
   -0.14300        1   -95.81664
   -0.13700        1   -96.00396
   -0.13100        1   -96.19626
   -0.12500        1   -96.39327
   -0.11900        1   -96.59624
   -0.11300        1   -96.80677
   -0.10700        1   -97.02453
   -0.10100        1   -97.25126
   -0.95000E-01    1   -97.48867
   -0.89000E-01    1   -97.73773
   -0.83000E-01    1   -98.00099
   -0.77000E-01    1   -98.28063
   -0.71000E-01    1   -98.57851
   -0.65000E-01    1   -98.89779
   -0.59000E-01    1   -99.24294
   -0.53000E-01    1   -99.61714
   -0.47000E-01    1  -100.02710
   -0.41000E-01    1  -100.48194
   -0.35000E-01    1  -100.99616
   -0.29000E-01    1  -101.59356
   -0.23000E-01    1  -102.31585
   -0.19700E-01    1  -102.39690
   -0.19100E-01    1  -102.48023
   -0.18500E-01    1  -102.56596
   -0.17900E-01    1  -102.65417
   -0.17300E-01    1  -102.74496
   -0.16700E-01    1  -102.83827
   -0.16100E-01    1  -102.93443
   -0.15500E-01    1  -103.03330
   -0.14900E-01    1  -103.13522
   -0.14300E-01    1  -103.24005
   -0.13700E-01    1  -103.34797
   -0.13100E-01    1  -103.45887
   -0.12500E-01    1  -103.57258
   -0.11900E-01    1  -103.68926
   -0.11300E-01    1  -103.80879
   -0.10700E-01    1  -103.93101
   -0.10100E-01    1  -104.05569
   -0.95000E-02    1  -104.18273
   -0.89000E-02    1  -104.31180
   -0.83000E-02    1  -104.44261
   -0.77000E-02    1  -104.57453
   -0.71000E-02    1  -104.70693
   -0.65000E-02    1  -104.83902
   -0.59000E-02    1  -104.96974
   -0.53000E-02    1  -105.09822
   -0.47000E-02    1  -105.22365
   -0.41000E-02    1  -105.34362
   -0.35000E-02    1  -105.45530
   -0.29000E-02    1  -105.55535
   -0.23000E-02    1  -105.64013
   -0.17000E-02    1  -105.70575
   -0.11000E-02    1  -105.74956
   -0.50000E-03    1  -105.76980
    0.10000E-03    1  -105.76573
    0.70000E-03    1  -105.73751
    0.13000E-02    1  -105.68625
    0.19000E-02    1  -105.61395
    0.25000E-02    1  -105.52367
    0.31000E-02    1  -105.41944
    0.37000E-02    1  -105.30475
    0.43000E-02    1  -105.18278
    0.49000E-02    1  -105.05648
    0.55000E-02    1  -104.92821
    0.61000E-02    1  -104.79906
    0.67000E-02    1  -104.67019
    0.73000E-02    1  -104.54199
    0.79000E-02    1  -104.41498
    0.85000E-02    1  -104.28960
    0.91000E-02    1  -104.16624
    0.97000E-02    1  -104.04513
    0.10300E-01    1  -103.92675
    0.10900E-01    1  -103.81054
    0.11500E-01    1  -103.69676
    0.12100E-01    1  -103.58547
    0.12700E-01    1  -103.47690
    0.13300E-01    1  -103.37105
    0.13900E-01    1  -103.26786
    0.14500E-01    1  -103.16741
    0.15100E-01    1  -103.06963
    0.15700E-01    1  -102.97472
    0.16300E-01    1  -102.88232
    0.16900E-01    1  -102.79231
    0.17500E-01    1  -102.70494
    0.18100E-01    1  -102.61992
    0.18700E-01    1  -102.53701
    0.19300E-01    1  -102.45639
    0.20200E-01    1  -102.16198
    0.25000E-01    1  -101.50096
    0.31000E-01    1  -100.94537
    0.37000E-01    1  -100.46402
    0.43000E-01    1  -100.03718
    0.49000E-01    1   -99.65358
    0.55000E-01    1   -99.30637
    0.61000E-01    1   -98.98964
    0.67000E-01    1   -98.69991
    0.73000E-01    1   -98.43305
    0.79000E-01    1   -98.18628
    0.85000E-01    1   -97.95828
    0.91000E-01    1   -97.74631
    0.97000E-01    1   -97.54851
    0.10300        1   -97.36314
    0.10900        1   -97.18888
    0.11500        1   -97.02377
    0.12100        1   -96.86825
    0.12700        1   -96.72003
    0.13300        1   -96.57896
    0.13900        1   -96.44418
    0.14500        1   -96.31499
    0.15100        1   -96.19151
    0.15700        1   -96.07289
    0.16300        1   -95.95876
    0.16900        1   -95.84994
    0.17500        1   -95.74477
    0.18100        1   -95.64354
    0.18700        1   -95.54618
    0.19300        1   -95.45176
    0.19900        1   -95.36124
    0.20500        1   -95.27376
    0.21100        1   -95.18927
    0.21700        1   -95.10779
    0.29500        1   -93.63795
    0.44500        1   -92.87255
    0.59500        1   -92.37973
    0.74500        1   -92.01298
    0.89500        1   -91.71176
     1.0450        1   -91.45115
     1.1950        1   -91.21943
     1.3450        1   -91.00618
     1.4950        1   -90.81160
     1.6450        1   -90.63280
     1.7950        1   -90.46729
     1.9450        1   -90.31311
     2.0950        1   -90.16988
     2.2450        1   -90.03641
     2.3950        1   -89.90635
     2.5450        1   -89.78677
     2.6950        1   -89.67471
     2.8450        1   -89.56857
     2.9950        1   -89.47090
     3.1450        1   -89.37781
     3.2950        1   -89.28859
     3.4450        1   -89.20642
     3.5950        1   -89.12810
     3.7450        1   -89.05116
     3.8950        1   -88.98095
     4.0450        1   -88.91361
     4.1950        1   -88.85049
     4.3450        1   -88.79060
     4.4950        1   -88.73142
     4.6450        1   -88.67531
     4.7950        1   -88.62149
     4.9450        1   -88.56796
     5.0950        1   -88.51843
     5.2450        1   -88.46997
     5.3950        1   -88.42427
     5.5450        1   -88.37713
     5.6950        1   -88.33186
     5.8450        1   -88.28794
     5.9950        1   -88.24483
     6.1450        1   -88.20381
     6.2950        1   -88.16306
     6.4450        1   -88.12312
     6.5950        1   -88.08306
     6.7450        1   -88.04479
     6.8950        1   -88.00742
     7.0450        1   -87.97136
     7.1950        1   -87.93584
     7.3450        1   -87.89973
     7.4950        1   -87.86473
     7.6450        1   -87.83033
     7.7950        1   -87.79751
     7.9450        1   -87.76407
     8.0950        1   -87.73159
     8.2450        1   -87.69963
     8.3950        1   -87.66824
     8.5450        1   -87.63734
     8.6950        1   -87.60640
     8.8450        1   -87.57683
     8.9950        1   -87.54655
     9.1450        1   -87.51672
     9.2950        1   -87.48732
     9.4450        1   -87.45852
     9.5950        1   -87.42969
     9.7450        1   -87.40204
     9.8950        1   -87.37454
     10.045        1   -87.34640
     10.195        1   -87.31909
     10.345        1   -87.29340
     10.495        1   -87.26758
     10.645        1   -87.24203
     10.795        1   -87.21716
     10.945        1   -87.19134
     11.095        1   -87.16653
     11.245        1   -87.14197
     11.395        1   -87.11729
     11.545        1   -87.09336
     11.695        1   -87.06974
     11.845        1   -87.04669
     11.995        1   -87.02311
     12.145        1   -87.00072
     12.295        1   -86.97788
     12.445        1   -86.95507
     12.595        1   -86.93275
     12.745        1   -86.91049
     12.895        1   -86.88887
     13.045        1   -86.86724
     13.195        1   -86.84569
     13.345        1   -86.82490
     13.495        1   -86.80401
     13.645        1   -86.78322
     13.795        1   -86.76309
     13.945        1   -86.74256
     14.095        1   -86.72267
     14.245        1   -86.70264
     14.395        1   -86.68262
     14.545        1   -86.66293
     14.695        1   -86.64332
     14.845        1   -86.62461
     14.995        1   -86.60559
     15.145        1   -86.58719
     15.295        1   -86.56817
     15.445        1   -86.54930
     15.595        1   -86.53060
     15.745        1   -86.51251
     15.895        1   -86.49425
     16.045        1   -86.47632
     16.195        1   -86.45882
     16.345        1   -86.44172
     16.495        1   -86.42409
     16.645        1   -86.40720
     16.795        1   -86.39007
     16.945        1   -86.37308
     17.095        1   -86.35693
     17.245        1   -86.34078
     17.395        1   -86.32451
     17.545        1   -86.30811
     17.695        1   -86.29159
     17.845        1   -86.27558
     17.995        1   -86.25914
     18.145        1   -86.24351
     18.295        1   -86.22773
     18.445        1   -86.21248
     18.595        1   -86.19688
     18.745        1   -86.18149
     18.895        1   -86.16543
     19.045        1   -86.15037
     19.195        1   -86.13500
     19.345        1   -86.11968
     19.495        1   -86.10421
     19.645        1   -86.08901
     19.795        1   -86.07501
     19.945        1   -86.06033
     20.095        1   -86.04537
     20.245        1   -86.03127
     20.395        1   -86.01656
     20.545        1   -86.00198
     20.695        1   -85.98732
     20.845        1   -85.97369
     20.995        1   -85.95997
     21.145        1   -85.94643
     21.295        1   -85.93325
     21.445        1   -85.91934
     21.595        1   -85.90551
     21.745        1   -85.89189
     21.895        1   -85.87886
     22.045        1   -85.86534
     22.195        1   -85.85180
     22.345        1   -85.83872
     22.495        1   -85.82562
     22.645        1   -85.81235
     22.795        1   -85.79912
     22.945        1   -85.78652
     23.095        1   -85.77359
     23.245        1   -85.76126
     23.395        1   -85.74861
     23.545        1   -85.73555
     23.695        1   -85.72303
     23.845        1   -85.71050
     23.995        1   -85.69825
     24.145        1   -85.68641
     24.295        1   -85.67431
     24.445        1   -85.66176
     24.595        1   -85.64948
     24.745        1   -85.63766
     24.895        1   -85.62565
     25.045        1   -85.61386
     25.195        1   -85.60195
     25.345        1   -85.59037
     25.495        1   -85.57862
     25.645        1   -85.56712
     25.795        1   -85.55559
     25.945        1   -85.54441
     26.095        1   -85.53339
     26.245        1   -85.52221
     26.395        1   -85.51069
     26.545        1   -85.49944
     26.695        1   -85.48816
     26.845        1   -85.47752
     26.995        1   -85.46641
     27.145        1   -85.45509
     27.295        1   -85.44417
     27.445        1   -85.43363
     27.595        1   -85.42282
     27.745        1   -85.41194
     27.895        1   -85.40184
     28.045        1   -85.39125
     28.195        1   -85.38058
     28.345        1   -85.37014
     28.495        1   -85.35969
     28.645        1   -85.34927
     28.795        1   -85.33892
     28.945        1   -85.32808
     29.095        1   -85.31779
     29.245        1   -85.30748
     29.395        1   -85.29717
     29.545        1   -85.28683
     29.695        1   -85.27661
     29.845        1   -85.26665
     29.995        1   -85.25663
     30.145        1   -85.24694
     30.295        1   -85.23656
     30.445        1   -85.22663
     30.595        1   -85.21675
     30.745        1   -85.20710
     30.895        1   -85.19723
     31.045        1   -85.18739
     31.195        1   -85.17775
     31.345        1   -85.16792
     31.495        1   -85.15819
     31.645        1   -85.14872
     31.795        1   -85.13893
     31.945        1   -85.12980
     32.095        1   -85.12016
     32.245        1   -85.11089
     32.395        1   -85.10154
     32.545        1   -85.09252
     32.695        1   -85.08327
     32.845        1   -85.07357
     32.995        1   -85.06390
     33.145        1   -85.05496
     33.295        1   -85.04634
     33.445        1   -85.03732
     33.595        1   -85.02853
     33.745        1   -85.01971
     33.895        1   -85.01070
     34.045        1   -85.00244
     34.195        1   -84.99359
     34.345        1   -84.98478
     34.495        1   -84.97605
     34.645        1   -84.96716
     34.795        1   -84.95859
     34.945        1   -84.94989
     35.095        1   -84.94132
     35.245        1   -84.93252
     35.395        1   -84.92367
     35.545        1   -84.91544
     35.695        1   -84.90721
     35.845        1   -84.89867
     35.995        1   -84.89013
     36.145        1   -84.88207
     36.295        1   -84.87377
     36.445        1   -84.86546
     36.595        1   -84.85746
     36.745        1   -84.84946
     36.895        1   -84.84143
     37.045        1   -84.83352
     37.195        1   -84.82560
     37.345        1   -84.81754
     37.495        1   -84.80946
     37.645        1   -84.80139
     37.795        1   -84.79333
     37.945        1   -84.78572
     38.095        1   -84.77812
     38.245        1   -84.77037
     38.395        1   -84.76223
     38.545        1   -84.75451
     38.695        1   -84.74621
     38.845        1   -84.73858
     38.995        1   -84.73094
     39.145        1   -84.72303
     39.295        1   -84.71512
     39.445        1   -84.70786
     39.595        1   -84.70012
     39.745        1   -84.69254
     39.895        1   -84.68452
     40.045        1   -84.67699
     40.195        1   -84.66957
     40.345        1   -84.66177
     40.495        1   -84.65384
     40.645        1   -84.64646
     40.795        1   -84.63892
     40.945        1   -84.63153
     41.095        1   -84.62423
     41.245        1   -84.61689
     41.395        1   -84.60978
     41.545        1   -84.60213
     41.695        1   -84.59458
     41.845        1   -84.58733
     41.995        1   -84.58013
     42.145        1   -84.57315
     42.295        1   -84.56582
     42.445        1   -84.55856
     42.595        1   -84.55112
     42.745        1   -84.54415
     42.895        1   -84.53684
     43.045        1   -84.52968
     43.195        1   -84.52286
     43.345        1   -84.51550
     43.495        1   -84.50855
     43.645        1   -84.50178
     43.795        1   -84.49481
     43.945        1   -84.48790
     44.095        1   -84.48110
     44.245        1   -84.47427
     44.395        1   -84.46752
     44.545        1   -84.46068
     44.695        1   -84.45405
     44.845        1   -84.44736
     44.995        1   -84.44037
     45.145        1   -84.43414
     45.295        1   -84.42748
     45.445        1   -84.42071
     45.595        1   -84.41414
     45.745        1   -84.40742
     45.895        1   -84.40109
     46.045        1   -84.39442
     46.195        1   -84.38766
     46.345        1   -84.38100
     46.495        1   -84.37445
     46.645        1   -84.36802
     46.795        1   -84.36154
     46.945        1   -84.35501
     47.095        1   -84.34832
     47.245        1   -84.34188
     47.395        1   -84.33534
     47.545        1   -84.32892
     47.695        1   -84.32250
     47.845        1   -84.31642
     47.995        1   -84.30969
     48.145        1   -84.30369
     48.295        1   -84.29741
     48.445        1   -84.29132
     48.595        1   -84.28501
     48.745        1   -84.27889
     48.895        1   -84.27266
     49.045        1   -84.26637
     49.195        1   -84.26010
     49.345        1   -84.25372
     49.495        1   -84.24738
     49.645        1   -84.24109
     49.795        1   -84.23488
     49.945        1   -84.22887
     50.095        1   -84.22296
     50.245        1   -84.21655
     50.395        1   -84.21058
     50.545        1   -84.20426
     50.695        1   -84.19823
     50.845        1   -84.19202
     50.995        1   -84.18603
     51.145        1   -84.18010
     51.295        1   -84.17393
     51.445        1   -84.16826
     51.595        1   -84.16214
     51.745        1   -84.15615
     51.895        1   -84.15049
     52.045        1   -84.14446
     52.195        1   -84.13878
     52.345        1   -84.13296
     52.495        1   -84.12711
     52.645        1   -84.12127
     52.795        1   -84.11563
     52.945        1   -84.10981
     53.095        1   -84.10415
     53.245        1   -84.09845
     53.395        1   -84.09266
     53.545        1   -84.08664
     53.695        1   -84.08069
     53.845        1   -84.07528
     53.995        1   -84.06961
     54.145        1   -84.06384
     54.295        1   -84.05819
     54.445        1   -84.05273
     54.595        1   -84.04717
     54.745        1   -84.04151
     54.895        1   -84.03610
     55.045        1   -84.03049
     55.195        1   -84.02482
     55.345        1   -84.01903
     55.495        1   -84.01349
     55.645        1   -84.00797
     55.795        1   -84.00247
     55.945        1   -83.99695
     56.095        1   -83.99145
     56.245        1   -83.98628
     56.395        1   -83.98103
     56.545        1   -83.97547
     56.695        1   -83.97032
     56.845        1   -83.96495
     56.995        1   -83.95961
     57.145        1   -83.95426
     57.295        1   -83.94882
     57.445        1   -83.94371
     57.595        1   -83.93840
     57.745        1   -83.93321
     57.895        1   -83.92758
     58.045        1   -83.92220
     58.195        1   -83.91702
     58.345        1   -83.91160
     58.495        1   -83.90625
     58.645        1   -83.90111
     58.795        1   -83.89588
     58.945        1   -83.89073
     59.095        1   -83.88565
     59.245        1   -83.88048
     59.395        1   -83.87533
     59.545        1   -83.87009
     59.695        1   -83.86487
     59.845        1   -83.85975
     59.995        1   -83.85474
     60.145        1   -83.84967
     70.939        1   -83.19337
     97.698        1   -82.54118
     134.55        1   -81.89323
     185.30        1   -81.24967
     255.20        1   -80.61116
     351.46        1   -79.98007
     484.04        1   -79.35709
     666.62        1   -78.74068
     918.07        1   -78.13524
     1264.4        1   -77.54353
     1741.3        1   -76.96337
     2398.1        1   -76.39046
     3302.7        1   -75.82849
     4548.5        1   -75.27631
     6264.3        1   -74.73308
     8627.2        1   -74.20041
     11881.        1   -73.67550
     16363.        1   -73.15902
     22535.        1   -72.65144
     31036.        1   -72.15188
     42743.        1   -71.66116
     58866.        1   -71.17852
     81070.        1   -70.70141
    0.11165E+06    1   -70.23140
    0.15377E+06    1   -69.76678
    0.21177E+06    1   -69.30806
    0.29165E+06    1   -68.85507
    0.40166E+06    1   -68.40705
    0.55317E+06    1   -67.96252
    0.76182E+06    1   -67.52200
    0.10492E+07    1   -67.08446
    0.14449E+07    1   -66.65002
    0.19900E+07    1   -66.21704
    0.27406E+07    1   -65.78366
    0.37744E+07    1   -65.34969
    0.51981E+07    1   -64.91181
    0.71589E+07    1   -64.47507
    0.98593E+07    1   -64.03676
    0.13578E+08    1   -63.59699
    0.18700E+08    1   -63.15365
    0.25754E+08    1   -62.71116
    0.35468E+08    1   -62.26968
    0.48847E+08    1   -61.83686
    0.67273E+08    1   -61.41528
    0.92648E+08    1   -61.00416
    0.12760E+09    1   -60.60359
    0.17573E+09    1   -60.21327
    0.24201E+09    1   -59.83525
    0.33330E+09    1   -59.47083
    0.45902E+09    1   -59.12278
    0.63217E+09    1   -58.79647
    0.87062E+09    1   -58.48879
    0.11990E+10    1   -58.20215
    0.16513E+10    1   -57.93490
    0.22742E+10    1   -57.68649
    0.31320E+10    1   -57.45528
    0.43134E+10    1   -57.23951
    0.59405E+10    1   -57.03858
    0.81813E+10    1   -56.85120
    0.11267E+11    1   -56.67667
    0.15517E+11    1   -56.51416
    0.21371E+11    1   -56.36292
    0.29432E+11    1   -56.22248
    0.40534E+11    1   -56.09210
    0.55823E+11    1   -55.97101
    0.10000E+12    1   -54.45674
    -149.95        2     0.00000
    -149.80        2     0.00000
    -149.65        2     0.00000
    -149.49        2     0.00000
    -149.34        2     0.00000
    -149.20        2     0.00000
    -149.05        2     0.00000
    -148.90        2     0.00000
    -148.74        2     0.00000
    -148.59        2     0.00000
    -148.45        2     0.00000
    -148.30        2     0.00000
    -148.15        2     0.00000
    -147.99        2     0.00000
    -147.84        2     0.00000
    -147.70        2     0.00000
    -147.55        2     0.00000
    -147.40        2     0.00000
    -147.24        2     0.00000
    -147.09        2     0.00000
    -146.95        2     0.00000
    -146.80        2     0.00000
    -146.65        2     0.00000
    -146.49        2     0.00000
    -146.34        2     0.00000
    -146.20        2     0.00000
    -146.05        2     0.00000
    -145.90        2     0.00000
    -145.74        2     0.00000
    -145.59        2     0.00000
    -145.45        2     0.00000
    -145.30        2     0.00000
    -145.15        2     0.00000
    -144.99        2     0.00000
    -144.84        2     0.00000
    -144.70        2     0.00000
    -144.55        2     0.00000
    -144.40        2     0.00000
    -144.24        2     0.00000
    -144.09        2     0.00000
    -143.95        2     0.00000
    -143.80        2     0.00000
    -143.65        2     0.00000
    -143.49        2     0.00000
    -143.34        2     0.00000
    -143.20        2     0.00000
    -143.05        2     0.00000
    -142.90        2     0.00000
    -142.74        2     0.00000
    -142.59        2     0.00000
    -142.45        2     0.00000
    -142.30        2     0.00000
    -142.15        2     0.00000
    -141.99        2     0.00000
    -141.84        2     0.00000
    -141.70        2     0.00000
    -141.55        2     0.00000
    -141.40        2     0.00000
    -141.24        2     0.00000
    -141.09        2     0.00000
    -140.95        2     0.00000
    -140.80        2     0.00000
    -140.65        2     0.00000
    -140.49        2     0.00000
    -140.34        2     0.00000
    -140.20        2     0.00000
    -140.05        2     0.00000
    -139.90        2     0.00000
    -139.74        2     0.00000
    -139.59        2     0.00000
    -139.45        2     0.00000
    -139.30        2     0.00000
    -139.15        2     0.00000
    -138.99        2     0.00000
    -138.84        2     0.00000
    -138.70        2     0.00000
    -138.55        2     0.00000
    -138.40        2     0.00000
    -138.24        2     0.00000
    -138.09        2     0.00000
    -137.95        2     0.00000
    -137.80        2     0.00000
    -137.65        2     0.00000
    -137.49        2     0.00000
    -137.34        2     0.00000
    -137.20        2     0.00000
    -137.05        2     0.00000
    -136.90        2     0.00000
    -136.74        2     0.00000
    -136.59        2     0.00000
    -136.45        2     0.00000
    -136.30        2     0.00000
    -136.15        2     0.00000
    -135.99        2     0.00000
    -135.84        2     0.00000
    -135.70        2     0.00000
    -135.55        2     0.00000
    -135.40        2     0.00000
    -135.24        2     0.00000
    -135.09        2     0.00000
    -134.95        2     0.00000
    -134.80        2     0.00000
    -134.65        2     0.00000
    -134.49        2     0.00000
    -134.34        2     0.00000
    -134.20        2     0.00000
    -134.05        2     0.00000
    -133.90        2     0.00000
    -133.74        2     0.00000
    -133.59        2     0.00000
    -133.45        2     0.00000
    -133.30        2     0.00000
    -133.15        2     0.00000
    -132.99        2     0.00000
    -132.84        2     0.00000
    -132.70        2     0.00000
    -132.55        2     0.00000
    -132.40        2     0.00000
    -132.24        2     0.00000
    -132.09        2     0.00000
    -131.95        2     0.00000
    -131.80        2     0.00000
    -131.65        2     0.00000
    -131.49        2     0.00000
    -131.34        2     0.00000
    -131.20        2     0.00000
    -131.05        2     0.00000
    -130.90        2     0.00000
    -130.74        2     0.00000
    -130.59        2     0.00000
    -130.45        2     0.00000
    -130.30        2     0.00000
    -130.15        2     0.00000
    -129.99        2     0.00000
    -129.84        2     0.00000
    -129.70        2     0.00000
    -129.55        2     0.00000
    -129.40        2     0.00000
    -129.24        2     0.00000
    -129.09        2     0.00000
    -128.95        2     0.00000
    -128.80        2     0.00000
    -128.65        2     0.00000
    -128.49        2     0.00000
    -128.34        2     0.00000
    -128.20        2     0.00000
    -128.05        2     0.00000
    -127.89        2     0.00000
    -127.75        2     0.00000
    -127.60        2     0.00000
    -127.44        2     0.00000
    -127.30        2     0.00000
    -127.14        2     0.00000
    -127.00        2     0.00000
    -126.85        2     0.00000
    -126.69        2     0.00000
    -126.55        2     0.00000
    -126.39        2     0.00000
    -126.25        2     0.00000
    -126.10        2     0.00000
    -125.94        2     0.00000
    -125.80        2     0.00000
    -125.64        2     0.00000
    -125.50        2     0.00000
    -125.35        2     0.00000
    -125.19        2     0.00000
    -125.05        2     0.00000
    -124.89        2     0.00000
    -124.75        2     0.00000
    -124.60        2     0.00000
    -124.44        2     0.00000
    -124.30        2     0.00000
    -124.14        2     0.00000
    -124.00        2     0.00000
    -123.85        2     0.00000
    -123.69        2     0.00000
    -123.55        2     0.00000
    -123.39        2     0.00000
    -123.25        2     0.00000
    -123.10        2     0.00000
    -122.94        2     0.00000
    -122.80        2     0.00000
    -122.64        2     0.00000
    -122.50        2     0.00000
    -122.35        2     0.00000
    -122.19        2     0.00000
    -122.05        2     0.00000
    -121.89        2     0.00000
    -121.75        2     0.00000
    -121.60        2     0.00000
    -121.44        2     0.00000
    -121.30        2     0.00000
    -121.14        2     0.00000
    -121.00        2     0.00000
    -120.85        2     0.00000
    -120.69        2     0.00000
    -120.55        2     0.00000
    -120.39        2     0.00000
    -120.25        2     0.00000
    -120.10        2     0.00000
    -119.94        2     0.00000
    -119.80        2     0.00000
    -119.64        2     0.00000
    -119.50        2     0.00000
    -119.35        2     0.00000
    -119.19        2     0.00000
    -119.05        2     0.00000
    -118.89        2     0.00000
    -118.75        2     0.00000
    -118.60        2     0.00000
    -118.44        2     0.00000
    -118.30        2     0.00000
    -118.14        2     0.00000
    -118.00        2     0.00000
    -117.85        2     0.00000
    -117.69        2     0.00000
    -117.55        2     0.00000
    -117.39        2     0.00000
    -117.25        2     0.00000
    -117.10        2     0.00000
    -116.94        2     0.00000
    -116.80        2     0.00000
    -116.64        2     0.00000
    -116.50        2     0.00000
    -116.35        2     0.00000
    -116.19        2     0.00000
    -116.05        2     0.00000
    -115.89        2     0.00000
    -115.75        2     0.00000
    -115.60        2     0.00000
    -115.44        2     0.00000
    -115.30        2     0.00000
    -115.14        2     0.00000
    -115.00        2     0.00000
    -114.85        2     0.00000
    -114.69        2     0.00000
    -114.55        2     0.00000
    -114.39        2     0.00000
    -114.25        2     0.00000
    -114.10        2     0.00000
    -113.94        2     0.00000
    -113.80        2     0.00000
    -113.64        2     0.00000
    -113.50        2     0.00000
    -113.35        2     0.00000
    -113.19        2     0.00000
    -113.05        2     0.00000
    -112.89        2     0.00000
    -112.75        2     0.00000
    -112.60        2     0.00000
    -112.44        2     0.00000
    -112.30        2     0.00000
    -112.14        2     0.00000
    -112.00        2     0.00000
    -111.85        2     0.00000
    -111.69        2     0.00000
    -111.55        2     0.00000
    -111.39        2     0.00000
    -111.25        2     0.00000
    -111.10        2     0.00000
    -110.94        2     0.00000
    -110.80        2     0.00000
    -110.64        2     0.00000
    -110.50        2     0.00000
    -110.35        2     0.00000
    -110.19        2     0.00000
    -110.05        2     0.00000
    -109.89        2     0.00000
    -109.75        2     0.00000
    -109.60        2     0.00000
    -109.44        2     0.00000
    -109.30        2     0.00000
    -109.14        2     0.00000
    -109.00        2     0.00000
    -108.85        2     0.00000
    -108.69        2     0.00000
    -108.55        2     0.00000
    -108.39        2     0.00000
    -108.25        2     0.00000
    -108.10        2     0.00000
    -107.94        2     0.00000
    -107.80        2     0.00000
    -107.64        2     0.00000
    -107.50        2     0.00000
    -107.35        2     0.00000
    -107.19        2     0.00000
    -107.05        2     0.00000
    -106.89        2     0.00000
    -106.75        2     0.00000
    -106.60        2     0.00000
    -106.44        2     0.00000
    -106.30        2     0.00000
    -106.14        2     0.00000
    -106.00        2     0.00000
    -105.85        2     0.00000
    -105.69        2     0.00000
    -105.55        2     0.00000
    -105.39        2     0.00000
    -105.25        2     0.00000
    -105.10        2     0.00000
    -104.94        2     0.00000
    -104.80        2     0.00000
    -104.64        2     0.00000
    -104.50        2     0.00000
    -104.35        2     0.00000
    -104.19        2     0.00000
    -104.05        2     0.00000
    -103.89        2     0.00000
    -103.75        2     0.00000
    -103.60        2     0.00000
    -103.44        2     0.00000
    -103.30        2     0.00000
    -103.14        2     0.00000
    -103.00        2     0.00000
    -102.85        2     0.00000
    -102.69        2     0.00000
    -102.55        2     0.00000
    -102.39        2     0.00000
    -102.25        2     0.00000
    -102.10        2     0.00000
    -101.94        2     0.00000
    -101.80        2     0.00000
    -101.64        2     0.00000
    -101.50        2     0.00000
    -101.35        2     0.00000
    -101.19        2     0.00000
    -101.05        2     0.00000
    -100.89        2     0.00000
    -100.75        2     0.00000
    -100.60        2     0.00000
    -100.44        2     0.00000
    -100.30        2     0.00000
    -100.14        2     0.00000
    -99.995        2     0.00000
    -99.845        2     0.00000
    -99.695        2     0.00000
    -99.545        2     0.00000
    -99.395        2     0.00000
    -99.245        2     0.00000
    -99.095        2     0.00000
    -98.945        2     0.00000
    -98.795        2     0.00000
    -98.645        2     0.00000
    -98.495        2     0.00000
    -98.345        2     0.00000
    -98.195        2     0.00000
    -98.045        2     0.00000
    -97.895        2     0.00000
    -97.745        2     0.00000
    -97.595        2     0.00000
    -97.445        2     0.00000
    -97.295        2     0.00000
    -97.145        2     0.00000
    -96.995        2     0.00000
    -96.845        2     0.00000
    -96.695        2     0.00000
    -96.545        2     0.00000
    -96.395        2     0.00000
    -96.245        2     0.00000
    -96.095        2     0.00000
    -95.945        2     0.00000
    -95.795        2     0.00000
    -95.645        2     0.00000
    -95.495        2     0.00000
    -95.345        2     0.00000
    -95.195        2     0.00000
    -95.045        2     0.00000
    -94.895        2     0.00000
    -94.745        2     0.00000
    -94.595        2     0.00000
    -94.445        2     0.00000
    -94.295        2     0.00000
    -94.145        2     0.00000
    -93.995        2     0.00000
    -93.845        2     0.00000
    -93.695        2     0.00000
    -93.545        2     0.00000
    -93.395        2     0.00000
    -93.245        2     0.00000
    -93.095        2     0.00000
    -92.945        2     0.00000
    -92.795        2     0.00000
    -92.645        2     0.00000
    -92.495        2     0.00000
    -92.345        2     0.00000
    -92.195        2     0.00000
    -92.045        2     0.00000
    -91.895        2     0.00000
    -91.745        2     0.00000
    -91.595        2     0.00000
    -91.445        2     0.00000
    -91.295        2     0.00000
    -91.145        2     0.00000
    -90.995        2     0.00000
    -90.845        2     0.00000
    -90.695        2     0.00000
    -90.545        2     0.00000
    -90.395        2     0.00000
    -90.245        2     0.00000
    -90.095        2     0.00000
    -89.945        2     0.00000
    -89.795        2     0.00000
    -89.645        2     0.00000
    -89.495        2     0.00000
    -89.345        2     0.00000
    -89.195        2     0.00000
    -89.045        2     0.00000
    -88.895        2     0.00000
    -88.745        2     0.00000
    -88.595        2     0.00000
    -88.445        2     0.00000
    -88.295        2     0.00000
    -88.145        2     0.00000
    -87.995        2     0.00000
    -87.845        2     0.00000
    -87.695        2     0.00000
    -87.545        2     0.00000
    -87.395        2     0.00000
    -87.245        2     0.00000
    -87.095        2     0.00000
    -86.945        2     0.00000
    -86.795        2     0.00000
    -86.645        2     0.00000
    -86.495        2     0.00000
    -86.345        2     0.00000
    -86.195        2     0.00000
    -86.045        2     0.00000
    -85.895        2     0.00000
    -85.745        2     0.00000
    -85.595        2     0.00000
    -85.445        2     0.00000
    -85.295        2     0.00000
    -85.145        2     0.00000
    -84.995        2     0.00000
    -84.845        2     0.00000
    -84.695        2     0.00000
    -84.545        2     0.00000
    -84.395        2     0.00000
    -84.245        2     0.00000
    -84.095        2     0.00000
    -83.945        2     0.00000
    -83.795        2     0.00000
    -83.645        2     0.00000
    -83.495        2     0.00000
    -83.345        2     0.00000
    -83.195        2     0.00000
    -83.045        2     0.00000
    -82.895        2     0.00000
    -82.745        2     0.00000
    -82.595        2     0.00000
    -82.445        2     0.00000
    -82.295        2     0.00000
    -82.145        2     0.00000
    -81.995        2     0.00000
    -81.845        2     0.00000
    -81.695        2     0.00000
    -81.545        2     0.00000
    -81.395        2     0.00000
    -81.245        2     0.00000
    -81.095        2     0.00000
    -80.945        2     0.00000
    -80.795        2     0.00000
    -80.645        2     0.00000
    -80.495        2     0.00000
    -80.345        2     0.00000
    -80.195        2     0.00000
    -80.045        2     0.00000
    -79.895        2     0.00000
    -79.745        2     0.00000
    -79.595        2     0.00000
    -79.445        2     0.00000
    -79.295        2     0.00000
    -79.145        2     0.00000
    -78.995        2     0.00000
    -78.845        2     0.00000
    -78.695        2     0.00000
    -78.545        2     0.00000
    -78.395        2     0.00000
    -78.245        2     0.00000
    -78.095        2     0.00000
    -77.945        2     0.00000
    -77.795        2     0.00000
    -77.645        2     0.00000
    -77.495        2     0.00000
    -77.345        2     0.00000
    -77.195        2     0.00000
    -77.045        2     0.00000
    -76.895        2     0.00000
    -76.745        2     0.00000
    -76.595        2     0.00000
    -76.445        2     0.00000
    -76.295        2     0.00000
    -76.145        2     0.00000
    -75.995        2     0.00000
    -75.845        2     0.00000
    -75.695        2     0.00000
    -75.545        2     0.00000
    -75.395        2     0.00000
    -75.245        2     0.00000
    -75.095        2     0.00000
    -74.945        2     0.00000
    -74.795        2     0.00000
    -74.645        2     0.00000
    -74.495        2     0.00000
    -74.345        2     0.00000
    -74.195        2     0.00000
    -74.045        2     0.00000
    -73.895        2     0.00000
    -73.745        2     0.00000
    -73.595        2     0.00000
    -73.445        2     0.00000
    -73.295        2     0.00000
    -73.145        2     0.00000
    -72.995        2     0.00000
    -72.845        2     0.00000
    -72.695        2     0.00000
    -72.545        2     0.00000
    -72.395        2     0.00000
    -72.245        2     0.00000
    -72.095        2     0.00000
    -71.945        2     0.00000
    -71.795        2     0.00000
    -71.645        2     0.00000
    -71.495        2     0.00000
    -71.345        2     0.00000
    -71.195        2     0.00000
    -71.045        2     0.00000
    -70.895        2     0.00000
    -70.745        2     0.00000
    -70.595        2     0.00000
    -70.445        2     0.00000
    -70.295        2     0.00000
    -70.145        2     0.00000
    -69.995        2     0.00000
    -69.845        2     0.00000
    -69.695        2     0.00000
    -69.545        2     0.00000
    -69.395        2     0.00000
    -69.245        2     0.00000
    -69.095        2     0.00000
    -68.945        2     0.00000
    -68.795        2     0.00000
    -68.645        2     0.00000
    -68.495        2     0.00000
    -68.345        2     0.00000
    -68.195        2     0.00000
    -68.045        2     0.00000
    -67.895        2     0.00000
    -67.745        2     0.00000
    -67.595        2     0.00000
    -67.445        2     0.00000
    -67.295        2     0.00000
    -67.145        2     0.00000
    -66.995        2     0.00000
    -66.845        2     0.00000
    -66.695        2     0.00000
    -66.545        2     0.00000
    -66.395        2     0.00000
    -66.245        2     0.00000
    -66.095        2     0.00000
    -65.945        2     0.00000
    -65.795        2     0.00000
    -65.645        2     0.00000
    -65.495        2     0.00000
    -65.345        2     0.00000
    -65.195        2     0.00000
    -65.045        2     0.00000
    -64.895        2     0.00000
    -64.745        2     0.00000
    -64.595        2     0.00000
    -64.445        2     0.00000
    -64.295        2     0.00000
    -64.145        2     0.00000
    -63.995        2     0.00000
    -63.845        2     0.00000
    -63.695        2     0.00000
    -63.545        2     0.00000
    -63.395        2     0.00000
    -63.245        2     0.00000
    -63.095        2     0.00000
    -62.945        2     0.00000
    -62.795        2     0.00000
    -62.645        2     0.00000
    -62.495        2     0.00000
    -62.345        2     0.00000
    -62.195        2     0.00000
    -62.045        2     0.00000
    -61.895        2     0.00000
    -61.745        2     0.00000
    -61.595        2     0.00000
    -61.445        2     0.00000
    -61.295        2     0.00000
    -61.145        2     0.00000
    -60.995        2     0.00000
    -60.845        2     0.00000
    -60.695        2     0.00000
    -60.545        2     0.00000
    -60.395        2     0.00000
    -60.245        2     0.00000
    -60.095        2     0.00000
    -59.945        2     0.00000
    -59.795        2     0.00000
    -59.645        2     0.00000
    -59.495        2     0.00000
    -59.345        2     0.00000
    -59.195        2     0.00000
    -59.045        2     0.00000
    -58.895        2     0.00000
    -58.745        2     0.00000
    -58.595        2     0.00000
    -58.445        2     0.00000
    -58.295        2     0.00000
    -58.145        2     0.00000
    -57.995        2     0.00000
    -57.845        2     0.00000
    -57.695        2     0.00000
    -57.545        2     0.00000
    -57.395        2     0.00000
    -57.245        2     0.00000
    -57.095        2     0.00000
    -56.945        2     0.00000
    -56.795        2     0.00000
    -56.645        2     0.00000
    -56.495        2     0.00000
    -56.345        2     0.00000
    -56.195        2     0.00000
    -56.045        2     0.00000
    -55.895        2     0.00000
    -55.745        2     0.00000
    -55.595        2     0.00000
    -55.445        2     0.00000
    -55.295        2     0.00000
    -55.145        2     0.00000
    -54.995        2     0.00000
    -54.845        2     0.00000
    -54.695        2     0.00000
    -54.545        2     0.00000
    -54.395        2     0.00000
    -54.245        2     0.00000
    -54.095        2     0.00000
    -53.945        2     0.00000
    -53.795        2     0.00000
    -53.645        2     0.00000
    -53.495        2     0.00000
    -53.345        2     0.00000
    -53.195        2     0.00000
    -53.045        2     0.00000
    -52.895        2     0.00000
    -52.745        2     0.00000
    -52.595        2     0.00000
    -52.445        2     0.00000
    -52.295        2     0.00000
    -52.145        2     0.00000
    -51.995        2     0.00000
    -51.845        2     0.00000
    -51.695        2     0.00000
    -51.545        2     0.00000
    -51.395        2     0.00000
    -51.245        2     0.00000
    -51.095        2     0.00000
    -50.945        2     0.00000
    -50.795        2     0.00000
    -50.645        2     0.00000
    -50.495        2     0.00000
    -50.345        2     0.00000
    -50.195        2     0.00000
    -50.045        2     0.00000
    -49.895        2     0.00000
    -49.745        2     0.00000
    -49.595        2     0.00000
    -49.445        2     0.00000
    -49.295        2     0.00000
    -49.145        2     0.00000
    -48.995        2     0.00000
    -48.845        2     0.00000
    -48.695        2     0.00000
    -48.545        2     0.00000
    -48.395        2     0.00000
    -48.245        2     0.00000
    -48.095        2     0.00000
    -47.945        2     0.00000
    -47.795        2     0.00000
    -47.645        2     0.00000
    -47.495        2     0.00000
    -47.345        2     0.00000
    -47.195        2     0.00000
    -47.045        2     0.00000
    -46.895        2     0.00000
    -46.745        2     0.00000
    -46.595        2     0.00000
    -46.445        2     0.00000
    -46.295        2     0.00000
    -46.145        2     0.00000
    -45.995        2     0.00000
    -45.845        2     0.00000
    -45.695        2     0.00000
    -45.545        2     0.00000
    -45.395        2     0.00000
    -45.245        2     0.00000
    -45.095        2     0.00000
    -44.945        2     0.00000
    -44.795        2     0.00000
    -44.645        2     0.00000
    -44.495        2     0.00000
    -44.345        2     0.00000
    -44.195        2     0.00000
    -44.045        2     0.00000
    -43.895        2     0.00000
    -43.745        2     0.00000
    -43.595        2     0.00000
    -43.445        2     0.00000
    -43.295        2     0.00000
    -43.145        2     0.00000
    -42.995        2     0.00000
    -42.845        2     0.00000
    -42.695        2     0.00000
    -42.545        2     0.00000
    -42.395        2     0.00000
    -42.245        2     0.00000
    -42.095        2     0.00000
    -41.945        2     0.00000
    -41.795        2     0.00000
    -41.645        2     0.00000
    -41.495        2     0.00000
    -41.345        2     0.00000
    -41.195        2     0.00000
    -41.045        2     0.00000
    -40.895        2     0.00000
    -40.745        2     0.00000
    -40.595        2     0.00000
    -40.445        2     0.00000
    -40.295        2     0.00000
    -40.145        2     0.00000
    -39.995        2     0.00000
    -39.845        2     0.00000
    -39.695        2     0.00000
    -39.545        2     0.00000
    -39.395        2     0.00000
    -39.245        2     0.00000
    -39.095        2     0.00000
    -38.945        2     0.00000
    -38.795        2     0.00000
    -38.645        2     0.00000
    -38.495        2     0.00000
    -38.345        2     0.00000
    -38.195        2     0.00000
    -38.045        2     0.00000
    -37.895        2     0.00000
    -37.745        2     0.00000
    -37.595        2     0.00000
    -37.445        2     0.00000
    -37.295        2     0.00000
    -37.145        2     0.00000
    -36.995        2     0.00000
    -36.845        2     0.00000
    -36.695        2     0.00000
    -36.545        2     0.00000
    -36.395        2     0.00000
    -36.245        2     0.00000
    -36.095        2     0.00000
    -35.945        2     0.00000
    -35.795        2     0.00000
    -35.645        2     0.00000
    -35.495        2     0.00000
    -35.345        2     0.00000
    -35.195        2     0.00000
    -35.045        2     0.00000
    -34.895        2     0.00000
    -34.745        2     0.00000
    -34.595        2     0.00000
    -34.445        2     0.00000
    -34.295        2     0.00000
    -34.145        2     0.00000
    -33.995        2     0.00000
    -33.845        2     0.00000
    -33.695        2     0.00000
    -33.545        2     0.00000
    -33.395        2     0.00000
    -33.245        2     0.00000
    -33.095        2     0.00000
    -32.945        2     0.00000
    -32.795        2     0.00000
    -32.645        2     0.00000
    -32.495        2     0.00000
    -32.345        2     0.00000
    -32.195        2     0.00000
    -32.045        2     0.00000
    -31.895        2     0.00000
    -31.745        2     0.00000
    -31.595        2     0.00000
    -31.445        2     0.00000
    -31.295        2     0.00000
    -31.145        2     0.00000
    -30.995        2     0.00000
    -30.845        2     0.00000
    -30.695        2     0.00000
    -30.545        2     0.00000
    -30.395        2     0.00000
    -30.245        2     0.00000
    -30.095        2     0.00000
    -29.945        2     0.00000
    -29.795        2     0.00000
    -29.645        2     0.00000
    -29.495        2     0.00000
    -29.345        2     0.00000
    -29.195        2     0.00000
    -29.045        2     0.00000
    -28.895        2     0.00000
    -28.745        2     0.00000
    -28.595        2     0.00000
    -28.445        2     0.00000
    -28.295        2     0.00000
    -28.145        2     0.00000
    -27.995        2     0.00000
    -27.845        2     0.00000
    -27.695        2     0.00000
    -27.545        2     0.00000
    -27.395        2     0.00000
    -27.245        2     0.00000
    -27.095        2     0.00000
    -26.945        2     0.00000
    -26.795        2     0.00000
    -26.645        2     0.00000
    -26.495        2     0.00000
    -26.345        2     0.00000
    -26.195        2     0.00000
    -26.045        2     0.00000
    -25.895        2     0.00000
    -25.745        2     0.00000
    -25.595        2     0.00000
    -25.445        2     0.00000
    -25.295        2     0.00000
    -25.145        2     0.00000
    -24.995        2     0.00000
    -24.845        2     0.00000
    -24.695        2     0.00000
    -24.545        2     0.00000
    -24.395        2     0.00000
    -24.245        2     0.00000
    -24.095        2     0.00000
    -23.945        2     0.00000
    -23.795        2     0.00000
    -23.645        2     0.00000
    -23.495        2     0.00000
    -23.345        2     0.00000
    -23.195        2     0.00000
    -23.045        2     0.00000
    -22.895        2     0.00000
    -22.745        2     0.00000
    -22.595        2     0.00000
    -22.445        2     0.00000
    -22.295        2     0.00000
    -22.145        2     0.00000
    -21.995        2     0.00000
    -21.845        2     0.00000
    -21.695        2     0.00000
    -21.545        2     0.00000
    -21.395        2     0.00000
    -21.245        2     0.00000
    -21.095        2     0.00000
    -20.945        2     0.00000
    -20.795        2     0.00000
    -20.645        2     0.00000
    -20.495        2     0.00000
    -20.345        2     0.00000
    -20.195        2     0.00000
    -20.045        2     0.00000
    -19.895        2     0.00000
    -19.745        2     0.00000
    -19.595        2     0.00000
    -19.445        2     0.00000
    -19.295        2     0.00000
    -19.145        2     0.00000
    -18.995        2     0.00000
    -18.845        2     0.00000
    -18.695        2     0.00000
    -18.545        2     0.00000
    -18.395        2     0.00000
    -18.245        2     0.00000
    -18.095        2     0.00000
    -17.945        2     0.00000
    -17.795        2     0.00000
    -17.645        2     0.00000
    -17.495        2     0.00000
    -17.345        2     0.00000
    -17.195        2     0.00000
    -17.045        2     0.00000
    -16.895        2     0.00000
    -16.745        2     0.00000
    -16.595        2     0.00000
    -16.445        2     0.00000
    -16.295        2     0.00000
    -16.145        2     0.00000
    -15.995        2     0.00000
    -15.845        2     0.00000
    -15.695        2    -0.00011
    -15.545        2    -0.00528
    -15.395        2    -0.03654
    -15.245        2    -0.12835
    -15.095        2    -0.29969
    -14.945        2    -0.57993
    -14.795        2    -0.95423
    -14.645        2    -1.45735
    -14.495        2    -2.04996
    -14.345        2    -2.72590
    -14.195        2    -3.46087
    -14.045        2    -4.26569
    -13.895        2    -5.10045
    -13.745        2    -5.97826
    -13.595        2    -6.86574
    -13.445        2    -7.77503
    -13.295        2    -8.67744
    -13.145        2    -9.57418
    -12.995        2   -10.45705
    -12.845        2   -11.31087
    -12.695        2   -12.13766
    -12.545        2   -12.91930
    -12.395        2   -13.68539
    -12.245        2   -14.43838
    -12.095        2   -15.17658
    -11.945        2   -15.90168
    -11.795        2   -16.62926
    -11.645        2   -17.36117
    -11.495        2   -18.11270
    -11.345        2   -18.84845
    -11.195        2   -19.58731
    -11.045        2   -20.30323
    -10.895        2   -21.01642
    -10.745        2   -21.69827
    -10.595        2   -22.35259
    -10.445        2   -22.98940
    -10.295        2   -23.60536
    -10.145        2   -24.22147
    -9.9950        2   -24.83008
    -9.8450        2   -25.44641
    -9.6950        2   -26.07130
    -9.5450        2   -26.71676
    -9.3950        2   -27.38049
    -9.2450        2   -28.08930
    -9.0950        2   -28.84745
    -8.9450        2   -29.65509
    -8.7950        2   -30.49686
    -8.6450        2   -31.39420
    -8.4950        2   -32.34860
    -8.3450        2   -33.36654
    -8.1950        2   -34.43823
    -8.0450        2   -35.59863
    -7.8950        2   -36.84830
    -7.7450        2   -38.19933
    -7.5950        2   -39.67189
    -7.4450        2   -41.26545
    -7.2950        2   -42.95581
    -7.1450        2   -44.70217
    -6.9950        2   -46.53355
    -6.8450        2   -48.38952
    -6.6950        2   -50.31631
    -6.5450        2   -52.28535
    -6.3950        2   -54.26597
    -6.2450        2   -56.27766
    -6.0950        2   -58.28947
    -5.9450        2   -60.30105
    -5.7950        2   -62.27188
    -5.6450        2   -64.21933
    -5.4950        2   -66.11363
    -5.3450        2   -67.96069
    -5.1950        2   -69.76837
    -5.0450        2   -71.53926
    -4.8950        2   -73.27647
    -4.7450        2   -74.99454
    -4.5950        2   -76.69739
    -4.4450        2   -78.38323
    -4.2950        2   -80.09200
    -4.1450        2   -81.82817
    -3.9950        2   -83.59959
    -3.8450        2   -85.42216
    -3.6950        2   -87.30094
    -3.5450        2   -89.24478
    -3.3950        2   -91.26021
    -3.2450        2   -93.38391
    -3.0950        2   -95.63716
    -2.9450        2   -98.03550
    -2.7950        2  -100.58692
    -2.6450        2  -103.33578
    -2.4950        2  -106.31651
    -2.3450        2  -109.61949
    -2.1950        2  -113.30294
    -2.0450        2  -117.48483
    -1.8950        2  -122.33267
    -1.7450        2  -127.98134
    -1.5950        2  -134.51410
    -1.4450        2  -142.00592
    -1.2950        2  -150.46108
    -1.1450        2  -159.79096
   -0.99500        2  -169.82145
   -0.84500        2  -180.40874
   -0.69500        2  -191.52360
   -0.54500        2  -203.38500
   -0.39500        2  -216.68178
   -0.25300        2  -226.66502
   -0.21500        2  -227.34202
   -0.20900        2  -228.02715
   -0.20300        2  -228.72258
   -0.19700        2  -229.42889
   -0.19100        2  -230.14592
   -0.18500        2  -230.87198
   -0.17900        2  -231.61171
   -0.17300        2  -232.36191
   -0.16700        2  -233.12732
   -0.16100        2  -233.90662
   -0.15500        2  -234.70048
   -0.14900        2  -235.50981
   -0.14300        2  -236.33688
   -0.13700        2  -237.18062
   -0.13100        2  -238.04536
   -0.12500        2  -238.93124
   -0.11900        2  -239.83840
   -0.11300        2  -240.77159
   -0.10700        2  -241.73162
   -0.10100        2  -242.72177
   -0.95000E-01    2  -243.74706
   -0.89000E-01    2  -244.81125
   -0.83000E-01    2  -245.91912
   -0.77000E-01    2  -247.07816
   -0.71000E-01    2  -248.29770
   -0.65000E-01    2  -249.58809
   -0.59000E-01    2  -250.96676
   -0.53000E-01    2  -252.45762
   -0.47000E-01    2  -254.10022
   -0.41000E-01    2  -255.94030
   -0.35000E-01    2  -258.04082
   -0.29000E-01    2  -260.48842
   -0.23000E-01    2  -263.43094
   -0.19700E-01    2  -263.75758
   -0.19100E-01    2  -264.09198
   -0.18500E-01    2  -264.43471
   -0.17900E-01    2  -264.78614
   -0.17300E-01    2  -265.14703
   -0.16700E-01    2  -265.51761
   -0.16100E-01    2  -265.89891
   -0.15500E-01    2  -266.29183
   -0.14900E-01    2  -266.69694
   -0.14300E-01    2  -267.11524
   -0.13700E-01    2  -267.54773
   -0.13100E-01    2  -267.99560
   -0.12500E-01    2  -268.46019
   -0.11900E-01    2  -268.94347
   -0.11300E-01    2  -269.44699
   -0.10700E-01    2  -269.97424
   -0.10100E-01    2  -270.52826
   -0.95000E-02    2  -271.11277
   -0.89000E-02    2  -271.73126
   -0.83000E-02    2  -272.38657
   -0.77000E-02    2  -273.08137
   -0.71000E-02    2  -273.81749
   -0.65000E-02    2  -274.59551
   -0.59000E-02    2  -275.41406
   -0.53000E-02    2  -276.26997
   -0.47000E-02    2  -277.15633
   -0.41000E-02    2  -278.06402
   -0.35000E-02    2  -278.97518
   -0.29000E-02    2  -279.86273
   -0.23000E-02    2  -280.70222
   -0.17000E-02    2  -281.43690
   -0.11000E-02    2  -281.97921
   -0.50000E-03    2  -282.24345
    0.10000E-03    2  -282.18974
    0.70000E-03    2  -281.82633
    0.13000E-02    2  -281.20972
    0.19000E-02    2  -280.43192
    0.25000E-02    2  -279.57568
    0.31000E-02    2  -278.70421
    0.37000E-02    2  -277.84219
    0.43000E-02    2  -276.99966
    0.49000E-02    2  -276.18551
    0.55000E-02    2  -275.40241
    0.61000E-02    2  -274.65044
    0.67000E-02    2  -273.93128
    0.73000E-02    2  -273.24513
    0.79000E-02    2  -272.59168
    0.85000E-02    2  -271.97125
    0.91000E-02    2  -271.38166
    0.97000E-02    2  -270.82247
    0.10300E-01    2  -270.29048
    0.10900E-01    2  -269.78156
    0.11500E-01    2  -269.29330
    0.12100E-01    2  -268.82339
    0.12700E-01    2  -268.37029
    0.13300E-01    2  -267.93245
    0.13900E-01    2  -267.50917
    0.14500E-01    2  -267.09918
    0.15100E-01    2  -266.70184
    0.15700E-01    2  -266.31651
    0.16300E-01    2  -265.94185
    0.16900E-01    2  -265.57776
    0.17500E-01    2  -265.22341
    0.18100E-01    2  -264.87831
    0.18700E-01    2  -264.54181
    0.19300E-01    2  -264.21346
    0.20200E-01    2  -263.00611
    0.25000E-01    2  -260.29401
    0.31000E-01    2  -258.02994
    0.37000E-01    2  -256.09332
    0.43000E-01    2  -254.40953
    0.49000E-01    2  -252.92316
    0.55000E-01    2  -251.58546
    0.61000E-01    2  -250.36389
    0.67000E-01    2  -249.23579
    0.73000E-01    2  -248.18529
    0.79000E-01    2  -247.19966
    0.85000E-01    2  -246.27153
    0.91000E-01    2  -245.39218
    0.97000E-01    2  -244.55598
    0.10300        2  -243.76037
    0.10900        2  -243.00057
    0.11500        2  -242.27237
    0.12100        2  -241.57367
    0.12700        2  -240.90345
    0.13300        2  -240.25986
    0.13900        2  -239.63957
    0.14500        2  -239.04228
    0.15100        2  -238.46546
    0.15700        2  -237.90845
    0.16300        2  -237.37097
    0.16900        2  -236.85047
    0.17500        2  -236.34603
    0.18100        2  -235.85678
    0.18700        2  -235.38304
    0.19300        2  -234.92348
    0.19900        2  -234.47571
    0.20500        2  -234.04010
    0.21100        2  -233.61677
    0.21700        2  -233.20455
    0.29500        2  -225.11436
    0.44500        2  -220.04999
    0.59500        2  -216.36640
    0.74500        2  -213.45319
    0.89500        2  -210.99541
     1.0450        2  -208.83018
     1.1950        2  -206.87830
     1.3450        2  -205.09316
     1.4950        2  -203.45292
     1.6450        2  -201.94810
     1.7950        2  -200.55730
     1.9450        2  -199.27460
     2.0950        2  -198.09727
     2.2450        2  -197.02148
     2.3950        2  -196.04553
     2.5450        2  -195.14981
     2.6950        2  -194.32871
     2.8450        2  -193.57212
     2.9950        2  -192.87975
     3.1450        2  -192.25090
     3.2950        2  -191.65662
     3.4450        2  -191.10960
     3.5950        2  -190.59472
     3.7450        2  -190.11212
     3.8950        2  -189.65339
     4.0450        2  -189.21837
     4.1950        2  -188.80363
     4.3450        2  -188.40158
     4.4950        2  -188.01906
     4.6450        2  -187.65232
     4.7950        2  -187.29813
     4.9450        2  -186.95503
     5.0950        2  -186.62432
     5.2450        2  -186.30075
     5.3950        2  -185.98419
     5.5450        2  -185.67597
     5.6950        2  -185.38141
     5.8450        2  -185.09307
     5.9950        2  -184.81031
     6.1450        2  -184.53680
     6.2950        2  -184.26507
     6.4450        2  -184.00849
     6.5950        2  -183.75698
     6.7450        2  -183.50721
     6.8950        2  -183.26510
     7.0450        2  -183.02687
     7.1950        2  -182.79525
     7.3450        2  -182.56520
     7.4950        2  -182.34354
     7.6450        2  -182.12630
     7.7950        2  -181.91338
     7.9450        2  -181.70227
     8.0950        2  -181.49468
     8.2450        2  -181.29487
     8.3950        2  -181.09781
     8.5450        2  -180.90562
     8.6950        2  -180.71319
     8.8450        2  -180.52342
     8.9950        2  -180.33701
     9.1450        2  -180.15305
     9.2950        2  -179.97396
     9.4450        2  -179.79798
     9.5950        2  -179.62351
     9.7450        2  -179.45200
     9.8950        2  -179.28270
     10.045        2  -179.11825
     10.195        2  -178.95206
     10.345        2  -178.79077
     10.495        2  -178.63180
     10.645        2  -178.47412
     10.795        2  -178.31917
     10.945        2  -178.16552
     11.095        2  -178.01400
     11.245        2  -177.86896
     11.395        2  -177.72250
     11.545        2  -177.57557
     11.695        2  -177.43474
     11.845        2  -177.29317
     11.995        2  -177.15339
     12.145        2  -177.01747
     12.295        2  -176.88173
     12.445        2  -176.74952
     12.595        2  -176.61664
     12.745        2  -176.48454
     12.895        2  -176.35538
     13.045        2  -176.22755
     13.195        2  -176.09946
     13.345        2  -175.97362
     13.495        2  -175.84964
     13.645        2  -175.72534
     13.795        2  -175.60613
     13.945        2  -175.48409
     14.095        2  -175.36266
     14.245        2  -175.24705
     14.395        2  -175.13144
     14.545        2  -175.01572
     14.695        2  -174.90173
     14.845        2  -174.78865
     14.995        2  -174.67650
     15.145        2  -174.56555
     15.295        2  -174.45649
     15.445        2  -174.34896
     15.595        2  -174.24229
     15.745        2  -174.13473
     15.895        2  -174.02812
     16.045        2  -173.92368
     16.195        2  -173.82224
     16.345        2  -173.72114
     16.495        2  -173.62087
     16.645        2  -173.51917
     16.795        2  -173.41777
     16.945        2  -173.31770
     17.095        2  -173.22034
     17.245        2  -173.12358
     17.395        2  -173.02742
     17.545        2  -172.93258
     17.695        2  -172.84034
     17.845        2  -172.74680
     17.995        2  -172.65484
     18.145        2  -172.56288
     18.295        2  -172.47093
     18.445        2  -172.38016
     18.595        2  -172.29018
     18.745        2  -172.20040
     18.895        2  -172.11146
     19.045        2  -172.02422
     19.195        2  -171.93683
     19.345        2  -171.85287
     19.495        2  -171.76863
     19.645        2  -171.68243
     19.795        2  -171.60025
     19.945        2  -171.51615
     20.095        2  -171.43383
     21.836        2  -168.90936
     30.068        2  -165.17733
     42.097        2  -161.48544
     58.937        2  -157.82553
     82.515        2  -154.23085
     115.53        2  -150.69720
     161.74        2  -147.22813
     226.45        2  -143.84042
     317.04        2  -140.52292
     443.87        2  -137.27944
     621.44        2  -134.11091
     870.05        2  -131.03220
     1218.1        2  -128.02180
     1705.4        2  -125.08996
     2387.7        2  -122.23561
     3342.9        2  -119.45716
     4680.2        2  -116.74425
     6552.5        2  -114.11167
     9173.8        2  -111.55105
     12844.        2  -109.06093
     17982.        2  -106.65253
     25176.        2  -104.32324
     35247.        2  -102.07475
     49348.        2   -99.91147
     69090.        2   -97.83860
     96729.        2   -95.85669
    0.13543E+06    2   -93.96303
    0.18960E+06    2   -92.15832
    0.26545E+06    2   -90.43608
    0.37165E+06    2   -88.80004
    0.52033E+06    2   -87.23663
    0.72849E+06    2   -85.75064
    0.10199E+07    2   -84.33528
    0.14279E+07    2   -82.99045
    0.19992E+07    2   -81.70927
    0.27990E+07    2   -80.48921
    0.39187E+07    2   -79.33054
    0.54864E+07    2   -78.22792
    0.76812E+07    2   -77.18059
    0.10754E+08    2   -76.18711
    0.15056E+08    2   -75.23946
    0.21080E+08    2   -74.34013
    0.29513E+08    2   -73.48727
    0.41319E+08    2   -72.68297
    0.57849E+08    2   -71.93323
    0.80991E+08    2   -71.23911
    0.11339E+09    2   -70.59276
    0.15875E+09    2   -69.99306
    0.22226E+09    2   -69.43027
    0.31118E+09    2   -68.90678
    0.43567E+09    2   -68.41560
    0.60996E+09    2   -67.96319
    0.85398E+09    2   -67.55698
    0.11956E+10    2   -67.18431
    0.16739E+10    2   -66.84309
    0.23436E+10    2   -66.52916
    0.32811E+10    2   -66.24300
    0.45937E+10    2   -65.97844
    0.64315E+10    2   -65.73640
    0.90044E+10    2   -65.51186
    0.12607E+11    2   -65.30728
    0.17650E+11    2   -65.11731
    0.24711E+11    2   -64.94336
    0.34596E+11    2   -64.78420
    0.48437E+11    2   -64.63669
    0.67814E+11    2   -64.50005
    0.10000E+12    2   -62.95733
