    -29.945        1     0.00000
    -29.795        1     0.00000
    -29.645        1     0.00000
    -29.495        1     0.00000
    -29.345        1     0.00000
    -29.195        1     0.00000
    -29.045        1     0.00000
    -28.895        1     0.00000
    -28.745        1     0.00000
    -28.595        1     0.00000
    -28.445        1     0.00000
    -28.295        1     0.00000
    -28.145        1     0.00000
    -27.995        1     0.00000
    -27.845        1     0.00000
    -27.695        1     0.00000
    -27.545        1     0.00000
    -27.395        1     0.00000
    -27.245        1     0.00000
    -27.095        1     0.00000
    -26.945        1     0.00000
    -26.795        1     0.00000
    -26.645        1     0.00000
    -26.495        1     0.00000
    -26.345        1     0.00000
    -26.195        1     0.00000
    -26.045        1     0.00000
    -25.895        1     0.00000
    -25.745        1     0.00000
    -25.595        1     0.00000
    -25.445        1     0.00000
    -25.295        1     0.00000
    -25.145        1     0.00000
    -24.995        1     0.00000
    -24.845        1     0.00000
    -24.695        1     0.00000
    -24.545        1     0.00000
    -24.395        1     0.00000
    -24.245        1     0.00000
    -24.095        1     0.00000
    -23.945        1     0.00000
    -23.795        1     0.00000
    -23.645        1     0.00000
    -23.495        1     0.00000
    -23.345        1     0.00000
    -23.195        1     0.00000
    -23.045        1     0.00000
    -22.895        1     0.00000
    -22.745        1     0.00000
    -22.595        1    -0.00017
    -22.445        1    -0.00034
    -22.295        1    -0.00034
    -22.145        1    -0.00052
    -21.995        1    -0.00086
    -21.845        1    -0.00172
    -21.695        1    -0.00256
    -21.545        1    -0.00290
    -21.395        1    -0.00421
    -21.245        1    -0.00618
    -21.095        1    -0.01028
    -20.945        1    -0.01414
    -20.795        1    -0.01964
    -20.645        1    -0.02495
    -20.495        1    -0.03045
    -20.345        1    -0.03679
    -20.195        1    -0.04629
    -20.045        1    -0.05546
    -19.895        1    -0.06845
    -19.745        1    -0.08200
    -19.595        1    -0.09393
    -19.445        1    -0.11010
    -19.295        1    -0.12860
    -19.145        1    -0.14622
    -18.995        1    -0.16662
    -18.845        1    -0.19004
    -18.695        1    -0.21474
    -18.545        1    -0.24400
    -18.395        1    -0.27856
    -18.245        1    -0.31381
    -18.095        1    -0.35401
    -17.945        1    -0.39811
    -17.795        1    -0.44737
    -17.645        1    -0.49931
    -17.495        1    -0.56304
    -17.345        1    -0.62841
    -17.195        1    -0.70880
    -17.045        1    -0.79863
    -16.895        1    -0.90075
    -16.745        1    -1.01834
    -16.595        1    -1.14620
    -16.445        1    -1.29384
    -16.295        1    -1.45182
    -16.145        1    -1.62611
    -15.995        1    -1.81360
    -15.845        1    -2.02951
    -15.695        1    -2.25370
    -15.545        1    -2.49218
    -15.395        1    -2.75179
    -15.245        1    -3.01716
    -15.095        1    -3.29917
    -14.945        1    -3.59087
    -14.795        1    -3.89904
    -14.645        1    -4.22360
    -14.495        1    -4.55433
    -14.345        1    -4.88667
    -14.195        1    -5.21955
    -14.045        1    -5.56505
    -13.895        1    -5.91321
    -13.745        1    -6.26925
    -13.595        1    -6.63575
    -13.445        1    -6.99477
    -13.295        1    -7.36127
    -13.145        1    -7.72108
    -12.995        1    -8.09279
    -12.845        1    -8.45341
    -12.695        1    -8.81567
    -12.545        1    -9.18278
    -12.395        1    -9.52977
    -12.245        1    -9.89377
    -12.095        1   -10.26177
    -11.945        1   -10.62252
    -11.795        1   -10.98842
    -11.645        1   -11.33732
    -11.495        1   -11.68299
    -11.345        1   -12.03070
    -11.195        1   -12.37489
    -11.045        1   -12.71616
    -10.895        1   -13.05039
    -10.745        1   -13.38124
    -10.595        1   -13.70786
    -10.445        1   -14.03241
    -10.295        1   -14.34935
    -10.145        1   -14.66982
    -9.9950        1   -14.97874
    -9.8450        1   -15.27354
    -9.6950        1   -15.57006
    -9.5450        1   -15.85599
    -9.3950        1   -16.14077
    -9.2450        1   -16.42548
    -9.0950        1   -16.70531
    -8.9450        1   -16.97401
    -8.7950        1   -17.23794
    -8.6450        1   -17.49635
    -8.4950        1   -17.75403
    -8.3450        1   -17.99814
    -8.1950        1   -18.24751
    -8.0450        1   -18.48603
    -7.8950        1   -18.73106
    -7.7450        1   -18.97050
    -7.5950        1   -19.21353
    -7.4450        1   -19.45427
    -7.2950        1   -19.69807
    -7.1450        1   -19.94786
    -6.9950        1   -20.19779
    -6.8450        1   -20.44935
    -6.6950        1   -20.70822
    -6.5450        1   -20.97928
    -6.3950        1   -21.25232
    -6.2450        1   -21.53005
    -6.0950        1   -21.81102
    -5.9450        1   -22.09514
    -5.7950        1   -22.37766
    -5.6450        1   -22.66143
    -5.4950        1   -22.94998
    -5.3450        1   -23.24646
    -5.1950        1   -23.53825
    -5.0450        1   -23.83150
    -4.8950        1   -24.12979
    -4.7450        1   -24.43446
    -4.5950        1   -24.74356
    -4.4450        1   -25.05471
    -4.2950        1   -25.36717
    -4.1450        1   -25.69314
    -3.9950        1   -26.03117
    -3.8450        1   -26.38046
    -3.6950        1   -26.75079
    -3.5450        1   -27.13770
    -3.3950        1   -27.55201
    -3.2450        1   -27.99972
    -3.0950        1   -28.48006
    -2.9450        1   -28.99203
    -2.7950        1   -29.54973
    -2.6450        1   -30.14529
    -2.4950        1   -30.78563
    -2.3450        1   -31.45829
    -2.1950        1   -32.15322
    -2.0450        1   -32.87308
    -1.8950        1   -33.60111
    -1.7450        1   -34.32883
    -1.5950        1   -35.05538
    -1.4450        1   -35.77452
    -1.2950        1   -36.48803
    -1.1450        1   -37.20057
   -0.99500        1   -37.92273
   -0.84500        1   -38.66472
   -0.69500        1   -39.45421
   -0.54500        1   -40.33333
   -0.39500        1   -41.36638
   -0.25300        1   -42.15878
   -0.21500        1   -42.21292
   -0.20900        1   -42.26821
   -0.20300        1   -42.32389
   -0.19700        1   -42.38081
   -0.19100        1   -42.43845
   -0.18500        1   -42.49734
   -0.17900        1   -42.55721
   -0.17300        1   -42.61825
   -0.16700        1   -42.68048
   -0.16100        1   -42.74361
   -0.15500        1   -42.80818
   -0.14900        1   -42.87460
   -0.14300        1   -42.94222
   -0.13700        1   -43.01184
   -0.13100        1   -43.08346
   -0.12500        1   -43.15719
   -0.11900        1   -43.23314
   -0.11300        1   -43.31169
   -0.10700        1   -43.39308
   -0.10100        1   -43.47794
   -0.95000E-01    1   -43.56628
   -0.89000E-01    1   -43.65934
   -0.83000E-01    1   -43.75749
   -0.77000E-01    1   -43.86165
   -0.71000E-01    1   -43.97332
   -0.65000E-01    1   -44.09365
   -0.59000E-01    1   -44.22473
   -0.53000E-01    1   -44.36836
   -0.47000E-01    1   -44.52588
   -0.41000E-01    1   -44.70055
   -0.35000E-01    1   -44.89517
   -0.29000E-01    1   -45.11524
   -0.23000E-01    1   -45.36771
   -0.19700E-01    1   -45.39481
   -0.19100E-01    1   -45.42236
   -0.18500E-01    1   -45.45030
   -0.17900E-01    1   -45.47866
   -0.17300E-01    1   -45.50744
   -0.16700E-01    1   -45.53665
   -0.16100E-01    1   -45.56627
   -0.15500E-01    1   -45.59634
   -0.14900E-01    1   -45.62689
   -0.14300E-01    1   -45.65785
   -0.13700E-01    1   -45.68927
   -0.13100E-01    1   -45.72109
   -0.12500E-01    1   -45.75324
   -0.11900E-01    1   -45.78575
   -0.11300E-01    1   -45.81845
   -0.10700E-01    1   -45.85141
   -0.10100E-01    1   -45.88449
   -0.95000E-02    1   -45.91764
   -0.89000E-02    1   -45.95072
   -0.83000E-02    1   -45.98356
   -0.77000E-02    1   -46.01598
   -0.71000E-02    1   -46.04773
   -0.65000E-02    1   -46.07858
   -0.59000E-02    1   -46.10821
   -0.53000E-02    1   -46.13636
   -0.47000E-02    1   -46.16262
   -0.41000E-02    1   -46.18663
   -0.35000E-02    1   -46.20795
   -0.29000E-02    1   -46.22625
   -0.23000E-02    1   -46.24116
   -0.17000E-02    1   -46.25244
   -0.11000E-02    1   -46.25988
   -0.50000E-03    1   -46.26330
    0.10000E-03    1   -46.26262
    0.70000E-03    1   -46.25784
    0.13000E-02    1   -46.24908
    0.19000E-02    1   -46.23658
    0.25000E-02    1   -46.22055
    0.31000E-02    1   -46.20121
    0.37000E-02    1   -46.17896
    0.43000E-02    1   -46.15415
    0.49000E-02    1   -46.12723
    0.55000E-02    1   -46.09853
    0.61000E-02    1   -46.06854
    0.67000E-02    1   -46.03752
    0.73000E-02    1   -46.00579
    0.79000E-02    1   -45.97361
    0.85000E-02    1   -45.94120
    0.91000E-02    1   -45.90869
    0.97000E-02    1   -45.87628
    0.10300E-01    1   -45.84390
    0.10900E-01    1   -45.81172
    0.11500E-01    1   -45.77981
    0.12100E-01    1   -45.74804
    0.12700E-01    1   -45.71657
    0.13300E-01    1   -45.68554
    0.13900E-01    1   -45.65497
    0.14500E-01    1   -45.62462
    0.15100E-01    1   -45.59478
    0.15700E-01    1   -45.56531
    0.16300E-01    1   -45.53636
    0.16900E-01    1   -45.50769
    0.17500E-01    1   -45.47939
    0.18100E-01    1   -45.45162
    0.18700E-01    1   -45.42425
    0.19300E-01    1   -45.39737
    0.20200E-01    1   -45.29607
    0.25000E-01    1   -45.05723
    0.31000E-01    1   -44.84788
    0.37000E-01    1   -44.66226
    0.43000E-01    1   -44.49620
    0.49000E-01    1   -44.34719
    0.55000E-01    1   -44.21238
    0.61000E-01    1   -44.09000
    0.67000E-01    1   -43.97794
    0.73000E-01    1   -43.87570
    0.79000E-01    1   -43.78092
    0.85000E-01    1   -43.69271
    0.91000E-01    1   -43.61005
    0.97000E-01    1   -43.53233
    0.10300        1   -43.45984
    0.10900        1   -43.39129
    0.11500        1   -43.32618
    0.12100        1   -43.26504
    0.12700        1   -43.20687
    0.13300        1   -43.15180
    0.13900        1   -43.09935
    0.14500        1   -43.04900
    0.15100        1   -43.00143
    0.15700        1   -42.95559
    0.16300        1   -42.91218
    0.16900        1   -42.87076
    0.17500        1   -42.83141
    0.18100        1   -42.79357
    0.18700        1   -42.75755
    0.19300        1   -42.72241
    0.19900        1   -42.68909
    0.20500        1   -42.65718
    0.21100        1   -42.62626
    0.21700        1   -42.59669
    0.29500        1   -42.10028
    0.44500        1   -41.87362
    0.59500        1   -41.72728
    0.74500        1   -41.61350
    0.89500        1   -41.51804
     1.0450        1   -41.43374
     1.1950        1   -41.35990
     1.3450        1   -41.29281
     1.4950        1   -41.23110
     1.6450        1   -41.17525
     1.7950        1   -41.12254
     1.9450        1   -41.07455
     2.0950        1   -41.03028
     2.2450        1   -40.98630
     2.3950        1   -40.94552
     2.5450        1   -40.90622
     2.6950        1   -40.87094
     2.8450        1   -40.83566
     2.9950        1   -40.80222
     3.1450        1   -40.77031
     3.2950        1   -40.74216
     3.4450        1   -40.71257
     3.5950        1   -40.68556
     3.7450        1   -40.66045
     3.8950        1   -40.63646
     4.0450        1   -40.61433
     4.1950        1   -40.59322
     4.3450        1   -40.57193
     4.4950        1   -40.55187
     4.6450        1   -40.53265
     4.7950        1   -40.51495
     4.9450        1   -40.49709
     5.0950        1   -40.48085
     5.2450        1   -40.46420
     5.3950        1   -40.44815
     5.5450        1   -40.43233
     5.6950        1   -40.41751
     5.8450        1   -40.40325
     5.9950        1   -40.38863
     6.1450        1   -40.37488
     6.2950        1   -40.36115
     6.4450        1   -40.34850
     6.5950        1   -40.33492
     6.7450        1   -40.32257
     6.8950        1   -40.31049
     7.0450        1   -40.29805
     7.1950        1   -40.28621
     7.3450        1   -40.27475
     7.4950        1   -40.26334
     7.6450        1   -40.25216
     7.7950        1   -40.24120
     7.9450        1   -40.22971
     8.0950        1   -40.21913
     8.2450        1   -40.20834
     8.3950        1   -40.19781
     8.5450        1   -40.18757
     8.6950        1   -40.17747
     8.8450        1   -40.16744
     8.9950        1   -40.15776
     9.1450        1   -40.14782
     9.2950        1   -40.13857
     9.4450        1   -40.12860
     9.5950        1   -40.11959
     9.7450        1   -40.11045
     9.8950        1   -40.10148
     10.045        1   -40.09265
     10.195        1   -40.08375
     10.345        1   -40.07509
     10.495        1   -40.06649
     10.645        1   -40.05824
     10.795        1   -40.04993
     10.945        1   -40.04166
     11.095        1   -40.03322
     11.245        1   -40.02519
     11.395        1   -40.01715
     11.545        1   -40.00959
     11.695        1   -40.00202
     11.845        1   -39.99441
     11.995        1   -39.98658
     12.145        1   -39.97907
     12.295        1   -39.97123
     12.445        1   -39.96358
     12.595        1   -39.95644
     12.745        1   -39.94903
     12.895        1   -39.94160
     13.045        1   -39.93468
     13.195        1   -39.92767
     13.345        1   -39.92060
     13.495        1   -39.91368
     13.645        1   -39.90678
     13.795        1   -39.90029
     13.945        1   -39.89382
     14.095        1   -39.88723
     14.245        1   -39.88061
     14.395        1   -39.87412
     14.545        1   -39.86805
     14.695        1   -39.86148
     14.845        1   -39.85505
     14.995        1   -39.84859
     15.145        1   -39.84231
     15.295        1   -39.83625
     15.445        1   -39.83015
     15.595        1   -39.82424
     15.745        1   -39.81827
     15.895        1   -39.81219
     16.045        1   -39.80616
     16.195        1   -39.80014
     16.345        1   -39.79443
     16.495        1   -39.78855
     16.645        1   -39.78278
     16.795        1   -39.77691
     16.945        1   -39.77119
     17.095        1   -39.76560
     17.245        1   -39.76002
     17.395        1   -39.75447
     17.545        1   -39.74915
     17.695        1   -39.74395
     17.845        1   -39.73842
     17.995        1   -39.73299
     18.145        1   -39.72791
     18.295        1   -39.72260
     18.445        1   -39.71746
     18.595        1   -39.71229
     18.745        1   -39.70725
     18.895        1   -39.70218
     19.045        1   -39.69698
     19.195        1   -39.69209
     19.345        1   -39.68685
     19.495        1   -39.68156
     19.645        1   -39.67654
     19.795        1   -39.67158
     19.945        1   -39.66695
     20.095        1   -39.66194
     20.245        1   -39.65719
     20.395        1   -39.65230
     20.545        1   -39.64767
     20.695        1   -39.64292
     20.845        1   -39.63824
     20.995        1   -39.63366
     21.145        1   -39.62909
     21.295        1   -39.62463
     21.445        1   -39.62001
     21.595        1   -39.61564
     21.745        1   -39.61117
     21.895        1   -39.60648
     22.045        1   -39.60210
     22.195        1   -39.59770
     22.345        1   -39.59347
     22.495        1   -39.58911
     22.645        1   -39.58440
     22.795        1   -39.58023
     22.945        1   -39.57602
     23.095        1   -39.57197
     23.245        1   -39.56768
     23.395        1   -39.56353
     23.545        1   -39.55941
     23.695        1   -39.55534
     23.845        1   -39.55109
     23.995        1   -39.54700
     24.145        1   -39.54302
     24.295        1   -39.53880
     24.445        1   -39.53474
     24.595        1   -39.53099
     24.745        1   -39.52705
     24.895        1   -39.52330
     25.045        1   -39.51964
     25.195        1   -39.51569
     25.345        1   -39.51196
     25.495        1   -39.50803
     25.645        1   -39.50420
     25.795        1   -39.50054
     25.945        1   -39.49665
     26.095        1   -39.49289
     26.245        1   -39.48903
     26.395        1   -39.48526
     26.545        1   -39.48158
     26.695        1   -39.47778
     26.845        1   -39.47402
     26.995        1   -39.47037
     27.145        1   -39.46660
     27.295        1   -39.46304
     27.445        1   -39.45930
     27.595        1   -39.45578
     27.745        1   -39.45224
     27.895        1   -39.44882
     28.045        1   -39.44511
     28.195        1   -39.44165
     28.345        1   -39.43822
     28.495        1   -39.43461
     28.645        1   -39.43098
     28.795        1   -39.42743
     28.945        1   -39.42400
     29.095        1   -39.42053
     29.245        1   -39.41692
     29.395        1   -39.41353
     29.545        1   -39.41007
     29.695        1   -39.40677
     29.845        1   -39.40336
     29.995        1   -39.40003
     30.145        1   -39.39664
     30.295        1   -39.39351
     30.445        1   -39.39028
     30.595        1   -39.38689
     30.745        1   -39.38369
     30.895        1   -39.38048
     31.045        1   -39.37728
     31.195        1   -39.37411
     31.345        1   -39.37088
     31.495        1   -39.36773
     31.645        1   -39.36443
     31.795        1   -39.36122
     31.945        1   -39.35819
     32.095        1   -39.35513
     32.245        1   -39.35208
     32.395        1   -39.34913
     32.545        1   -39.34603
     32.695        1   -39.34298
     32.845        1   -39.33988
     32.995        1   -39.33678
     33.145        1   -39.33384
     33.295        1   -39.33076
     33.445        1   -39.32764
     33.595        1   -39.32467
     33.745        1   -39.32179
     33.895        1   -39.31888
     34.045        1   -39.31583
     34.195        1   -39.31300
     34.345        1   -39.31016
     34.495        1   -39.30724
     34.645        1   -39.30444
     34.795        1   -39.30148
     34.945        1   -39.29873
     35.095        1   -39.29584
     35.245        1   -39.29312
     35.395        1   -39.29033
     35.545        1   -39.28768
     35.695        1   -39.28489
     35.845        1   -39.28210
     35.995        1   -39.27923
     36.145        1   -39.27634
     36.295        1   -39.27362
     36.445        1   -39.27085
     36.595        1   -39.26814
     36.745        1   -39.26524
     36.895        1   -39.26264
     37.045        1   -39.26005
     37.195        1   -39.25707
     37.345        1   -39.25434
     37.495        1   -39.25175
     37.645        1   -39.24925
     37.795        1   -39.24659
     37.945        1   -39.24386
     38.095        1   -39.24117
     38.245        1   -39.23857
     38.395        1   -39.23593
     38.545        1   -39.23341
     38.695        1   -39.23082
     38.845        1   -39.22811
     38.995        1   -39.22545
     39.145        1   -39.22301
     39.295        1   -39.22031
     39.445        1   -39.21781
     39.595        1   -39.21526
     39.745        1   -39.21278
     39.895        1   -39.21037
     40.045        1   -39.20790
     40.195        1   -39.20539
     40.345        1   -39.20295
     40.495        1   -39.20053
     40.645        1   -39.19789
     40.795        1   -39.19547
     40.945        1   -39.19301
     41.095        1   -39.19056
     41.245        1   -39.18815
     41.395        1   -39.18566
     41.545        1   -39.18324
     41.695        1   -39.18085
     41.845        1   -39.17852
     41.995        1   -39.17606
     42.145        1   -39.17362
     42.295        1   -39.17122
     42.445        1   -39.16892
     42.595        1   -39.16664
     42.745        1   -39.16420
     42.895        1   -39.16188
     43.045        1   -39.15977
     43.195        1   -39.15746
     43.345        1   -39.15511
     43.495        1   -39.15289
     43.645        1   -39.15053
     43.795        1   -39.14813
     43.945        1   -39.14590
     44.095        1   -39.14357
     44.245        1   -39.14131
     44.395        1   -39.13912
     44.545        1   -39.13684
     44.695        1   -39.13463
     44.845        1   -39.13238
     44.995        1   -39.13020
     45.145        1   -39.12797
     45.295        1   -39.12575
     45.445        1   -39.12371
     45.595        1   -39.12157
     45.745        1   -39.11932
     45.895        1   -39.11721
     46.045        1   -39.11493
     46.195        1   -39.11276
     46.345        1   -39.11041
     46.495        1   -39.10828
     46.645        1   -39.10607
     46.795        1   -39.10378
     46.945        1   -39.10151
     47.095        1   -39.09948
     47.245        1   -39.09737
     47.395        1   -39.09509
     47.545        1   -39.09288
     47.695        1   -39.09094
     47.845        1   -39.08880
     47.995        1   -39.08661
     48.145        1   -39.08443
     48.295        1   -39.08214
     48.445        1   -39.08010
     48.595        1   -39.07798
     48.745        1   -39.07584
     48.895        1   -39.07379
     49.045        1   -39.07170
     49.195        1   -39.06959
     49.345        1   -39.06751
     49.495        1   -39.06546
     49.645        1   -39.06346
     49.795        1   -39.06127
     49.945        1   -39.05907
     50.095        1   -39.05708
     50.245        1   -39.05508
     50.395        1   -39.05298
     50.545        1   -39.05090
     50.695        1   -39.04896
     50.845        1   -39.04695
     50.995        1   -39.04490
     51.145        1   -39.04300
     51.295        1   -39.04107
     51.445        1   -39.03910
     51.595        1   -39.03703
     51.745        1   -39.03511
     51.895        1   -39.03311
     52.045        1   -39.03126
     52.195        1   -39.02935
     52.345        1   -39.02735
     52.495        1   -39.02556
     52.645        1   -39.02365
     52.795        1   -39.02176
     52.945        1   -39.01991
     53.095        1   -39.01803
     53.245        1   -39.01626
     53.395        1   -39.01426
     53.545        1   -39.01226
     53.695        1   -39.01039
     53.845        1   -39.00864
     53.995        1   -39.00676
     54.145        1   -39.00485
     54.295        1   -39.00300
     54.445        1   -39.00110
     54.595        1   -38.99921
     54.745        1   -38.99734
     54.895        1   -38.99552
     55.045        1   -38.99356
     55.195        1   -38.99174
     55.345        1   -38.98990
     55.495        1   -38.98818
     55.645        1   -38.98640
     55.795        1   -38.98472
     55.945        1   -38.98288
     56.095        1   -38.98119
     56.245        1   -38.97930
     56.395        1   -38.97760
     56.545        1   -38.97580
     56.695        1   -38.97409
     56.845        1   -38.97229
     56.995        1   -38.97061
     57.145        1   -38.96885
     57.295        1   -38.96712
     57.445        1   -38.96525
     57.595        1   -38.96338
     57.745        1   -38.96165
     57.895        1   -38.95996
     58.045        1   -38.95813
     58.195        1   -38.95639
     58.345        1   -38.95460
     58.495        1   -38.95284
     58.645        1   -38.95113
     58.795        1   -38.94936
     58.945        1   -38.94764
     59.095        1   -38.94585
     59.245        1   -38.94412
     59.395        1   -38.94241
     59.545        1   -38.94071
     59.695        1   -38.93906
     59.845        1   -38.93734
     59.995        1   -38.93564
     60.145        1   -38.93387
     70.939        1   -38.71707
     97.698        1   -38.50030
     134.55        1   -38.28509
     185.30        1   -38.07124
     255.20        1   -37.85916
     351.46        1   -37.65033
     484.04        1   -37.44401
     666.62        1   -37.23936
     918.07        1   -37.03874
     1264.4        1   -36.84251
     1741.3        1   -36.64968
     2398.1        1   -36.45889
     3302.7        1   -36.27180
     4548.5        1   -36.08783
     6264.3        1   -35.90734
     8627.2        1   -35.73000
     11881.        1   -35.55562
     16363.        1   -35.38433
     22535.        1   -35.21565
     31036.        1   -35.05020
     42743.        1   -34.88688
     58866.        1   -34.72587
     81070.        1   -34.56781
    0.11165E+06    1   -34.41176
    0.15377E+06    1   -34.25795
    0.21177E+06    1   -34.10601
    0.29165E+06    1   -33.95598
    0.40166E+06    1   -33.80754
    0.55317E+06    1   -33.66028
    0.76182E+06    1   -33.51454
    0.10492E+07    1   -33.36936
    0.14449E+07    1   -33.22495
    0.19900E+07    1   -33.08139
    0.27406E+07    1   -32.93837
    0.37744E+07    1   -32.79497
    0.51981E+07    1   -32.65073
    0.71589E+07    1   -32.50598
    0.98593E+07    1   -32.36109
    0.13578E+08    1   -32.21538
    0.18700E+08    1   -32.06961
    0.25754E+08    1   -31.92278
    0.35468E+08    1   -31.77700
    0.48847E+08    1   -31.63391
    0.67273E+08    1   -31.49472
    0.92648E+08    1   -31.35859
    0.12760E+09    1   -31.22648
    0.17573E+09    1   -31.09827
    0.24201E+09    1   -30.97395
    0.33330E+09    1   -30.85410
    0.45902E+09    1   -30.73943
    0.63217E+09    1   -30.63176
    0.87062E+09    1   -30.53063
    0.11990E+10    1   -30.43620
    0.16513E+10    1   -30.34851
    0.22742E+10    1   -30.26685
    0.31320E+10    1   -30.19074
    0.43134E+10    1   -30.11971
    0.59405E+10    1   -30.05334
    0.81813E+10    1   -29.99166
    0.11267E+11    1   -29.93429
    0.15517E+11    1   -29.88079
    0.21371E+11    1   -29.83126
    0.29432E+11    1   -29.78516
    0.40534E+11    1   -29.74217
    0.55823E+11    1   -29.70223
    0.10000E+12    1   -29.20367
    -149.95        2     0.00000
    -149.80        2     0.00000
    -149.65        2     0.00000
    -149.49        2     0.00000
    -149.34        2     0.00000
    -149.20        2     0.00000
    -149.05        2     0.00000
    -148.90        2     0.00000
    -148.74        2     0.00000
    -148.59        2     0.00000
    -148.45        2     0.00000
    -148.30        2     0.00000
    -148.15        2     0.00000
    -147.99        2     0.00000
    -147.84        2     0.00000
    -147.70        2     0.00000
    -147.55        2     0.00000
    -147.40        2     0.00000
    -147.24        2     0.00000
    -147.09        2     0.00000
    -146.95        2     0.00000
    -146.80        2     0.00000
    -146.65        2     0.00000
    -146.49        2     0.00000
    -146.34        2     0.00000
    -146.20        2     0.00000
    -146.05        2     0.00000
    -145.90        2     0.00000
    -145.74        2     0.00000
    -145.59        2     0.00000
    -145.45        2     0.00000
    -145.30        2     0.00000
    -145.15        2     0.00000
    -144.99        2     0.00000
    -144.84        2     0.00000
    -144.70        2     0.00000
    -144.55        2     0.00000
    -144.40        2     0.00000
    -144.24        2     0.00000
    -144.09        2     0.00000
    -143.95        2     0.00000
    -143.80        2     0.00000
    -143.65        2     0.00000
    -143.49        2     0.00000
    -143.34        2     0.00000
    -143.20        2     0.00000
    -143.05        2     0.00000
    -142.90        2     0.00000
    -142.74        2     0.00000
    -142.59        2     0.00000
    -142.45        2     0.00000
    -142.30        2     0.00000
    -142.15        2     0.00000
    -141.99        2     0.00000
    -141.84        2     0.00000
    -141.70        2     0.00000
    -141.55        2     0.00000
    -141.40        2     0.00000
    -141.24        2     0.00000
    -141.09        2     0.00000
    -140.95        2     0.00000
    -140.80        2     0.00000
    -140.65        2     0.00000
    -140.49        2     0.00000
    -140.34        2     0.00000
    -140.20        2     0.00000
    -140.05        2     0.00000
    -139.90        2     0.00000
    -139.74        2     0.00000
    -139.59        2     0.00000
    -139.45        2     0.00000
    -139.30        2     0.00000
    -139.15        2     0.00000
    -138.99        2     0.00000
    -138.84        2     0.00000
    -138.70        2     0.00000
    -138.55        2     0.00000
    -138.40        2     0.00000
    -138.24        2     0.00000
    -138.09        2     0.00000
    -137.95        2     0.00000
    -137.80        2     0.00000
    -137.65        2     0.00000
    -137.49        2     0.00000
    -137.34        2     0.00000
    -137.20        2     0.00000
    -137.05        2     0.00000
    -136.90        2     0.00000
    -136.74        2     0.00000
    -136.59        2     0.00000
    -136.45        2     0.00000
    -136.30        2     0.00000
    -136.15        2     0.00000
    -135.99        2     0.00000
    -135.84        2     0.00000
    -135.70        2     0.00000
    -135.55        2     0.00000
    -135.40        2     0.00000
    -135.24        2     0.00000
    -135.09        2     0.00000
    -134.95        2     0.00000
    -134.80        2     0.00000
    -134.65        2     0.00000
    -134.49        2     0.00000
    -134.34        2     0.00000
    -134.20        2     0.00000
    -134.05        2     0.00000
    -133.90        2     0.00000
    -133.74        2     0.00000
    -133.59        2     0.00000
    -133.45        2     0.00000
    -133.30        2     0.00000
    -133.15        2     0.00000
    -132.99        2     0.00000
    -132.84        2     0.00000
    -132.70        2     0.00000
    -132.55        2     0.00000
    -132.40        2     0.00000
    -132.24        2     0.00000
    -132.09        2     0.00000
    -131.95        2     0.00000
    -131.80        2     0.00000
    -131.65        2     0.00000
    -131.49        2     0.00000
    -131.34        2     0.00000
    -131.20        2     0.00000
    -131.05        2     0.00000
    -130.90        2     0.00000
    -130.74        2     0.00000
    -130.59        2     0.00000
    -130.45        2     0.00000
    -130.30        2     0.00000
    -130.15        2     0.00000
    -129.99        2     0.00000
    -129.84        2     0.00000
    -129.70        2     0.00000
    -129.55        2     0.00000
    -129.40        2     0.00000
    -129.24        2     0.00000
    -129.09        2     0.00000
    -128.95        2     0.00000
    -128.80        2     0.00000
    -128.65        2     0.00000
    -128.49        2     0.00000
    -128.34        2     0.00000
    -128.20        2     0.00000
    -128.05        2     0.00000
    -127.89        2     0.00000
    -127.75        2     0.00000
    -127.60        2     0.00000
    -127.44        2     0.00000
    -127.30        2     0.00000
    -127.14        2     0.00000
    -127.00        2     0.00000
    -126.85        2     0.00000
    -126.69        2     0.00000
    -126.55        2     0.00000
    -126.39        2     0.00000
    -126.25        2     0.00000
    -126.10        2     0.00000
    -125.94        2     0.00000
    -125.80        2     0.00000
    -125.64        2     0.00000
    -125.50        2     0.00000
    -125.35        2     0.00000
    -125.19        2     0.00000
    -125.05        2     0.00000
    -124.89        2     0.00000
    -124.75        2     0.00000
    -124.60        2     0.00000
    -124.44        2     0.00000
    -124.30        2     0.00000
    -124.14        2     0.00000
    -124.00        2     0.00000
    -123.85        2     0.00000
    -123.69        2     0.00000
    -123.55        2     0.00000
    -123.39        2     0.00000
    -123.25        2     0.00000
    -123.10        2     0.00000
    -122.94        2     0.00000
    -122.80        2     0.00000
    -122.64        2     0.00000
    -122.50        2     0.00000
    -122.35        2     0.00000
    -122.19        2     0.00000
    -122.05        2     0.00000
    -121.89        2     0.00000
    -121.75        2     0.00000
    -121.60        2     0.00000
    -121.44        2     0.00000
    -121.30        2     0.00000
    -121.14        2     0.00000
    -121.00        2     0.00000
    -120.85        2     0.00000
    -120.69        2     0.00000
    -120.55        2     0.00000
    -120.39        2     0.00000
    -120.25        2     0.00000
    -120.10        2     0.00000
    -119.94        2     0.00000
    -119.80        2     0.00000
    -119.64        2     0.00000
    -119.50        2     0.00000
    -119.35        2     0.00000
    -119.19        2     0.00000
    -119.05        2     0.00000
    -118.89        2     0.00000
    -118.75        2     0.00000
    -118.60        2     0.00000
    -118.44        2     0.00000
    -118.30        2     0.00000
    -118.14        2     0.00000
    -118.00        2     0.00000
    -117.85        2     0.00000
    -117.69        2     0.00000
    -117.55        2     0.00000
    -117.39        2     0.00000
    -117.25        2     0.00000
    -117.10        2     0.00000
    -116.94        2     0.00000
    -116.80        2     0.00000
    -116.64        2     0.00000
    -116.50        2     0.00000
    -116.35        2     0.00000
    -116.19        2     0.00000
    -116.05        2     0.00000
    -115.89        2     0.00000
    -115.75        2     0.00000
    -115.60        2     0.00000
    -115.44        2     0.00000
    -115.30        2     0.00000
    -115.14        2     0.00000
    -115.00        2     0.00000
    -114.85        2     0.00000
    -114.69        2     0.00000
    -114.55        2     0.00000
    -114.39        2     0.00000
    -114.25        2     0.00000
    -114.10        2     0.00000
    -113.94        2     0.00000
    -113.80        2     0.00000
    -113.64        2     0.00000
    -113.50        2     0.00000
    -113.35        2     0.00000
    -113.19        2     0.00000
    -113.05        2     0.00000
    -112.89        2     0.00000
    -112.75        2     0.00000
    -112.60        2     0.00000
    -112.44        2     0.00000
    -112.30        2     0.00000
    -112.14        2     0.00000
    -112.00        2     0.00000
    -111.85        2     0.00000
    -111.69        2     0.00000
    -111.55        2     0.00000
    -111.39        2     0.00000
    -111.25        2     0.00000
    -111.10        2     0.00000
    -110.94        2     0.00000
    -110.80        2     0.00000
    -110.64        2     0.00000
    -110.50        2     0.00000
    -110.35        2     0.00000
    -110.19        2     0.00000
    -110.05        2     0.00000
    -109.89        2     0.00000
    -109.75        2     0.00000
    -109.60        2     0.00000
    -109.44        2     0.00000
    -109.30        2     0.00000
    -109.14        2     0.00000
    -109.00        2     0.00000
    -108.85        2     0.00000
    -108.69        2     0.00000
    -108.55        2     0.00000
    -108.39        2     0.00000
    -108.25        2     0.00000
    -108.10        2     0.00000
    -107.94        2     0.00000
    -107.80        2     0.00000
    -107.64        2     0.00000
    -107.50        2     0.00000
    -107.35        2     0.00000
    -107.19        2     0.00000
    -107.05        2     0.00000
    -106.89        2     0.00000
    -106.75        2     0.00000
    -106.60        2     0.00000
    -106.44        2     0.00000
    -106.30        2     0.00000
    -106.14        2     0.00000
    -106.00        2     0.00000
    -105.85        2     0.00000
    -105.69        2     0.00000
    -105.55        2     0.00000
    -105.39        2     0.00000
    -105.25        2     0.00000
    -105.10        2     0.00000
    -104.94        2     0.00000
    -104.80        2     0.00000
    -104.64        2     0.00000
    -104.50        2     0.00000
    -104.35        2     0.00000
    -104.19        2     0.00000
    -104.05        2     0.00000
    -103.89        2     0.00000
    -103.75        2     0.00000
    -103.60        2     0.00000
    -103.44        2     0.00000
    -103.30        2     0.00000
    -103.14        2     0.00000
    -103.00        2     0.00000
    -102.85        2     0.00000
    -102.69        2     0.00000
    -102.55        2     0.00000
    -102.39        2     0.00000
    -102.25        2     0.00000
    -102.10        2     0.00000
    -101.94        2     0.00000
    -101.80        2     0.00000
    -101.64        2     0.00000
    -101.50        2     0.00000
    -101.35        2     0.00000
    -101.19        2     0.00000
    -101.05        2     0.00000
    -100.89        2     0.00000
    -100.75        2     0.00000
    -100.60        2     0.00000
    -100.44        2     0.00000
    -100.30        2     0.00000
    -100.14        2     0.00000
    -99.995        2     0.00000
    -99.845        2     0.00000
    -99.695        2     0.00000
    -99.545        2     0.00000
    -99.395        2     0.00000
    -99.245        2     0.00000
    -99.095        2     0.00000
    -98.945        2     0.00000
    -98.795        2     0.00000
    -98.645        2     0.00000
    -98.495        2     0.00000
    -98.345        2     0.00000
    -98.195        2     0.00000
    -98.045        2     0.00000
    -97.895        2     0.00000
    -97.745        2     0.00000
    -97.595        2     0.00000
    -97.445        2     0.00000
    -97.295        2     0.00000
    -97.145        2     0.00000
    -96.995        2     0.00000
    -96.845        2     0.00000
    -96.695        2     0.00000
    -96.545        2     0.00000
    -96.395        2     0.00000
    -96.245        2     0.00000
    -96.095        2     0.00000
    -95.945        2     0.00000
    -95.795        2     0.00000
    -95.645        2     0.00000
    -95.495        2     0.00000
    -95.345        2     0.00000
    -95.195        2     0.00000
    -95.045        2     0.00000
    -94.895        2     0.00000
    -94.745        2     0.00000
    -94.595        2     0.00000
    -94.445        2     0.00000
    -94.295        2     0.00000
    -94.145        2     0.00000
    -93.995        2     0.00000
    -93.845        2     0.00000
    -93.695        2     0.00000
    -93.545        2     0.00000
    -93.395        2     0.00000
    -93.245        2     0.00000
    -93.095        2     0.00000
    -92.945        2     0.00000
    -92.795        2     0.00000
    -92.645        2     0.00000
    -92.495        2     0.00000
    -92.345        2     0.00000
    -92.195        2     0.00000
    -92.045        2     0.00000
    -91.895        2     0.00000
    -91.745        2     0.00000
    -91.595        2     0.00000
    -91.445        2     0.00000
    -91.295        2     0.00000
    -91.145        2     0.00000
    -90.995        2     0.00000
    -90.845        2     0.00000
    -90.695        2     0.00000
    -90.545        2     0.00000
    -90.395        2     0.00000
    -90.245        2     0.00000
    -90.095        2     0.00000
    -89.945        2     0.00000
    -89.795        2     0.00000
    -89.645        2     0.00000
    -89.495        2     0.00000
    -89.345        2     0.00000
    -89.195        2     0.00000
    -89.045        2     0.00000
    -88.895        2     0.00000
    -88.745        2     0.00000
    -88.595        2     0.00000
    -88.445        2     0.00000
    -88.295        2     0.00000
    -88.145        2     0.00000
    -87.995        2     0.00000
    -87.845        2     0.00000
    -87.695        2     0.00000
    -87.545        2     0.00000
    -87.395        2     0.00000
    -87.245        2     0.00000
    -87.095        2     0.00000
    -86.945        2     0.00000
    -86.795        2     0.00000
    -86.645        2     0.00000
    -86.495        2     0.00000
    -86.345        2     0.00000
    -86.195        2     0.00000
    -86.045        2     0.00000
    -85.895        2     0.00000
    -85.745        2     0.00000
    -85.595        2     0.00000
    -85.445        2     0.00000
    -85.295        2     0.00000
    -85.145        2     0.00000
    -84.995        2     0.00000
    -84.845        2     0.00000
    -84.695        2     0.00000
    -84.545        2     0.00000
    -84.395        2     0.00000
    -84.245        2     0.00000
    -84.095        2     0.00000
    -83.945        2     0.00000
    -83.795        2     0.00000
    -83.645        2     0.00000
    -83.495        2     0.00000
    -83.345        2     0.00000
    -83.195        2     0.00000
    -83.045        2     0.00000
    -82.895        2     0.00000
    -82.745        2     0.00000
    -82.595        2     0.00000
    -82.445        2     0.00000
    -82.295        2     0.00000
    -82.145        2     0.00000
    -81.995        2     0.00000
    -81.845        2     0.00000
    -81.695        2     0.00000
    -81.545        2     0.00000
    -81.395        2     0.00000
    -81.245        2     0.00000
    -81.095        2     0.00000
    -80.945        2     0.00000
    -80.795        2     0.00000
    -80.645        2     0.00000
    -80.495        2     0.00000
    -80.345        2     0.00000
    -80.195        2     0.00000
    -80.045        2     0.00000
    -79.895        2     0.00000
    -79.745        2     0.00000
    -79.595        2     0.00000
    -79.445        2     0.00000
    -79.295        2     0.00000
    -79.145        2     0.00000
    -78.995        2     0.00000
    -78.845        2     0.00000
    -78.695        2     0.00000
    -78.545        2     0.00000
    -78.395        2     0.00000
    -78.245        2     0.00000
    -78.095        2     0.00000
    -77.945        2     0.00000
    -77.795        2     0.00000
    -77.645        2     0.00000
    -77.495        2     0.00000
    -77.345        2     0.00000
    -77.195        2     0.00000
    -77.045        2     0.00000
    -76.895        2     0.00000
    -76.745        2     0.00000
    -76.595        2     0.00000
    -76.445        2     0.00000
    -76.295        2     0.00000
    -76.145        2     0.00000
    -75.995        2     0.00000
    -75.845        2     0.00000
    -75.695        2     0.00000
    -75.545        2     0.00000
    -75.395        2     0.00000
    -75.245        2     0.00000
    -75.095        2     0.00000
    -74.945        2     0.00000
    -74.795        2     0.00000
    -74.645        2     0.00000
    -74.495        2     0.00000
    -74.345        2     0.00000
    -74.195        2     0.00000
    -74.045        2     0.00000
    -73.895        2     0.00000
    -73.745        2     0.00000
    -73.595        2     0.00000
    -73.445        2     0.00000
    -73.295        2     0.00000
    -73.145        2     0.00000
    -72.995        2     0.00000
    -72.845        2     0.00000
    -72.695        2     0.00000
    -72.545        2     0.00000
    -72.395        2     0.00000
    -72.245        2     0.00000
    -72.095        2     0.00000
    -71.945        2     0.00000
    -71.795        2     0.00000
    -71.645        2     0.00000
    -71.495        2     0.00000
    -71.345        2     0.00000
    -71.195        2     0.00000
    -71.045        2     0.00000
    -70.895        2     0.00000
    -70.745        2     0.00000
    -70.595        2     0.00000
    -70.445        2     0.00000
    -70.295        2     0.00000
    -70.145        2     0.00000
    -69.995        2     0.00000
    -69.845        2     0.00000
    -69.695        2     0.00000
    -69.545        2     0.00000
    -69.395        2     0.00000
    -69.245        2     0.00000
    -69.095        2     0.00000
    -68.945        2     0.00000
    -68.795        2     0.00000
    -68.645        2     0.00000
    -68.495        2     0.00000
    -68.345        2     0.00000
    -68.195        2     0.00000
    -68.045        2     0.00000
    -67.895        2     0.00000
    -67.745        2     0.00000
    -67.595        2     0.00000
    -67.445        2     0.00000
    -67.295        2     0.00000
    -67.145        2     0.00000
    -66.995        2     0.00000
    -66.845        2     0.00000
    -66.695        2     0.00000
    -66.545        2     0.00000
    -66.395        2     0.00000
    -66.245        2     0.00000
    -66.095        2     0.00000
    -65.945        2     0.00000
    -65.795        2     0.00000
    -65.645        2     0.00000
    -65.495        2     0.00000
    -65.345        2     0.00000
    -65.195        2     0.00000
    -65.045        2     0.00000
    -64.895        2     0.00000
    -64.745        2     0.00000
    -64.595        2     0.00000
    -64.445        2     0.00000
    -64.295        2     0.00000
    -64.145        2     0.00000
    -63.995        2     0.00000
    -63.845        2     0.00000
    -63.695        2     0.00000
    -63.545        2     0.00000
    -63.395        2     0.00000
    -63.245        2     0.00000
    -63.095        2     0.00000
    -62.945        2     0.00000
    -62.795        2     0.00000
    -62.645        2     0.00000
    -62.495        2     0.00000
    -62.345        2     0.00000
    -62.195        2     0.00000
    -62.045        2     0.00000
    -61.895        2     0.00000
    -61.745        2     0.00000
    -61.595        2     0.00000
    -61.445        2     0.00000
    -61.295        2     0.00000
    -61.145        2     0.00000
    -60.995        2     0.00000
    -60.845        2     0.00000
    -60.695        2     0.00000
    -60.545        2     0.00000
    -60.395        2     0.00000
    -60.245        2     0.00000
    -60.095        2     0.00000
    -59.945        2     0.00000
    -59.795        2     0.00000
    -59.645        2     0.00000
    -59.495        2     0.00000
    -59.345        2     0.00000
    -59.195        2     0.00000
    -59.045        2     0.00000
    -58.895        2     0.00000
    -58.745        2     0.00000
    -58.595        2     0.00000
    -58.445        2     0.00000
    -58.295        2     0.00000
    -58.145        2     0.00000
    -57.995        2     0.00000
    -57.845        2     0.00000
    -57.695        2     0.00000
    -57.545        2     0.00000
    -57.395        2     0.00000
    -57.245        2     0.00000
    -57.095        2     0.00000
    -56.945        2     0.00000
    -56.795        2     0.00000
    -56.645        2     0.00000
    -56.495        2     0.00000
    -56.345        2     0.00000
    -56.195        2     0.00000
    -56.045        2     0.00000
    -55.895        2     0.00000
    -55.745        2     0.00000
    -55.595        2     0.00000
    -55.445        2     0.00000
    -55.295        2     0.00000
    -55.145        2     0.00000
    -54.995        2     0.00000
    -54.845        2     0.00000
    -54.695        2     0.00000
    -54.545        2     0.00000
    -54.395        2     0.00000
    -54.245        2     0.00000
    -54.095        2     0.00000
    -53.945        2     0.00000
    -53.795        2     0.00000
    -53.645        2     0.00000
    -53.495        2     0.00000
    -53.345        2     0.00000
    -53.195        2     0.00000
    -53.045        2     0.00000
    -52.895        2     0.00000
    -52.745        2     0.00000
    -52.595        2     0.00000
    -52.445        2     0.00000
    -52.295        2     0.00000
    -52.145        2     0.00000
    -51.995        2     0.00000
    -51.845        2     0.00000
    -51.695        2     0.00000
    -51.545        2     0.00000
    -51.395        2     0.00000
    -51.245        2     0.00000
    -51.095        2     0.00000
    -50.945        2     0.00000
    -50.795        2     0.00000
    -50.645        2     0.00000
    -50.495        2     0.00000
    -50.345        2     0.00000
    -50.195        2     0.00000
    -50.045        2     0.00000
    -49.895        2     0.00000
    -49.745        2     0.00000
    -49.595        2     0.00000
    -49.445        2     0.00000
    -49.295        2     0.00000
    -49.145        2     0.00000
    -48.995        2     0.00000
    -48.845        2     0.00000
    -48.695        2     0.00000
    -48.545        2     0.00000
    -48.395        2     0.00000
    -48.245        2     0.00000
    -48.095        2     0.00000
    -47.945        2     0.00000
    -47.795        2     0.00000
    -47.645        2     0.00000
    -47.495        2     0.00000
    -47.345        2     0.00000
    -47.195        2     0.00000
    -47.045        2     0.00000
    -46.895        2     0.00000
    -46.745        2     0.00000
    -46.595        2     0.00000
    -46.445        2     0.00000
    -46.295        2     0.00000
    -46.145        2     0.00000
    -45.995        2     0.00000
    -45.845        2     0.00000
    -45.695        2     0.00000
    -45.545        2     0.00000
    -45.395        2     0.00000
    -45.245        2     0.00000
    -45.095        2     0.00000
    -44.945        2     0.00000
    -44.795        2     0.00000
    -44.645        2     0.00000
    -44.495        2     0.00000
    -44.345        2     0.00000
    -44.195        2     0.00000
    -44.045        2     0.00000
    -43.895        2     0.00000
    -43.745        2     0.00000
    -43.595        2     0.00000
    -43.445        2     0.00000
    -43.295        2     0.00000
    -43.145        2     0.00000
    -42.995        2     0.00000
    -42.845        2     0.00000
    -42.695        2     0.00000
    -42.545        2     0.00000
    -42.395        2     0.00000
    -42.245        2     0.00000
    -42.095        2     0.00000
    -41.945        2     0.00000
    -41.795        2     0.00000
    -41.645        2     0.00000
    -41.495        2     0.00000
    -41.345        2     0.00000
    -41.195        2     0.00000
    -41.045        2     0.00000
    -40.895        2     0.00000
    -40.745        2     0.00000
    -40.595        2     0.00000
    -40.445        2     0.00000
    -40.295        2     0.00000
    -40.145        2     0.00000
    -39.995        2     0.00000
    -39.845        2     0.00000
    -39.695        2     0.00000
    -39.545        2     0.00000
    -39.395        2     0.00000
    -39.245        2     0.00000
    -39.095        2     0.00000
    -38.945        2     0.00000
    -38.795        2     0.00000
    -38.645        2     0.00000
    -38.495        2     0.00000
    -38.345        2     0.00000
    -38.195        2     0.00000
    -38.045        2     0.00000
    -37.895        2     0.00000
    -37.745        2     0.00000
    -37.595        2     0.00000
    -37.445        2     0.00000
    -37.295        2     0.00000
    -37.145        2     0.00000
    -36.995        2     0.00000
    -36.845        2     0.00000
    -36.695        2     0.00000
    -36.545        2     0.00000
    -36.395        2     0.00000
    -36.245        2     0.00000
    -36.095        2     0.00000
    -35.945        2     0.00000
    -35.795        2     0.00000
    -35.645        2     0.00000
    -35.495        2     0.00000
    -35.345        2     0.00000
    -35.195        2     0.00000
    -35.045        2     0.00000
    -34.895        2     0.00000
    -34.745        2     0.00000
    -34.595        2     0.00000
    -34.445        2     0.00000
    -34.295        2     0.00000
    -34.145        2     0.00000
    -33.995        2     0.00000
    -33.845        2     0.00000
    -33.695        2     0.00000
    -33.545        2     0.00000
    -33.395        2     0.00000
    -33.245        2     0.00000
    -33.095        2     0.00000
    -32.945        2     0.00000
    -32.795        2     0.00000
    -32.645        2     0.00000
    -32.495        2     0.00000
    -32.345        2     0.00000
    -32.195        2     0.00000
    -32.045        2     0.00000
    -31.895        2     0.00000
    -31.745        2     0.00000
    -31.595        2     0.00000
    -31.445        2     0.00000
    -31.295        2     0.00000
    -31.145        2     0.00000
    -30.995        2     0.00000
    -30.845        2     0.00000
    -30.695        2     0.00000
    -30.545        2     0.00000
    -30.395        2     0.00000
    -30.245        2     0.00000
    -30.095        2     0.00000
    -29.945        2     0.00000
    -29.795        2     0.00000
    -29.645        2     0.00000
    -29.495        2     0.00000
    -29.345        2     0.00000
    -29.195        2     0.00000
    -29.045        2     0.00000
    -28.895        2     0.00000
    -28.745        2     0.00000
    -28.595        2     0.00000
    -28.445        2     0.00000
    -28.295        2     0.00000
    -28.145        2     0.00000
    -27.995        2     0.00000
    -27.845        2     0.00000
    -27.695        2     0.00000
    -27.545        2     0.00000
    -27.395        2     0.00000
    -27.245        2     0.00000
    -27.095        2     0.00000
    -26.945        2     0.00000
    -26.795        2     0.00000
    -26.645        2     0.00000
    -26.495        2     0.00000
    -26.345        2     0.00000
    -26.195        2     0.00000
    -26.045        2     0.00000
    -25.895        2     0.00000
    -25.745        2     0.00000
    -25.595        2     0.00000
    -25.445        2     0.00000
    -25.295        2     0.00000
    -25.145        2     0.00000
    -24.995        2     0.00000
    -24.845        2     0.00000
    -24.695        2     0.00000
    -24.545        2     0.00000
    -24.395        2     0.00000
    -24.245        2     0.00000
    -24.095        2     0.00000
    -23.945        2     0.00000
    -23.795        2     0.00000
    -23.645        2     0.00000
    -23.495        2     0.00000
    -23.345        2     0.00000
    -23.195        2     0.00000
    -23.045        2     0.00000
    -22.895        2     0.00000
    -22.745        2     0.00000
    -22.595        2     0.00000
    -22.445        2     0.00000
    -22.295        2     0.00000
    -22.145        2     0.00000
    -21.995        2     0.00000
    -21.845        2     0.00000
    -21.695        2     0.00000
    -21.545        2     0.00000
    -21.395        2     0.00000
    -21.245        2     0.00000
    -21.095        2     0.00000
    -20.945        2     0.00000
    -20.795        2     0.00000
    -20.645        2     0.00000
    -20.495        2     0.00000
    -20.345        2     0.00000
    -20.195        2     0.00000
    -20.045        2     0.00000
    -19.895        2     0.00000
    -19.745        2     0.00000
    -19.595        2     0.00000
    -19.445        2     0.00000
    -19.295        2     0.00000
    -19.145        2     0.00000
    -18.995        2     0.00000
    -18.845        2     0.00000
    -18.695        2     0.00000
    -18.545        2     0.00000
    -18.395        2     0.00000
    -18.245        2     0.00000
    -18.095        2     0.00000
    -17.945        2     0.00000
    -17.795        2     0.00000
    -17.645        2     0.00000
    -17.495        2     0.00000
    -17.345        2     0.00000
    -17.195        2     0.00000
    -17.045        2     0.00000
    -16.895        2     0.00000
    -16.745        2     0.00000
    -16.595        2     0.00000
    -16.445        2     0.00000
    -16.295        2     0.00000
    -16.145        2     0.00000
    -15.995        2     0.00000
    -15.845        2     0.00000
    -15.695        2     0.00000
    -15.545        2     0.00000
    -15.395        2     0.00000
    -15.245        2    -0.00809
    -15.095        2    -0.04002
    -14.945        2    -0.11273
    -14.795        2    -0.23721
    -14.645        2    -0.42276
    -14.495        2    -0.68010
    -14.345        2    -0.99757
    -14.195        2    -1.40710
    -14.045        2    -1.87358
    -13.895        2    -2.39973
    -13.745        2    -2.98086
    -13.595        2    -3.60939
    -13.445        2    -4.30042
    -13.295        2    -5.04649
    -13.145        2    -5.85014
    -12.995        2    -6.69001
    -12.845        2    -7.57996
    -12.695        2    -8.49277
    -12.545        2    -9.42623
    -12.395        2   -10.37746
    -12.245        2   -11.33187
    -12.095        2   -12.27144
    -11.945        2   -13.22001
    -11.795        2   -14.14787
    -11.645        2   -15.05707
    -11.495        2   -15.94296
    -11.345        2   -16.80448
    -11.195        2   -17.64198
    -11.045        2   -18.45537
    -10.895        2   -19.24238
    -10.745        2   -20.00162
    -10.595        2   -20.76321
    -10.445        2   -21.49419
    -10.295        2   -22.24737
    -10.145        2   -22.99947
    -9.9950        2   -23.76171
    -9.8450        2   -24.53889
    -9.6950        2   -25.34521
    -9.5450        2   -26.18550
    -9.3950        2   -27.09402
    -9.2450        2   -28.05555
    -9.0950        2   -29.09496
    -8.9450        2   -30.21018
    -8.7950        2   -31.40951
    -8.6450        2   -32.65834
    -8.4950        2   -34.00007
    -8.3450        2   -35.40470
    -8.1950        2   -36.87414
    -8.0450        2   -38.43447
    -7.8950        2   -40.07645
    -7.7450        2   -41.80554
    -7.5950        2   -43.62405
    -7.4450        2   -45.55236
    -7.2950        2   -47.58552
    -7.1450        2   -49.67156
    -6.9950        2   -51.86065
    -6.8450        2   -54.09716
    -6.6950        2   -56.40042
    -6.5450        2   -58.76238
    -6.3950        2   -61.15929
    -6.2450        2   -63.58907
    -6.0950        2   -66.04378
    -5.9450        2   -68.54339
    -5.7950        2   -71.05618
    -5.6450        2   -73.59821
    -5.4950        2   -76.13442
    -5.3450        2   -78.64961
    -5.1950        2   -81.10937
    -5.0450        2   -83.56208
    -4.8950        2   -85.96815
    -4.7450        2   -88.36025
    -4.5950        2   -90.71929
    -4.4450        2   -93.06295
    -4.2950        2   -95.42046
    -4.1450        2   -97.77515
    -3.9950        2  -100.15677
    -3.8450        2  -102.57677
    -3.6950        2  -105.05036
    -3.5450        2  -107.57186
    -3.3950        2  -110.18304
    -3.2450        2  -112.90287
    -3.0950        2  -115.73362
    -2.9450        2  -118.71246
    -2.7950        2  -121.85812
    -2.6450        2  -125.24970
    -2.4950        2  -128.91567
    -2.3450        2  -132.93611
    -2.1950        2  -137.38256
    -2.0450        2  -142.39863
    -1.8950        2  -148.15863
    -1.7450        2  -154.91825
    -1.5950        2  -162.82790
    -1.4450        2  -171.99538
    -1.2950        2  -182.37126
    -1.1450        2  -193.80002
   -0.99500        2  -206.06123
   -0.84500        2  -218.92805
   -0.69500        2  -232.40706
   -0.54500        2  -246.77446
   -0.39500        2  -263.13458
   -0.25300        2  -275.77796
   -0.21500        2  -276.64704
   -0.20900        2  -277.53293
   -0.20300        2  -278.43234
   -0.19700        2  -279.34866
   -0.19100        2  -280.28033
   -0.18500        2  -281.23003
   -0.17900        2  -282.19818
   -0.17300        2  -283.18227
   -0.16700        2  -284.18983
   -0.16100        2  -285.22083
   -0.15500        2  -286.27598
   -0.14900        2  -287.35638
   -0.14300        2  -288.46169
   -0.13700        2  -289.59847
   -0.13100        2  -290.76809
   -0.12500        2  -291.97421
   -0.11900        2  -293.21761
   -0.11300        2  -294.50204
   -0.10700        2  -295.83289
   -0.10100        2  -297.21520
   -0.95000E-01    2  -298.65263
   -0.89000E-01    2  -300.15372
   -0.83000E-01    2  -301.72581
   -0.77000E-01    2  -303.37904
   -0.71000E-01    2  -305.12742
   -0.65000E-01    2  -306.98829
   -0.59000E-01    2  -308.98490
   -0.53000E-01    2  -311.14633
   -0.47000E-01    2  -313.51904
   -0.41000E-01    2  -316.16938
   -0.35000E-01    2  -319.21185
   -0.29000E-01    2  -322.81230
   -0.23000E-01    2  -327.16514
   -0.19700E-01    2  -327.64651
   -0.19100E-01    2  -328.13864
   -0.18500E-01    2  -328.64111
   -0.17900E-01    2  -329.15565
   -0.17300E-01    2  -329.68169
   -0.16700E-01    2  -330.22059
   -0.16100E-01    2  -330.77232
   -0.15500E-01    2  -331.33782
   -0.14900E-01    2  -331.91768
   -0.14300E-01    2  -332.51287
   -0.13700E-01    2  -333.12301
   -0.13100E-01    2  -333.74968
   -0.12500E-01    2  -334.39372
   -0.11900E-01    2  -335.05530
   -0.11300E-01    2  -335.73578
   -0.10700E-01    2  -336.43606
   -0.10100E-01    2  -337.15796
   -0.95000E-02    2  -337.90206
   -0.89000E-02    2  -338.66886
   -0.83000E-02    2  -339.45855
   -0.77000E-02    2  -340.27169
   -0.71000E-02    2  -341.10765
   -0.65000E-02    2  -341.96432
   -0.59000E-02    2  -342.83786
   -0.53000E-02    2  -343.72184
   -0.47000E-02    2  -344.60747
   -0.41000E-02    2  -345.47942
   -0.35000E-02    2  -346.31753
   -0.29000E-02    2  -347.09697
   -0.23000E-02    2  -347.78259
   -0.17000E-02    2  -348.33278
   -0.11000E-02    2  -348.71003
   -0.50000E-03    2  -348.88830
    0.10000E-03    2  -348.85225
    0.70000E-03    2  -348.60539
    0.13000E-02    2  -348.16727
    0.19000E-02    2  -347.56745
    0.25000E-02    2  -346.84649
    0.31000E-02    2  -346.04474
    0.37000E-02    2  -345.19623
    0.43000E-02    2  -344.32740
    0.49000E-02    2  -343.45802
    0.55000E-02    2  -342.59821
    0.61000E-02    2  -341.75156
    0.67000E-02    2  -340.92191
    0.73000E-02    2  -340.11141
    0.79000E-02    2  -339.32240
    0.85000E-02    2  -338.55415
    0.91000E-02    2  -337.80673
    0.97000E-02    2  -337.08025
    0.10300E-01    2  -336.37406
    0.10900E-01    2  -335.68753
    0.11500E-01    2  -335.01930
    0.12100E-01    2  -334.36820
    0.12700E-01    2  -333.73412
    0.13300E-01    2  -333.11613
    0.13900E-01    2  -332.51405
    0.14500E-01    2  -331.92713
    0.15100E-01    2  -331.35519
    0.15700E-01    2  -330.79729
    0.16300E-01    2  -330.25329
    0.16900E-01    2  -329.72207
    0.17500E-01    2  -329.20310
    0.18100E-01    2  -328.69579
    0.18700E-01    2  -328.20040
    0.19300E-01    2  -327.71585
    0.20200E-01    2  -325.92818
    0.25000E-01    2  -321.90416
    0.31000E-01    2  -318.57645
    0.37000E-01    2  -315.76599
    0.43000E-01    2  -313.31579
    0.49000E-01    2  -311.13565
    0.55000E-01    2  -309.16681
    0.61000E-01    2  -307.37173
    0.67000E-01    2  -305.72239
    0.73000E-01    2  -304.19498
    0.79000E-01    2  -302.77432
    0.85000E-01    2  -301.44911
    0.91000E-01    2  -300.20614
    0.97000E-01    2  -299.03641
    0.10300        2  -297.93451
    0.10900        2  -296.89337
    0.11500        2  -295.90683
    0.12100        2  -294.97020
    0.12700        2  -294.07829
    0.13300        2  -293.22843
    0.13900        2  -292.41725
    0.14500        2  -291.64020
    0.15100        2  -290.89465
    0.15700        2  -290.17706
    0.16300        2  -289.48792
    0.16900        2  -288.82217
    0.17500        2  -288.17996
    0.18100        2  -287.56043
    0.18700        2  -286.96096
    0.19300        2  -286.38054
    0.19900        2  -285.81811
    0.20500        2  -285.27364
    0.21100        2  -284.74663
    0.21700        2  -284.23590
    0.29500        2  -274.48322
    0.44500        2  -268.63800
    0.59500        2  -264.40944
    0.74500        2  -260.99482
    0.89500        2  -258.06402
     1.0450        2  -255.47587
     1.1950        2  -253.13548
     1.3450        2  -251.01146
     1.4950        2  -249.07572
     1.6450        2  -247.29825
     1.7950        2  -245.65885
     1.9450        2  -244.15586
     2.0950        2  -242.77427
     2.2450        2  -241.50965
     2.3950        2  -240.34226
     2.5450        2  -239.26855
     2.6950        2  -238.27034
     2.8450        2  -237.35053
     2.9950        2  -236.49828
     3.1450        2  -235.70105
     3.2950        2  -234.95552
     3.4450        2  -234.25107
     3.5950        2  -233.59223
     3.7450        2  -232.97035
     3.8950        2  -232.37792
     4.0450        2  -231.81853
     4.1950        2  -231.28345
     4.3450        2  -230.77178
     4.4950        2  -230.27541
     4.6450        2  -229.79730
     4.7950        2  -229.33483
     4.9450        2  -228.89049
     5.0950        2  -228.46249
     5.2450        2  -228.04879
     5.3950        2  -227.64957
     5.5450        2  -227.25786
     5.6950        2  -226.87892
     5.8450        2  -226.50881
     5.9950        2  -226.14756
     6.1450        2  -225.79575
     6.2950        2  -225.45461
     6.4450        2  -225.11923
     6.5950        2  -224.79292
     6.7450        2  -224.47843
     6.8950        2  -224.16608
     7.0450        2  -223.85875
     7.1950        2  -223.56077
     7.3450        2  -223.26752
     7.4950        2  -222.98071
     7.6450        2  -222.69921
     7.7950        2  -222.42302
     7.9450        2  -222.15293
     8.0950        2  -221.88536
     8.2450        2  -221.62443
     8.3950        2  -221.36859
     8.5450        2  -221.11731
     8.6950        2  -220.86848
     8.8450        2  -220.62584
     8.9950        2  -220.38673
     9.1450        2  -220.14944
     9.2950        2  -219.91811
     9.4450        2  -219.68902
     9.5950        2  -219.46528
     9.7450        2  -219.24511
     9.8950        2  -219.02400
     10.045        2  -218.80819
     10.195        2  -218.59750
     10.345        2  -218.38978
     10.495        2  -218.18180
     10.645        2  -217.97858
     10.795        2  -217.77829
     10.945        2  -217.58056
     11.095        2  -217.38420
     11.245        2  -217.19388
     11.395        2  -217.00426
     11.545        2  -216.81792
     11.695        2  -216.63031
     11.845        2  -216.44917
     11.995        2  -216.26800
     12.145        2  -216.09149
     12.295        2  -215.91543
     12.445        2  -215.74265
     12.595        2  -215.57273
     12.745        2  -215.40408
     12.895        2  -215.23749
     13.045        2  -215.07199
     13.195        2  -214.90848
     13.345        2  -214.74603
     13.495        2  -214.58514
     13.645        2  -214.42612
     13.795        2  -214.27033
     13.945        2  -214.11504
     14.095        2  -213.95954
     14.245        2  -213.80679
     14.395        2  -213.65754
     14.545        2  -213.50759
     14.695        2  -213.36173
     14.845        2  -213.21520
     14.995        2  -213.06887
     15.145        2  -212.92507
     15.295        2  -212.78319
     15.445        2  -212.64296
     15.595        2  -212.50329
     15.745        2  -212.36643
     15.895        2  -212.22936
     16.045        2  -212.09270
     16.195        2  -211.95796
     16.345        2  -211.82672
     16.495        2  -211.69451
     16.645        2  -211.56382
     16.795        2  -211.43504
     16.945        2  -211.30605
     17.095        2  -211.17786
     17.245        2  -211.05181
     17.395        2  -210.92584
     17.545        2  -210.80198
     17.695        2  -210.68027
     17.845        2  -210.55796
     17.995        2  -210.43888
     18.145        2  -210.31992
     18.295        2  -210.20059
     18.445        2  -210.08346
     18.595        2  -209.96792
     18.745        2  -209.85206
     18.895        2  -209.73708
     19.045        2  -209.62420
     19.195        2  -209.51216
     19.345        2  -209.39934
     19.495        2  -209.29009
     19.645        2  -209.17949
     19.795        2  -209.07167
     19.945        2  -208.96284
     20.095        2  -208.85520
     21.836        2  -205.57718
     30.068        2  -200.71663
     42.097        2  -195.90434
     58.937        2  -191.13486
     82.515        2  -186.42385
     115.53        2  -181.78327
     161.74        2  -177.24781
     226.45        2  -172.81189
     317.04        2  -168.48052
     443.87        2  -164.26633
     621.44        2  -160.16181
     870.05        2  -156.16415
     1218.1        2  -152.26706
     1705.4        2  -148.47368
     2387.7        2  -144.77479
     3342.9        2  -141.17658
     4680.2        2  -137.67543
     6552.5        2  -134.26852
     9173.8        2  -130.95072
     12844.        2  -127.73076
     17982.        2  -124.60436
     25176.        2  -121.58233
     35247.        2  -118.67029
     49348.        2  -115.87066
     69090.        2  -113.18806
     96729.        2  -110.62725
    0.13543E+06    2  -108.17840
    0.18960E+06    2  -105.84535
    0.26545E+06    2  -103.61960
    0.37165E+06    2  -101.50083
    0.52033E+06    2   -99.48380
    0.72849E+06    2   -97.56162
    0.10199E+07    2   -95.73604
    0.14279E+07    2   -93.99974
    0.19992E+07    2   -92.34547
    0.27990E+07    2   -90.77182
    0.39187E+07    2   -89.27590
    0.54864E+07    2   -87.85634
    0.76812E+07    2   -86.50506
    0.10754E+08    2   -85.21921
    0.15056E+08    2   -83.99822
    0.21080E+08    2   -82.83775
    0.29513E+08    2   -81.73820
    0.41319E+08    2   -80.70373
    0.57849E+08    2   -79.73828
    0.80991E+08    2   -78.84659
    0.11339E+09    2   -78.01850
    0.15875E+09    2   -77.24626
    0.22226E+09    2   -76.52493
    0.31118E+09    2   -75.85143
    0.43567E+09    2   -75.22133
    0.60996E+09    2   -74.64605
    0.85398E+09    2   -74.12370
    0.11956E+10    2   -73.64665
    0.16739E+10    2   -73.20931
    0.23436E+10    2   -72.80638
    0.32811E+10    2   -72.43682
    0.45937E+10    2   -72.09698
    0.64315E+10    2   -71.78427
    0.90044E+10    2   -71.49749
    0.12607E+11    2   -71.23424
    0.17650E+11    2   -70.99123
    0.24711E+11    2   -70.76840
    0.34596E+11    2   -70.56325
    0.48437E+11    2   -70.37539
    0.67814E+11    2   -70.20183
    0.10000E+12    2   -68.22321
