    -29.945         0.00000
    -29.795         0.00000
    -29.645         0.00000
    -29.495         0.00000
    -29.345         0.00000
    -29.195         0.00000
    -29.045         0.00000
    -28.895         0.00000
    -28.745         0.00000
    -28.595         0.00000
    -28.445         0.00000
    -28.295         0.00000
    -28.145         0.00000
    -27.995         0.00000
    -27.845         0.00000
    -27.695         0.00000
    -27.545         0.00000
    -27.395         0.00000
    -27.245         0.00000
    -27.095         0.00000
    -26.945         0.00000
    -26.795         0.00000
    -26.645         0.00000
    -26.495         0.00000
    -26.345         0.00000
    -26.195         0.00000
    -26.045         0.00000
    -25.895         0.00000
    -25.745         0.00000
    -25.595         0.00000
    -25.445         0.00000
    -25.295         0.00000
    -25.145         0.00000
    -24.995         0.00000
    -24.845         0.00000
    -24.695         0.00000
    -24.545         0.00000
    -24.395         0.00000
    -24.245         0.00000
    -24.095         0.00000
    -23.945         0.00000
    -23.795         0.00000
    -23.645         0.00000
    -23.495         0.00000
    -23.345         0.00000
    -23.195         0.00000
    -23.045         0.00000
    -22.895         0.00000
    -22.745         0.00000
    -22.595         0.00000
    -22.445         0.00000
    -22.295         0.00000
    -22.145         0.00000
    -21.995         0.00000
    -21.845         0.00000
    -21.695         0.00000
    -21.545         0.00000
    -21.395         0.00000
    -21.245         0.00000
    -21.095         0.00000
    -20.945         0.00000
    -20.795         0.00000
    -20.645         0.00000
    -20.495         0.00000
    -20.345         0.00000
    -20.195         0.00000
    -20.045         0.00000
    -19.895         0.00000
    -19.745         0.00000
    -19.595         0.00000
    -19.445         0.00000
    -19.295         0.00000
    -19.145         0.00000
    -18.995         0.00000
    -18.845         0.00000
    -18.695         0.00000
    -18.545         0.00000
    -18.395         0.00000
    -18.245         0.00000
    -18.095         0.00000
    -17.945         0.00000
    -17.795         0.00000
    -17.645         0.00000
    -17.495         0.00000
    -17.345         0.00000
    -17.195         0.00000
    -17.045         0.00000
    -16.895         0.00000
    -16.745         0.00000
    -16.595         0.00000
    -16.445         0.00000
    -16.295         0.00000
    -16.145         0.00000
    -15.995         0.00000
    -15.845         0.00000
    -15.695        -0.00075
    -15.545        -0.00664
    -15.395        -0.03762
    -15.245        -0.10529
    -15.095        -0.20943
    -14.945        -0.36141
    -14.795        -0.54879
    -14.645        -0.79523
    -14.495        -1.08737
    -14.345        -1.42614
    -14.195        -1.80825
    -14.045        -2.24109
    -13.895        -2.70576
    -13.745        -3.20545
    -13.595        -3.72696
    -13.445        -4.26405
    -13.295        -4.78805
    -13.145        -5.30301
    -12.995        -5.81862
    -12.845        -6.33499
    -12.695        -6.83076
    -12.545        -7.32514
    -12.395        -7.82840
    -12.245        -8.32112
    -12.095        -8.81523
    -11.945        -9.31917
    -11.795        -9.84172
    -11.645       -10.38809
    -11.495       -10.95726
    -11.345       -11.55562
    -11.195       -12.17190
    -11.045       -12.81706
    -10.895       -13.49583
    -10.745       -14.21506
    -10.595       -14.97335
    -10.445       -15.76798
    -10.295       -16.59777
    -10.145       -17.48572
    -9.9950       -18.42456
    -9.8450       -19.43766
    -9.6950       -20.51413
    -9.5450       -21.62578
    -9.3950       -22.81180
    -9.2450       -24.09084
    -9.0950       -25.42001
    -8.9450       -26.80330
    -8.7950       -28.23688
    -8.6450       -29.77822
    -8.4950       -31.39785
    -8.3450       -33.12984
    -8.1950       -34.94810
    -8.0450       -36.87723
    -7.8950       -38.95578
    -7.7450       -41.16346
    -7.5950       -43.54194
    -7.4450       -46.07524
    -7.2950       -48.77075
    -7.1450       -51.64055
    -6.9950       -54.61262
    -6.8450       -57.69775
    -6.6950       -60.85574
    -6.5450       -64.10621
    -6.3950       -67.40261
    -6.2450       -70.73507
    -6.0950       -74.03038
    -5.9450       -77.27971
    -5.7950       -80.47480
    -5.6450       -83.59813
    -5.4950       -86.67012
    -5.3450       -89.66352
    -5.1950       -92.58175
    -5.0450       -95.43402
    -4.8950       -98.24988
    -4.7450      -100.97836
    -4.5950      -103.67023
    -4.4450      -106.33227
    -4.2950      -108.99886
    -4.1450      -111.67583
    -3.9950      -114.41069
    -3.8450      -117.20156
    -3.6950      -120.10714
    -3.5450      -123.10089
    -3.3950      -126.25400
    -3.2450      -129.59145
    -3.0950      -133.10905
    -2.9450      -136.86826
    -2.7950      -140.86423
    -2.6450      -145.19560
    -2.4950      -149.87123
    -2.3450      -154.99795
    -2.1950      -160.65898
    -2.0450      -166.96766
    -1.8950      -174.07326
    -1.7450      -182.09868
    -1.5950      -191.18171
    -1.4450      -201.41536
    -1.2950      -212.73849
    -1.1450      -225.07670
   -0.99500      -238.21839
   -0.84500      -251.98002
   -0.69500      -266.37027
   -0.54500      -281.68407
   -0.39500      -299.01967
   -0.25300      -312.24666
   -0.21500      -313.15137
   -0.20900      -314.06964
   -0.20300      -315.00147
   -0.19700      -315.94853
   -0.19100      -316.91004
   -0.18500      -317.88682
   -0.17900      -318.88186
   -0.17300      -319.89390
   -0.16700      -320.92578
   -0.16100      -321.97814
   -0.15500      -323.05430
   -0.14900      -324.15561
   -0.14300      -325.27935
   -0.13700      -326.43219
   -0.13100      -327.61525
   -0.12500      -328.83266
   -0.11900      -330.08442
   -0.11300      -331.37530
   -0.10700      -332.70732
   -0.10100      -334.08424
   -0.95000E-01  -335.51493
   -0.89000E-01  -337.00589
   -0.83000E-01  -338.56479
   -0.77000E-01  -340.19860
   -0.71000E-01  -341.91944
   -0.65000E-01  -343.74110
   -0.59000E-01  -345.67741
   -0.53000E-01  -347.75054
   -0.47000E-01  -349.98913
   -0.41000E-01  -352.43789
   -0.35000E-01  -355.16792
   -0.29000E-01  -358.30508
   -0.23000E-01  -362.08373
   -0.19700E-01  -362.50743
   -0.19100E-01  -362.94235
   -0.18500E-01  -363.38939
   -0.17900E-01  -363.84996
   -0.17300E-01  -364.32517
   -0.16700E-01  -364.81636
   -0.16100E-01  -365.32538
   -0.15500E-01  -365.85395
   -0.14900E-01  -366.40440
   -0.14300E-01  -366.97646
   -0.13700E-01  -367.57021
   -0.13100E-01  -368.18598
   -0.12500E-01  -368.82364
   -0.11900E-01  -369.48306
   -0.11300E-01  -370.16494
   -0.10700E-01  -370.86864
   -0.10100E-01  -371.59495
   -0.95000E-02  -372.34422
   -0.89000E-02  -373.11772
   -0.83000E-02  -373.91744
   -0.77000E-02  -374.74665
   -0.71000E-02  -375.60531
   -0.65000E-02  -376.49190
   -0.59000E-02  -377.40338
   -0.53000E-02  -378.32965
   -0.47000E-02  -379.26014
   -0.41000E-02  -380.17704
   -0.35000E-02  -381.05957
   -0.29000E-02  -381.88141
   -0.23000E-02  -382.59305
   -0.17000E-02  -383.15104
   -0.11000E-02  -383.52419
   -0.50000E-03  -383.69663
    0.10000E-03  -383.66215
    0.70000E-03  -383.42183
    0.13000E-02  -382.98491
    0.19000E-02  -382.37197
    0.25000E-02  -381.61927
    0.31000E-02  -380.77364
    0.37000E-02  -379.87867
    0.43000E-02  -378.95674
    0.49000E-02  -378.02787
    0.55000E-02  -377.10780
    0.61000E-02  -376.20611
    0.67000E-02  -375.33092
    0.73000E-02  -374.48400
    0.79000E-02  -373.66765
    0.85000E-02  -372.87996
    0.91000E-02  -372.11753
    0.97000E-02  -371.37897
    0.10300E-01  -370.66378
    0.10900E-01  -369.97115
    0.11500E-01  -369.30044
    0.12100E-01  -368.65208
    0.12700E-01  -368.02554
    0.13300E-01  -367.42129
    0.13900E-01  -366.83918
    0.14500E-01  -366.27875
    0.15100E-01  -365.74033
    0.15700E-01  -365.22306
    0.16300E-01  -364.72486
    0.16900E-01  -364.24454
    0.17500E-01  -363.78002
    0.18100E-01  -363.32965
    0.18700E-01  -362.89279
    0.19300E-01  -362.46805
    0.20200E-01  -360.92001
    0.25000E-01  -357.48148
    0.31000E-01  -354.59987
    0.37000E-01  -352.09094
    0.43000E-01  -349.85141
    0.49000E-01  -347.82325
    0.55000E-01  -345.96627
    0.61000E-01  -344.25603
    0.67000E-01  -342.67124
    0.73000E-01  -341.19707
    0.79000E-01  -339.82032
    0.85000E-01  -338.53141
    0.91000E-01  -337.32025
    0.97000E-01  -336.17607
    0.10300      -335.09511
    0.10900      -334.06947
    0.11500      -333.09498
    0.12100      -332.16741
    0.12700      -331.28240
    0.13300      -330.43486
    0.13900      -329.62329
    0.14500      -328.84257
    0.15100      -328.09177
    0.15700      -327.36669
    0.16300      -326.66538
    0.16900      -325.98878
    0.17500      -325.33397
    0.18100      -324.69760
    0.18700      -324.08065
    0.19300      -323.48112
    0.19900      -322.89812
    0.20500      -322.33239
    0.21100      -321.78104
    0.21700      -321.24329
    0.29500      -310.65706
    0.44500      -304.06010
    0.59500      -299.22331
    0.74500      -295.31818
    0.89500      -291.96881
     1.0450      -288.99257
     1.1950      -286.27560
     1.3450      -283.77588
     1.4950      -281.45654
     1.6450      -279.29203
     1.7950      -277.29178
     1.9450      -275.44431
     2.0950      -273.73463
     2.2450      -272.17329
     2.3950      -270.74287
     2.5450      -269.43446
     2.6950      -268.24364
     2.8450      -267.15110
     2.9950      -266.16092
     3.1450      -265.24613
     3.2950      -264.39381
     3.4450      -263.61571
     3.5950      -262.88417
     3.7450      -262.19849
     3.8950      -261.55246
     4.0450      -260.94341
     4.1950      -260.36344
     4.3450      -259.81085
     4.4950      -259.27897
     4.6450      -258.77046
     4.7950      -258.27897
     4.9450      -257.80583
     5.0950      -257.35038
     5.2450      -256.90129
     5.3950      -256.47288
     5.5450      -256.05306
     5.6950      -255.64556
     5.8450      -255.24540
     5.9950      -254.85696
     6.1450      -254.48171
     6.2950      -254.11388
     6.4450      -253.75199
     6.5950      -253.40194
     6.7450      -253.06028
     6.8950      -252.72448
     7.0450      -252.39695
     7.1950      -252.07487
     7.3450      -251.76011
     7.4950      -251.45181
     7.6450      -251.14767
     7.7950      -250.84922
     7.9450      -250.55677
     8.0950      -250.26971
     8.2450      -249.98869
     8.3950      -249.71116
     8.5450      -249.44088
     8.6950      -249.17373
     8.8450      -248.91116
     8.9950      -248.65268
     9.1450      -248.39819
     9.2950      -248.14957
     9.4450      -247.90431
     9.5950      -247.66168
     9.7450      -247.42141
     9.8950      -247.18600
     10.045      -246.95504
     10.195      -246.72716
     10.345      -246.50190
     10.495      -246.27812
     10.645      -246.06039
     10.795      -245.84431
     10.945      -245.62865
     11.095      -245.41817
     11.245      -245.20756
     11.395      -245.00271
     11.545      -244.79948
     11.695      -244.59937
     11.845      -244.40235
     11.995      -244.20751
     12.145      -244.01687
     12.295      -243.82643
     12.445      -243.63838
     12.595      -243.45274
     12.745      -243.26818
     12.895      -243.08617
     13.045      -242.90653
     13.195      -242.72926
     13.345      -242.55315
     13.495      -242.37935
     13.645      -242.20622
     13.795      -242.03493
     13.945      -241.86730
     14.095      -241.70103
     14.245      -241.53685
     14.395      -241.37339
     14.545      -241.21111
     14.695      -241.05109
     14.845      -240.89294
     14.995      -240.73630
     15.145      -240.58142
     15.295      -240.42661
     15.445      -240.27389
     15.595      -240.12373
     15.745      -239.97525
     15.895      -239.82722
     16.045      -239.68217
     16.195      -239.53717
     16.345      -239.39242
     16.495      -239.24987
     16.645      -239.10882
     16.795      -238.96715
     16.945      -238.82929
     17.095      -238.69136
     17.245      -238.55591
     17.395      -238.41964
     17.545      -238.28606
     17.695      -238.15184
     17.845      -238.02014
     17.995      -237.88885
     18.145      -237.75707
     18.295      -237.62854
     18.445      -237.50050
     18.595      -237.37225
     18.745      -237.24610
     18.895      -237.12183
     19.045      -236.99686
     19.195      -236.87538
     19.345      -236.75429
     19.495      -236.63330
     19.645      -236.51241
     19.795      -236.39302
     19.945      -236.27484
     20.095      -236.15803
     20.245      -236.04256
     20.395      -235.92763
     20.545      -235.81250
     20.695      -235.69916
     20.845      -235.58760
     20.995      -235.47545
     21.145      -235.36388
     21.295      -235.25531
     21.445      -235.14616
     21.595      -235.03652
     21.745      -234.92807
     21.895      -234.82095
     22.045      -234.71369
     22.195      -234.60734
     22.345      -234.50308
     22.495      -234.39821
     22.645      -234.29414
     22.795      -234.19108
     22.945      -234.08856
     23.095      -233.98672
     23.245      -233.88604
     23.395      -233.78529
     23.545      -233.68487
     23.695      -233.58425
     23.845      -233.48613
     23.995      -233.38883
     24.145      -233.29193
     24.295      -233.19506
     24.445      -233.09862
     24.595      -233.00338
     24.745      -232.90847
     24.895      -232.81333
     25.045      -232.71983
     25.195      -232.62594
     25.345      -232.53266
     25.495      -232.44075
     25.645      -232.34826
     25.795      -232.25734
     25.945      -232.16695
     26.095      -232.07717
     26.245      -231.98653
     26.395      -231.89720
     26.545      -231.80808
     26.695      -231.71965
     26.845      -231.63318
     26.995      -231.54550
     27.145      -231.45933
     27.295      -231.37358
     27.445      -231.28780
     27.595      -231.20220
     27.745      -231.11706
     27.895      -231.03269
     28.045      -230.94813
     28.195      -230.86520
     28.345      -230.78297
     28.495      -230.70099
     28.645      -230.61860
     28.795      -230.53677
     28.945      -230.45489
     29.095      -230.37329
     29.245      -230.29266
     29.395      -230.21189
     29.545      -230.13220
     29.695      -230.05355
     29.845      -229.97560
     29.995      -229.89688
     30.145      -229.81852
     30.295      -229.74061
     30.445      -229.66379
     30.595      -229.58633
     30.745      -229.50971
     30.895      -229.43251
     31.045      -229.35722
     31.195      -229.28155
     31.345      -229.20786
     31.495      -229.13359
     31.645      -229.05986
     31.795      -228.98589
     31.945      -228.91351
     32.095      -228.84126
     32.245      -228.76830
     32.395      -228.69579
     32.545      -228.62428
     32.695      -228.55311
     32.845      -228.48135
     32.995      -228.41103
     33.145      -228.33994
     33.295      -228.26971
     33.445      -228.20042
     33.595      -228.13090
     33.745      -228.06124
     33.895      -227.99038
     34.045      -227.92171
     34.195      -227.85224
     34.345      -227.78314
     34.495      -227.71597
     34.645      -227.64710
     34.795      -227.57970
     34.945      -227.51274
     35.095      -227.44626
     35.245      -227.37976
     35.395      -227.31382
     35.545      -227.24879
     35.695      -227.18273
     35.845      -227.11626
     35.995      -227.05081
     36.145      -226.98603
     36.295      -226.91973
     36.445      -226.85516
     36.595      -226.79050
     36.745      -226.72661
     36.895      -226.66298
     37.045      -226.59980
     37.195      -226.53741
     37.345      -226.47416
     37.495      -226.41122
     37.645      -226.34866
     37.795      -226.28682
     37.945      -226.22481
     38.095      -226.16323
     38.245      -226.10180
     38.395      -226.04114
     38.545      -225.98032
     38.695      -225.92013
     38.845      -225.85973
     38.995      -225.79974
     39.145      -225.74021
     39.295      -225.68160
     39.445      -225.62164
     39.595      -225.56268
     39.745      -225.50327
     39.895      -225.44459
     40.045      -225.38576
     40.195      -225.32782
     40.345      -225.27027
     40.495      -225.21248
     40.645      -225.15538
     40.795      -225.09861
     40.945      -225.04091
     41.095      -224.98346
     41.245      -224.92674
     41.395      -224.87053
     41.545      -224.81366
     41.695      -224.75770
     41.845      -224.70196
     41.995      -224.64514
     42.145      -224.58962
     42.295      -224.53512
     42.445      -224.48023
     42.595      -224.42520
     42.745      -224.37052
     42.895      -224.31540
     43.045      -224.26084
     43.195      -224.20695
     43.345      -224.15301
     43.495      -224.09908
     43.645      -224.04518
     43.795      -223.99128
     43.945      -223.93822
     44.095      -223.88522
     44.245      -223.83241
     44.395      -223.78019
     44.545      -223.72802
     44.695      -223.67571
     44.845      -223.62445
     44.995      -223.57259
     45.145      -223.52159
     45.295      -223.46952
     45.445      -223.41801
     45.595      -223.36693
     45.745      -223.31656
     45.895      -223.26650
     46.045      -223.21578
     46.195      -223.16483
     46.345      -223.11411
     46.495      -223.06361
     46.645      -223.01280
     46.795      -222.96325
     46.945      -222.91306
     47.095      -222.86326
     47.245      -222.81423
     47.395      -222.76457
     47.545      -222.71645
     47.695      -222.66732
     47.845      -222.61843
     47.995      -222.57063
     48.145      -222.52139
     48.295      -222.47298
     48.445      -222.42555
     48.595      -222.37724
     48.745      -222.32897
     48.895      -222.28094
     49.045      -222.23401
     49.195      -222.18678
     49.345      -222.13998
     49.495      -222.09260
     49.645      -222.04604
     49.795      -221.99964
     49.945      -221.95282
     50.095      -221.90657
     50.245      -221.86013
     50.395      -221.81340
     50.545      -221.76810
     50.695      -221.72217
     50.845      -221.67631
     50.995      -221.63105
     51.145      -221.58539
     51.295      -221.53993
     51.445      -221.49451
     51.595      -221.45004
     51.745      -221.40523
     51.895      -221.36023
     52.045      -221.31577
     52.195      -221.27163
     52.345      -221.22652
     52.495      -221.18281
     52.645      -221.13914
     52.795      -221.09534
     52.945      -221.05153
     53.095      -221.00793
     53.245      -220.96471
     53.395      -220.92194
     53.545      -220.87890
     53.695      -220.83610
     53.845      -220.79269
     53.995      -220.74948
     54.145      -220.70727
     54.295      -220.66387
     54.445      -220.62133
     54.595      -220.57901
     54.745      -220.53712
     54.895      -220.49427
     55.045      -220.45149
     55.195      -220.40896
     55.345      -220.36736
     55.495      -220.32559
     55.645      -220.28348
     55.795      -220.24182
     55.945      -220.19937
     56.095      -220.15825
     56.245      -220.11676
     56.395      -220.07562
     56.545      -220.03446
     56.695      -219.99322
     56.845      -219.95210
     56.995      -219.91089
     57.145      -219.87009
     57.295      -219.82993
     57.445      -219.79012
     57.595      -219.74999
     57.745      -219.70961
     57.895      -219.66942
     58.045      -219.62972
     58.195      -219.59038
     58.345      -219.55003
     58.495      -219.50997
     58.645      -219.47063
     58.795      -219.43126
     58.945      -219.39210
     59.095      -219.35301
     59.245      -219.31342
     59.395      -219.27457
     59.545      -219.23563
     59.695      -219.19691
     59.845      -219.15896
     59.995      -219.12056
     60.145      -219.08227
     70.939      -214.16288
     97.698      -209.31078
     134.55      -204.53968
     185.30      -199.86711
     255.20      -195.28912
     351.46      -190.81128
     484.04      -186.44386
     666.62      -182.18099
     918.07      -178.02613
     1264.4      -173.97141
     1741.3      -170.01742
     2398.1      -166.16565
     3302.7      -162.41020
     4548.5      -158.74536
     6264.3      -155.17231
     8627.2      -151.69144
     11881.      -148.29866
     16363.      -145.00748
     22535.      -141.82083
     31036.      -138.73969
     42743.      -135.76483
     58866.      -132.90450
     81070.      -130.15792
    0.11165E+06  -127.53370
    0.15377E+06  -125.01805
    0.21177E+06  -122.61406
    0.29165E+06  -120.31865
    0.40166E+06  -118.12853
    0.55317E+06  -116.03817
    0.76182E+06  -114.04415
    0.10492E+07  -112.14085
    0.14449E+07  -110.32543
    0.19900E+07  -108.59557
    0.27406E+07  -106.94513
    0.37744E+07  -105.37139
    0.51981E+07  -103.87019
    0.71589E+07  -102.44121
    0.98593E+07  -101.07960
    0.13578E+08   -99.78263
    0.18700E+08   -98.54525
    0.25754E+08   -97.36830
    0.35468E+08   -96.25056
    0.48847E+08   -95.19635
    0.67273E+08   -94.21367
    0.92648E+08   -93.30107
    0.12760E+09   -92.45007
    0.17573E+09   -91.65349
    0.24201E+09   -90.90839
    0.33330E+09   -90.20891
    0.45902E+09   -89.55458
    0.63217E+09   -88.95534
    0.87062E+09   -88.40968
    0.11990E+10   -87.90842
    0.16513E+10   -87.44743
    0.22742E+10   -87.02100
    0.31320E+10   -86.62676
    0.43134E+10   -86.26444
    0.59405E+10   -85.92923
    0.81813E+10   -85.62007
    0.11267E+11   -85.33500
    0.15517E+11   -85.07072
    0.21371E+11   -84.82743
    0.29432E+11   -84.60186
    0.40534E+11   -84.39431
    0.55823E+11   -84.20240
    0.10000E+12   -81.89879
